Time,05_25_BB GFP,05_25_BB Trp,05_25_D GFP,05_25_D Trp,05_37_BB GFP,05_37_BB Trp,05_37_D GFP,05_37_D Trp,10_25_BB GFP,10_25_BB Trp,10_25_D GFP,10_25_D Trp,10_37_BB GFP,10_37_BB Trp,11 2475ChA ex280/em350,11 2475ChB ex488/em509,12 2475ChA ex280/em350,12 2475ChB ex488/em509,13 2475ChA ex280/em350,13 2475ChB ex488/em509,14 2475ChA ex280/em350,14 2475ChB ex488/em509,15 2475ChA ex280/em350,15 2475ChB ex488/em509,16 2475ChA ex280/em350,16 2475ChB ex488/em509,17 2475ChA ex280/em350,17 2475ChB ex488/em509,18 2475ChA ex280/em350,18 2475ChB ex488/em509,SEC_08 2475ChA ex280/em350,SEC_08 2475ChB ex488/em509,SEC_09 2475ChA ex280/em350,SEC_09 2475ChB ex488/em509,SEC_10 2475ChA ex280/em350,SEC_10 2475ChB ex488/em509,SEC_11 2475ChA ex280/em350,SEC_11 2475ChB ex488/em509,SEC_12 2475ChA ex280/em350,SEC_12 2475ChB ex488/em509
0.0,-1.0,-35.0,3.0,0.0,0.0,-54.0,0.0,-301.0,0.0,-603.0,-1.0,-54.0,0.0,-197.0,0.0,0.0,0.0,0.0,0.0,0.0,0.0,0.0,0.0,0.0,0.0,0.0,0.0,0.0,0.0,0.0,0.0,0.0,0.0,0.0,0.0,0.0,0.0,0.0,0.0,0.0
0.00833333283662796,,,,,,,,,,,,,,,0.0,0.0,0.0,0.0,0.0,0.0,0.0,0.0,0.0,0.0,0.0,0.0,0.0,0.0,0.0,0.0,0.0,0.0,0.0,0.0,0.0,0.0,0.0,0.0,0.0,0.0
0.01666666939854622,,,,,,,,,,,,,,,0.0,0.0,0.0,0.0,0.0,0.0,0.0,0.0,0.0,0.0,0.0,0.0,0.0,0.0,0.0,0.0,0.0,0.0,0.0,0.0,0.0,0.0,0.0,0.0,0.0,0.0
0.02500000037252903,,,,,,,,,,,,,,,0.0,0.0,0.0,0.0,0.0,0.0,0.0,0.0,0.0,0.0,0.0,0.0,0.0,0.0,0.0,0.0,0.0,0.0,0.0,0.0,0.0,0.0,0.0,0.0,0.0,0.0
0.03333333134651184,,,,,,,,,,,,,,,0.0,0.0,0.0,0.0,0.0,0.0,0.0,0.0,0.0,0.0,0.0,0.0,0.0,0.0,0.0,0.0,0.0,0.0,0.0,0.0,0.0,0.0,0.0,0.0,0.0,0.0
0.03333333333333333,-1.0,-20.0,0.0,-1.0,0.0,0.0,0.0,-50.0,0.0,-294.0,0.0,-14.0,0.0,-111.0,,,,,,,,,,,,,,,,,,,,,,,,,,
0.0416666716337204,,,,,,,,,,,,,,,0.0,0.0,0.0,0.0,0.0,0.0,0.0,0.0,0.0,0.0,0.0,0.0,0.0,0.0,0.0,0.0,0.0,0.0,0.0,0.0,0.0,0.0,0.0,0.0,0.0,0.0
0.05000000074505806,,,,,,,,,,,,,,,0.07396507,0.2565308,0.06907463,0.2558212,0.0702095,0.2554932,0.0701046,0.2563896,0.06897545,0.2570686,0.07152176,0.2559013,0.06118774,0.08740234,0.06271362,0.08377838,0.1827927,0.2811432,0.154335,0.2675018,0.139122,0.08805847,0.1216965,0.08712006,0.132061,0.2622299
0.05833332985639572,,,,,,,,,,,,,,,0.1843166,0.6422729,0.1745434,0.6386337,0.1756783,0.6392822,0.1745968,0.6411552,0.1705379,0.6408577,0.1750374,0.6396904,0.1559143,0.2163086,0.1574402,0.2097549,0.454277,0.7010651,0.3848038,0.6698456,0.3451767,0.2218475,0.3052902,0.2209091,0.3283501,0.6587143
0.06666666666666667,0.0,0.0,0.0,0.0,0.0,-1.0,0.0,-9.0,0.0,-8.0,0.0,-1.0,0.0,-4.0,,,,,,,,,,,,,,,,,,,,,,,,,,
0.06666667014360428,,,,,,,,,,,,,,,0.3981838,1.391296,0.3766918,1.382774,0.3797798,1.384399,0.3777218,1.387249,0.3707333,1.385975,0.3801155,1.381878,0.3404846,0.4672852,0.3400574,0.4548721,0.9845505,1.516495,0.8349991,1.448166,0.7455673,0.47966,0.6617355,0.4796982,0.7111626,1.425316
0.07500000298023224,,,,,,,,,,,,,,,0.7653713,2.6745,0.7233715,2.657188,0.7303658,2.660767,0.7244015,2.667522,0.7125301,2.662342,0.7297249,2.656292,0.6549377,0.8979492,0.6535339,0.8777237,1.889824,2.913956,1.602577,2.783127,1.430138,0.9210663,1.275017,0.9250107,1.367413,2.740746
0.0833333283662796,,,,,,,,,,,,,,,1.30541,4.573914,1.23802,4.543907,1.24892,4.549438,1.23612,4.560101,1.21839,4.553944,1.246326,4.539104,1.121735,1.536621,1.117401,1.5037,3.229668,4.981339,2.741249,4.757736,2.446739,1.574387,2.18322,1.58419,2.336163,4.684105
0.09166666865348816,,,,,,,,,,,,,,,2.012442,7.058289,1.908918,7.012657,1.925678,7.023071,1.907019,7.039593,1.882452,7.031483,1.923084,7.007854,1.733063,2.372559,1.724823,2.326942,4.98455,7.68837,4.23246,7.34465,3.773888,2.427902,3.372673,2.452354,3.604717,7.232933
0.1,0.0,0.0,0.0,0.0,0.0,-1.0,0.0,-18.0,0.0,-20.0,0.0,-2.0,0.0,-8.0,,,,,,,,,,,,,,,,,,,,,,,,,,
0.10000000149011612,,,,,,,,,,,,,,,2.848379,10.00458,2.702864,9.940392,2.728413,9.953735,2.698034,9.978069,2.668585,9.970936,2.723866,9.934612,2.457672,3.36377,2.442596,3.308388,7.062675,10.89735,6.000038,10.41399,5.348106,3.439621,4.786736,3.483604,5.113506,10.25442
0.1083332970738411,,,,,,,,,,,,,,,3.750723,13.20477,3.564192,13.11813,3.600483,13.13635,3.557409,13.17241,3.524054,13.1643,3.593006,13.1143,3.245758,4.440918,3.224823,4.3787,9.316582,14.38173,7.918007,13.74895,7.060997,4.538254,6.326775,4.604698,6.750225,13.53567
0.11666669696569443,,,,,,,,,,,,,,,4.651114,16.40594,4.42552,16.29781,4.471577,16.3219,4.415808,16.37162,4.380499,16.36547,4.463123,16.29789,4.032867,5.520996,4.003143,5.457802,11.56951,17.87001,9.835976,17.08879,8.777794,5.63591,7.86779,5.733604,8.391827,16.81985
0.125,,,,,,,,,,,,,,,5.474356,19.35614,5.220442,19.22652,5.273335,19.26038,5.206823,19.32377,5.170538,19.31859,5.261951,19.23735,4.760406,6.519043,4.718964,6.459755,13.64275,21.08681,11.60453,20.17473,10.36568,6.650558,9.286736,6.778526,9.911358,19.84914
0.13333329558372498,,,,,,,,,,,,,,,6.165762,21.8493,5.889387,21.6982,5.949116,21.74475,5.875769,21.82377,5.83753,21.81957,5.936756,21.72367,5.375641,7.364746,5.322479,7.3162,15.38396,23.80751,13.09574,22.78703,11.70943,7.512863,10.48595,7.667198,11.19749,22.40969
0.13333333333333333,0.0,0.0,0.0,-3.0,0.0,3.0,0.0,-26.0,0.0,-33.0,0.0,-5.0,-1.0,-16.0,,,,,,,,,,,,,,,,,,,,,,,,,,
0.1416666954755783,,,,,,,,,,,,,,,6.688223,23.75653,6.401106,23.58688,6.464741,23.64417,6.387487,23.74369,6.348272,23.73558,6.447498,23.627,5.846344,8.01123,5.778534,7.979286,16.71111,25.88564,14.23148,24.78703,12.74068,8.175949,11.40099,8.352745,12.1887,24.36868
0.15000000596046448,,,,,,,,,,,,,,,7.036856,25.05145,6.747786,24.86422,6.81142,24.93518,6.73612,25.05229,6.693975,25.03637,6.791248,24.92094,6.167633,8.449707,6.084198,8.438271,17.59686,27.29482,14.9932,26.14543,13.44283,8.633957,12.0133,8.826378,12.86839,25.69582
0.15833330154418945,,,,,,,,,,,,,,,7.237051,25.80829,6.949934,25.61031,7.012592,25.69592,6.944128,25.83061,6.896124,25.80199,6.993397,25.68168,6.355133,8.705566,6.256073,8.717567,18.10174,28.12196,15.4307,26.94524,13.85787,8.91423,12.36681,9.113487,13.27269,26.4761
0.16666666666666666,0.0,3.0,0.0,-7.0,0.0,2.0,0.0,-30.0,0.0,-48.0,0.0,-10.0,-1.0,-25.0,,,,,,,,,,,,,,,,,,,,,,,,,,
0.16666670143604279,,,,,,,,,,,,,,,7.33666,26.20087,7.054426,25.99801,7.116108,26.09729,7.05448,26.24662,7.000616,26.2014,7.096912,26.07524,6.453766,8.837402,6.337128,8.873817,18.34588,28.54872,15.65043,27.35832,14.07272,9.068527,12.54162,9.269737,13.49046,26.88137
0.17499999701976776,,,,,,,,,,,,,,,7.404043,26.46454,7.125715,26.26168,7.185444,26.37073,7.132605,26.53178,7.068975,26.46898,7.168201,26.33891,6.520172,8.924316,6.387909,8.983192,18.49236,28.8329,15.79105,27.63274,14.21334,9.181808,12.65002,9.378136,13.63499,27.15383
0.18333329260349274,,,,,,,,,,,,,,,7.40209,26.47137,7.127668,26.2734,7.185444,26.38928,7.138464,26.55619,7.067999,26.47582,7.172108,26.34282,6.523102,8.925293,6.377167,9.002724,18.45525,28.83583,15.78031,27.63176,14.20943,9.207199,12.63634,9.393761,13.6389,27.16555
0.19166670739650726,,,,,,,,,,,,,,,7.403067,26.47723,7.130598,26.28902,7.187397,26.40686,7.143347,26.57866,7.068975,26.47972,7.17992,26.34672,6.525055,8.92627,6.372284,9.022255,18.41814,28.83778,15.7725,27.62883,14.20162,9.22673,12.6256,9.405479,13.63792,27.17825
0.2,0.0,4.0,0.0,-10.0,-1.0,0.0,0.0,-37.0,0.0,-61.0,0.0,-13.0,-1.0,-32.0,,,,,,,,,,,,,,,,,,,,,,,,,,
0.20000000298023224,,,,,,,,,,,,,,,7.405996,26.48407,7.134504,26.30953,7.18935,26.42444,7.1453,26.59721,7.069952,26.48168,7.188709,26.3516,6.527008,8.930176,6.369354,9.041786,18.37615,28.84071,15.76762,27.62883,14.19283,9.244308,12.61584,9.408409,13.62718,27.19387
0.20833329856395721,,,,,,,,,,,,,,,7.405996,26.49384,7.140364,26.32906,7.188374,26.44006,7.144323,26.61479,7.070929,26.48461,7.196522,26.35844,6.528961,8.938965,6.37326,9.058388,18.33709,28.84462,15.77055,27.62883,14.18111,9.257004,12.60607,9.407433,13.61155,27.21243
0.21666669845581055,,,,,,,,,,,,,,,7.404043,26.50262,7.148176,26.34762,7.185444,26.45081,7.141394,26.62748,7.072882,26.48558,7.202381,26.37114,6.532867,8.95459,6.381073,9.07206,18.30291,28.85048,15.77641,27.63274,14.16842,9.268723,12.59728,9.401573,13.593,27.23196
0.22499999403953552,,,,,,,,,,,,,,,7.400137,26.51434,7.159895,26.36324,7.179585,26.45569,7.134558,26.6353,7.075811,26.48558,7.205311,26.38871,6.536774,8.973145,6.391815,9.082802,18.27166,28.85732,15.78422,27.63957,14.15865,9.278488,12.58947,9.389854,13.57542,27.25051
0.2333333045244217,,,,,,,,,,,,,,,7.393301,26.52606,7.170637,26.37203,7.172749,26.45959,7.128698,26.64018,7.080694,26.48363,7.208241,26.40629,6.541656,8.992676,6.40451,9.089638,18.24627,28.8622,15.7891,27.64348,14.15182,9.287277,12.58361,9.376183,13.56077,27.26614
0.23333333333333334,0.0,4.0,0.0,-12.0,-1.0,-5.0,0.0,-45.0,0.0,-72.0,0.0,-13.0,-2.0,-37.0,,,,,,,,,,,,,,,,,,,,,,,,,,
0.24166670441627502,,,,,,,,,,,,,,,7.383535,26.5368,7.179426,26.37691,7.164936,26.46057,7.121862,26.64018,7.085577,26.48265,7.208241,26.42485,6.546539,9.01123,6.416229,9.088661,18.23064,28.86806,15.79398,27.64348,14.14498,9.298996,12.57775,9.362511,13.55296,27.28078
0.25,,,,,,,,,,,,,,,7.37084,26.54559,7.188215,26.37496,7.156147,26.46252,7.116003,26.63334,7.089483,26.47875,7.209217,26.44242,6.551422,9.031738,6.425995,9.083778,18.2199,28.87392,15.79789,27.6425,14.14205,9.310715,12.57287,9.349815,13.55003,27.2886
0.258333295583725,,,,,,,,,,,,,,,7.361074,26.55341,7.189192,26.37008,7.152241,26.4635,7.112097,26.62358,7.094366,26.4768,7.21117,26.45414,6.556305,9.046387,6.433807,9.076942,18.21404,28.87782,15.8018,27.63664,14.1401,9.324387,12.57189,9.34005,13.54808,27.28957
0.26666666666666666,0.0,2.0,0.0,-12.0,-2.0,-9.0,0.0,-54.0,0.0,-84.0,0.0,-15.0,-2.0,-46.0,,,,,,,,,,,,,,,,,,,,,,,,,,
0.2666667103767395,,,,,,,,,,,,,,,7.350332,26.56317,7.189192,26.36324,7.150288,26.4635,7.11112,26.60991,7.100225,26.47582,7.209217,26.46,6.561188,9.054199,6.437714,9.065224,18.21502,28.87489,15.80277,27.62785,14.13815,9.335129,12.57482,9.335167,13.55101,27.2886
0.2750000059604645,,,,,,,,,,,,,,,7.343496,26.57391,7.185286,26.35738,7.152241,26.46545,7.11405,26.5933,7.105108,26.4768,7.208241,26.45903,6.567047,9.054199,6.440643,9.052528,18.21307,28.87001,15.80473,27.62297,14.13815,9.342941,12.5758,9.335167,13.55198,27.28274
0.28333330154418945,,,,,,,,,,,,,,,7.33666,26.58075,7.177473,26.3525,7.156147,26.46838,7.115026,26.5767,7.109991,26.48168,7.208241,26.45317,6.569977,9.046387,6.440643,9.045692,18.21307,28.86317,15.80668,27.62199,14.14108,9.347824,12.58166,9.34005,13.55198,27.27297
0.2916666865348816,,,,,,,,,,,,,,,7.331778,26.58954,7.167707,26.34859,7.16103,26.46936,7.117956,26.5601,7.114874,26.48949,7.203358,26.44535,6.572906,9.031738,6.439667,9.042763,18.20916,28.85243,15.81059,27.62688,14.14205,9.346848,12.58752,9.345909,13.55296,27.26125
0.3,0.0,0.0,0.0,-13.0,-2.0,-12.0,0.0,-60.0,0.0,-96.0,0.0,-13.0,-2.0,-52.0,,,,,,,,,,,,,,,,,,,,,,,,,,
0.30000001192092896,,,,,,,,,,,,,,,7.330801,26.59833,7.156965,26.34762,7.16396,26.46936,7.121862,26.54545,7.119757,26.50121,7.198475,26.43657,6.572906,9.012207,6.437714,9.042763,18.20037,28.83681,15.81059,27.63567,14.14108,9.343918,12.58947,9.354698,13.54905,27.24953
0.30833330750465393,,,,,,,,,,,,,,,7.331778,26.60419,7.1472,26.34566,7.165913,26.47034,7.123816,26.53178,7.123663,26.51293,7.193592,26.4268,6.57193,8.993652,6.434784,9.049599,18.18865,28.82314,15.81351,27.64445,14.144,9.337082,12.5924,9.364464,13.54612,27.24172
0.31666669249534607,,,,,,,,,,,,,,,7.333731,26.60712,7.140364,26.34274,7.165913,26.46936,7.123816,26.51518,7.126593,26.52367,7.188709,26.41899,6.569,8.975098,6.432831,9.063271,18.17791,28.80556,15.80961,27.65324,14.14791,9.327316,12.59533,9.3713,13.54319,27.23586
0.32499998807907104,,,,,,,,,,,,,,,7.33959,26.60809,7.134504,26.34176,7.164936,26.46936,7.122839,26.50248,7.128546,26.53148,7.18285,26.41215,6.565094,8.960449,6.426971,9.078896,18.16424,28.78896,15.8057,27.6552,14.15182,9.321457,12.59338,9.376183,13.53929,27.23391
0.3333333134651184,,,,,,,,,,,,,,,7.347403,26.60516,7.134504,26.33981,7.162983,26.46936,7.117956,26.49174,7.126593,26.53344,7.17992,26.40434,6.559235,8.95459,6.425018,9.095497,18.1535,28.77431,15.79789,27.64934,14.1567,9.317551,12.59142,9.380089,13.53636,27.23586
0.3333333333333333,0.0,-3.0,0.0,-12.0,-2.0,-12.0,0.0,-62.0,0.0,-108.0,0.0,-13.0,-3.0,-56.0,,,,,,,,,,,,,,,,,,,,,,,,,,
0.34166669845581055,,,,,,,,,,,,,,,7.356192,26.60028,7.138411,26.33981,7.16396,26.4635,7.11405,26.48295,7.12464,26.53344,7.178944,26.39555,6.555328,8.95459,6.421112,9.114052,18.14666,28.75966,15.79008,27.64055,14.16158,9.316574,12.58752,9.383995,13.53538,27.24172
0.3499999940395355,,,,,,,,,,,,,,,7.368887,26.59442,7.14427,26.33883,7.164936,26.45374,7.107214,26.48198,7.12171,26.52953,7.178944,26.38383,6.551422,8.959473,6.421112,9.129677,18.14471,28.74403,15.78129,27.62785,14.16549,9.318527,12.58459,9.385948,13.53148,27.24856
0.3583332896232605,,,,,,,,,,,,,,,7.382559,26.58661,7.155012,26.3359,7.169819,26.43909,7.102331,26.49174,7.117804,26.52465,7.17992,26.37309,6.546539,8.967285,6.423065,9.142372,18.14568,28.72743,15.77152,27.6132,14.17135,9.324387,12.58263,9.387901,13.52952,27.25442
0.36666666666666664,0.0,-6.0,0.0,-7.0,-2.0,-13.0,0.0,-62.0,0.0,-118.0,0.0,-13.0,-2.0,-58.0,,,,,,,,,,,,,,,,,,,,,,,,,,
0.366666704416275,,,,,,,,,,,,,,,7.395254,26.57684,7.166731,26.33199,7.174702,26.42053,7.098425,26.50639,7.112921,26.51976,7.178944,26.36332,6.544586,8.973145,6.426971,9.151161,18.14666,28.71181,15.76273,27.59953,14.17623,9.330246,12.58263,9.386925,13.52757,27.26028
0.375,,,,,,,,,,,,,,,7.406973,26.5661,7.17552,26.32711,7.181538,26.39905,7.094519,26.5269,7.109015,26.51488,7.180897,26.35746,6.54068,8.979004,6.431854,9.154091,18.14666,28.69814,15.75492,27.58879,14.17525,9.334152,12.58361,9.382042,13.52855,27.26418
0.383333295583725,,,,,,,,,,,,,,,7.414785,26.55731,7.177473,26.32027,7.18642,26.37659,7.092566,26.55131,7.104132,26.50902,7.181873,26.35649,6.534821,8.979004,6.43869,9.154091,18.14178,28.68251,15.75101,27.57707,14.17428,9.336105,12.58849,9.376183,13.52952,27.26711
0.3916667103767395,,,,,,,,,,,,,,,7.422598,26.54852,7.177473,26.31051,7.188374,26.35706,7.090612,26.57573,7.096319,26.50121,7.178944,26.35844,6.529938,8.975098,6.44455,9.153114,18.12908,28.662,15.74809,27.56535,14.17037,9.334152,12.59533,9.36544,13.5305,27.27102
0.4,0.0,-4.0,0.0,-2.0,-2.0,-9.0,0.0,-64.0,0.0,-128.0,0.0,-11.0,-2.0,-60.0,,,,,,,,,,,,,,,,,,,,,,,,,,
0.4000000059604645,,,,,,,,,,,,,,,7.425528,26.53973,7.17259,26.30074,7.191303,26.34534,7.089636,26.59526,7.09046,26.49047,7.176991,26.3643,6.525055,8.970215,6.451385,9.151161,18.11248,28.64149,15.74809,27.55363,14.16647,9.329269,12.60314,9.351768,13.53148,27.27395
0.40833330154418945,,,,,,,,,,,,,,,7.424551,26.53192,7.162825,26.29,7.191303,26.34045,7.088659,26.60991,7.0846,26.47387,7.175037,26.37114,6.520172,8.965332,6.452362,9.148232,18.091,28.61708,15.75394,27.53899,14.16061,9.32341,12.60998,9.339073,13.53538,27.2759
0.4166666865348816,,,,,,,,,,,,,,,7.420645,26.52411,7.154036,26.28121,7.18935,26.34241,7.088659,26.62065,7.077765,26.45433,7.172108,26.377,6.515289,8.963379,6.452362,9.146278,18.06658,28.58876,15.76176,27.52629,14.15475,9.315598,12.61388,9.326378,13.53733,27.27785
0.42500001192092896,,,,,,,,,,,,,,,7.416739,26.51727,7.145247,26.27535,7.18935,26.34924,7.089636,26.62358,7.072882,26.4309,7.169178,26.3809,6.511383,8.960449,6.449432,9.144325,18.04217,28.56337,15.77348,27.51555,14.14791,9.310715,12.61291,9.318565,13.53733,27.27883
0.43333330750465393,,,,,,,,,,,,,,,7.409903,26.50751,7.140364,26.27242,7.187397,26.35999,7.090612,26.62162,7.068975,26.40453,7.166248,26.38285,6.510406,8.960449,6.443573,9.143349,18.02264,28.53603,15.78617,27.50774,14.1401,9.309738,12.60998,9.313683,13.54222,27.27883
0.43333333333333335,0.0,-1.0,0.0,1.0,-1.0,-4.0,0.0,-75.0,0.0,-134.0,0.0,-10.0,-2.0,-60.0,,,,,,,,,,,,,,,,,,,,,,,,,,
0.44166669249534607,,,,,,,,,,,,,,,7.404043,26.49872,7.139387,26.27047,7.187397,26.3717,7.094519,26.61674,7.067999,26.38207,7.163319,26.38383,6.508453,8.964355,6.436737,9.142372,18.01189,28.50771,15.79789,27.50578,14.13229,9.310715,12.60705,9.313683,13.54612,27.27688
0.44999998807907104,,,,,,,,,,,,,,,7.398184,26.48602,7.143293,26.26754,7.187397,26.38245,7.098425,26.60991,7.067999,26.36156,7.160389,26.38285,6.50943,8.970215,6.429901,9.137489,18.00701,28.48134,15.80668,27.50774,14.12154,9.315598,12.60217,9.317589,13.55003,27.272
0.4583333134651184,,,,,,,,,,,,,,,7.392324,26.47235,7.150129,26.26363,7.18642,26.39221,7.101355,26.60307,7.070929,26.34887,7.159412,26.38188,6.511383,8.973145,6.423065,9.13163,18.00603,28.4579,15.81547,27.5136,14.1108,9.318527,12.59631,9.319542,13.55784,27.26614
0.4666666666666667,0.0,1.0,0.0,4.0,-1.0,-2.0,0.0,-84.0,0.0,-135.0,0.0,-11.0,-2.0,-57.0,,,,,,,,,,,,,,,,,,,,,,,,,,
0.46666669845581055,,,,,,,,,,,,,,,7.384512,26.46063,7.156965,26.2568,7.18642,26.39612,7.106237,26.5933,7.074835,26.34301,7.156483,26.38285,6.513336,8.973145,6.417206,9.125771,18.00701,28.43446,15.81937,27.51945,14.09615,9.321457,12.5924,9.320518,13.5637,27.25637
0.4749999940395355,,,,,,,,,,,,,,,7.377676,26.44891,7.161848,26.2441,7.182514,26.39807,7.109167,26.58549,7.079718,26.34301,7.15453,26.38481,6.518219,8.971191,6.414276,9.118935,18.00896,28.41103,15.82328,27.52434,14.08346,9.318527,12.59045,9.317589,13.56858,27.24368
0.4833332896232605,,,,,,,,,,,,,,,7.369864,26.43817,7.165754,26.22848,7.179585,26.39612,7.112097,26.57963,7.0846,26.34594,7.1516,26.38774,6.521149,8.968262,6.4133,9.111122,18.00896,28.39052,15.82328,27.53117,14.07467,9.310715,12.58556,9.313683,13.57347,27.22805
0.491666704416275,,,,,,,,,,,,,,,7.364004,26.43231,7.168684,26.20992,7.175678,26.38831,7.116003,26.57475,7.089483,26.35277,7.14867,26.38871,6.527008,8.962402,6.415253,9.106239,18.00506,28.37196,15.82133,27.53606,14.06881,9.298019,12.58263,9.306847,13.57542,27.21047
0.5,0.0,4.0,0.0,7.0,-1.0,-5.0,0.0,-90.0,0.0,-139.0,0.0,-14.0,-1.0,-61.0,0.0,0.0,7.166731,26.18649,7.173725,26.37659,7.117956,26.5767,7.092413,26.36156,7.147694,26.38969,6.529938,8.95752,0.0,0.0,17.9992,28.35829,15.81742,27.53899,0.0,0.0,0.0,0.0,13.57542,27.19192
0.5083333253860474,,,,,,,,,,,,,,,0.0,0.0,0.0,0.0,0.0,0.0,0.0,0.0,0.0,0.0,0.0,0.0,0.0,0.0,0.0,0.0,0.0,0.0,0.0,0.0,0.0,0.0,0.0,0.0,0.0,0.0
0.5166667103767395,,,,,,,,,,,,,,,0.0,0.0,0.0,0.0,0.0,0.0,0.0,0.0,0.0,0.0,0.0,0.0,0.0,0.0,0.0,0.0,0.0,0.0,0.0,0.0,0.0,0.0,0.0,0.0,0.0,0.0
0.5249999761581421,,,,,,,,,,,,,,,0.0,0.0,0.0,0.0,0.0,0.0,0.0,0.0,0.0,0.0,0.0,0.0,0.0,0.0,0.0,0.0,0.0,0.0,0.0,0.0,0.0,0.0,0.0,0.0,0.0,0.0
0.5333333015441895,,,,,,,,,,,,,,,0.0,0.0,0.0,0.0,0.0,0.0,0.0,0.0,0.0,0.0,0.0,0.0,0.0,0.0,0.0,0.0,0.0,0.0,0.0,0.0,0.0,0.0,0.0,0.0,0.0,0.0
0.5333333333333333,0.0,5.0,0.0,8.0,-1.0,-8.0,0.0,-97.0,0.0,-148.0,0.0,-18.0,-1.0,-63.0,,,,,,,,,,,,,,,,,,,,,,,,,,
0.5416666865348816,,,,,,,,,,,,,,,0.0,0.0,0.0,0.0,0.0,0.0,0.0,0.0,0.0,0.0,0.0,0.0,0.0,0.0,0.0,0.0,0.0,0.0,0.0,0.0,0.0,0.0,0.0,0.0,0.0,0.0
0.550000011920929,,,,,,,,,,,,,,,-0.001197815,0.001670837,0.0,0.0,0.0,0.0,0.0,0.0,0.0,0.0,0.0,0.0,0.0,0.0,0.0006637573,-0.0003128052,0.0,0.0,0.0,0.0,0.001205444,7.629395e-05,0.0007781982,0.001182556,0.0,0.0
0.5583332777023315,,,,,,,,,,,,,,,-0.001197815,0.0026474,0.0002288818,0.002082825,0.000289917,0.0003356934,-0.001235962,-0.0001144409,0.001293182,9.155273e-05,-0.0004501343,0.001274109,-0.0003013611,-0.00025177,0.00164032,0.0006637573,-0.0005645752,-0.001838684,0.001274109,-0.002914429,0.002182007,7.629395e-05,0.003707886,0.001182556,-0.001152039,0.001708984
0.5666666666666667,0.0,7.0,0.0,9.0,-2.0,-11.0,0.0,-106.0,0.0,-158.0,0.0,-21.0,0.0,-66.0,,,,,,,,,,,,,,,,,,,,,,,,,,
0.5666667222976685,,,,,,,,,,,,,,,-0.00315094,0.00655365,0.001205444,0.00403595,-0.0006866455,0.0003356934,-0.002212524,-0.001091003,0.002269745,0.001068115,-0.0004501343,0.003227234,-0.0003013611,-0.002204895,0.0006637573,-0.0003128052,-0.0005645752,-0.003791809,0.003227234,-0.005844116,0.003158569,-0.0009002686,0.006637573,0.002159119,-0.001152039,0.003662109
0.574999988079071,,,,,,,,,,,,,,,-0.005104065,0.01143646,0.003158569,0.008918762,-0.0006866455,0.003265381,-0.003189087,-0.002067566,0.003246307,0.001068115,-0.0004501343,0.007133484,-0.002254486,-0.003181458,0.00164032,-0.00226593,-0.0025177,-0.009651184,0.006156921,-0.01170349,0.008041382,-0.001876831,0.01152039,0.002159119,-0.002128601,0.009521484
0.5833333134651184,,,,,,,,,,,,,,,-0.00705719,0.0182724,0.005111694,0.01770782,-0.002639771,0.005218506,-0.006118774,-0.004997253,0.005199432,0.00302124,0.0005264282,0.01494598,-0.003231049,-0.006111145,0.0006637573,-0.00226593,-0.00642395,-0.01844025,0.01103973,-0.02244568,0.01194763,-0.002853394,0.01835632,0.003135681,-0.004081726,0.01733398
0.5916666984558105,,,,,,,,,,,,,,,-0.008033752,0.02901459,0.008041382,0.02942657,-0.004592896,0.007171631,-0.009048462,-0.007926941,0.00812912,0.003997803,0.001502991,0.02568817,-0.005184174,-0.0100174,-0.001289368,-0.004219055,-0.01130676,-0.03308868,0.01885223,-0.03514099,0.01878357,-0.004806519,0.02519226,0.004112244,-0.004081726,0.02709961
0.6,0.0,11.0,0.0,8.0,-3.0,-10.0,0.0,-114.0,0.0,-165.0,0.0,-21.0,0.0,-73.0,,,,,,,,,,,,,,,,,,,,,,,,,,
0.6000000238418579,,,,,,,,,,,,,,,-0.009010315,0.04073334,0.01097107,0.04407501,-0.007522583,0.01303101,-0.01393127,-0.01183319,0.009105682,0.005950928,0.002479553,0.04033661,-0.009090424,-0.01392365,-0.007148743,-0.009101868,-0.02302551,-0.05457306,0.0276413,-0.05076599,0.02464294,-0.005783081,0.03300476,0.004112244,-0.004081726,0.03979492
0.6083332896232605,,,,,,,,,,,,,,,-0.008033752,0.05147552,0.01390076,0.06067657,-0.01142883,0.01889038,-0.01686096,-0.01964569,0.01203537,0.007904053,0.003456116,0.05986786,-0.01299667,-0.0178299,-0.01691437,-0.01300812,-0.03767395,-0.07996368,0.03838348,-0.06443787,0.03050232,-0.005783081,0.03886414,0.003135681,-0.002128601,0.05053711
0.6166666746139526,,,,,,,,,,,,,,,-0.005104065,0.06319427,0.01487732,0.07630157,-0.01533508,0.02377319,-0.01979065,-0.02550507,0.01008224,0.008880615,0.003456116,0.07842255,-0.01690292,-0.01978302,-0.02765656,-0.01789093,-0.05525208,-0.1102371,0.04717255,-0.07615662,0.03538513,-0.003829956,0.04081726,0.002159119,0.001777649,0.05834961
0.625,,,,,,,,,,,,,,,-0.0002212524,0.07100677,0.01487732,0.08997345,-0.0202179,0.02865601,-0.02174377,-0.032341,0.01008224,0.009857178,0.002479553,0.09697723,-0.02178574,-0.02075958,-0.04132843,-0.02375031,-0.07868958,-0.1414871,0.05498505,-0.08103943,0.04026794,0.001052856,0.04081726,0.002159119,0.007637024,0.06030273
0.6333333253860474,,,,,,,,,,,,,,,0.00466156,0.0729599,0.01487732,0.09778595,-0.02607727,0.03256226,-0.0236969,-0.03820038,0.007152557,0.009857178,-0.0004501343,0.1145554,-0.02373886,-0.01880646,-0.05109406,-0.02960968,-0.1031036,-0.1698074,0.06084442,-0.0790863,0.04319763,0.007888794,0.03788757,0.001182556,0.01447296,0.05541992
0.6333333333333333,0.0,12.0,0.0,6.0,-3.0,-10.0,0.0,-115.0,0.0,-174.0,0.0,-19.0,0.0,-79.0,,,,,,,,,,,,,,,,,,,,,,,,,,
0.6416667103767395,,,,,,,,,,,,,,,0.01052094,0.07100677,0.01585388,0.1046219,-0.03096008,0.03744507,-0.0236969,-0.04308319,0.003246307,0.007904053,-0.004356384,0.1272507,-0.02569199,-0.01587677,-0.05792999,-0.03742218,-0.1284943,-0.1942215,0.06279755,-0.0712738,0.04417419,0.01765442,0.0320282,0.0002059937,0.02228546,0.04467773
0.6499999761581421,,,,,,,,,,,,,,,0.01247406,0.06319427,0.01683044,0.1055984,-0.03779602,0.04037476,-0.0236969,-0.04405975,-0.001636505,0.005950928,-0.008262634,0.1340866,-0.02471542,-0.01294708,-0.05890656,-0.04718781,-0.1509552,-0.2127762,0.06182098,-0.06248474,0.04710388,0.02644348,0.02616882,-0.001747131,0.03107452,0.02709961
0.6583333015441895,,,,,,,,,,,,,,,0.01247406,0.0495224,0.02268982,0.1036453,-0.04267883,0.04232788,-0.02174377,-0.04210663,-0.00749588,0.004974365,-0.01412201,0.13311,-0.02471542,-0.009040833,-0.05304718,-0.05890656,-0.171463,-0.2254715,0.05986786,-0.05369568,0.04417419,0.03327942,0.02030945,-0.002723694,0.03400421,0.008544922
0.6666666666666666,0.0,12.0,0.0,2.0,-3.0,-12.0,0.0,-118.0,0.0,-184.0,0.0,-17.0,0.0,-86.0,,,,,,,,,,,,,,,,,,,,,,,,,,
0.6666666865348816,,,,,,,,,,,,,,,0.009544373,0.02901459,0.03050232,0.1026688,-0.04658508,0.04428101,-0.02174377,-0.04113007,-0.01628494,0.00302124,-0.01607513,0.1262741,-0.01983261,-0.00806427,-0.04132843,-0.07062531,-0.1880646,-0.2323074,0.05693817,-0.04881287,0.04124451,0.03718567,0.0164032,-0.001747131,0.03595734,-0.01000977
0.675000011920929,,,,,,,,,,,,,,,0.0007553101,0.004600525,0.03831482,0.1026688,-0.04853821,0.04525757,-0.02076721,-0.03917694,-0.02312088,0.00302124,-0.01802826,0.1145554,-0.01397324,-0.00806427,-0.02277374,-0.08136749,-0.2017365,-0.2342606,0.05205536,-0.04978943,0.03929138,0.03816223,0.01835632,0.0002059937,0.03302765,-0.0246582
0.6833332777023315,,,,,,,,,,,,,,,-0.009010315,-0.02371979,0.04808044,0.1036453,-0.04756165,0.04721069,-0.02076721,-0.04113007,-0.02898026,0.003997803,-0.01900482,0.10186,-0.009090424,-0.01099396,-0.003242493,-0.09015656,-0.2134552,-0.2323074,0.04717255,-0.05760193,0.03343201,0.03718567,0.01933289,0.002159119,0.02228546,-0.03540039
0.6916667222976685,,,,,,,,,,,,,,,-0.02072906,-0.05301666,0.05882263,0.1016922,-0.04560852,0.04916382,-0.02272034,-0.04503632,-0.03483963,0.005950928,-0.01607513,0.08916473,-0.003231049,-0.01587677,0.01238251,-0.09894562,-0.2232208,-0.2274246,0.04131317,-0.06932068,0.02464294,0.03425598,0.02226257,0.007041931,0.01154327,-0.04614258
0.699999988079071,,,,,,,,,,,,,,,-0.03244781,-0.07938385,0.06565857,0.1007156,-0.04170227,0.05111694,-0.02272034,-0.05284882,-0.04069901,0.007904053,-0.01119232,0.07744598,0.001651764,-0.01978302,0.02410126,-0.1008987,-0.2368927,-0.2196121,0.03447723,-0.08396912,0.01487732,0.03132629,0.02519226,0.009971619,-0.002128601,-0.05297852
0.7,0.0,13.0,0.0,3.0,-3.0,-13.0,0.0,-124.0,0.0,-193.0,0.0,-16.0,0.0,-93.0,,,,,,,,,,,,,,,,,,,,,,,,,,
0.7083333134651184,,,,,,,,,,,,,,,-0.04123688,-0.1028214,0.06761169,0.09485626,-0.03779602,0.04916382,-0.02467346,-0.06749725,-0.04460526,0.007904053,-0.005332947,0.07061005,0.007511139,-0.02075958,0.03093719,-0.09894562,-0.2505646,-0.2078934,0.02666473,-0.09568787,-0.0007476807,0.02546692,0.02616882,0.01290131,-0.02068329,-0.05786133
0.7166666984558105,,,,,,,,,,,,,,,-0.04611969,-0.1164932,0.06858826,0.08802032,-0.03096008,0.04818726,-0.02857971,-0.08507538,-0.04558182,0.003997803,-0.0004501343,0.06768036,0.01044083,-0.02075958,0.03289032,-0.09601593,-0.2632599,-0.1942215,0.01885223,-0.1005707,-0.01148987,0.01863098,0.02519226,0.01387787,-0.03728485,-0.0637207
0.7250000238418579,,,,,,,,,,,,,,,-0.04904938,-0.1233292,0.06565857,0.08020782,-0.02607727,0.04721069,-0.03443909,-0.1065598,-0.04558182,-0.0008850098,0.006385803,0.06768036,0.01141739,-0.01880646,0.02996063,-0.09406281,-0.2769318,-0.1805496,0.0120163,-0.09861755,-0.02906799,0.007888794,0.02226257,0.01192474,-0.05095673,-0.06958008
0.7333332896232605,,,,,,,,,,,,,,,-0.05002594,-0.1223526,0.06272888,0.07434845,-0.02412415,0.04525757,-0.04029846,-0.1299973,-0.03972244,-0.009674072,0.01615143,0.06865692,0.009464264,-0.01490021,0.02312469,-0.09210968,-0.2915802,-0.1649246,0.005180359,-0.0947113,-0.04371643,-0.003829956,0.01835632,0.007041931,-0.06169891,-0.07543945
0.7333333333333333,0.0,12.0,0.0,4.0,-3.0,-14.0,0.0,-132.0,0.0,-202.0,0.0,-16.0,-1.0,-97.0,,,,,,,,,,,,,,,,,,,,,,,,,,
0.7416666746139526,,,,,,,,,,,,,,,-0.04807281,-0.112587,0.06077576,0.07337189,-0.01924133,0.04037476,-0.04908752,-0.1495285,-0.03581619,-0.02236938,0.02396393,0.06865692,0.005558014,-0.0100174,0.01628876,-0.09210968,-0.3013458,-0.1561356,0.002250671,-0.09080505,-0.05055237,-0.01847839,0.01542664,-0.002723694,-0.06755829,-0.08325195
0.75,,,,,,,,,,,,,,,-0.04514313,-0.0989151,0.05979919,0.07923126,-0.01533508,0.03549194,-0.05690002,-0.1690598,-0.02800369,-0.03311157,0.02884674,0.0667038,0.0006752014,-0.007087708,0.007499695,-0.09699249,-0.3101349,-0.1541824,-0.0006790161,-0.08494568,-0.05348206,-0.03410339,0.01542664,-0.01346588,-0.06951141,-0.09399414
0.7583333253860474,,,,,,,,,,,,,,,-0.04221344,-0.08524323,0.06370544,0.08997345,-0.01142883,0.02963257,-0.0627594,-0.1807785,-0.02312088,-0.04580688,0.03372955,0.05986786,-0.003231049,-0.006111145,0.002616882,-0.1057816,-0.3140411,-0.1580887,0.003227234,-0.0790863,-0.05055237,-0.04679871,0.01933289,-0.02323151,-0.06755829,-0.1037598
0.7666666666666667,0.0,9.0,0.0,2.0,-3.0,-17.0,0.0,-141.0,0.0,-213.0,0.0,-17.0,-2.0,-101.0,,,,,,,,,,,,,,,,,,,,,,,,,,
0.7666667103767395,,,,,,,,,,,,,,,-0.04026031,-0.07059479,0.06761169,0.1095047,-0.008499146,0.02279663,-0.06568909,-0.1856613,-0.01530838,-0.05752563,0.03568268,0.04814911,-0.009090424,-0.00806427,-0.00226593,-0.1165237,-0.3179474,-0.1717606,0.006156921,-0.07810974,-0.04371643,-0.05656433,0.02323914,-0.03006744,-0.06169891,-0.114502
0.7749999761581421,,,,,,,,,,,,,,,-0.03928375,-0.0598526,0.06956482,0.1280594,-0.007522583,0.01498413,-0.06568909,-0.1798019,-0.009449005,-0.06436157,0.03568268,0.03447723,-0.01299667,-0.01197052,-0.007148743,-0.1301956,-0.318924,-0.1893387,0.01299286,-0.08006287,-0.03004456,-0.05656433,0.02909851,-0.03397369,-0.05290985,-0.1223145
0.7833333015441895,,,,,,,,,,,,,,,-0.03928375,-0.05496979,0.07542419,0.1466141,-0.004592896,0.005218506,-0.05982971,-0.1671066,-0.00749588,-0.06338501,0.03275299,0.01885223,-0.01690292,-0.0178299,-0.01105499,-0.1428909,-0.3218536,-0.2137527,0.02080536,-0.08494568,-0.02223206,-0.04972839,0.03593445,-0.03397369,-0.04705048,-0.130127
0.7916666865348816,,,,,,,,,,,,,,,-0.03928375,-0.05594635,0.07737732,0.1632156,-0.004592896,-0.005523682,-0.0549469,-0.1495285,-0.00749588,-0.0585022,0.02884674,0.003227234,-0.01983261,-0.02466583,-0.01398468,-0.1546097,-0.3257599,-0.2401199,0.02666473,-0.0947113,-0.01539612,-0.03703308,0.04570007,-0.02909088,-0.03728485,-0.1311035
0.8,0.0,5.0,0.0,1.0,-2.0,-18.0,0.0,-150.0,0.0,-227.0,0.0,-18.0,-2.0,-108.0,,,,,,,,,,,,,,,,,,,,,,,,,,
0.800000011920929,,,,,,,,,,,,,,,-0.04123688,-0.06082916,0.07444763,0.1739578,-0.002639771,-0.01431274,-0.04420471,-0.1299973,-0.009449005,-0.04971313,0.0220108,-0.01044464,-0.02373886,-0.03052521,-0.01496124,-0.1633987,-0.3296661,-0.2703934,0.03252411,-0.1064301,-0.01246643,-0.01945496,0.05253601,-0.02323151,-0.03240204,-0.1262207
0.8083332777023315,,,,,,,,,,,,,,,-0.04416656,-0.06864166,0.06956482,0.1778641,-0.004592896,-0.02114868,-0.03834534,-0.1094894,-0.01335526,-0.03604126,0.01908112,-0.01630402,-0.02764511,-0.03736115,-0.01789093,-0.1702347,-0.3413849,-0.3006668,0.0354538,-0.1191254,-0.01930237,-0.001876831,0.0554657,-0.01737213,-0.02751923,-0.1203613
0.8166667222976685,,,,,,,,,,,,,,,-0.05002594,-0.07840729,0.06175232,0.1798172,-0.005569458,-0.02603149,-0.03346252,-0.08995819,-0.01921463,-0.02139282,0.02005768,-0.01728058,-0.0305748,-0.04419708,-0.02277374,-0.1731644,-0.3521271,-0.3299637,0.03447723,-0.1347504,-0.03004456,0.01472473,0.06034851,-0.01248932,-0.02263641,-0.1125488
0.824999988079071,,,,,,,,,,,,,,,-0.05197906,-0.08914948,0.05198669,0.1759109,-0.01045227,-0.02993774,-0.03053284,-0.0714035,-0.02312088,-0.00869751,0.02298737,-0.01532745,-0.0305748,-0.05103302,-0.02570343,-0.1731644,-0.3697052,-0.3612137,0.03252411,-0.1513519,-0.04371643,0.03034973,0.06132507,-0.01541901,-0.02068329,-0.1047363
0.8333333134651184,,,,,,,,,,,,,,,-0.05588531,-0.1008682,0.04222107,0.1671219,-0.01631165,-0.03286743,-0.0315094,-0.06066132,-0.02800369,-0.0008850098,0.02787018,-0.004585266,-0.02764511,-0.05786896,-0.02667999,-0.1712112,-0.3892365,-0.3924637,0.0276413,-0.1650238,-0.05738831,0.04109192,0.06230164,-0.02225494,-0.01970673,-0.09790039
0.8333333333333334,0.0,3.0,0.0,2.0,-1.0,-19.0,0.0,-158.0,0.0,-238.0,0.0,-18.0,-2.0,-117.0,,,,,,,,,,,,,,,,,,,,,,,,,,
0.8416666984558105,,,,,,,,,,,,,,,-0.05490875,-0.1096573,0.03636169,0.1544266,-0.02217102,-0.03775024,-0.03541565,-0.05382538,-0.03190994,0.002044678,0.03372955,0.0120163,-0.02178574,-0.06372833,-0.02863312,-0.1692581,-0.4077911,-0.4227371,0.02178192,-0.1747894,-0.06617737,0.04792786,0.06132507,-0.03495026,-0.02068329,-0.09301758
0.8500000238418579,,,,,,,,,,,,,,,-0.05490875,-0.1155167,0.03343201,0.1407547,-0.02900696,-0.04263306,-0.03736877,-0.05089569,-0.03483963,9.155273e-05,0.04056549,0.02959442,-0.01006699,-0.06861115,-0.02765656,-0.167305,-0.4253693,-0.4481277,0.0198288,-0.1806488,-0.07594299,0.05085754,0.05644226,-0.04862213,-0.02361298,-0.08911133
0.8583332896232605,,,,,,,,,,,,,,,-0.0510025,-0.1194229,0.03440857,0.1261063,-0.03681946,-0.04946899,-0.04225159,-0.05284882,-0.03483963,-0.006744385,0.04740143,0.04717255,0.003604889,-0.06763458,-0.02570343,-0.1653519,-0.443924,-0.467659,0.01787567,-0.1816254,-0.07789612,0.05183411,0.05155945,-0.06229401,-0.02751923,-0.08520508
0.8666666666666667,0.0,0.0,0.0,5.0,-1.0,-19.0,0.0,-164.0,0.0,-251.0,0.0,-19.0,-2.0,-120.0,,,,,,,,,,,,,,,,,,,,,,,,,,
0.8666666746139526,,,,,,,,,,,,,,,-0.04514313,-0.1184464,0.03831482,0.1134109,-0.03877258,-0.05923462,-0.0471344,-0.06163788,-0.03581619,-0.01553345,0.05033112,0.06279755,0.01825333,-0.06275177,-0.02179718,-0.1624222,-0.452713,-0.4842606,0.01494598,-0.1796722,-0.07789612,0.05183411,0.04667664,-0.07596588,-0.03240204,-0.08520508
0.875,,,,,,,,,,,,,,,-0.03830719,-0.1155167,0.04417419,0.1036453,-0.03974915,-0.07192993,-0.04908752,-0.07628632,-0.03386307,-0.02529907,0.04935455,0.07353973,0.02997208,-0.05591583,-0.01593781,-0.1604691,-0.4585724,-0.4950027,0.01396942,-0.1767426,-0.07691956,0.04988098,0.03886414,-0.08475494,-0.03533173,-0.08911133
0.8833333253860474,,,,,,,,,,,,,,,-0.03049469,-0.1106339,0.05198669,0.09680939,-0.03681946,-0.08560181,-0.05006409,-0.094841,-0.03288651,-0.03604126,0.0454483,0.07549286,0.0397377,-0.04517365,-0.01105499,-0.1565628,-0.4575958,-0.5028152,0.01396942,-0.175766,-0.07496643,0.04402161,0.03398132,-0.08670807,-0.03630829,-0.09399414
0.8916667103767395,,,,,,,,,,,,,,,-0.02365875,-0.1008682,0.05491638,0.09876251,-0.03193665,-0.09634399,-0.0471344,-0.1133957,-0.03093338,-0.04971313,0.03958893,0.07256317,0.04169083,-0.03052521,-0.008125305,-0.15168,-0.4536896,-0.5106277,0.008110046,-0.1777191,-0.07789612,0.03523254,0.02812195,-0.08182526,-0.03630829,-0.1008301
0.8999999761581421,,,,,,,,,,,,,,,-0.01779938,-0.08817291,0.05589294,0.106575,-0.02705383,-0.1061096,-0.04225159,-0.1290207,-0.02898026,-0.06240845,0.03177643,0.06475067,0.0397377,-0.01880646,-0.00617218,-0.1467972,-0.4468536,-0.5155106,0.001274109,-0.1796722,-0.08277893,0.02546692,0.0242157,-0.07303619,-0.03728485,-0.1105957
0.9,0.0,-5.0,0.0,5.0,0.0,-19.0,0.0,-170.0,0.0,-261.0,0.0,-17.0,-3.0,-120.0,,,,,,,,,,,,,,,,,,,,,,,,,,
0.9083333015441895,,,,,,,,,,,,,,,-0.01682281,-0.07450104,0.05589294,0.1173172,-0.02217102,-0.1158752,-0.03346252,-0.141716,-0.02995682,-0.0741272,0.02298737,0.04814911,0.0319252,-0.01197052,-0.00617218,-0.1380081,-0.4380646,-0.5242996,-0.01044464,-0.1826019,-0.09156799,0.01179504,0.0242157,-0.06229401,-0.03533173,-0.1203613
0.9166666865348816,,,,,,,,,,,,,,,-0.01682281,-0.06278229,0.05198669,0.1309891,-0.0202179,-0.1227112,-0.02565002,-0.1524582,-0.03386307,-0.08877563,0.01126862,0.02959442,0.02020645,-0.007087708,-0.00617218,-0.1292191,-0.4312286,-0.5389481,-0.02606964,-0.1865082,-0.1032867,-0.002853394,0.0242157,-0.04862213,-0.03435516,-0.1271973
0.925000011920929,,,,,,,,,,,,,,,-0.01877594,-0.05106354,0.04612732,0.1427078,-0.02217102,-0.1295471,-0.0158844,-0.1583176,-0.03874588,-0.09854126,-0.001426697,0.008110046,0.008487701,-0.00415802,-0.007148743,-0.1214066,-0.428299,-0.5555496,-0.03876495,-0.1874847,-0.1150055,-0.01554871,0.02616882,-0.03690338,-0.03630829,-0.1311035
0.9333332777023315,,,,,,,,,,,,,,,-0.02463531,-0.04227448,0.04222107,0.1514969,-0.02705383,-0.1354065,-0.007095337,-0.1602707,-0.04948807,-0.1053772,-0.01314545,-0.01239777,-0.001277924,-0.005134583,-0.009101868,-0.1135941,-0.4302521,-0.5711746,-0.05634308,-0.1826019,-0.1277008,-0.02922058,0.02812195,-0.03006744,-0.03533173,-0.1262207
0.9333333333333333,0.0,-8.0,0.0,4.0,0.0,-18.0,0.0,-178.0,0.0,-266.0,0.0,-16.0,-3.0,-120.0,,,,,,,,,,,,,,,,,,,,,,,,,,
0.9416667222976685,,,,,,,,,,,,,,,-0.03244781,-0.03446198,0.03831482,0.15345,-0.03096008,-0.1393127,0.0007171631,-0.1641769,-0.06023026,-0.1063538,-0.02388763,-0.0348587,-0.01006699,-0.005134583,-0.01105499,-0.1087112,-0.4331818,-0.5858231,-0.06806183,-0.1786957,-0.1364899,-0.03800964,0.02812195,-0.02909088,-0.03435516,-0.1203613
0.949999988079071,,,,,,,,,,,,,,,-0.04026031,-0.02957916,0.03440857,0.1485672,-0.0358429,-0.143219,0.005599976,-0.1651535,-0.06901932,-0.1004944,-0.0326767,-0.05341339,-0.01592636,-0.006111145,-0.01203156,-0.1077347,-0.4400177,-0.5975418,-0.07294464,-0.1738129,-0.1403961,-0.04386902,0.02714539,-0.03495026,-0.03533173,-0.1125488
0.9583333134651184,,,,,,,,,,,,,,,-0.05295563,-0.03055573,0.03343201,0.137825,-0.03779602,-0.143219,0.005599976,-0.1651535,-0.07585526,-0.09268188,-0.03853607,-0.06513214,-0.01983261,-0.007087708,-0.01593781,-0.1087112,-0.4507599,-0.6024246,-0.0739212,-0.1708832,-0.1394196,-0.04875183,0.02030945,-0.04764557,-0.03142548,-0.1057129
0.9666666666666667,0.0,-7.0,0.0,4.0,-1.0,-21.0,0.0,-185.0,0.0,-271.0,0.0,-18.0,-3.0,-125.0,,,,,,,,,,,,,,,,,,,,,,,,,,
0.9666666984558105,,,,,,,,,,,,,,,-0.06174469,-0.0364151,0.03538513,0.1261063,-0.03779602,-0.1383362,0.004623413,-0.1632004,-0.07780838,-0.08291626,-0.0404892,-0.07196808,-0.02080917,-0.007087708,-0.02179718,-0.1145706,-0.4566193,-0.6043777,-0.06708527,-0.1728363,-0.1345367,-0.04875183,0.01249695,-0.06424713,-0.02947235,-0.1027832
0.9750000238418579,,,,,,,,,,,,,,,-0.07346344,-0.04715729,0.03831482,0.1173172,-0.03681946,-0.1266174,0.002670288,-0.157341,-0.07683182,-0.07315063,-0.03853607,-0.07489777,-0.01885605,-0.006111145,-0.02863312,-0.1233597,-0.4654083,-0.6034012,-0.05536652,-0.1796722,-0.1267242,-0.04875183,-0.001174927,-0.08182526,-0.02849579,-0.1027832
0.9833332896232605,,,,,,,,,,,,,,,-0.0822525,-0.06278229,0.04319763,0.1104813,-0.0358429,-0.1100159,-0.0002593994,-0.1485519,-0.07097244,-0.06533813,-0.0326767,-0.07001495,-0.01592636,-0.005134583,-0.03839874,-0.1350784,-0.475174,-0.6004715,-0.04364777,-0.1923676,-0.1179352,-0.04679871,-0.01387024,-0.1033096,-0.02849579,-0.1027832
0.9916666746139526,,,,,,,,,,,,,,,-0.09104156,-0.08133698,0.05101013,0.1075516,-0.03388977,-0.09439087,-0.003189087,-0.1368332,-0.06218338,-0.06045532,-0.02291107,-0.0582962,-0.01397324,-0.003181458,-0.04816437,-0.1487503,-0.4820099,-0.5994949,-0.03681183,-0.207016,-0.1110992,-0.04289246,-0.02949524,-0.1208878,-0.02947235,-0.1037598
1.0,0.0,-4.0,1.0,2.0,-1.0,-18.0,0.0,-192.0,0.0,-278.0,0.0,-22.0,-2.0,-133.0,-0.0978775,-0.1028214,0.05979919,0.1095047,-0.03486633,-0.07876587,-0.006118774,-0.1251144,-0.05339432,-0.05264282,-0.01314545,-0.04657745,-0.01397324,-0.002204895,-0.05695343,-0.1604691,-0.4888458,-0.6004715,-0.03290558,-0.2187347,-0.1042633,-0.03898621,-0.04414368,-0.1374893,-0.03142548,-0.1037598
1.0083329677581787,,,,,,,,,,,,,,,-0.1027603,-0.1262589,0.06858826,0.1153641,-0.03779602,-0.06997681,-0.009048462,-0.1153488,-0.04655838,-0.04678345,-0.003379822,-0.03681183,-0.01006699,0.0007247925,-0.06183624,-0.1712112,-0.4947052,-0.6043777,-0.03778839,-0.2245941,-0.1003571,-0.03605652,-0.05781555,-0.1482315,-0.03142548,-0.1008301
1.0166670083999634,,,,,,,,,,,,,,,-0.1066666,-0.1457901,0.07640076,0.1212234,-0.04267883,-0.06900024,-0.01197815,-0.1075363,-0.04460526,-0.04190063,0.006385803,-0.0270462,-0.009090424,0.005607605,-0.06378937,-0.1780472,-0.499588,-0.6121902,-0.05243683,-0.2236176,-0.1003571,-0.03312683,-0.07148743,-0.1579971,-0.03240204,-0.0949707
1.024999976158142,,,,,,,,,,,,,,,-0.1076431,-0.1623917,0.08323669,0.1261063,-0.04951477,-0.07681274,-0.01197815,-0.1026535,-0.04362869,-0.03604126,0.01224518,-0.02118683,-0.008113861,0.00756073,-0.05988312,-0.1839066,-0.5044708,-0.6209793,-0.07001495,-0.2138519,-0.1032867,-0.03215027,-0.0851593,-0.1687393,-0.03044891,-0.08911133
1.0333329439163208,,,,,,,,,,,,,,,-0.1086197,-0.175087,0.08714294,0.1280594,-0.05537415,-0.09243774,-0.009048462,-0.1036301,-0.04753494,-0.03408813,0.01810455,-0.02118683,-0.007137299,0.009513855,-0.05109406,-0.1858597,-0.5103302,-0.6366043,-0.0895462,-0.1992035,-0.1081696,-0.03117371,-0.0929718,-0.1765518,-0.0255661,-0.08325195
1.0333333333333334,0.0,0.0,1.0,2.0,-1.0,-14.0,0.0,-199.0,0.0,-290.0,0.0,-23.0,-2.0,-139.0,,,,,,,,,,,,,,,,,,,,,,,,,,
1.0416669845581055,,,,,,,,,,,,,,,-0.1086197,-0.1828995,0.09007263,0.1270828,-0.06123352,-0.1080627,-0.008071899,-0.110466,-0.05241776,-0.03897095,0.01810455,-0.02411652,-0.006160736,0.01146698,-0.03937531,-0.1839066,-0.5200958,-0.6541824,-0.1071243,-0.1855316,-0.1179352,-0.03410339,-0.09980774,-0.1824112,-0.02165985,-0.08227539
1.0499999523162842,,,,,,,,,,,,,,,-0.10569,-0.1868057,0.08909607,0.1222,-0.06416321,-0.1217346,-0.006118774,-0.1212082,-0.05827713,-0.04873657,0.01615143,-0.02997589,-0.006160736,0.01146698,-0.02667999,-0.1790237,-0.5337677,-0.6717606,-0.1188431,-0.1728363,-0.1306305,-0.03703308,-0.09883118,-0.187294,-0.01873016,-0.08325195
1.0583330392837524,,,,,,,,,,,,,,,-0.1017838,-0.1877823,0.08811951,0.1163406,-0.06221008,-0.1324768,-0.005142212,-0.1319504,-0.06413651,-0.06729126,0.01029205,-0.03974152,-0.003231049,0.00756073,-0.01593781,-0.1712112,-0.5562286,-0.6932449,-0.1266556,-0.1679535,-0.1452789,-0.04093933,-0.09590149,-0.1902237,-0.01384735,-0.08911133
1.0666666666666667,0.0,4.0,1.0,1.0,-1.0,-14.0,0.0,-203.0,-1.0,-301.0,0.0,-22.0,-2.0,-140.0,,,,,,,,,,,,,,,,,,,,,,,,,,
1.0666669607162476,,,,,,,,,,,,,,,-0.09494781,-0.1887589,0.08518982,0.1095047,-0.06025696,-0.1363831,-0.003189087,-0.141716,-0.06511307,-0.0897522,0.004432678,-0.05243683,-0.003231049,-0.00025177,-0.009101868,-0.1624222,-0.5806427,-0.7166824,-0.1247025,-0.1708832,-0.1589508,-0.04386902,-0.08711243,-0.1892471,-0.01482391,-0.09790039
1.0750000476837158,,,,,,,,,,,,,,,-0.08811188,-0.190712,0.07835388,0.09876251,-0.05537415,-0.1344299,-0.004165649,-0.1495285,-0.06315994,-0.1141663,-0.004356384,-0.06513214,-0.004207611,-0.01197052,-0.005195618,-0.1555862,-0.608963,-0.7371902,-0.1178665,-0.1777191,-0.1755524,-0.04679871,-0.07637024,-0.1863174,-0.01873016,-0.1066895
1.0833330154418945,,,,,,,,,,,,,,,-0.08322906,-0.1965714,0.07151794,0.08802032,-0.04756165,-0.1285706,-0.007095337,-0.1553879,-0.06120682,-0.1356506,-0.01412201,-0.07782745,-0.006160736,-0.02759552,-0.009101868,-0.1497269,-0.6363068,-0.7576981,-0.1061478,-0.1865082,-0.1882477,-0.04679871,-0.06758118,-0.1804581,-0.02165985,-0.1154785
1.0916670560836792,,,,,,,,,,,,,,,-0.07736969,-0.2053604,0.06468201,0.07727814,-0.04170227,-0.1207581,-0.01197815,-0.1602707,-0.05534744,-0.1532288,-0.02291107,-0.09052277,-0.01006699,-0.04419708,-0.01300812,-0.1467972,-0.6616974,-0.7742996,-0.09149933,-0.1952972,-0.1980133,-0.04386902,-0.05976868,-0.1745987,-0.02654266,-0.1271973
1.1,0.0,8.0,1.0,0.0,-1.0,-15.0,0.0,-210.0,-1.0,-314.0,0.0,-20.0,-2.0,-141.0,,,,,,,,,,,,,,,,,,,,,,,,,,
1.100000023841858,,,,,,,,,,,,,,,-0.07444,-0.2180557,0.05686951,0.06458282,-0.0358429,-0.1148987,-0.0158844,-0.1632004,-0.04948807,-0.1639709,-0.03560638,-0.1032181,-0.01299667,-0.06079865,-0.02179718,-0.15168,-0.6822052,-0.7889481,-0.07685089,-0.1992035,-0.2038727,-0.04582214,-0.05683899,-0.1687393,-0.03142548,-0.1398926
1.1083329916000366,,,,,,,,,,,,,,,-0.07346344,-0.2327042,0.05101013,0.04895782,-0.03096008,-0.1090393,-0.02272034,-0.1671066,-0.04460526,-0.1669006,-0.04732513,-0.1120071,-0.01983261,-0.07740021,-0.02960968,-0.1604691,-0.6978302,-0.8016434,-0.06122589,-0.2021332,-0.2087555,-0.04972839,-0.05976868,-0.1638565,-0.0333786,-0.1525879
1.1166670322418213,,,,,,,,,,,,,,,-0.07541656,-0.2444229,0.04612732,0.03430939,-0.02900696,-0.1041565,-0.02857971,-0.1700363,-0.04069901,-0.1639709,-0.05709076,-0.1159134,-0.02471542,-0.09107208,-0.03449249,-0.1721878,-0.7017365,-0.8104324,-0.04560089,-0.1992035,-0.2087555,-0.05754089,-0.06660461,-0.1599503,-0.03728485,-0.1691895
1.125,,,,,,,,,,,,,,,-0.07834625,-0.2551651,0.04417419,0.01770782,-0.0280304,-0.1012268,-0.03639221,-0.1788254,-0.03972244,-0.1590881,-0.06587982,-0.11689,-0.0305748,-0.0959549,-0.03644562,-0.1858597,-0.7046661,-0.8153152,-0.03290558,-0.191391,-0.2077789,-0.07121277,-0.07246399,-0.156044,-0.03728485,-0.1867676
1.1333329677581787,,,,,,,,,,,,,,,-0.0822525,-0.2610245,0.04319763,0.001106262,-0.0280304,-0.09536743,-0.04322815,-0.1924973,-0.03972244,-0.1522522,-0.07369232,-0.1159134,-0.03350449,-0.09693146,-0.03253937,-0.198555,-0.7036896,-0.8162918,-0.0192337,-0.1855316,-0.2058258,-0.08683777,-0.07832336,-0.1511612,-0.03435516,-0.201416
1.1333333333333333,0.0,8.0,1.0,0.0,-2.0,-17.0,0.0,-219.0,0.0,-330.0,0.0,-19.0,-2.0,-146.0,,,,,,,,,,,,,,,,,,,,,,,,,,
1.1416670083999634,,,,,,,,,,,,,,,-0.08518219,-0.262001,0.04515076,-0.01158905,-0.03096008,-0.08950806,-0.05299377,-0.2051926,-0.04265213,-0.1473694,-0.08052826,-0.1129837,-0.03741074,-0.09497833,-0.02765656,-0.2092972,-0.7036896,-0.8153152,-0.0114212,-0.1796722,-0.2028961,-0.1024628,-0.08222961,-0.1433487,-0.03142548,-0.217041
1.149999976158142,,,,,,,,,,,,,,,-0.08615875,-0.2610245,0.04612732,-0.0233078,-0.03779602,-0.08267212,-0.05982971,-0.2169113,-0.04558182,-0.14151,-0.08248138,-0.110054,-0.03936386,-0.09107208,-0.01984406,-0.2171097,-0.702713,-0.811409,-0.006538391,-0.1747894,-0.1989899,-0.1151581,-0.07929993,-0.1326065,-0.02751923,-0.2307129
1.1583329439163208,,,,,,,,,,,,,,,-0.08420563,-0.2571182,0.04710388,-0.0311203,-0.04463196,-0.07681274,-0.06666565,-0.2276535,-0.05339432,-0.1395569,-0.08248138,-0.1110306,-0.04131699,-0.08618927,-0.01105499,-0.2210159,-0.7085724,-0.8055496,-0.004585266,-0.1708832,-0.1980133,-0.1200409,-0.07344055,-0.1208878,-0.02263641,-0.2404785
1.1666666666666667,0.0,5.0,1.0,-3.0,-2.0,-21.0,0.0,-226.0,0.0,-345.0,0.0,-23.0,-2.0,-153.0,,,,,,,,,,,,,,,,,,,,,,,,,,
1.1666669845581055,,,,,,,,,,,,,,,-0.08322906,-0.253212,0.05003357,-0.03404999,-0.05537415,-0.07095337,-0.07447815,-0.2364426,-0.06023026,-0.1366272,-0.08150482,-0.1129837,-0.04327011,-0.08228302,-0.004219055,-0.2219925,-0.7154083,-0.8006668,-0.004585266,-0.1708832,-0.1960602,-0.1171112,-0.06562805,-0.1101456,-0.0177536,-0.2463379
1.1749999523162842,,,,,,,,,,,,,,,-0.08029938,-0.2541885,0.04710388,-0.03307343,-0.06513977,-0.06607056,-0.07936096,-0.2413254,-0.06804276,-0.1327209,-0.07564545,-0.1149368,-0.04522324,-0.07837677,0.00164032,-0.2219925,-0.7281036,-0.795784,-0.005561829,-0.1738129,-0.1950836,-0.106369,-0.05683899,-0.1013565,-0.01384735,-0.248291
1.1833330392837524,,,,,,,,,,,,,,,-0.07736969,-0.2571182,0.04710388,-0.02721405,-0.07295227,-0.06411743,-0.08424377,-0.2383957,-0.07487869,-0.1288147,-0.06978607,-0.1188431,-0.0461998,-0.07544708,0.00164032,-0.2210159,-0.7486115,-0.7948074,-0.008491516,-0.1826019,-0.1931305,-0.09367371,-0.05097961,-0.09940338,-0.01287079,-0.2502441
1.1916669607162476,,,,,,,,,,,,,,,-0.07639313,-0.2610245,0.04417419,-0.01940155,-0.07881165,-0.06314087,-0.08815002,-0.2325363,-0.08366776,-0.1229553,-0.05904388,-0.1227493,-0.0461998,-0.07349396,-0.0003128052,-0.2200394,-0.7642365,-0.7948074,-0.0114212,-0.1962738,-0.1921539,-0.08293152,-0.0460968,-0.1023331,-0.01384735,-0.2502441
1.2,0.0,1.0,1.0,-6.0,-2.0,-24.0,0.0,-231.0,0.0,-359.0,0.0,-27.0,-2.0,-159.0,,,,,,,,,,,,,,,,,,,,,,,,,,
1.2000000476837158,,,,,,,,,,,,,,,-0.07541656,-0.2659073,0.04124451,-0.01256561,-0.08076477,-0.06314087,-0.08912659,-0.2257004,-0.09148026,-0.1170959,-0.05025482,-0.1247025,-0.04717636,-0.07349396,-0.00617218,-0.2200394,-0.7866974,-0.7987137,-0.01239777,-0.2148285,-0.1941071,-0.07511902,-0.05000305,-0.1101456,-0.02068329,-0.2512207
1.2083330154418945,,,,,,,,,,,,,,,-0.07541656,-0.268837,0.04124451,-0.0076828,-0.07881165,-0.06509399,-0.09010315,-0.2178879,-0.1002693,-0.1131897,-0.03951263,-0.1237259,-0.04912949,-0.07349396,-0.01398468,-0.2190628,-0.8052521,-0.8055496,-0.01435089,-0.2343597,-0.1960602,-0.07023621,-0.05488586,-0.1218643,-0.03044891,-0.2521973
1.2166670560836792,,,,,,,,,,,,,,,-0.07444,-0.2698135,0.03929138,-0.005729675,-0.07295227,-0.06900024,-0.09010315,-0.2100754,-0.1071053,-0.1122131,-0.03072357,-0.1227493,-0.05205917,-0.07349396,-0.02277374,-0.2210159,-0.8218536,-0.8133621,-0.01825714,-0.2587738,-0.200943,-0.07316589,-0.0617218,-0.1355362,-0.0411911,-0.2541504
1.225000023841858,,,,,,,,,,,,,,,-0.07444,-0.268837,0.04026794,-0.008659363,-0.06806946,-0.07388306,-0.08815002,-0.2032394,-0.1129646,-0.1131897,-0.02584076,-0.1217728,-0.05596542,-0.07544708,-0.03253937,-0.2249222,-0.834549,-0.8221512,-0.02118683,-0.2792816,-0.2077789,-0.08097839,-0.06465149,-0.1501846,-0.05193329,-0.2570801
1.2333329916000366,,,,,,,,,,,,,,,-0.07444,-0.2659073,0.04124451,-0.01256561,-0.06513977,-0.07583618,-0.0861969,-0.1993332,-0.1178474,-0.1131897,-0.02291107,-0.1207962,-0.06280136,-0.07837677,-0.04132843,-0.2288284,-0.8413849,-0.8348465,-0.02509308,-0.2949066,-0.2175446,-0.08976746,-0.06855774,-0.1658096,-0.06365204,-0.263916
1.2333333333333334,1.0,0.0,1.0,-8.0,-2.0,-23.0,0.0,-235.0,0.0,-372.0,0.0,-29.0,-3.0,-163.0,,,,,,,,,,,,,,,,,,,,,,,,,,
1.2416670322418213,,,,,,,,,,,,,,,-0.07444,-0.2629776,0.04319763,-0.01940155,-0.06416321,-0.07876587,-0.08326721,-0.1944504,-0.118824,-0.1141663,-0.0248642,-0.1217728,-0.06768417,-0.08325958,-0.04816437,-0.2327347,-0.8443146,-0.8455887,-0.03290558,-0.3017426,-0.2253571,-0.09855652,-0.06660461,-0.1794815,-0.07439423,-0.2717285
1.25,,,,,,,,,,,,,,,-0.07346344,-0.2600479,0.04612732,-0.02721405,-0.06611633,-0.08071899,-0.08131409,-0.1905441,-0.1198006,-0.1122131,-0.02877045,-0.125679,-0.07549667,-0.08716583,-0.05207062,-0.2376175,-0.8482208,-0.858284,-0.03974152,-0.2997894,-0.2351227,-0.106369,-0.05976868,-0.1892471,-0.0802536,-0.2814941
1.2583329677581787,,,,,,,,,,,,,,,-0.07541656,-0.2580948,0.04710388,-0.02916718,-0.07392883,-0.07974243,-0.07936096,-0.1837082,-0.1158943,-0.1053772,-0.03365326,-0.132515,-0.08037949,-0.09009552,-0.05597687,-0.2444534,-0.8472443,-0.8768387,-0.04462433,-0.2880707,-0.2448883,-0.1122284,-0.05488586,-0.1951065,-0.08513641,-0.2893066
1.2666666666666666,1.0,-2.0,1.0,-10.0,-3.0,-22.0,0.0,-239.0,0.0,-383.0,0.0,-28.0,-2.0,-166.0,,,,,,,,,,,,,,,,,,,,,,,,,,
1.2666670083999634,,,,,,,,,,,,,,,-0.07736969,-0.2590714,0.05101013,-0.02819061,-0.08662415,-0.07681274,-0.07936096,-0.172966,-0.1080818,-0.09365845,-0.03755951,-0.1383743,-0.08428574,-0.09497833,-0.05792999,-0.2542191,-0.850174,-0.8953934,-0.0504837,-0.2724457,-0.2487946,-0.1171112,-0.04804993,-0.1970596,-0.09001923,-0.2990723
1.274999976158142,,,,,,,,,,,,,,,-0.08029938,-0.2610245,0.05296326,-0.02135468,-0.09931946,-0.07290649,-0.07936096,-0.1632004,-0.1022224,-0.07998657,-0.03853607,-0.1432571,-0.08330917,-0.1027908,-0.05988312,-0.2630081,-0.8570099,-0.9139481,-0.05927277,-0.253891,-0.2517242,-0.1210175,-0.04512024,-0.1960831,-0.0958786,-0.302002
1.2833329439163208,,,,,,,,,,,,,,,-0.08420563,-0.262001,0.05491638,-0.01158905,-0.1100616,-0.06509399,-0.08033752,-0.1514816,-0.09245682,-0.06436157,-0.03755951,-0.1491165,-0.08233261,-0.1096268,-0.06281281,-0.27668,-0.8706818,-0.9354324,-0.07196808,-0.2343597,-0.2507477,-0.1239471,-0.04902649,-0.1921768,-0.101738,-0.3000488
1.2916669845581055,,,,,,,,,,,,,,,-0.08811188,-0.2639542,0.05784607,0.0001296997,-0.1168976,-0.05825806,-0.08033752,-0.1436691,-0.08464432,-0.04678345,-0.03560638,-0.1539993,-0.0774498,-0.1164627,-0.06769562,-0.2932816,-0.8882599,-0.9569168,-0.08563995,-0.2206879,-0.2409821,-0.1259003,-0.05586243,-0.1863174,-0.1095505,-0.2941895
1.2999999523162842,,,,,,,,,,,,,,,-0.090065,-0.2668839,0.06175232,0.01380157,-0.1198273,-0.05435181,-0.08131409,-0.1397629,-0.07878494,-0.03408813,-0.03462982,-0.1539993,-0.0696373,-0.1262283,-0.07453156,-0.30793,-0.912674,-0.9744949,-0.1022415,-0.2148285,-0.2282867,-0.1298065,-0.06367493,-0.1804581,-0.1202927,-0.2873535
1.3,1.0,-5.0,0.0,-12.0,-3.0,-23.0,0.0,-242.0,0.0,-393.0,0.0,-27.0,-2.0,-170.0,,,,,,,,,,,,,,,,,,,,,,,,,,
1.3083330392837524,,,,,,,,,,,,,,,-0.090065,-0.2717667,0.06663513,0.02552032,-0.1178741,-0.05728149,-0.07936096,-0.1397629,-0.07292557,-0.02529907,-0.0326767,-0.1530228,-0.05987167,-0.1301346,-0.08234406,-0.3206253,-0.937088,-0.9881668,-0.1217728,-0.2158051,-0.2146149,-0.1356659,-0.07539368,-0.1765518,-0.1281052,-0.2785645
1.3166669607162476,,,,,,,,,,,,,,,-0.09201813,-0.2786026,0.07054138,0.03333282,-0.1139679,-0.06411743,-0.07643127,-0.1485519,-0.06999588,-0.02041626,-0.03365326,-0.1491165,-0.04815292,-0.1311111,-0.08917999,-0.3264847,-0.9585724,-0.998909,-0.1403275,-0.2255707,-0.1960602,-0.1415253,-0.08711243,-0.1785049,-0.1349411,-0.2727051
1.3250000476837158,,,,,,,,,,,,,,,-0.09299469,-0.2873917,0.07444763,0.04016876,-0.1081085,-0.07485962,-0.06568909,-0.1612473,-0.06608963,-0.02041626,-0.03658295,-0.1452103,-0.03741074,-0.1320877,-0.09699249,-0.3255081,-0.9781036,-1.007698,-0.1549759,-0.2411957,-0.1794586,-0.1483612,-0.09687805,-0.1814346,-0.141777,-0.2717285
1.3333330154418945,,,,,,,,,,,,,,,-0.09104156,-0.2981339,0.07737732,0.04505157,-0.1022491,-0.09048462,-0.05690002,-0.1758957,-0.06511307,-0.02627563,-0.0404892,-0.141304,-0.02862167,-0.129158,-0.1008987,-0.3196487,-0.983963,-1.015511,-0.1676712,-0.2577972,-0.1657867,-0.1551971,-0.1056671,-0.1833878,-0.1388474,-0.2756348
1.3333333333333333,1.0,-3.0,0.0,-11.0,-3.0,-24.0,0.0,-242.0,0.0,-405.0,0.0,-27.0,-1.0,-171.0,,,,,,,,,,,,,,,,,,,,,,,,,,
1.3416670560836792,,,,,,,,,,,,,,,-0.09104156,-0.3059464,0.07444763,0.04602814,-0.09541321,-0.1080627,-0.04615784,-0.1905441,-0.06218338,-0.03604126,-0.04439545,-0.1403275,-0.0227623,-0.1262283,-0.1057816,-0.30793,-0.9859161,-1.0243,-0.172554,-0.2734222,-0.1560211,-0.1620331,-0.1144562,-0.1833878,-0.1359177,-0.2834473
1.350000023841858,,,,,,,,,,,,,,,-0.090065,-0.3108292,0.07347107,0.04602814,-0.09248352,-0.1217346,-0.03736877,-0.2022629,-0.05827713,-0.04971313,-0.04927826,-0.1432571,-0.02178574,-0.1223221,-0.1067581,-0.2942581,-0.9741974,-1.032112,-0.172554,-0.2841644,-0.1521149,-0.168869,-0.1222687,-0.1804581,-0.1271286,-0.2971191
1.3583329916000366,,,,,,,,,,,,,,,-0.090065,-0.3118057,0.06858826,0.04114532,-0.0905304,-0.1334534,-0.03053284,-0.2110519,-0.05730057,-0.06729126,-0.05318451,-0.1510696,-0.02471542,-0.1184158,-0.104805,-0.2796097,-0.9566193,-1.040901,-0.1706009,-0.2929535,-0.1579742,-0.1737518,-0.1330109,-0.1745987,-0.1183395,-0.3088379
1.3666666666666667,0.0,-3.0,0.0,-7.0,-2.0,-24.0,0.0,-239.0,0.0,-415.0,0.0,-27.0,0.0,-174.0,,,,,,,,,,,,,,,,,,,,,,,,,,
1.3666670322418213,,,,,,,,,,,,,,,-0.090065,-0.3049698,0.06370544,0.03430939,-0.08467102,-0.1422424,-0.02857971,-0.2149582,-0.05534744,-0.0819397,-0.05709076,-0.1579056,-0.03252792,-0.1184158,-0.1008987,-0.2678909,-0.9409943,-1.048714,-0.1715775,-0.2997894,-0.1667633,-0.1796112,-0.1398468,-0.1658096,-0.1056442,-0.3166504
1.375,,,,,,,,,,,,,,,-0.09104156,-0.2903214,0.05784607,0.0235672,-0.07881165,-0.1461487,-0.03248596,-0.2139816,-0.05730057,-0.09854126,-0.06295013,-0.1647415,-0.04424667,-0.1164627,-0.09503937,-0.2620316,-0.9204865,-1.051643,-0.1735306,-0.3036957,-0.1823883,-0.1874237,-0.1476593,-0.1550674,-0.09392548,-0.3195801
1.3833329677581787,,,,,,,,,,,,,,,-0.09201813,-0.2737198,0.05198669,0.005012512,-0.07099915,-0.1481018,-0.04029846,-0.2120285,-0.06023026,-0.1161194,-0.07076263,-0.1706009,-0.05498886,-0.1125565,-0.09015656,-0.2600784,-0.905838,-1.050667,-0.17939,-0.3076019,-0.1989899,-0.1971893,-0.1525421,-0.1453018,-0.08220673,-0.3186035
1.3916670083999634,,,,,,,,,,,,,,,-0.09299469,-0.2541885,0.04612732,-0.01451874,-0.06221008,-0.1520081,-0.05397034,-0.2120285,-0.06608963,-0.1317444,-0.07857513,-0.1715775,-0.06670761,-0.1086502,-0.08332062,-0.261055,-0.897049,-1.045784,-0.188179,-0.3154144,-0.216568,-0.2079315,-0.1525421,-0.1433487,-0.07439423,-0.3127441
1.399999976158142,,,,,,,,,,,,,,,-0.09592438,-0.2366104,0.04222107,-0.03795624,-0.05342102,-0.158844,-0.06861877,-0.2169113,-0.07390213,-0.1483459,-0.08638763,-0.1686478,-0.07256699,-0.104744,-0.07941437,-0.2649612,-0.8941193,-1.036995,-0.1998978,-0.3242035,-0.2341461,-0.2186737,-0.1515656,-0.1453018,-0.06951141,-0.3000488
1.4,0.0,-2.0,0.0,-3.0,-2.0,-24.0,0.0,-238.0,0.0,-425.0,0.0,-26.0,0.0,-180.0,,,,,,,,,,,,,,,,,,,,,,,,,,
1.4083329439163208,,,,,,,,,,,,,,,-0.09983063,-0.2239151,0.03831482,-0.06041718,-0.04658508,-0.1686096,-0.08131409,-0.2266769,-0.07976151,-0.1610413,-0.09224701,-0.1657181,-0.07159042,-0.09693146,-0.07648468,-0.2747269,-0.897049,-1.028206,-0.2096634,-0.3359222,-0.2497711,-0.2284393,-0.1457062,-0.1511612,-0.06365204,-0.2854004
1.4166669845581055,,,,,,,,,,,,,,,-0.1066666,-0.2161026,0.03733826,-0.08190155,-0.03974915,-0.1803284,-0.09303284,-0.2432785,-0.08757401,-0.17276,-0.09712982,-0.1618118,-0.06573105,-0.09107208,-0.07843781,-0.2874222,-0.905838,-1.02137,-0.219429,-0.3437347,-0.2605133,-0.2352753,-0.1378937,-0.1619034,-0.06267548,-0.2717285
1.4249999523162842,,,,,,,,,,,,,,,-0.1125259,-0.2170792,0.03733826,-0.09947968,-0.03681946,-0.1930237,-0.103775,-0.2637863,-0.09245682,-0.1835022,-0.1000595,-0.163765,-0.05596542,-0.09009552,-0.08039093,-0.3020706,-0.9175568,-1.016487,-0.2213821,-0.3456879,-0.2693024,-0.2372284,-0.1291046,-0.1755753,-0.06169891,-0.2609863
1.4333330392837524,,,,,,,,,,,,,,,-0.1183853,-0.2248917,0.03831482,-0.1170578,-0.0358429,-0.2047424,-0.110611,-0.2833176,-0.09636307,-0.1932678,-0.09810638,-0.1715775,-0.04522324,-0.08911896,-0.08332062,-0.3196487,-0.9302521,-1.017464,-0.2135696,-0.3427582,-0.2722321,-0.2333221,-0.1222687,-0.1912003,-0.06072235,-0.2502441
1.4333333333333333,0.0,-3.0,0.0,0.0,-1.0,-26.0,0.0,-243.0,0.0,-436.0,0.0,-27.0,0.0,-186.0,,,,,,,,,,,,,,,,,,,,,,,,,,
1.4416669607162476,,,,,,,,,,,,,,,-0.1242447,-0.2366104,0.04319763,-0.1307297,-0.03779602,-0.2164612,-0.1145172,-0.3018723,-0.09831619,-0.2010803,-0.09420013,-0.1842728,-0.03252792,-0.09302521,-0.08527374,-0.3362503,-0.9468536,-1.0243,-0.2028275,-0.3349457,-0.2702789,-0.2255096,-0.1154327,-0.2078018,-0.05974579,-0.2443848
1.4500000476837158,,,,,,,,,,,,,,,-0.1301041,-0.2551651,0.05003357,-0.1404953,-0.03779602,-0.2262268,-0.1154938,-0.313591,-0.09831619,-0.2079163,-0.08834076,-0.2028275,-0.0227623,-0.1008377,-0.08625031,-0.3518753,-0.9634552,-1.033089,-0.1872025,-0.3232269,-0.2653961,-0.2147675,-0.1115265,-0.2244034,-0.06072235,-0.2404785
1.4583330154418945,,,,,,,,,,,,,,,-0.1330338,-0.2737198,0.05784607,-0.1473312,-0.03974915,-0.2350159,-0.1174469,-0.3165207,-0.09831619,-0.2157288,-0.08248138,-0.2204056,-0.0149498,-0.1096268,-0.08332062,-0.3655472,-0.9781036,-1.046761,-0.1686478,-0.3085785,-0.2575836,-0.2059784,-0.1095734,-0.2419815,-0.06267548,-0.2385254
1.4666666666666666,0.0,-7.0,-1.0,0.0,-1.0,-28.0,0.0,-248.0,0.0,-452.0,0.0,-30.0,-1.0,-192.0,,,,,,,,,,,,,,,,,,,,,,,,,,
1.4666670560836792,,,,,,,,,,,,,,,-0.1349869,-0.2903214,0.06272888,-0.1541672,-0.04072571,-0.2438049,-0.1174469,-0.3155441,-0.1002693,-0.2235413,-0.07662201,-0.2370071,-0.01299667,-0.1193924,-0.08039093,-0.3714066,-0.999588,-1.064339,-0.1471634,-0.2939301,-0.2487946,-0.2010956,-0.1085968,-0.2585831,-0.06755829,-0.2404785
1.475000023841858,,,,,,,,,,,,,,,-0.1349869,-0.3069229,0.06858826,-0.1580734,-0.04170227,-0.2545471,-0.1184235,-0.3087082,-0.1022224,-0.2342834,-0.07076263,-0.2467728,-0.0149498,-0.1281815,-0.07062531,-0.3723831,-1.015213,-1.087776,-0.1315384,-0.2812347,-0.2400055,-0.200119,-0.1085968,-0.2712784,-0.07341766,-0.2463379
1.4833329916000366,,,,,,,,,,,,,,,-0.1330338,-0.3196182,0.07151794,-0.1600266,-0.04463196,-0.268219,-0.1203766,-0.3028488,-0.1061287,-0.2411194,-0.06587982,-0.2477493,-0.01690292,-0.1350174,-0.06476593,-0.3684769,-1.033768,-1.116096,-0.11689,-0.2724457,-0.2360992,-0.2040253,-0.1095734,-0.2820206,-0.08123016,-0.2570801
1.4916670322418213,,,,,,,,,,,,,,,-0.1301041,-0.3254776,0.07151794,-0.1580734,-0.04853821,-0.283844,-0.1213531,-0.2999191,-0.1080818,-0.2460022,-0.06295013,-0.24189,-0.02178574,-0.1418533,-0.05695343,-0.3626175,-1.052322,-1.148323,-0.110054,-0.269516,-0.2341461,-0.2098846,-0.1095734,-0.2878799,-0.08904266,-0.2717285
1.5,0.0,-13.0,-1.0,0.0,-1.0,-29.0,-1.0,-254.0,0.0,-467.0,0.0,-34.0,-1.0,-196.0,-0.1252213,-0.3274307,0.06956482,-0.1551437,-0.0514679,-0.3014221,-0.1223297,-0.3018723,-0.1119881,-0.2499084,-0.06197357,-0.2282181,-0.02666855,-0.1467361,-0.05011749,-0.3557816,-1.065994,-1.18055,-0.1061478,-0.2665863,-0.2370758,-0.215744,-0.1134796,-0.2878799,-0.09880829,-0.2922363
1.5083329677581787,,,,,,,,,,,,,,,-0.1222916,-0.3254776,0.06468201,-0.1531906,-0.05732727,-0.3141174,-0.1203766,-0.3087082,-0.1139412,-0.2489319,-0.06099701,-0.2125931,-0.03252792,-0.1525955,-0.04621124,-0.3460159,-1.082596,-1.212776,-0.1071243,-0.2685394,-0.2439117,-0.2206268,-0.1154327,-0.2839737,-0.1046677,-0.3186035
1.5166670083999634,,,,,,,,,,,,,,,-0.1174088,-0.3176651,0.06077576,-0.1492844,-0.06416321,-0.3229065,-0.1184235,-0.3204269,-0.1119881,-0.2440491,-0.06197357,-0.1969681,-0.0383873,-0.160408,-0.04425812,-0.33918,-1.094315,-1.24305,-0.1081009,-0.2743988,-0.2517242,-0.2216034,-0.1183624,-0.2790909,-0.1075974,-0.3449707
1.524999976158142,,,,,,,,,,,,,,,-0.1164322,-0.3098526,0.05491638,-0.1483078,-0.07197571,-0.3258362,-0.1125641,-0.3340988,-0.1080818,-0.2372131,-0.06295013,-0.1842728,-0.04229355,-0.1731033,-0.04621124,-0.3352737,-1.103104,-1.267464,-0.1110306,-0.2812347,-0.2595367,-0.2216034,-0.1222687,-0.2751846,-0.1046677,-0.3703613
1.5333329439163208,,,,,,,,,,,,,,,-0.1174088,-0.300087,0.04808044,-0.1473312,-0.07783508,-0.3229065,-0.103775,-0.3467941,-0.1022224,-0.2274475,-0.06197357,-0.17939,-0.04327011,-0.1857986,-0.04816437,-0.3352737,-1.110916,-1.286995,-0.1149368,-0.2939301,-0.2683258,-0.22258,-0.1242218,-0.2742081,-0.1007614,-0.3928223
1.5333333333333334,0.0,-17.0,-1.0,-2.0,-1.0,-28.0,-1.0,-263.0,0.0,-479.0,0.0,-36.0,-2.0,-200.0,,,,,,,,,,,,,,,,,,,,,,,,,,
1.5416669845581055,,,,,,,,,,,,,,,-0.1203384,-0.2893448,0.04124451,-0.1453781,-0.08369446,-0.3141174,-0.09303284,-0.3555832,-0.09831619,-0.2186584,-0.06099701,-0.1803665,-0.04131699,-0.2033768,-0.05402374,-0.3362503,-1.114822,-1.301643,-0.1198196,-0.3076019,-0.2751617,-0.2255096,-0.1222687,-0.2781143,-0.09490204,-0.4055176
1.5499999523162842,,,,,,,,,,,,,,,-0.1242447,-0.2864151,0.03440857,-0.1444016,-0.08955383,-0.3033752,-0.08326721,-0.3614426,-0.09343338,-0.2098694,-0.06002045,-0.1891556,-0.04034042,-0.222908,-0.05988312,-0.33918,-1.122635,-1.314339,-0.1217728,-0.3222504,-0.2819977,-0.2333221,-0.1183624,-0.2869034,-0.09001923,-0.4123535
1.5583330392837524,,,,,,,,,,,,,,,-0.1271744,-0.2873917,0.02561951,-0.1463547,-0.09443665,-0.2906799,-0.07447815,-0.3643723,-0.09050369,-0.20401,-0.05806732,-0.2028275,-0.03448105,-0.2395096,-0.06671906,-0.3430862,-1.125565,-1.326057,-0.1207962,-0.3388519,-0.2888336,-0.2479706,-0.1125031,-0.2995987,-0.08611298,-0.4123535
1.5666666666666667,0.0,-17.0,0.0,-3.0,0.0,-28.0,-1.0,-274.0,0.0,-491.0,0.0,-37.0,-2.0,-206.0,,,,,,,,,,,,,,,,,,,,,,,,,,
1.5666669607162476,,,,,,,,,,,,,,,-0.1291275,-0.293251,0.01585388,-0.1473312,-0.09931946,-0.2799377,-0.06764221,-0.3643723,-0.09050369,-0.1991272,-0.05513763,-0.2164993,-0.02764511,-0.2570877,-0.07160187,-0.3499222,-1.132401,-1.338753,-0.1207962,-0.3525238,-0.294693,-0.2655487,-0.1076202,-0.3132706,-0.08318329,-0.4064941
1.5750000476837158,,,,,,,,,,,,,,,-0.1271744,-0.3039932,0.009994507,-0.1492844,-0.1012726,-0.2731018,-0.0627594,-0.3643723,-0.09148026,-0.1961975,-0.05513763,-0.2301712,-0.0227623,-0.2658768,-0.07941437,-0.3567581,-1.136307,-1.348518,-0.1198196,-0.3652191,-0.2976227,-0.2860565,-0.103714,-0.3269424,-0.08318329,-0.3996582
1.5833330154418945,,,,,,,,,,,,,,,-0.1232681,-0.315712,0.002182007,-0.1522141,-0.1032257,-0.2672424,-0.06471252,-0.3653488,-0.09148026,-0.1961975,-0.05416107,-0.2389603,-0.01592636,-0.2688065,-0.08234406,-0.3626175,-1.146072,-1.357307,-0.1149368,-0.3730316,-0.3005524,-0.3046112,-0.1007843,-0.3425674,-0.08220673,-0.3918457
1.5916670560836792,,,,,,,,,,,,,,,-0.1174088,-0.3254776,-0.001724243,-0.1561203,-0.1032257,-0.2643127,-0.06666565,-0.3653488,-0.09440994,-0.1981506,-0.05318451,-0.2428665,-0.0149498,-0.2629471,-0.08527374,-0.3694534,-1.155838,-1.364143,-0.1120071,-0.3779144,-0.3025055,-0.3192596,-0.1017609,-0.3542862,-0.07927704,-0.3879395
1.6,0.0,-19.0,0.0,-7.0,-1.0,-25.0,0.0,-286.0,0.0,-504.0,0.0,-40.0,-2.0,-217.0,,,,,,,,,,,,,,,,,,,,,,,,,,
1.600000023841858,,,,,,,,,,,,,,,-0.1105728,-0.3362198,0.0002288818,-0.1580734,-0.1012726,-0.2652893,-0.07154846,-0.3663254,-0.09440994,-0.2030334,-0.05220795,-0.2399368,-0.01592636,-0.2502518,-0.08625031,-0.3753128,-1.165604,-1.36805,-0.110054,-0.3808441,-0.3034821,-0.3270721,-0.1066437,-0.3640518,-0.07537079,-0.388916
1.6083329916000366,,,,,,,,,,,,,,,-0.10569,-0.3381729,0.006088257,-0.1600266,-0.100296,-0.268219,-0.07643127,-0.3663254,-0.09343338,-0.2088928,-0.05123138,-0.2321243,-0.01983261,-0.2307205,-0.08917999,-0.3811722,-1.170486,-1.370003,-0.1032181,-0.3818207,-0.3044586,-0.331955,-0.1134796,-0.3728409,-0.06853485,-0.3918457
1.6166670322418213,,,,,,,,,,,,,,,-0.1027603,-0.3352432,0.01585388,-0.1600266,-0.09931946,-0.2721252,-0.07936096,-0.3624191,-0.09440994,-0.2157288,-0.0483017,-0.2272415,-0.0227623,-0.2131424,-0.08917999,-0.3850784,-1.176346,-1.36805,-0.1051712,-0.3808441,-0.3064117,-0.331955,-0.1212921,-0.3826065,-0.06267548,-0.3996582
1.625,,,,,,,,,,,,,,,-0.10569,-0.3284073,0.02854919,-0.1600266,-0.09443665,-0.2789612,-0.08131409,-0.3536301,-0.09440994,-0.2225647,-0.04537201,-0.2204056,-0.02764511,-0.1965408,-0.08820343,-0.386055,-1.180252,-1.364143,-0.110054,-0.3798676,-0.3073883,-0.331955,-0.1291046,-0.3894424,-0.05974579,-0.4074707
1.6333329677581787,,,,,,,,,,,,,,,-0.1095963,-0.3205948,0.04026794,-0.1580734,-0.09346008,-0.2887268,-0.07936096,-0.3428879,-0.09538651,-0.2254944,-0.04244232,-0.2155228,-0.03155136,-0.1877518,-0.08722687,-0.3850784,-1.183182,-1.361214,-0.1149368,-0.378891,-0.3083649,-0.3339081,-0.1359406,-0.3913956,-0.05583954,-0.4143066
1.6333333333333333,0.0,-19.0,0.0,-11.0,-1.0,-25.0,0.0,-294.0,0.0,-518.0,0.0,-43.0,-2.0,-227.0,,,,,,,,,,,,,,,,,,,,,,,,,,
1.6416670083999634,,,,,,,,,,,,,,,-0.1174088,-0.3127823,0.05296326,-0.1561203,-0.08955383,-0.3023987,-0.0783844,-0.3272629,-0.09538651,-0.2274475,-0.04244232,-0.2174759,-0.03448105,-0.1877518,-0.08527374,-0.3831253,-1.186111,-1.359261,-0.1227493,-0.3759613,-0.3073883,-0.3329315,-0.1417999,-0.3913956,-0.05974579,-0.4221191
1.649999976158142,,,,,,,,,,,,,,,-0.1261978,-0.3049698,0.05979919,-0.1570969,-0.08564758,-0.3160706,-0.07447815,-0.3145676,-0.09636307,-0.2245178,-0.04244232,-0.2252884,-0.0383873,-0.1965408,-0.08429718,-0.3811722,-1.189041,-1.359261,-0.1315384,-0.3730316,-0.3044586,-0.3358612,-0.1437531,-0.3855362,-0.06658173,-0.4279785
1.6583329439163208,,,,,,,,,,,,,,,-0.1349869,-0.2961807,0.06077576,-0.15905,-0.07978821,-0.3316956,-0.07154846,-0.3018723,-0.09831619,-0.2215881,-0.04439545,-0.2389603,-0.04229355,-0.2111893,-0.08234406,-0.3811722,-1.196854,-1.361214,-0.1383743,-0.3710785,-0.3015289,-0.3417206,-0.1486359,-0.3738174,-0.07830048,-0.4348145
1.6666666666666667,0.0,-21.0,0.0,-15.0,-1.0,-29.0,0.0,-298.0,0.0,-530.0,0.0,-44.0,-2.0,-229.0,,,,,,,,,,,,,,,,,,,,,,,,,,
1.6666669845581055,,,,,,,,,,,,,,,-0.1427994,-0.2883682,0.05686951,-0.1629562,-0.07295227,-0.3492737,-0.07154846,-0.2921066,-0.09831619,-0.2186584,-0.05123138,-0.2565384,-0.0461998,-0.229744,-0.08136749,-0.3831253,-1.204666,-1.363167,-0.1393509,-0.3691254,-0.2966461,-0.34758,-0.1554718,-0.3620987,-0.09392548,-0.4406738
1.6749999523162842,,,,,,,,,,,,,,,-0.1496353,-0.2854385,0.04710388,-0.1707687,-0.06513977,-0.3639221,-0.07740784,-0.2852707,-0.09929276,-0.2167053,-0.0561142,-0.2789993,-0.05205917,-0.2502518,-0.08039093,-0.3880081,-1.218338,-1.367073,-0.1364212,-0.3661957,-0.2898102,-0.3514862,-0.1632843,-0.3445206,-0.1134567,-0.4484863
1.6833330392837524,,,,,,,,,,,,,,,-0.1564713,-0.2825089,0.03440857,-0.1834641,-0.0592804,-0.3736877,-0.08424377,-0.2833176,-0.09831619,-0.2167053,-0.0639267,-0.2985306,-0.05694199,-0.2688065,-0.08234406,-0.3967972,-1.228104,-1.374886,-0.1276321,-0.3661957,-0.2839508,-0.3544159,-0.1740265,-0.3249893,-0.1339645,-0.4572754
1.6916669607162476,,,,,,,,,,,,,,,-0.1584244,-0.2815323,0.02073669,-0.1961594,-0.0514679,-0.3805237,-0.09303284,-0.2852707,-0.09831619,-0.2186584,-0.07076263,-0.3141556,-0.06377792,-0.285408,-0.08332062,-0.4065628,-1.243729,-1.386604,-0.1198196,-0.3671722,-0.2780914,-0.3573456,-0.1847687,-0.3103409,-0.1554489,-0.467041
1.7,0.0,-20.0,0.0,-17.0,-1.0,-33.0,0.0,-300.0,0.0,-540.0,0.0,-43.0,-1.0,-228.0,,,,,,,,,,,,,,,,,,,,,,,,,,
1.7000000476837158,,,,,,,,,,,,,,,-0.1603775,-0.2873917,0.009994507,-0.2069016,-0.04560852,-0.3824768,-0.1047516,-0.2921066,-0.09929276,-0.219635,-0.07662201,-0.3248978,-0.06866074,-0.2961502,-0.08917999,-0.4143753,-1.254471,-1.39637,-0.1110306,-0.3691254,-0.2722321,-0.356369,-0.1945343,-0.296669,-0.1759567,-0.4768066
1.7083330154418945,,,,,,,,,,,,,,,-0.1603775,-0.2971573,0.001205444,-0.2156906,-0.0436554,-0.3805237,-0.1164703,-0.297966,-0.103199,-0.2186584,-0.08248138,-0.3297806,-0.0696373,-0.3049393,-0.09210968,-0.4212112,-1.26619,-1.408089,-0.1071243,-0.3701019,-0.2663727,-0.3524628,-0.1994171,-0.2869034,-0.1915817,-0.4885254
1.7166670560836792,,,,,,,,,,,,,,,-0.1623306,-0.3108292,0.0002288818,-0.22155,-0.0436554,-0.3746643,-0.1213531,-0.3048019,-0.1061287,-0.2157288,-0.08443451,-0.328804,-0.07159042,-0.3107986,-0.09894562,-0.4241409,-1.275955,-1.422737,-0.1120071,-0.3720551,-0.2653961,-0.3456268,-0.2023468,-0.2849503,-0.2033005,-0.4992676
1.725000023841858,,,,,,,,,,,,,,,-0.1613541,-0.3264542,0.005111694,-0.2205734,-0.04658508,-0.3707581,-0.126236,-0.3145676,-0.1119881,-0.2118225,-0.08638763,-0.3258743,-0.07159042,-0.316658,-0.104805,-0.4221878,-1.284744,-1.432503,-0.1178665,-0.3759613,-0.2644196,-0.3387909,-0.2013702,-0.2888565,-0.2091599,-0.5100098
1.7333329916000366,,,,,,,,,,,,,,,-0.1613541,-0.3430557,0.01097107,-0.2137375,-0.0514679,-0.3678284,-0.126236,-0.3262863,-0.1178474,-0.2088928,-0.08834076,-0.3248978,-0.07256699,-0.3225174,-0.1087112,-0.417305,-1.290604,-1.442268,-0.1305618,-0.3769379,-0.2683258,-0.331955,-0.1916046,-0.296669,-0.2062302,-0.520752
1.7333333333333334,0.0,-17.0,0.0,-21.0,0.0,-39.0,0.0,-302.0,0.0,-546.0,0.0,-40.0,-1.0,-227.0,,,,,,,,,,,,,,,,,,,,,,,,,,
1.7416670322418213,,,,,,,,,,,,,,,-0.1623306,-0.3577042,0.01878357,-0.2020187,-0.06123352,-0.3658752,-0.1223297,-0.3370285,-0.1246834,-0.2088928,-0.0873642,-0.3317337,-0.07256699,-0.3264236,-0.1116409,-0.4104691,-1.300369,-1.450081,-0.1461868,-0.378891,-0.2751617,-0.3260956,-0.1808624,-0.3054581,-0.2003708,-0.529541
1.75,,,,,,,,,,,,,,,-0.1633072,-0.3723526,0.02561951,-0.1854172,-0.07002258,-0.3678284,-0.1174469,-0.3477707,-0.1295662,-0.2167053,-0.08638763,-0.3463821,-0.07549667,-0.3332596,-0.1106644,-0.4036331,-1.307205,-1.456917,-0.1598587,-0.3847504,-0.2810211,-0.325119,-0.1691437,-0.3152237,-0.1915817,-0.5344238
1.7583329677581787,,,,,,,,,,,,,,,-0.1623306,-0.3830948,0.02854919,-0.1697922,-0.07881165,-0.3736877,-0.1086578,-0.3575363,-0.1364021,-0.2323303,-0.08541107,-0.3688431,-0.0774498,-0.339119,-0.1057816,-0.3997269,-1.315994,-1.462776,-0.1696243,-0.3906097,-0.2839508,-0.3260956,-0.1593781,-0.3220596,-0.1788864,-0.5344238
1.7666666666666666,1.0,-15.0,0.0,-21.0,0.0,-42.0,0.0,-306.0,0.0,-557.0,0.0,-35.0,-1.0,-227.0,,,,,,,,,,,,,,,,,,,,,,,,,,
1.7666670083999634,,,,,,,,,,,,,,,-0.1623306,-0.3899307,0.02854919,-0.1561203,-0.08369446,-0.3785706,-0.1008453,-0.3682785,-0.1422615,-0.2528381,-0.08541107,-0.3942337,-0.08135605,-0.3449783,-0.09601593,-0.3977737,-1.323807,-1.465706,-0.1774368,-0.3984222,-0.2849274,-0.3270721,-0.1496124,-0.3240128,-0.1710739,-0.5285645
1.774999976158142,,,,,,,,,,,,,,,-0.1603775,-0.393837,0.02561951,-0.1444016,-0.08564758,-0.3815002,-0.09107971,-0.3770676,-0.1451912,-0.2743225,-0.08248138,-0.4196243,-0.08623886,-0.3469315,-0.08234406,-0.4007034,-1.332596,-1.470589,-0.1754837,-0.4111176,-0.2800446,-0.331955,-0.1447296,-0.3210831,-0.1681442,-0.5168457
1.7833329439163208,,,,,,,,,,,,,,,-0.1554947,-0.3957901,0.02171326,-0.1356125,-0.08564758,-0.3824768,-0.08424377,-0.3829269,-0.1471443,-0.2948303,-0.08150482,-0.4411087,-0.08916855,-0.3459549,-0.06769562,-0.4085159,-1.342361,-1.478401,-0.1696243,-0.4277191,-0.2722321,-0.3358612,-0.1447296,-0.3162003,-0.1671677,-0.5012207
1.7916669845581055,,,,,,,,,,,,,,,-0.1506119,-0.3977432,0.01780701,-0.1307297,-0.07978821,-0.3805237,-0.07936096,-0.3858566,-0.1490974,-0.313385,-0.08150482,-0.4557571,-0.09014511,-0.339119,-0.05304718,-0.417305,-1.347244,-1.486214,-0.1618118,-0.441391,-0.2644196,-0.3397675,-0.1496124,-0.3103409,-0.1691208,-0.4836426
1.7999999523162842,,,,,,,,,,,,,,,-0.1467056,-0.3996964,0.01487732,-0.1307297,-0.07099915,-0.3727112,-0.0783844,-0.3878098,-0.1471443,-0.3231506,-0.08052826,-0.4557571,-0.08819199,-0.3254471,-0.04035187,-0.4290237,-1.35408,-1.494026,-0.1549759,-0.4521332,-0.2605133,-0.3417206,-0.1544952,-0.3064346,-0.1710739,-0.4641113
1.8,1.0,-13.0,0.0,-20.0,-1.0,-44.0,0.0,-308.0,0.0,-568.0,0.0,-29.0,-1.0,-228.0,,,,,,,,,,,,,,,,,,,,,,,,,,
1.8083330392837524,,,,,,,,,,,,,,,-0.1418228,-0.3987198,0.01487732,-0.1336594,-0.06416321,-0.3629456,-0.08131409,-0.3897629,-0.1422615,-0.32901,-0.08052826,-0.445015,-0.08623886,-0.3098221,-0.03449249,-0.4407425,-1.35994,-1.507698,-0.1500931,-0.4628754,-0.2595367,-0.3466034,-0.1613312,-0.3074112,-0.1720505,-0.4436035
1.8166669607162476,,,,,,,,,,,,,,,-0.1379166,-0.4006729,0.01487732,-0.1385422,-0.05635071,-0.3522034,-0.0861969,-0.3907394,-0.134449,-0.3319397,-0.08248138,-0.4254837,-0.08135605,-0.2912674,-0.03156281,-0.4475784,-1.363846,-1.52137,-0.1520462,-0.4677582,-0.2663727,-0.3553925,-0.1701202,-0.3132706,-0.1700974,-0.427002
1.8250000476837158,,,,,,,,,,,,,,,-0.1340103,-0.4016495,0.01683044,-0.1453781,-0.05049133,-0.3434143,-0.09693909,-0.391716,-0.1246834,-0.3348694,-0.0873642,-0.4020462,-0.07647324,-0.2717361,-0.03937531,-0.4524612,-1.366776,-1.533089,-0.1588821,-0.4687347,-0.2761383,-0.3651581,-0.1740265,-0.3230362,-0.164238,-0.4104004
1.8333330154418945,,,,,,,,,,,,,,,-0.1310806,-0.4016495,0.01780701,-0.1580734,-0.04951477,-0.3356018,-0.1086578,-0.391716,-0.1158943,-0.3397522,-0.0951767,-0.3776321,-0.06768417,-0.2600174,-0.04816437,-0.4544144,-1.372635,-1.547737,-0.1754837,-0.4648285,-0.2898102,-0.3778534,-0.1808624,-0.3347549,-0.1534958,-0.3977051
1.8333333333333333,0.0,-11.0,0.0,-20.0,-1.0,-47.0,0.0,-311.0,0.0,-578.0,0.0,-30.0,-1.0,-232.0,,,,,,,,,,,,,,,,,,,,,,,,,,
1.8416670560836792,,,,,,,,,,,,,,,-0.1271744,-0.4006729,0.01878357,-0.1717453,-0.0514679,-0.3287659,-0.1223297,-0.3926926,-0.1071053,-0.3475647,-0.1000595,-0.3571243,-0.06280136,-0.2551346,-0.06281281,-0.4544144,-1.382401,-1.559456,-0.1940384,-0.457016,-0.3064117,-0.3925018,-0.1837921,-0.3445206,-0.1437302,-0.3869629
1.850000023841858,,,,,,,,,,,,,,,-0.1242447,-0.3957901,0.01780701,-0.1854172,-0.05342102,-0.3248596,-0.1360016,-0.3946457,-0.1022224,-0.3583069,-0.107872,-0.3424759,-0.05987167,-0.2570877,-0.07941437,-0.4534378,-1.395096,-1.566292,-0.2135696,-0.4452972,-0.3161774,-0.4081268,-0.1857452,-0.3513565,-0.1310349,-0.380127
1.8583329916000366,,,,,,,,,,,,,,,-0.1242447,-0.3889542,0.01585388,-0.1990891,-0.05830383,-0.3238831,-0.1467438,-0.3936691,-0.09929276,-0.3661194,-0.1147079,-0.3327103,-0.05987167,-0.2678299,-0.09210968,-0.4524612,-1.409744,-1.570198,-0.2321243,-0.4316254,-0.325943,-0.4169159,-0.1847687,-0.3503799,-0.1222458,-0.3762207
1.8666666666666667,0.0,-13.0,1.0,-21.0,0.0,-50.0,0.0,-313.0,0.0,-587.0,0.0,-35.0,-1.0,-236.0,,,,,,,,,,,,,,,,,,,,,,,,,,
1.8666670322418213,,,,,,,,,,,,,,,-0.1242447,-0.3801651,0.01878357,-0.2088547,-0.06221008,-0.3238831,-0.1555328,-0.3946457,-0.1012459,-0.3729553,-0.1186142,-0.3278275,-0.06280136,-0.2824783,-0.1057816,-0.4514847,-1.431229,-1.571175,-0.2409134,-0.4189301,-0.3288727,-0.4217987,-0.1847687,-0.3415909,-0.117363,-0.3791504
1.875,,,,,,,,,,,,,,,-0.1281509,-0.3694229,0.02073669,-0.2176437,-0.06513977,-0.3248596,-0.1633453,-0.3965988,-0.1080818,-0.375885,-0.1186142,-0.3239212,-0.07061386,-0.2981033,-0.1145706,-0.4534378,-1.45076,-1.570198,-0.2409134,-0.4052582,-0.3318024,-0.4208221,-0.1837921,-0.3240128,-0.1154099,-0.3840332
1.8833329677581787,,,,,,,,,,,,,,,-0.1340103,-0.3606339,0.02561951,-0.2225266,-0.06806946,-0.3277893,-0.1672516,-0.4005051,-0.1168709,-0.3739319,-0.1176376,-0.3161087,-0.08233261,-0.3117752,-0.1223831,-0.4544144,-1.470291,-1.568245,-0.2370071,-0.3954926,-0.3347321,-0.4120331,-0.1837921,-0.3025284,-0.1154099,-0.3908691
1.8916670083999634,,,,,,,,,,,,,,,-0.1408463,-0.3547745,0.03440857,-0.2225266,-0.07002258,-0.3346252,-0.1672516,-0.4063644,-0.1246834,-0.3700256,-0.1137314,-0.3063431,-0.09502792,-0.3205643,-0.1272659,-0.4544144,-1.486893,-1.567268,-0.2252884,-0.3886566,-0.3366852,-0.3964081,-0.1808624,-0.2790909,-0.117363,-0.3977051
1.899999976158142,,,,,,,,,,,,,,,-0.1476822,-0.3547745,0.04515076,-0.2205734,-0.07295227,-0.3424377,-0.1643219,-0.4151535,-0.134449,-0.3631897,-0.1059189,-0.2956009,-0.1086998,-0.3225174,-0.1321487,-0.4553909,-1.502518,-1.569221,-0.203804,-0.3896332,-0.3396149,-0.3807831,-0.1789093,-0.2595596,-0.1202927,-0.4084473
1.9,0.0,-15.0,2.0,-17.0,-1.0,-53.0,-1.0,-312.0,0.0,-593.0,0.0,-39.0,-1.0,-240.0,,,,,,,,,,,,,,,,,,,,,,,,,,
1.9083329439163208,,,,,,,,,,,,,,,-0.1515884,-0.3586807,0.05784607,-0.2156906,-0.07783508,-0.3531799,-0.1584625,-0.4219894,-0.1383553,-0.3573303,-0.1010361,-0.2848587,-0.1174889,-0.316658,-0.1380081,-0.4544144,-1.512283,-1.572151,-0.1832962,-0.3964691,-0.3405914,-0.3671112,-0.1769562,-0.2449112,-0.1193161,-0.4211426
1.9166669845581055,,,,,,,,,,,,,,,-0.1545181,-0.3694229,0.06761169,-0.2098312,-0.08369446,-0.3678284,-0.15065,-0.4298019,-0.1432381,-0.3544006,-0.0951767,-0.2741165,-0.1213951,-0.3059158,-0.1419144,-0.4514847,-1.520096,-1.577034,-0.1627884,-0.4052582,-0.3435211,-0.3544159,-0.1740265,-0.2400284,-0.1193161,-0.4318848
1.9249999523162842,,,,,,,,,,,,,,,-0.1515884,-0.3821182,0.07542419,-0.2049484,-0.09150696,-0.3815002,-0.1447906,-0.4366379,-0.1432381,-0.3504944,-0.09127045,-0.2672806,-0.1184654,-0.2912674,-0.1448441,-0.4495316,-1.523026,-1.585823,-0.1452103,-0.4189301,-0.3454742,-0.3495331,-0.1691437,-0.2449112,-0.1183395,-0.4436035
1.9333330392837524,,,,,,,,,,,,,,,-0.1467056,-0.3967667,0.08128357,-0.2000656,-0.100296,-0.3902893,-0.1360016,-0.4424973,-0.1412849,-0.3485413,-0.08541107,-0.266304,-0.1106529,-0.2746658,-0.1497269,-0.4466019,-1.523026,-1.590706,-0.1276321,-0.4326019,-0.3454742,-0.3553925,-0.1632843,-0.2585831,-0.1183395,-0.4562988
1.9333333333333333,0.0,-16.0,2.0,-14.0,-1.0,-58.0,-1.0,-314.0,0.0,-596.0,0.0,-44.0,-1.0,-243.0,,,,,,,,,,,,,,,,,,,,,,,,,,
1.9416669607162476,,,,,,,,,,,,,,,-0.1418228,-0.4133682,0.08616638,-0.1951828,-0.107132,-0.3981018,-0.1242828,-0.4464035,-0.1364021,-0.3465881,-0.08248138,-0.2711868,-0.09698105,-0.2600174,-0.1497269,-0.4407425,-1.518143,-1.594612,-0.1178665,-0.4462738,-0.3435211,-0.3680878,-0.1613312,-0.2800674,-0.1193161,-0.4719238
1.9500000476837158,,,,,,,,,,,,,,,-0.1359634,-0.4280167,0.08518982,-0.1893234,-0.1120148,-0.4020081,-0.1164703,-0.4473801,-0.1315193,-0.344635,-0.07759857,-0.2789993,-0.08330917,-0.245369,-0.1477737,-0.4358597,-1.511307,-1.596565,-0.1129837,-0.4589691,-0.3366852,-0.3856659,-0.1574249,-0.3064346,-0.1241989,-0.4855957
1.9583330154418945,,,,,,,,,,,,,,,-0.1320572,-0.4387589,0.08421326,-0.1844406,-0.1139679,-0.4000549,-0.1115875,-0.4493332,-0.1256599,-0.3426819,-0.07369232,-0.2858353,-0.07061386,-0.238533,-0.1409378,-0.4319534,-1.503494,-1.595589,-0.1178665,-0.4706879,-0.3318024,-0.4071503,-0.1593781,-0.3318253,-0.1310349,-0.4953613
1.9666666666666666,0.0,-15.0,1.0,-12.0,-1.0,-57.0,-1.0,-314.0,0.0,-605.0,0.0,-46.0,-1.0,-245.0,,,,,,,,,,,,,,,,,,,,,,,,,,
1.9666670560836792,,,,,,,,,,,,,,,-0.1291275,-0.4465714,0.08128357,-0.1785812,-0.1110382,-0.3951721,-0.1057281,-0.4493332,-0.1217537,-0.3358459,-0.06685638,-0.2946243,-0.06280136,-0.2356033,-0.1350784,-0.4290237,-1.492752,-1.592659,-0.1266556,-0.4794769,-0.3278961,-0.4247284,-0.1584015,-0.3552628,-0.141777,-0.4992676
1.975000023841858,,,,,,,,,,,,,,,-0.1301041,-0.449501,0.07542419,-0.1727219,-0.1032257,-0.3863831,-0.09986877,-0.4464035,-0.1168709,-0.3299866,-0.06197357,-0.30439,-0.0618248,-0.2346268,-0.1272659,-0.4270706,-1.482986,-1.589729,-0.1432571,-0.4892426,-0.3230133,-0.4364471,-0.1623077,-0.3728409,-0.148613,-0.4953613
1.9833329916000366,,,,,,,,,,,,,,,-0.1340103,-0.449501,0.07249451,-0.1678391,-0.09541321,-0.3746643,-0.09693909,-0.4405441,-0.1119881,-0.3231506,-0.05806732,-0.313179,-0.06573105,-0.2365799,-0.1214066,-0.4231644,-1.47908,-1.589729,-0.1579056,-0.5019379,-0.3230133,-0.4432831,-0.1623077,-0.3826065,-0.1583786,-0.4865723
1.9916670322418213,,,,,,,,,,,,,,,-0.1388931,-0.449501,0.06663513,-0.1629562,-0.08564758,-0.3629456,-0.09791565,-0.4346848,-0.1090584,-0.3153381,-0.05709076,-0.3239212,-0.07256699,-0.2414627,-0.1155472,-0.4212112,-1.48201,-1.591682,-0.1735306,-0.5126801,-0.3220367,-0.4403534,-0.1623077,-0.3826065,-0.1632614,-0.4719238
2.0,0.0,-15.0,1.0,-10.0,-1.0,-54.0,0.0,-317.0,0.0,-617.0,0.0,-45.0,-1.0,-249.0,-0.1447525,-0.4465714,0.05882263,-0.1600266,-0.08076477,-0.3541565,-0.09889221,-0.4268723,-0.1061287,-0.3075256,-0.05904388,-0.3317337,-0.08233261,-0.245369,-0.1145706,-0.4221878,-1.48494,-1.597542,-0.1862259,-0.5234222,-0.3269196,-0.4325409,-0.1603546,-0.374794,-0.1681442,-0.4533691
2.0083329677581787,,,,,,,,,,,,,,,-0.1515884,-0.4426651,0.05003357,-0.1570969,-0.07783508,-0.3453674,-0.103775,-0.4180832,-0.1041756,-0.3016663,-0.06490326,-0.3385696,-0.0930748,-0.2522049,-0.1175003,-0.4241409,-1.494705,-1.607307,-0.1959915,-0.5302582,-0.3327789,-0.4198456,-0.1574249,-0.3620987,-0.1681442,-0.4348145
2.016666889190674,,,,,,,,,,,,,,,-0.1584244,-0.4377823,0.04222107,-0.1561203,-0.07783508,-0.3375549,-0.1096344,-0.4102707,-0.1061287,-0.2967834,-0.07857513,-0.344429,-0.09991074,-0.2570877,-0.1194534,-0.4251175,-1.504471,-1.617073,-0.1969681,-0.5312347,-0.3386383,-0.4061737,-0.1535187,-0.3484268,-0.1681442,-0.4182129
2.0250000953674316,,,,,,,,,,,,,,,-0.1613541,-0.4319229,0.03538513,-0.1580734,-0.0827179,-0.3297424,-0.1174469,-0.4063644,-0.1119881,-0.2919006,-0.09322357,-0.3473587,-0.1047935,-0.2629471,-0.12043,-0.4309769,-1.515213,-1.628792,-0.195015,-0.5273285,-0.3454742,-0.3934784,-0.1535187,-0.3347549,-0.1671677,-0.4064941
2.0333330631256104,,,,,,,,,,,,,,,-0.1633072,-0.425087,0.03050232,-0.15905,-0.08662415,-0.3258362,-0.1252594,-0.4044113,-0.1168709,-0.2879944,-0.1137314,-0.3454056,-0.1047935,-0.269783,-0.1223831,-0.4387894,-1.526932,-1.637581,-0.1920853,-0.5156097,-0.3493805,-0.3856659,-0.1554718,-0.3259659,-0.1652145,-0.395752
2.033333333333333,0.0,-17.0,1.0,-9.0,-1.0,-55.0,0.0,-321.0,0.0,-627.0,0.0,-45.0,-1.0,-254.0,,,,,,,,,,,,,,,,,,,,,,,,,,
2.0416669845581055,,,,,,,,,,,,,,,-0.1642838,-0.4143448,0.02464294,-0.1600266,-0.0905304,-0.3209534,-0.1330719,-0.4034348,-0.1266365,-0.2840881,-0.1322861,-0.3385696,-0.1018639,-0.276619,-0.1223831,-0.4456253,-1.542557,-1.64344,-0.188179,-0.4980316,-0.3513336,-0.3807831,-0.1613312,-0.3249893,-0.1652145,-0.3859863
2.049999952316284,,,,,,,,,,,,,,,-0.1633072,-0.4016495,0.02464294,-0.1619797,-0.09443665,-0.3131409,-0.1389313,-0.4053879,-0.1364021,-0.2792053,-0.1527939,-0.3317337,-0.09600449,-0.2834549,-0.1223831,-0.4524612,-1.552322,-1.645393,-0.1852493,-0.4785004,-0.3513336,-0.3798065,-0.1681671,-0.327919,-0.1661911,-0.3742676
2.058332920074463,,,,,,,,,,,,,,,-0.1633072,-0.3879776,0.02854919,-0.1668625,-0.0983429,-0.3033752,-0.1389313,-0.407341,-0.1461678,-0.2704163,-0.1684189,-0.3239212,-0.09209824,-0.292244,-0.1223831,-0.4583206,-1.566971,-1.644417,-0.1803665,-0.4589691,-0.3532867,-0.3837128,-0.1750031,-0.3357315,-0.1681442,-0.3596191
2.066666666666667,0.0,-18.0,0.0,-10.0,-1.0,-57.0,0.0,-328.0,0.0,-639.0,0.0,-47.0,-2.0,-255.0,,,,,,,,,,,,,,,,,,,,,,,,,,
2.066667079925537,,,,,,,,,,,,,,,-0.1613541,-0.3762589,0.03343201,-0.1736984,-0.0983429,-0.2926331,-0.1379547,-0.4102707,-0.1549568,-0.2557678,-0.1781845,-0.3151321,-0.09112167,-0.2990799,-0.1223831,-0.4612503,-1.580643,-1.644417,-0.1774368,-0.441391,-0.3474274,-0.387619,-0.181839,-0.3445206,-0.1671677,-0.3459473
2.075000047683716,,,,,,,,,,,,,,,-0.1603775,-0.3645401,0.03831482,-0.1824875,-0.09736633,-0.2809143,-0.1340485,-0.4151535,-0.1578865,-0.2411194,-0.1830673,-0.3112259,-0.09112167,-0.3049393,-0.1233597,-0.4632034,-1.596268,-1.644417,-0.172554,-0.4277191,-0.3435211,-0.3934784,-0.1808624,-0.3533096,-0.1681442,-0.3312988
2.0833330154418945,,,,,,,,,,,,,,,-0.1613541,-0.3586807,0.04319763,-0.1961594,-0.09541321,-0.2731018,-0.1320953,-0.4180832,-0.1608162,-0.2235413,-0.1840439,-0.3141556,-0.09405136,-0.3098221,-0.1253128,-0.4661331,-1.608963,-1.64344,-0.1706009,-0.4179535,-0.3405914,-0.3973846,-0.181839,-0.3601456,-0.1710739,-0.3195801
2.0916669368743896,,,,,,,,,,,,,,,-0.1613541,-0.3586807,0.04710388,-0.2117844,-0.09443665,-0.2711487,-0.1281891,-0.4190598,-0.1617928,-0.2069397,-0.1801376,-0.3239212,-0.1018639,-0.3117752,-0.1301956,-0.4680862,-1.614822,-1.642464,-0.1676712,-0.4091644,-0.3386383,-0.4012909,-0.1769562,-0.3630753,-0.1691208,-0.310791
2.0999999046325684,,,,,,,,,,,,,,,-0.1603775,-0.3586807,0.04710388,-0.2283859,-0.09541321,-0.2731018,-0.1272125,-0.4171066,-0.1588631,-0.1942444,-0.1733017,-0.3385696,-0.112606,-0.3088455,-0.1350784,-0.4680862,-1.616776,-1.644417,-0.1666946,-0.4003754,-0.3386383,-0.3993378,-0.1710968,-0.3650284,-0.1700974,-0.3088379
2.1,0.0,-16.0,0.0,-9.0,-1.0,-56.0,0.0,-339.0,0.0,-649.0,0.0,-48.0,-2.0,-255.0,,,,,,,,,,,,,,,,,,,,,,,,,,
2.108333110809326,,,,,,,,,,,,,,,-0.1594009,-0.3616104,0.04710388,-0.2449875,-0.09541321,-0.2770081,-0.126236,-0.4141769,-0.1539803,-0.1864319,-0.1654892,-0.3541946,-0.1213951,-0.3029861,-0.1399612,-0.4661331,-1.617752,-1.647346,-0.1676712,-0.3925629,-0.3444977,-0.3973846,-0.1632843,-0.3650284,-0.1720505,-0.3137207
2.1166670322418213,,,,,,,,,,,,,,,-0.1584244,-0.3664932,0.04026794,-0.2596359,-0.09443665,-0.283844,-0.1291656,-0.407341,-0.150074,-0.1874084,-0.1576767,-0.36689,-0.1301842,-0.2932205,-0.1438675,-0.4661331,-1.611893,-1.648323,-0.1735306,-0.3837738,-0.3484039,-0.3964081,-0.1613312,-0.3660049,-0.1720505,-0.3225098
2.125,,,,,,,,,,,,,,,-0.1545181,-0.371376,0.03440857,-0.2703781,-0.09443665,-0.2926331,-0.1291656,-0.3985519,-0.1432381,-0.1971741,-0.1508408,-0.3727493,-0.1389732,-0.2795486,-0.1487503,-0.46418,-1.607986,-1.645393,-0.1813431,-0.3769379,-0.357193,-0.394455,-0.1574249,-0.3689346,-0.1749802,-0.3352051
2.1333329677581787,,,,,,,,,,,,,,,-0.1506119,-0.3723526,0.02854919,-0.2781906,-0.09443665,-0.2945862,-0.1311188,-0.3897629,-0.1364021,-0.2127991,-0.1430283,-0.3727493,-0.1467857,-0.2658768,-0.15168,-0.4573441,-1.606033,-1.642464,-0.1862259,-0.3740082,-0.3659821,-0.3973846,-0.1554718,-0.374794,-0.1759567,-0.3537598
2.1333333333333333,0.0,-16.0,0.0,-7.0,-1.0,-56.0,0.0,-351.0,0.0,-655.0,0.0,-48.0,-2.0,-256.0,,,,,,,,,,,,,,,,,,,,,,,,,,
2.141666889190674,,,,,,,,,,,,,,,-0.1486588,-0.3703995,0.02268982,-0.2820969,-0.09443665,-0.2926331,-0.1320953,-0.3829269,-0.1305428,-0.2372131,-0.1400986,-0.3659134,-0.1477623,-0.2531815,-0.1555862,-0.4475784,-1.607986,-1.638557,-0.1911087,-0.3769379,-0.372818,-0.4022675,-0.1564484,-0.3835831,-0.1779099,-0.373291
2.1500000953674316,,,,,,,,,,,,,,,-0.1467056,-0.3645401,0.01878357,-0.2820969,-0.09541321,-0.2848206,-0.1330719,-0.3790207,-0.1266365,-0.2616272,-0.1342392,-0.3522415,-0.1458092,-0.2424393,-0.1575394,-0.4397659,-1.616776,-1.633675,-0.1930618,-0.3837738,-0.3767242,-0.4091034,-0.1593781,-0.3913956,-0.1779099,-0.3947754
2.1583330631256104,,,,,,,,,,,,,,,-0.1467056,-0.3547745,0.01683044,-0.2801437,-0.09541321,-0.2760315,-0.1389313,-0.3799973,-0.1217537,-0.2831116,-0.1303329,-0.3385696,-0.1419029,-0.2336502,-0.1624222,-0.4339066,-1.631424,-1.630745,-0.1901321,-0.3984222,-0.3806305,-0.4208221,-0.1613312,-0.3972549,-0.1779099,-0.4133301
2.1666666666666665,0.0,-19.0,0.0,-5.0,0.0,-55.0,0.0,-359.0,0.0,-660.0,0.0,-46.0,-2.0,-260.0,,,,,,,,,,,,,,,,,,,,,,,,,,
2.1666669845581055,,,,,,,,,,,,,,,-0.1486588,-0.340126,0.01487732,-0.2772141,-0.09443665,-0.268219,-0.141861,-0.3829269,-0.1198006,-0.3026428,-0.123497,-0.3278275,-0.1331139,-0.2287674,-0.1643753,-0.4309769,-1.650955,-1.626839,-0.1813431,-0.4150238,-0.3777008,-0.4354706,-0.1681671,-0.4031143,-0.1769333,-0.4328613
2.174999952316284,,,,,,,,,,,,,,,-0.1545181,-0.3235245,0.01878357,-0.2733078,-0.09736633,-0.2633362,-0.1457672,-0.3897629,-0.1207771,-0.3182678,-0.1166611,-0.3248978,-0.1253014,-0.2268143,-0.1692581,-0.4339066,-1.671463,-1.622932,-0.1696243,-0.4345551,-0.3767242,-0.450119,-0.1759796,-0.4050674,-0.1749802,-0.4484863
2.183332920074463,,,,,,,,,,,,,,,-0.1603775,-0.3098526,0.02268982,-0.2703781,-0.0983429,-0.2633362,-0.1477203,-0.3956223,-0.118824,-0.3251038,-0.107872,-0.3268509,-0.1165123,-0.2248611,-0.1741409,-0.4426956,-1.690994,-1.621956,-0.1579056,-0.4550629,-0.3737946,-0.4628143,-0.1847687,-0.4001846,-0.1720505,-0.4592285
2.191667079925537,,,,,,,,,,,,,,,-0.1662369,-0.2961807,0.02757263,-0.2664719,-0.09931946,-0.2691956,-0.15065,-0.3995285,-0.1198006,-0.3251038,-0.09810638,-0.3327103,-0.1116295,-0.222908,-0.1780472,-0.4563675,-1.710526,-1.622932,-0.1500931,-0.4765472,-0.3679352,-0.47258,-0.1955109,-0.3913956,-0.1700974,-0.4689941
2.2,0.0,-18.0,0.0,-3.0,0.0,-49.0,0.0,-362.0,0.0,-666.0,0.0,-46.0,-2.0,-265.0,,,,,,,,,,,,,,,,,,,,,,,,,,
2.200000047683716,,,,,,,,,,,,,,,-0.1701431,-0.2873917,0.03636169,-0.2615891,-0.09931946,-0.2799377,-0.15065,-0.4005051,-0.118824,-0.3221741,-0.09029388,-0.344429,-0.1067467,-0.2219315,-0.1819534,-0.4729691,-1.728104,-1.622932,-0.1471634,-0.4970551,-0.3659821,-0.4755096,-0.2082062,-0.3816299,-0.1671677,-0.4719238
2.2083330154418945,,,,,,,,,,,,,,,-0.1711197,-0.2864151,0.04222107,-0.2586594,-0.1012726,-0.2975159,-0.1486969,-0.4005051,-0.118824,-0.3163147,-0.08150482,-0.3522415,-0.1047935,-0.2199783,-0.1848831,-0.4915237,-1.741776,-1.620979,-0.1500931,-0.5146332,-0.3630524,-0.4745331,-0.2218781,-0.3679581,-0.164238,-0.4680176
2.2166669368743896,,,,,,,,,,,,,,,-0.1691666,-0.293251,0.04710388,-0.2576828,-0.1042023,-0.3180237,-0.1447906,-0.3995285,-0.118824,-0.3065491,-0.07759857,-0.3590775,-0.1057701,-0.2170486,-0.1858597,-0.5081253,-1.748611,-1.616096,-0.1559525,-0.5263519,-0.3581696,-0.4716034,-0.2326202,-0.3581924,-0.1603317,-0.4602051
2.2249999046325684,,,,,,,,,,,,,,,-0.1623306,-0.3020401,0.05393982,-0.2586594,-0.1081085,-0.3395081,-0.1408844,-0.3995285,-0.1178474,-0.2987366,-0.07662201,-0.3629837,-0.1086998,-0.2170486,-0.1858597,-0.5217972,-1.749588,-1.611214,-0.1676712,-0.5312347,-0.3562164,-0.4647675,-0.2423859,-0.3513565,-0.1593552,-0.451416
2.233333110809326,,,,,,,,,,,,,,,-0.1554947,-0.3137589,0.05686951,-0.2654953,-0.1100616,-0.3609924,-0.1389313,-0.3995285,-0.1158943,-0.2938538,-0.07759857,-0.3629837,-0.1067467,-0.2180252,-0.1848831,-0.5315628,-1.747635,-1.605354,-0.1784134,-0.5263519,-0.3562164,-0.4608612,-0.2472687,-0.3454971,-0.157402,-0.442627
2.2333333333333334,0.0,-15.0,0.0,0.0,0.0,-44.0,0.0,-367.0,0.0,-674.0,0.0,-48.0,-1.0,-267.0,,,,,,,,,,,,,,,,,,,,,,,,,,
2.2416670322418213,,,,,,,,,,,,,,,-0.1457291,-0.3274307,0.05686951,-0.2781906,-0.1120148,-0.3854065,-0.1389313,-0.4024582,-0.1178474,-0.2899475,-0.08150482,-0.3610306,-0.1096764,-0.2219315,-0.1839066,-0.5393753,-1.739822,-1.599495,-0.1872025,-0.5146332,-0.357193,-0.4598846,-0.2492218,-0.3445206,-0.157402,-0.4328613
2.25,,,,,,,,,,,,,,,-0.1379166,-0.340126,0.05589294,-0.2938156,-0.1129913,-0.4059143,-0.1428375,-0.4083176,-0.1207771,-0.2889709,-0.0873642,-0.3610306,-0.1116295,-0.229744,-0.1809769,-0.5442581,-1.72908,-1.591682,-0.1969681,-0.4931488,-0.3650055,-0.4618378,-0.2462921,-0.3484268,-0.1564255,-0.4250488
2.2583329677581787,,,,,,,,,,,,,,,-0.1330338,-0.3508682,0.05589294,-0.3133469,-0.1110382,-0.424469,-0.1486969,-0.4151535,-0.1246834,-0.2919006,-0.09420013,-0.3620071,-0.1145592,-0.2414627,-0.1790237,-0.5471878,-1.712479,-1.5868,-0.2008743,-0.4658051,-0.3737946,-0.465744,-0.2404327,-0.3552628,-0.157402,-0.4221191
2.2666666666666666,0.0,-11.0,0.0,2.0,0.0,-45.0,0.0,-373.0,0.0,-682.0,0.0,-51.0,-2.0,-268.0,,,,,,,,,,,,,,,,,,,,,,,,,,
2.266666889190674,,,,,,,,,,,,,,,-0.1291275,-0.3596573,0.05589294,-0.3338547,-0.1090851,-0.4391174,-0.1545563,-0.4210129,-0.1305428,-0.29776,-0.1000595,-0.3649368,-0.1165123,-0.2590408,-0.1780472,-0.5491409,-1.696854,-1.5868,-0.2057571,-0.4355316,-0.3806305,-0.465744,-0.2326202,-0.3650284,-0.1544724,-0.4240723
2.2750000953674316,,,,,,,,,,,,,,,-0.1291275,-0.3664932,0.05589294,-0.3514328,-0.1022491,-0.4449768,-0.1623688,-0.4258957,-0.1383553,-0.2997131,-0.1059189,-0.3717728,-0.1233482,-0.2775955,-0.1790237,-0.5510941,-1.681229,-1.590706,-0.2096634,-0.4111176,-0.3894196,-0.4628143,-0.2248077,-0.3708878,-0.1554489,-0.4299316
2.2833330631256104,,,,,,,,,,,,,,,-0.1301041,-0.3703995,0.05882263,-0.3651047,-0.09443665,-0.4449768,-0.1692047,-0.4307785,-0.150074,-0.3055725,-0.1137314,-0.3805618,-0.1292076,-0.2990799,-0.1800003,-0.5550003,-1.671463,-1.600471,-0.2135696,-0.394516,-0.3962555,-0.4530487,-0.2179718,-0.3767471,-0.157402,-0.4387207
2.2916669845581055,,,,,,,,,,,,,,,-0.1340103,-0.3752823,0.06468201,-0.3709641,-0.08467102,-0.4420471,-0.1711578,-0.4346848,-0.1588631,-0.3104553,-0.1205673,-0.3903275,-0.135067,-0.3205643,-0.1809769,-0.55793,-1.668533,-1.61512,-0.2204056,-0.3857269,-0.3962555,-0.4354706,-0.2160187,-0.3816299,-0.1613083,-0.4484863
2.299999952316284,,,,,,,,,,,,,,,-0.1388931,-0.3791885,0.07151794,-0.3690109,-0.07978821,-0.4332581,-0.1701813,-0.438591,-0.1676521,-0.3104553,-0.1264267,-0.3991165,-0.1399498,-0.3410721,-0.1848831,-0.5608597,-1.673416,-1.636604,-0.2252884,-0.3867035,-0.3962555,-0.4130096,-0.2169952,-0.3835831,-0.1652145,-0.458252
2.3,0.0,-10.0,1.0,2.0,0.0,-50.0,0.0,-377.0,0.0,-690.0,0.0,-49.0,-2.0,-268.0,,,,,,,,,,,,,,,,,,,,,,,,,,
2.308332920074463,,,,,,,,,,,,,,,-0.1467056,-0.3801651,0.07737732,-0.362175,-0.0749054,-0.4225159,-0.1643219,-0.4415207,-0.1735115,-0.3114319,-0.1313095,-0.406929,-0.1448326,-0.3576736,-0.1858597,-0.5657425,-1.683182,-1.663948,-0.2311478,-0.3964691,-0.3913727,-0.3895721,-0.2179718,-0.3826065,-0.173027,-0.4650879
2.316667079925537,,,,,,,,,,,,,,,-0.1554947,-0.3801651,0.08323669,-0.3514328,-0.07295227,-0.4098206,-0.1565094,-0.4434738,-0.1764412,-0.313385,-0.1361923,-0.413765,-0.1448326,-0.3723221,-0.1868362,-0.5686722,-1.70076,-1.692268,-0.2360306,-0.4120941,-0.3835602,-0.3710175,-0.2238312,-0.3806534,-0.1818161,-0.4680176
2.325000047683716,,,,,,,,,,,,,,,-0.1652603,-0.3801651,0.08811951,-0.3416672,-0.07392883,-0.3990784,-0.1457672,-0.4464035,-0.1754646,-0.3182678,-0.1381454,-0.422554,-0.1458092,-0.3820877,-0.1848831,-0.5696487,-1.719315,-1.719612,-0.2399368,-0.4326019,-0.3806305,-0.356369,-0.228714,-0.3796768,-0.1915817,-0.4650879
2.3333330154418945,,,,,,,,,,,,,,,-0.1750259,-0.3801651,0.08811951,-0.3367844,-0.07783508,-0.3893127,-0.1340485,-0.4493332,-0.1715584,-0.3280334,-0.1361923,-0.4284134,-0.143856,-0.3889236,-0.1819534,-0.5706253,-1.741776,-1.745003,-0.2428665,-0.4540863,-0.3767242,-0.3524628,-0.2335968,-0.3816299,-0.1984177,-0.4553223
2.3333333333333335,0.0,-10.0,2.0,1.0,0.0,-54.0,0.0,-383.0,0.0,-705.0,0.0,-46.0,-2.0,-269.0,,,,,,,,,,,,,,,,,,,,,,,,,,
2.3416669368743896,,,,,,,,,,,,,,,-0.1847916,-0.3811417,0.08518982,-0.3358078,-0.08369446,-0.3815002,-0.1252594,-0.4503098,-0.1647224,-0.3407288,-0.1313095,-0.4352493,-0.1419029,-0.3938065,-0.1751175,-0.5706253,-1.761307,-1.764534,-0.2457962,-0.4755707,-0.3689117,-0.356369,-0.2365265,-0.3855362,-0.2052536,-0.4436035
2.3499999046325684,,,,,,,,,,,,,,,-0.1896744,-0.3840714,0.08030701,-0.3397141,-0.09150696,-0.3727112,-0.1194,-0.4493332,-0.1578865,-0.3573303,-0.1244736,-0.4430618,-0.143856,-0.3957596,-0.1682816,-0.5667191,-1.775955,-1.776253,-0.2526321,-0.4921722,-0.3669586,-0.3680878,-0.2404327,-0.3913956,-0.2101364,-0.4279785
2.358333110809326,,,,,,,,,,,,,,,-0.1965103,-0.3840714,0.07249451,-0.3504562,-0.0983429,-0.3658752,-0.1164703,-0.4483566,-0.150074,-0.3739319,-0.1156845,-0.4479446,-0.1419029,-0.3957596,-0.1594925,-0.5598831,-1.793533,-1.780159,-0.2536087,-0.5058441,-0.3669586,-0.3856659,-0.2414093,-0.3992081,-0.211113,-0.4084473
2.3666666666666667,0.0,-9.0,2.0,0.0,-1.0,-58.0,0.0,-390.0,0.0,-721.0,0.0,-48.0,-2.0,-274.0,,,,,,,,,,,,,,,,,,,,,,,,,,
2.3666670322418213,,,,,,,,,,,,,,,-0.1984634,-0.3811417,0.06370544,-0.3641281,-0.1032257,-0.361969,-0.1174469,-0.4473801,-0.1461678,-0.3866272,-0.1068954,-0.4518509,-0.1467857,-0.394783,-0.15168,-0.5540237,-1.805252,-1.778206,-0.2565384,-0.5156097,-0.3689117,-0.4071503,-0.2433624,-0.4079971,-0.2120895,-0.3908691
2.375,,,,,,,,,,,,,,,-0.19944,-0.3752823,0.05589294,-0.3738937,-0.1061554,-0.3580627,-0.1223297,-0.4444504,-0.1422615,-0.3993225,-0.1010361,-0.4547806,-0.1477623,-0.3918533,-0.1438675,-0.5452347,-1.819901,-1.77137,-0.2555618,-0.5224457,-0.3747711,-0.4276581,-0.2462921,-0.4158096,-0.2072067,-0.3762207
2.3833329677581787,,,,,,,,,,,,,,,-0.19944,-0.3635635,0.05003357,-0.3826828,-0.1081085,-0.3570862,-0.1272125,-0.4405441,-0.1422615,-0.4061584,-0.09908295,-0.4577103,-0.1497154,-0.3889236,-0.1389847,-0.5344925,-1.831619,-1.763557,-0.2516556,-0.5253754,-0.3816071,-0.4452362,-0.2501984,-0.4236221,-0.2033005,-0.3693848
2.391666889190674,,,,,,,,,,,,,,,-0.1965103,-0.3498917,0.04417419,-0.3856125,-0.1090851,-0.3600159,-0.1360016,-0.438591,-0.1422615,-0.407135,-0.1000595,-0.4567337,-0.1487389,-0.3840408,-0.1341019,-0.5217972,-1.845291,-1.757698,-0.2467728,-0.5292816,-0.3913727,-0.4579315,-0.2560577,-0.4294815,-0.1925583,-0.3684082
2.4,0.0,-9.0,2.0,-3.0,-1.0,-62.0,-1.0,-395.0,0.0,-733.0,-1.0,-50.0,-2.0,-281.0,,,,,,,,,,,,,,,,,,,,,,,,,,
2.4000000953674316,,,,,,,,,,,,,,,-0.1965103,-0.3362198,0.03929138,-0.3817062,-0.107132,-0.3648987,-0.1447906,-0.4366379,-0.1442146,-0.407135,-0.1039658,-0.4557571,-0.1477623,-0.379158,-0.1311722,-0.5071487,-1.85408,-1.757698,-0.2379837,-0.5341644,-0.4030914,-0.4667206,-0.2638702,-0.4353409,-0.1847458,-0.3791504
2.4083330631256104,,,,,,,,,,,,,,,-0.1955338,-0.3225479,0.03538513,-0.3729172,-0.1032257,-0.3697815,-0.15065,-0.4366379,-0.1442146,-0.4061584,-0.1117783,-0.4547806,-0.1448326,-0.3742752,-0.1282425,-0.4905472,-1.858963,-1.762581,-0.2301712,-0.5380707,-0.4157867,-0.4706268,-0.2736359,-0.4382706,-0.1749802,-0.3967285
2.4166669845581055,,,,,,,,,,,,,,,-0.1926041,-0.3166885,0.03050232,-0.362175,-0.100296,-0.3766174,-0.157486,-0.438591,-0.1412849,-0.4032288,-0.1195908,-0.4528275,-0.1409264,-0.3674393,-0.1262894,-0.4739456,-1.85994,-1.770393,-0.2213821,-0.5468597,-0.4284821,-0.4696503,-0.2785187,-0.4392471,-0.1700974,-0.4211426
2.424999952316284,,,,,,,,,,,,,,,-0.1926041,-0.315712,0.02561951,-0.3494797,-0.09736633,-0.3805237,-0.1594391,-0.4395676,-0.1383553,-0.4002991,-0.1254501,-0.4479446,-0.1379967,-0.3606033,-0.1243362,-0.4583206,-1.858963,-1.785042,-0.2135696,-0.5546722,-0.4382477,-0.4676971,-0.2834015,-0.4431534,-0.1681442,-0.4494629
2.433332920074463,,,,,,,,,,,,,,,-0.1926041,-0.3205948,0.02268982,-0.3406906,-0.09346008,-0.3824768,-0.1623688,-0.4434738,-0.134449,-0.3973694,-0.1283798,-0.4391556,-0.1379967,-0.354744,-0.1233597,-0.4456253,-1.855057,-1.803596,-0.21064,-0.5615082,-0.4450836,-0.4647675,-0.2873077,-0.4460831,-0.1710739,-0.4797363
2.433333333333333,0.0,-13.0,1.0,-7.0,-1.0,-62.0,0.0,-401.0,0.0,-742.0,-1.0,-52.0,-2.0,-288.0,,,,,,,,,,,,,,,,,,,,,,,,,,
2.441667079925537,,,,,,,,,,,,,,,-0.1955338,-0.331337,0.01976013,-0.3338547,-0.08857727,-0.3834534,-0.1604156,-0.4493332,-0.1295662,-0.3924866,-0.1313095,-0.4303665,-0.1389732,-0.3469315,-0.1233597,-0.4397659,-1.850174,-1.817268,-0.2125931,-0.5673676,-0.4480133,-0.4608612,-0.2902374,-0.4480362,-0.179863,-0.5090332
2.450000047683716,,,,,,,,,,,,,,,-0.1984634,-0.3440323,0.01976013,-0.3299484,-0.08760071,-0.3844299,-0.157486,-0.4551926,-0.1266365,-0.3876038,-0.1303329,-0.4215775,-0.1448326,-0.3410721,-0.1233597,-0.4417191,-1.847244,-1.828987,-0.2145462,-0.5722504,-0.4538727,-0.4598846,-0.2902374,-0.4499893,-0.1935349,-0.5344238
2.4583330154418945,,,,,,,,,,,,,,,-0.2013931,-0.3537979,0.02171326,-0.330925,-0.08760071,-0.3854065,-0.1516266,-0.4600754,-0.1246834,-0.3817444,-0.1264267,-0.4108353,-0.1467857,-0.3371658,-0.1262894,-0.4544144,-1.844315,-1.8368,-0.2233353,-0.5771332,-0.450943,-0.4628143,-0.2873077,-0.452919,-0.2072067,-0.5578613
2.466666666666667,0.0,-18.0,1.0,-5.0,-1.0,-63.0,0.0,-409.0,-1.0,-750.0,-1.0,-53.0,-1.0,-293.0,,,,,,,,,,,,,,,,,,,,,,,,,,
2.4666669368743896,,,,,,,,,,,,,,,-0.2062759,-0.3616104,0.02561951,-0.3319016,-0.08955383,-0.3883362,-0.1457672,-0.4649582,-0.1227303,-0.375885,-0.123497,-0.39814,-0.1497154,-0.3381424,-0.1292191,-0.4749222,-1.847244,-1.838753,-0.2321243,-0.5810394,-0.4470367,-0.4667206,-0.2882843,-0.4558487,-0.2208786,-0.576416
2.4749999046325684,,,,,,,,,,,,,,,-0.2092056,-0.3655167,0.03147888,-0.3319016,-0.09248352,-0.3922424,-0.1379547,-0.4688644,-0.1237068,-0.3710022,-0.1225204,-0.3864212,-0.1526451,-0.3440018,-0.1341019,-0.5012894,-1.851151,-1.8368,-0.2428665,-0.5878754,-0.4421539,-0.4745331,-0.2921906,-0.4607315,-0.2335739,-0.5881348
2.483333110809326,,,,,,,,,,,,,,,-0.2121353,-0.3635635,0.03831482,-0.330925,-0.09443665,-0.3971252,-0.1301422,-0.4717941,-0.1237068,-0.3661194,-0.1215439,-0.3766556,-0.1497154,-0.3557205,-0.1389847,-0.5305862,-1.856033,-1.829964,-0.2516556,-0.5927582,-0.4333649,-0.4872284,-0.2941437,-0.4665909,-0.2404099,-0.5900879
2.4916670322418213,,,,,,,,,,,,,,,-0.2121353,-0.3596573,0.04319763,-0.3270187,-0.09931946,-0.4020081,-0.1233063,-0.4717941,-0.1246834,-0.36026,-0.123497,-0.3678665,-0.1487389,-0.370369,-0.1458206,-0.5559769,-1.858963,-1.824104,-0.2614212,-0.5947113,-0.4255524,-0.4989471,-0.2990265,-0.4753799,-0.2443161,-0.5861816
2.5,0.0,-23.0,0.0,0.0,-1.0,-63.0,0.0,-418.0,-1.0,-759.0,-1.0,-54.0,-1.0,-295.0,-0.2092056,-0.3567276,0.05003357,-0.3201828,-0.1012726,-0.4039612,-0.1164703,-0.4688644,-0.1246834,-0.3583069,-0.1274033,-0.3639603,-0.1467857,-0.3899002,-0.15168,-0.5755081,-1.864822,-1.820198,-0.2692337,-0.5947113,-0.4157867,-0.5135956,-0.3000031,-0.4861221,-0.242363,-0.5744629
2.5083329677581787,,,,,,,,,,,,,,,-0.2043228,-0.3518448,0.05491638,-0.3133469,-0.1032257,-0.4029846,-0.1125641,-0.4649582,-0.1276131,-0.3583069,-0.1332626,-0.3620071,-0.1458092,-0.4084549,-0.1536331,-0.5842972,-1.864822,-1.816292,-0.2721634,-0.5898285,-0.4099274,-0.5292206,-0.3000031,-0.4968643,-0.2384567,-0.5559082
2.516666889190674,,,,,,,,,,,,,,,-0.1955338,-0.346962,0.06175232,-0.3065109,-0.1032257,-0.3981018,-0.110611,-0.4620285,-0.1295662,-0.3612366,-0.139122,-0.3659134,-0.1467857,-0.426033,-0.1546097,-0.5823441,-1.867752,-1.815315,-0.2721634,-0.5810394,-0.4050446,-0.5428925,-0.3019562,-0.5105362,-0.226738,-0.5305176
2.5250000953674316,,,,,,,,,,,,,,,-0.1886978,-0.3430557,0.06663513,-0.3016281,-0.1022491,-0.3873596,-0.1096344,-0.4620285,-0.1334724,-0.3680725,-0.1449814,-0.375679,-0.150692,-0.4406815,-0.1536331,-0.5755081,-1.861893,-1.818245,-0.266304,-0.5683441,-0.4069977,-0.5555878,-0.3019562,-0.5222549,-0.2101364,-0.5061035
2.5333330631256104,,,,,,,,,,,,,,,-0.1818619,-0.3420792,0.07249451,-0.299675,-0.100296,-0.377594,-0.1135406,-0.4649582,-0.1373787,-0.3749084,-0.1537704,-0.3932571,-0.1585045,-0.4504471,-0.1497269,-0.5667191,-1.855057,-1.824104,-0.2565384,-0.5536957,-0.4148102,-0.5643768,-0.2990265,-0.5261612,-0.195488,-0.4855957
2.533333333333333,0.0,-29.0,0.0,2.0,-1.0,-63.0,0.0,-426.0,0.0,-769.0,-1.0,-55.0,-1.0,-296.0,,,,,,,,,,,,,,,,,,,,,,,,,,
2.5416669845581055,,,,,,,,,,,,,,,-0.1760025,-0.3420792,0.07835388,-0.3016281,-0.09931946,-0.3688049,-0.1203766,-0.4727707,-0.1461678,-0.3836975,-0.1596298,-0.4147415,-0.1653404,-0.4524002,-0.1458206,-0.5569534,-1.848221,-1.831917,-0.2438431,-0.5380707,-0.4235992,-0.5741425,-0.291214,-0.5271378,-0.179863,-0.4699707
2.549999952316284,,,,,,,,,,,,,,,-0.1720963,-0.3450089,0.08323669,-0.3065109,-0.09931946,-0.3639221,-0.1281891,-0.485466,-0.1530037,-0.3924866,-0.1645126,-0.4372025,-0.1721764,-0.4514236,-0.1419144,-0.5520706,-1.843338,-1.841682,-0.2252884,-0.5253754,-0.4333649,-0.5839081,-0.2843781,-0.5242081,-0.1661911,-0.4641113
2.558332920074463,,,,,,,,,,,,,,,-0.1720963,-0.3508682,0.08616638,-0.3133469,-0.100296,-0.3629456,-0.1428375,-0.5040207,-0.1608162,-0.3983459,-0.1674423,-0.4577103,-0.1770592,-0.4455643,-0.1389847,-0.5559769,-1.842361,-1.852425,-0.2057571,-0.5156097,-0.4450836,-0.5946503,-0.2775421,-0.5163956,-0.1564255,-0.4650879
2.566666666666667,0.0,-30.0,0.0,3.0,-1.0,-64.0,0.0,-431.0,0.0,-781.0,0.0,-57.0,-1.0,-297.0,,,,,,,,,,,,,,,,,,,,,,,,,,
2.566667079925537,,,,,,,,,,,,,,,-0.1760025,-0.3596573,0.08714294,-0.3201828,-0.100296,-0.3658752,-0.1545563,-0.5225754,-0.1666756,-0.4022522,-0.1733017,-0.4752884,-0.1799889,-0.4338455,-0.1389847,-0.5676956,-1.844315,-1.86219,-0.1872025,-0.5126801,-0.4519196,-0.6073456,-0.2687531,-0.5056534,-0.1505661,-0.4729004
2.575000047683716,,,,,,,,,,,,,,,-0.1799088,-0.371376,0.08518982,-0.3260422,-0.1032257,-0.3717346,-0.1682281,-0.5391769,-0.1744881,-0.4042053,-0.1752548,-0.4879837,-0.1799889,-0.4211502,-0.1419144,-0.5823441,-1.855057,-1.870979,-0.1676712,-0.5156097,-0.4577789,-0.6239471,-0.2628937,-0.4949112,-0.1505661,-0.4836426
2.5833330154418945,,,,,,,,,,,,,,,-0.1857681,-0.387001,0.08323669,-0.3319016,-0.1032257,-0.3815002,-0.1799469,-0.5508957,-0.1793709,-0.407135,-0.1742783,-0.4928665,-0.1760826,-0.4084549,-0.1487503,-0.5989456,-1.872635,-1.878792,-0.1549759,-0.5243988,-0.4577789,-0.6405487,-0.2580109,-0.4870987,-0.1534958,-0.4963379
2.5916669368743896,,,,,,,,,,,,,,,-0.1955338,-0.4045792,0.07835388,-0.3338547,-0.1051788,-0.3922424,-0.188736,-0.5587082,-0.1862068,-0.4139709,-0.1762314,-0.49189,-0.1702232,-0.4025955,-0.1536331,-0.6135941,-1.900955,-1.883675,-0.1471634,-0.5400238,-0.4607086,-0.6551971,-0.2560577,-0.4822159,-0.1622849,-0.5061035
2.5999999046325684,,,,,,,,,,,,,,,-0.2004166,-0.4211807,0.07542419,-0.3338547,-0.1081085,-0.4000549,-0.1936188,-0.5616379,-0.1901131,-0.4237366,-0.1723251,-0.4870071,-0.1633873,-0.4006424,-0.1614456,-0.6262894,-1.935135,-1.887581,-0.1422806,-0.5615082,-0.4597321,-0.6649628,-0.2589874,-0.4802628,-0.1720505,-0.5090332
2.6,0.0,-30.0,0.0,3.0,-1.0,-64.0,0.0,-438.0,0.0,-792.0,0.0,-58.0,-1.0,-303.0,,,,,,,,,,,,,,,,,,,,,,,,,,
2.608333110809326,,,,,,,,,,,,,,,-0.2062759,-0.4358292,0.07151794,-0.3367844,-0.1081085,-0.4059143,-0.1936188,-0.5606613,-0.1920662,-0.4393616,-0.1684189,-0.4811478,-0.1555748,-0.4035721,-0.1653519,-0.6331253,-1.971268,-1.890511,-0.1422806,-0.5859222,-0.4587555,-0.668869,-0.2658234,-0.4802628,-0.1857224,-0.5061035
2.6166670322418213,,,,,,,,,,,,,,,-0.2111588,-0.4514542,0.06956482,-0.3406906,-0.1139679,-0.4117737,-0.1916656,-0.5567551,-0.1930428,-0.4559631,-0.1645126,-0.4772415,-0.150692,-0.410408,-0.1692581,-0.636055,-2.005447,-1.89637,-0.1471634,-0.6074066,-0.4587555,-0.6659393,-0.2716827,-0.4822159,-0.1993942,-0.4992676
2.625,,,,,,,,,,,,,,,-0.2140884,-0.4661026,0.06761169,-0.3436203,-0.115921,-0.4195862,-0.1858063,-0.5518723,-0.1930428,-0.4725647,-0.1596298,-0.4743118,-0.1448326,-0.4191971,-0.167305,-0.6380081,-2.037674,-1.906136,-0.1549759,-0.6269379,-0.4587555,-0.6571503,-0.2775421,-0.4851456,-0.2159958,-0.4904785
2.6333329677581787,,,,,,,,,,,,,,,-0.2170181,-0.4778214,0.06663513,-0.3504562,-0.1208038,-0.424469,-0.1779938,-0.5489426,-0.1940193,-0.4872131,-0.1557236,-0.4723587,-0.1399498,-0.4270096,-0.1614456,-0.6380081,-2.063065,-1.918831,-0.1618118,-0.6396332,-0.4607086,-0.6415253,-0.2853546,-0.4870987,-0.2306442,-0.4787598
2.6333333333333333,0.0,-28.0,0.0,3.0,-1.0,-64.0,0.0,-440.0,0.0,-802.0,0.0,-57.0,-1.0,-309.0,,,,,,,,,,,,,,,,,,,,,,,,,,
2.641666889190674,,,,,,,,,,,,,,,-0.2209244,-0.4856339,0.06370544,-0.3592453,-0.1247101,-0.4283752,-0.166275,-0.5499191,-0.1920662,-0.4960022,-0.1527939,-0.4713821,-0.1399498,-0.4318924,-0.1555862,-0.6370316,-2.080643,-1.932503,-0.1715775,-0.6464691,-0.4577789,-0.6239471,-0.2951202,-0.4890518,-0.2443161,-0.4699707
2.6500000953674316,,,,,,,,,,,,,,,-0.2287369,-0.4914932,0.06077576,-0.3660812,-0.1276398,-0.4322815,-0.157486,-0.5528488,-0.1920662,-0.4999084,-0.1537704,-0.4723587,-0.1409264,-0.4309158,-0.1477737,-0.6380081,-2.088455,-1.950081,-0.1774368,-0.6464691,-0.4568024,-0.6102753,-0.2980499,-0.4910049,-0.2540817,-0.4660645
2.6583330631256104,,,,,,,,,,,,,,,-0.2385025,-0.4914932,0.05784607,-0.3719406,-0.1266632,-0.4371643,-0.1467438,-0.5577316,-0.1940193,-0.4999084,-0.1567001,-0.4723587,-0.1477623,-0.4279861,-0.1419144,-0.6389847,-2.091385,-1.968636,-0.1832962,-0.6415863,-0.4538727,-0.5985565,-0.3019562,-0.4900284,-0.266777,-0.4689941
2.6666666666666665,0.0,-25.0,0.0,1.0,-1.0,-63.0,0.0,-439.0,0.0,-811.0,0.0,-57.0,-1.0,-312.0,,,,,,,,,,,,,,,,,,,,,,,,,,
2.6666669845581055,,,,,,,,,,,,,,,-0.2492447,-0.4856339,0.05491638,-0.3768234,-0.1247101,-0.4430237,-0.1360016,-0.5655441,-0.1949959,-0.4989319,-0.1606064,-0.4723587,-0.150692,-0.426033,-0.136055,-0.6399612,-2.090408,-1.988167,-0.1852493,-0.6367035,-0.4519196,-0.5936737,-0.3029327,-0.4880753,-0.2697067,-0.4758301
2.674999952316284,,,,,,,,,,,,,,,-0.2590103,-0.4748917,0.05101013,-0.3807297,-0.1217804,-0.4469299,-0.126236,-0.5753098,-0.196949,-0.4969788,-0.1664658,-0.4723587,-0.1555748,-0.426033,-0.1331253,-0.6399612,-2.083572,-2.005745,-0.1872025,-0.6347504,-0.4528961,-0.5946503,-0.3048859,-0.4831924,-0.2726364,-0.4885254
2.683332920074463,,,,,,,,,,,,,,,-0.2687759,-0.4612198,0.05003357,-0.3846359,-0.1168976,-0.4508362,-0.1174469,-0.5860519,-0.1989021,-0.4969788,-0.1752548,-0.4723587,-0.1604576,-0.4279861,-0.1321487,-0.6399612,-2.077713,-2.02137,-0.1872025,-0.6347504,-0.4568024,-0.5995331,-0.3029327,-0.4802628,-0.2755661,-0.5041504
2.691667079925537,,,,,,,,,,,,,,,-0.2756119,-0.4475479,0.04710388,-0.3875656,-0.1110382,-0.4518127,-0.110611,-0.5967941,-0.2008553,-0.5028381,-0.1830673,-0.4743118,-0.1643639,-0.4299393,-0.1341019,-0.636055,-2.074783,-2.036995,-0.188179,-0.6376801,-0.4587555,-0.6102753,-0.2951202,-0.4773331,-0.273613,-0.5187988
2.7,0.0,-23.0,0.0,0.0,-1.0,-62.0,0.0,-437.0,0.0,-821.0,0.0,-56.0,-1.0,-312.0,,,,,,,,,,,,,,,,,,,,,,,,,,
2.700000047683716,,,,,,,,,,,,,,,-0.2804947,-0.4348526,0.04319763,-0.3914719,-0.1081085,-0.4508362,-0.1057281,-0.6065598,-0.1998787,-0.5096741,-0.1908798,-0.4791946,-0.1633873,-0.4357986,-0.1370316,-0.6301956,-2.068924,-2.053596,-0.1911087,-0.6425629,-0.4616852,-0.621994,-0.2882843,-0.4763565,-0.2706833,-0.5324707
2.7083330154418945,,,,,,,,,,,,,,,-0.2814713,-0.4270401,0.03929138,-0.3944016,-0.1061554,-0.4479065,-0.103775,-0.6173019,-0.1959724,-0.5194397,-0.1977158,-0.4840775,-0.1614342,-0.441658,-0.1399612,-0.6233597,-2.068924,-2.067268,-0.1969681,-0.6474457,-0.466568,-0.6317596,-0.2794952,-0.4792862,-0.2677536,-0.5402832
2.7166669368743896,,,,,,,,,,,,,,,-0.2814713,-0.4260635,0.03343201,-0.3953781,-0.1100616,-0.4410706,-0.1047516,-0.6290207,-0.1920662,-0.5282288,-0.2035751,-0.4879837,-0.1575279,-0.4475174,-0.1458206,-0.6165237,-2.068924,-2.078011,-0.2057571,-0.6484222,-0.4685211,-0.6405487,-0.2707062,-0.4880753,-0.2648239,-0.5412598
2.7249999046325684,,,,,,,,,,,,,,,-0.2785416,-0.4309464,0.02561951,-0.3953781,-0.115921,-0.4313049,-0.1076813,-0.641716,-0.1852303,-0.5350647,-0.2084579,-0.49189,-0.1516685,-0.4514236,-0.15168,-0.6087112,-2.07283,-2.087776,-0.2135696,-0.6454926,-0.466568,-0.6464081,-0.2658234,-0.5037003,-0.2628708,-0.5373535
2.733333110809326,,,,,,,,,,,,,,,-0.2765884,-0.440712,0.01585388,-0.393425,-0.1256866,-0.4215393,-0.110611,-0.6534348,-0.1774178,-0.5389709,-0.2133408,-0.4938431,-0.1467857,-0.457283,-0.1604691,-0.5999222,-2.074783,-2.093636,-0.2252884,-0.6396332,-0.4626617,-0.6522675,-0.2667999,-0.5242081,-0.2589645,-0.529541
2.7333333333333334,0.0,-24.0,0.0,0.0,0.0,-62.0,0.0,-440.0,0.0,-837.0,0.0,-49.0,-1.0,-312.0,,,,,,,,,,,,,,,,,,,,,,,,,,
2.7416670322418213,,,,,,,,,,,,,,,-0.2765884,-0.4543839,0.008041382,-0.3875656,-0.1364288,-0.4127502,-0.1154938,-0.6641769,-0.1686287,-0.5399475,-0.2201767,-0.4938431,-0.1399498,-0.4611893,-0.167305,-0.5950394,-2.077713,-2.097542,-0.2360306,-0.6318207,-0.4558258,-0.6581268,-0.2687531,-0.5456924,-0.2550583,-0.520752
2.75,,,,,,,,,,,,,,,-0.2746353,-0.4680557,0.0002288818,-0.3817062,-0.147171,-0.4098206,-0.1194,-0.6719894,-0.1627693,-0.5389709,-0.2250595,-0.49189,-0.135067,-0.4650955,-0.1751175,-0.5930862,-2.084549,-2.097542,-0.2457962,-0.6220551,-0.4480133,-0.6659393,-0.2785187,-0.5662003,-0.251152,-0.5109863
2.7583329677581787,,,,,,,,,,,,,,,-0.2746353,-0.4846573,-0.001724243,-0.3758469,-0.1559601,-0.4117737,-0.1213531,-0.6768723,-0.1569099,-0.5360413,-0.2289658,-0.4879837,-0.1311607,-0.4709549,-0.1819534,-0.5930862,-2.091385,-2.098518,-0.2536087,-0.6161957,-0.4402008,-0.6737518,-0.2931671,-0.5847549,-0.2452927,-0.505127
2.7666666666666666,0.0,-27.0,0.0,1.0,0.0,-61.0,0.0,-443.0,0.0,-851.0,0.0,-47.0,-1.0,-313.0,,,,,,,,,,,,,,,,,,,,,,,,,,
2.766666889190674,,,,,,,,,,,,,,,-0.2726822,-0.5002823,-0.0007476807,-0.3719406,-0.1608429,-0.4186096,-0.1223297,-0.6768723,-0.1539803,-0.5331116,-0.2338486,-0.4860306,-0.1292076,-0.4758377,-0.1878128,-0.5960159,-2.099197,-2.098518,-0.2614212,-0.6113129,-0.4323883,-0.684494,-0.3039093,-0.5954971,-0.2394333,-0.5070801
2.7750000953674316,,,,,,,,,,,,,,,-0.2697525,-0.5129776,0.009994507,-0.3699875,-0.1598663,-0.4293518,-0.1213531,-0.6710129,-0.1530037,-0.5292053,-0.2377548,-0.4879837,-0.1292076,-0.4807205,-0.1926956,-0.5989456,-2.10994,-2.100471,-0.2643509,-0.6103363,-0.4284821,-0.6971893,-0.3126984,-0.5994034,-0.2316208,-0.513916
2.7833330631256104,,,,,,,,,,,,,,,-0.2648697,-0.5237198,0.02073669,-0.3719406,-0.1559601,-0.4430237,-0.1223297,-0.6583176,-0.1549568,-0.5252991,-0.2367783,-0.4938431,-0.1331139,-0.4875565,-0.1956253,-0.604805,-2.122635,-2.107307,-0.2682571,-0.6113129,-0.4304352,-0.706955,-0.3146515,-0.5974503,-0.2238083,-0.5236816
2.7916669845581055,,,,,,,,,,,,,,,-0.2599869,-0.5315323,0.03538513,-0.3758469,-0.1501007,-0.4566956,-0.1233063,-0.6446457,-0.1578865,-0.5194397,-0.2309189,-0.5045853,-0.1370201,-0.4934158,-0.1966019,-0.6106644,-2.13533,-2.116096,-0.266304,-0.6142426,-0.4314117,-0.7118378,-0.3126984,-0.5886612,-0.2169724,-0.5373535
2.799999952316284,,,,,,,,,,,,,,,-0.2531509,-0.5354385,0.04808044,-0.3817062,-0.1442413,-0.4654846,-0.1291656,-0.6280441,-0.1617928,-0.5106506,-0.2231064,-0.5192337,-0.1448326,-0.4992752,-0.1995316,-0.6194534,-2.143143,-2.128792,-0.2643509,-0.6171722,-0.4362946,-0.7108612,-0.3029327,-0.5769424,-0.2140427,-0.552002
2.8,0.0,-30.0,0.0,1.0,0.0,-59.0,0.0,-447.0,0.0,-864.0,0.0,-47.0,-1.0,-316.0,,,,,,,,,,,,,,,,,,,,,,,,,,
2.808332920074463,,,,,,,,,,,,,,,-0.2453384,-0.5364151,0.05882263,-0.3895187,-0.1393585,-0.4664612,-0.1399078,-0.6124191,-0.1686287,-0.5018616,-0.2133408,-0.5377884,-0.1555748,-0.5051346,-0.2014847,-0.6292191,-2.149979,-2.140511,-0.2584915,-0.6181488,-0.4411774,-0.7050018,-0.2902374,-0.5642471,-0.2120895,-0.5666504
2.816667079925537,,,,,,,,,,,,,,,-0.2394791,-0.5334854,0.06175232,-0.3973312,-0.1364288,-0.4615784,-0.1516266,-0.6016769,-0.1754646,-0.4940491,-0.1986923,-0.5563431,-0.1643639,-0.510994,-0.2044144,-0.6409378,-2.154861,-2.148323,-0.2545853,-0.6181488,-0.4480133,-0.6952362,-0.2736359,-0.5495987,-0.2101364,-0.5783691
2.825000047683716,,,,,,,,,,,,,,,-0.2326431,-0.5256729,0.05979919,-0.4061203,-0.1393585,-0.4488831,-0.166275,-0.594841,-0.1803474,-0.4862366,-0.1840439,-0.5748978,-0.1741295,-0.5158768,-0.2053909,-0.6575394,-2.148026,-2.152229,-0.250679,-0.6152191,-0.4538727,-0.6776581,-0.2609406,-0.5349503,-0.211113,-0.5891113
2.8333330154418945,,,,,,,,,,,,,,,-0.2277603,-0.5139542,0.05296326,-0.4119797,-0.1442413,-0.4303284,-0.1809235,-0.5928879,-0.1832771,-0.4803772,-0.1674423,-0.5885696,-0.1829185,-0.5178299,-0.2083206,-0.6741409,-2.146072,-2.151253,-0.2487259,-0.6093597,-0.4587555,-0.6630096,-0.2501984,-0.5212784,-0.2150192,-0.5969238
2.8333333333333335,0.0,-35.0,0.0,1.0,0.0,-56.0,0.0,-452.0,0.0,-874.0,0.0,-44.0,-1.0,-323.0,,,,,,,,,,,,,,,,,,,,,,,,,,
2.8416669368743896,,,,,,,,,,,,,,,-0.2258072,-0.5002823,0.04222107,-0.4158859,-0.1510773,-0.4078674,-0.1916656,-0.5967941,-0.1852303,-0.4784241,-0.1557236,-0.5973587,-0.190731,-0.519783,-0.2102737,-0.6917191,-2.14119,-2.14637,-0.2487259,-0.5995941,-0.4607086,-0.6512909,-0.2404327,-0.5076065,-0.219902,-0.598877
2.8499999046325684,,,,,,,,,,,,,,,-0.2248306,-0.4836807,0.03147888,-0.4178391,-0.1588898,-0.3834534,-0.2004547,-0.6055832,-0.1832771,-0.4794006,-0.1449814,-0.6002884,-0.1956139,-0.519783,-0.2112503,-0.7053909,-2.139236,-2.140511,-0.2487259,-0.5859222,-0.4655914,-0.6405487,-0.2375031,-0.4958878,-0.2286911,-0.598877
2.858333110809326,,,,,,,,,,,,,,,-0.2267838,-0.4700089,0.02268982,-0.4178391,-0.1647491,-0.3600159,-0.2004547,-0.6143723,-0.1793709,-0.4833069,-0.1400986,-0.5973587,-0.2004967,-0.5158768,-0.2102737,-0.7151566,-2.143143,-2.136604,-0.250679,-0.5693207,-0.4685211,-0.6346893,-0.2345734,-0.4880753,-0.2384567,-0.5969238
2.8666666666666667,0.0,-34.0,1.0,0.0,0.0,-56.0,0.0,-459.0,0.0,-883.0,0.0,-42.0,-1.0,-329.0,,,,,,,,,,,,,,,,,,,,,,,,,,
2.8666670322418213,,,,,,,,,,,,,,,-0.2297134,-0.4573135,0.01585388,-0.4188156,-0.1686554,-0.3424377,-0.1965485,-0.6221848,-0.1725349,-0.4862366,-0.139122,-0.5905228,-0.2024498,-0.5090408,-0.2063675,-0.7200394,-2.152908,-2.136604,-0.250679,-0.5556488,-0.4763336,-0.6307831,-0.2355499,-0.4822159,-0.2501755,-0.5910645
2.875,,,,,,,,,,,,,,,-0.2345963,-0.449501,0.01292419,-0.4188156,-0.1715851,-0.3268127,-0.188736,-0.6280441,-0.1647224,-0.4862366,-0.1420517,-0.5827103,-0.206356,-0.4992752,-0.2053909,-0.7200394,-2.168533,-2.138557,-0.2516556,-0.5449066,-0.4841461,-0.62883,-0.2404327,-0.4831924,-0.2638474,-0.5803223
2.8833329677581787,,,,,,,,,,,,,,,-0.2424088,-0.449501,0.01292419,-0.4207687,-0.1754913,-0.3180237,-0.1789703,-0.6319504,-0.1578865,-0.4842834,-0.1498642,-0.5758743,-0.2073326,-0.4856033,-0.2034378,-0.7171097,-2.187088,-2.145393,-0.250679,-0.5400238,-0.497818,-0.6249237,-0.2501984,-0.4890518,-0.2765427,-0.5686035
2.891666889190674,,,,,,,,,,,,,,,-0.2492447,-0.4534073,0.01487732,-0.4227219,-0.1764679,-0.3160706,-0.1672516,-0.6319504,-0.1530037,-0.4794006,-0.1625595,-0.5729446,-0.2083092,-0.4709549,-0.1995316,-0.7112503,-2.204666,-2.153206,-0.2497025,-0.5439301,-0.5085602,-0.6200409,-0.2609406,-0.4978409,-0.2853317,-0.5559082
2.9,0.0,-31.0,1.0,-2.0,0.0,-58.0,0.0,-466.0,0.0,-893.0,0.0,-43.0,-1.0,-337.0,,,,,,,,,,,,,,,,,,,,,,,,,,
2.9000000953674316,,,,,,,,,,,,,,,-0.2560806,-0.4621964,0.01780701,-0.4256516,-0.1774445,-0.3199768,-0.1584625,-0.626091,-0.1490974,-0.4706116,-0.1723251,-0.5758743,-0.2083092,-0.4602127,-0.198555,-0.7044144,-2.223221,-2.161018,-0.250679,-0.5576019,-0.5183258,-0.6112518,-0.2775421,-0.5085831,-0.2941208,-0.5412598
2.9083330631256104,,,,,,,,,,,,,,,-0.2629166,-0.4758682,0.01976013,-0.4285812,-0.1774445,-0.3287659,-0.1516266,-0.6182785,-0.1481209,-0.4608459,-0.1811142,-0.5827103,-0.2044029,-0.4494705,-0.1966019,-0.6995316,-2.235916,-2.165901,-0.250679,-0.5751801,-0.5280914,-0.5995331,-0.2931671,-0.5183487,-0.298027,-0.5285645
2.9166669845581055,,,,,,,,,,,,,,,-0.2687759,-0.4924698,0.02171326,-0.4305344,-0.1774445,-0.3424377,-0.1457672,-0.610466,-0.150074,-0.4530334,-0.1869736,-0.5934525,-0.197567,-0.4406815,-0.1975784,-0.698555,-2.249588,-2.169807,-0.2536087,-0.5947113,-0.5300446,-0.5878143,-0.3126984,-0.5242081,-0.2999802,-0.520752
2.924999952316284,,,,,,,,,,,,,,,-0.2736588,-0.5100479,0.02366638,-0.4324875,-0.1754913,-0.3590393,-0.1438141,-0.5997238,-0.1520271,-0.4461975,-0.1899033,-0.6071243,-0.1887779,-0.4348221,-0.1966019,-0.7005081,-2.258377,-2.175667,-0.2536087,-0.6122894,-0.5280914,-0.5770721,-0.3273468,-0.5290909,-0.2999802,-0.5148926
2.933332920074463,,,,,,,,,,,,,,,-0.2765884,-0.5217667,0.02171326,-0.4315109,-0.1735382,-0.3795471,-0.141861,-0.5909348,-0.1549568,-0.4432678,-0.1889267,-0.6198196,-0.1760826,-0.432869,-0.1946487,-0.7034378,-2.265213,-2.18055,-0.2526321,-0.6230316,-0.5261383,-0.5702362,-0.3419952,-0.531044,-0.298027,-0.5119629
2.933333333333333,0.0,-30.0,1.0,-7.0,0.0,-62.0,0.0,-474.0,0.0,-899.0,0.0,-46.0,-1.0,-344.0,,,,,,,,,,,,,,,,,,,,,,,,,,
2.941667079925537,,,,,,,,,,,,,,,-0.2785416,-0.5305557,0.02073669,-0.4295578,-0.1676788,-0.4010315,-0.1399078,-0.5870285,-0.1578865,-0.4442444,-0.1869736,-0.6266556,-0.1653404,-0.432869,-0.1926956,-0.7083206,-2.272049,-2.185432,-0.2526321,-0.628891,-0.5241852,-0.5643768,-0.3527374,-0.5290909,-0.2921677,-0.5148926
2.950000047683716,,,,,,,,,,,,,,,-0.2765884,-0.534462,0.01683044,-0.4266281,-0.1588898,-0.4234924,-0.1379547,-0.5860519,-0.1598396,-0.4481506,-0.1830673,-0.6305618,-0.1565514,-0.4318924,-0.1887894,-0.7122269,-2.272049,-2.194221,-0.2477493,-0.6269379,-0.5222321,-0.5614471,-0.3625031,-0.5271378,-0.2853317,-0.5256348
2.9583330154418945,,,,,,,,,,,,,,,-0.2756119,-0.5315323,0.01194763,-0.424675,-0.1501007,-0.4459534,-0.1330719,-0.5919113,-0.1617928,-0.45401,-0.1801376,-0.6295853,-0.150692,-0.4299393,-0.1887894,-0.7112503,-2.275955,-2.206917,-0.2428665,-0.6171722,-0.5193024,-0.5634003,-0.369339,-0.5261612,-0.2765427,-0.5383301
2.966666666666667,0.0,-30.0,1.0,-7.0,0.0,-66.0,0.0,-479.0,0.0,-908.0,0.0,-49.0,-1.0,-349.0,,,,,,,,,,,,,,,,,,,,,,,,,,
2.9666669368743896,,,,,,,,,,,,,,,-0.2717056,-0.5237198,0.008041382,-0.4207687,-0.1403351,-0.4703674,-0.1311188,-0.6055832,-0.1647224,-0.4598694,-0.1791611,-0.6247025,-0.1467857,-0.4289627,-0.1887894,-0.7063675,-2.273026,-2.221565,-0.2389603,-0.6054535,-0.5241852,-0.5692596,-0.3771515,-0.5271378,-0.2638474,-0.5510254
2.9749999046325684,,,,,,,,,,,,,,,-0.2697525,-0.5129776,0.003158569,-0.4149094,-0.131546,-0.4898987,-0.1301422,-0.6221848,-0.1676521,-0.4676819,-0.1781845,-0.61689,-0.1467857,-0.4289627,-0.1907425,-0.6966019,-2.264236,-2.236214,-0.2321243,-0.5927582,-0.529068,-0.5731659,-0.3830109,-0.5329971,-0.2521286,-0.5666504
2.983333110809326,,,,,,,,,,,,,,,-0.2687759,-0.4983292,0.001205444,-0.4041672,-0.1256866,-0.5104065,-0.1291656,-0.6339035,-0.1735115,-0.4774475,-0.1811142,-0.6061478,-0.1477623,-0.4279861,-0.1936722,-0.68293,-2.26033,-2.252815,-0.2252884,-0.5790863,-0.5329742,-0.5770721,-0.3878937,-0.5408096,-0.2374802,-0.5793457
2.9916670322418213,,,,,,,,,,,,,,,-0.2697525,-0.4856339,0.002182007,-0.3865891,-0.1217804,-0.5289612,-0.1320953,-0.6426926,-0.1783943,-0.48526,-0.1820908,-0.5993118,-0.150692,-0.4289627,-0.1995316,-0.6663284,-2.251541,-2.269417,-0.219429,-0.5693207,-0.5368805,-0.5790253,-0.3937531,-0.5535049,-0.226738,-0.5881348
3.0,0.0,-30.0,1.0,-4.0,0.0,-70.0,0.0,-485.0,0.0,-917.0,0.0,-53.0,-1.0,-348.0,-0.2726822,-0.4778214,0.003158569,-0.3651047,-0.1217804,-0.5426331,-0.1389313,-0.6436691,-0.1852303,-0.4920959,-0.1869736,-0.5934525,-0.1536217,-0.432869,-0.2073441,-0.65168,-2.247635,-2.286995,-0.21064,-0.5605316,-0.5407867,-0.5800018,-0.3966827,-0.5671768,-0.2169724,-0.5949707
3.0083329677581787,,,,,,,,,,,,,,,-0.2795181,-0.4758682,0.006088257,-0.3416672,-0.1256866,-0.5514221,-0.1457672,-0.6387863,-0.1910896,-0.4999084,-0.1899033,-0.5954056,-0.1565514,-0.4357986,-0.21418,-0.6399612,-2.247635,-2.306526,-0.2028275,-0.5527191,-0.5427399,-0.5790253,-0.3957062,-0.5788956,-0.211113,-0.5959473
3.016666889190674,,,,,,,,,,,,,,,-0.2844009,-0.4778214,0.01097107,-0.3172531,-0.1295929,-0.5572815,-0.1545563,-0.6251144,-0.1940193,-0.5077209,-0.1918564,-0.601265,-0.159481,-0.441658,-0.2180862,-0.6341019,-2.254471,-2.323128,-0.1959915,-0.5488129,-0.5437164,-0.5741425,-0.3947296,-0.5906143,-0.2062302,-0.5949707
3.0250000953674316,,,,,,,,,,,,,,,-0.2892838,-0.4846573,0.01585388,-0.2938156,-0.1374054,-0.5582581,-0.1643219,-0.6075363,-0.1959724,-0.5155334,-0.1928329,-0.6139603,-0.1643639,-0.4524002,-0.2219925,-0.6331253,-2.26619,-2.338753,-0.1930618,-0.5497894,-0.5466461,-0.56633,-0.3917999,-0.5954971,-0.2091599,-0.5930176
3.0333330631256104,,,,,,,,,,,,,,,-0.29319,-0.4944229,0.01976013,-0.2781906,-0.1442413,-0.5533752,-0.1760406,-0.5928879,-0.196949,-0.5233459,-0.1918564,-0.6276321,-0.1692467,-0.464119,-0.2239456,-0.636055,-2.277908,-2.348518,-0.1930618,-0.5517426,-0.5515289,-0.559494,-0.3859406,-0.5915909,-0.2101364,-0.592041
3.033333333333333,1.0,-28.0,1.0,-1.0,0.0,-72.0,0.0,-491.0,0.0,-917.0,0.0,-55.0,-1.0,-345.0,,,,,,,,,,,,,,,,,,,,,,,,,,
3.0416669845581055,,,,,,,,,,,,,,,-0.2912369,-0.5090714,0.02464294,-0.2713547,-0.1520538,-0.5406799,-0.1867828,-0.5840988,-0.1989021,-0.5292053,-0.1899033,-0.6422806,-0.175106,-0.4777908,-0.2219925,-0.6438675,-2.299393,-2.354378,-0.2008743,-0.5576019,-0.5564117,-0.5526581,-0.3810577,-0.5808487,-0.2150192,-0.5949707
3.049999952316284,,,,,,,,,,,,,,,-0.2863541,-0.5207901,0.02854919,-0.2762375,-0.1559601,-0.5260315,-0.1965485,-0.5811691,-0.1989021,-0.5350647,-0.185997,-0.6579056,-0.1809654,-0.4924393,-0.2180862,-0.6546097,-2.317947,-2.356331,-0.2096634,-0.5634613,-0.560318,-0.5487518,-0.3722687,-0.5671768,-0.226738,-0.5998535
3.058332920074463,,,,,,,,,,,,,,,-0.2746353,-0.5305557,0.03050232,-0.2869797,-0.1618195,-0.5074768,-0.2053375,-0.5831223,-0.1979256,-0.5399475,-0.1801376,-0.6657181,-0.1858482,-0.5070877,-0.21418,-0.6633987,-2.333572,-2.351448,-0.2243118,-0.5693207,-0.5671539,-0.5516815,-0.3644562,-0.5505753,-0.235527,-0.6057129
3.066666666666667,1.0,-30.0,1.0,0.0,0.0,-71.0,0.0,-496.0,0.0,-920.0,0.0,-55.0,-1.0,-345.0,,,,,,,,,,,,,,,,,,,,,,,,,,
3.066667079925537,,,,,,,,,,,,,,,-0.2609634,-0.5373917,0.03245544,-0.3035812,-0.1647491,-0.4889221,-0.21315,-0.5899582,-0.1959724,-0.5448303,-0.1752548,-0.6657181,-0.190731,-0.5188065,-0.2092972,-0.6702347,-2.349197,-2.340706,-0.2389603,-0.5732269,-0.5691071,-0.5575409,-0.3556671,-0.5329971,-0.242363,-0.614502
3.075000047683716,,,,,,,,,,,,,,,-0.2482681,-0.5442276,0.03245544,-0.3250656,-0.1676788,-0.4703674,-0.2170563,-0.5977707,-0.1949959,-0.5536194,-0.170372,-0.6579056,-0.1936607,-0.5275955,-0.2073441,-0.6760941,-2.358963,-2.329964,-0.2467728,-0.5722504,-0.5652008,-0.5682831,-0.3459015,-0.5183487,-0.251152,-0.6252441
3.0833330154418945,,,,,,,,,,,,,,,-0.2385025,-0.5461807,0.03147888,-0.3416672,-0.1686554,-0.4566956,-0.2180328,-0.6055832,-0.1930428,-0.5614319,-0.1674423,-0.6442337,-0.1965904,-0.5324783,-0.2063675,-0.6800003,-2.366776,-2.320198,-0.2545853,-0.5693207,-0.5573883,-0.5829315,-0.3371124,-0.5056534,-0.257988,-0.6369629
3.0916669368743896,,,,,,,,,,,,,,,-0.2316666,-0.5481339,0.02854919,-0.3524094,-0.1667023,-0.4498596,-0.219986,-0.6133957,-0.1901131,-0.5663147,-0.1664658,-0.625679,-0.1936607,-0.535408,-0.2063675,-0.6809769,-2.366776,-2.313362,-0.2604446,-0.5673676,-0.5476227,-0.59758,-0.3332062,-0.4978409,-0.2638474,-0.6447754
3.0999999046325684,,,,,,,,,,,,,,,-0.2316666,-0.5471573,0.02464294,-0.3563156,-0.162796,-0.4449768,-0.2141266,-0.6173019,-0.1862068,-0.5731506,-0.1674423,-0.6051712,-0.1917076,-0.5344315,-0.2063675,-0.6848831,-2.365799,-2.308479,-0.2623978,-0.566391,-0.5339508,-0.6112518,-0.3273468,-0.4949112,-0.2697067,-0.6535645
3.1,1.0,-28.0,1.0,4.0,0.0,-73.0,0.0,-502.0,0.0,-931.0,0.0,-52.0,-1.0,-351.0,,,,,,,,,,,,,,,,,,,,,,,,,,
3.108333110809326,,,,,,,,,,,,,,,-0.2375259,-0.543251,0.02073669,-0.3533859,-0.1569366,-0.4479065,-0.2082672,-0.6182785,-0.1862068,-0.5760803,-0.1713486,-0.5866165,-0.1887779,-0.5344315,-0.2073441,-0.6907425,-2.361893,-2.310432,-0.266304,-0.5712738,-0.5222321,-0.6171112,-0.3283234,-0.4929581,-0.2687302,-0.6574707
3.1166670322418213,,,,,,,,,,,,,,,-0.246315,-0.5373917,0.01683044,-0.3416672,-0.1501007,-0.4537659,-0.2014313,-0.6182785,-0.1842537,-0.5751038,-0.1723251,-0.5709915,-0.1829185,-0.5363846,-0.2073441,-0.698555,-2.35408,-2.315315,-0.2711868,-0.5849457,-0.5173492,-0.6151581,-0.3351593,-0.4929581,-0.2726364,-0.6584473
3.125,,,,,,,,,,,,,,,-0.2580338,-0.5305557,0.01292419,-0.3270187,-0.1442413,-0.4606018,-0.1945953,-0.6163254,-0.1852303,-0.5702209,-0.1762314,-0.5582962,-0.1780357,-0.5373611,-0.2063675,-0.7083206,-2.350174,-2.324104,-0.2809525,-0.6015472,-0.5193024,-0.6073456,-0.3419952,-0.4929581,-0.2726364,-0.6584473
3.1333329677581787,,,,,,,,,,,,,,,-0.2717056,-0.5217667,0.009994507,-0.3094406,-0.1374054,-0.4645081,-0.1867828,-0.6163254,-0.1862068,-0.5614319,-0.1772079,-0.5524368,-0.1721764,-0.5393143,-0.2034378,-0.7210159,-2.347244,-2.3368,-0.2936478,-0.6210785,-0.5251617,-0.5966034,-0.3517609,-0.4910049,-0.273613,-0.654541
3.1333333333333333,1.0,-27.0,1.0,3.0,0.0,-77.0,0.0,-506.0,0.0,-947.0,0.0,-53.0,-1.0,-360.0,,,,,,,,,,,,,,,,,,,,,,,,,,
3.141666889190674,,,,,,,,,,,,,,,-0.2863541,-0.5129776,0.006088257,-0.2908859,-0.1334991,-0.4664612,-0.1809235,-0.6173019,-0.1881599,-0.5526428,-0.1781845,-0.5456009,-0.1692467,-0.5373611,-0.1966019,-0.7327347,-2.350174,-2.347542,-0.3073196,-0.6406097,-0.5368805,-0.5848846,-0.3615265,-0.4910049,-0.2745895,-0.6506348
3.1500000953674316,,,,,,,,,,,,,,,-0.2980728,-0.5061417,0.006088257,-0.2762375,-0.1344757,-0.4645081,-0.1740875,-0.6212082,-0.1910896,-0.5458069,-0.1772079,-0.538765,-0.1682701,-0.5334549,-0.1917191,-0.7405472,-2.353104,-2.36219,-0.3161087,-0.6542816,-0.5485992,-0.575119,-0.369339,-0.4910049,-0.2765427,-0.6467285
3.1583330631256104,,,,,,,,,,,,,,,-0.3107681,-0.5022354,0.005111694,-0.2664719,-0.1364288,-0.4566956,-0.1721344,-0.626091,-0.1949959,-0.5419006,-0.1742783,-0.5329056,-0.1692467,-0.5246658,-0.1868362,-0.7434769,-2.35994,-2.379768,-0.3248978,-0.6562347,-0.5593414,-0.5702362,-0.3722687,-0.4910049,-0.2765427,-0.6398926
3.1666666666666665,1.0,-29.0,1.0,0.0,0.0,-77.0,0.0,-508.0,0.0,-960.0,0.0,-54.0,-1.0,-368.0,,,,,,,,,,,,,,,,,,,,,,,,,,
3.1666669845581055,,,,,,,,,,,,,,,-0.3176041,-0.5022354,0.008041382,-0.2615891,-0.1422882,-0.4469299,-0.1692047,-0.6329269,-0.1989021,-0.5438538,-0.1723251,-0.5211868,-0.1721764,-0.5129471,-0.1819534,-0.7395706,-2.373611,-2.397346,-0.3297806,-0.6503754,-0.5652008,-0.5721893,-0.3751984,-0.4939346,-0.2775192,-0.6350098
3.174999952316284,,,,,,,,,,,,,,,-0.3215103,-0.5061417,0.008041382,-0.2596359,-0.1481476,-0.4391174,-0.1692047,-0.6397629,-0.2018318,-0.5497131,-0.1713486,-0.5094681,-0.1770592,-0.4992752,-0.1790237,-0.7307816,-2.387283,-2.416878,-0.3327103,-0.6367035,-0.5652008,-0.5800018,-0.3751984,-0.4988174,-0.2804489,-0.6271973
3.183332920074463,,,,,,,,,,,,,,,-0.3205338,-0.5149307,0.009017944,-0.2635422,-0.1559601,-0.4332581,-0.1692047,-0.6465988,-0.2067146,-0.5575256,-0.170372,-0.4957962,-0.1858482,-0.4836502,-0.1760941,-0.7180862,-2.402908,-2.438362,-0.3336868,-0.6181488,-0.5632477,-0.5926971,-0.3722687,-0.5056534,-0.2833786,-0.6203613
3.191667079925537,,,,,,,,,,,,,,,-0.3127213,-0.5237198,0.01194763,-0.2713547,-0.1608429,-0.4283752,-0.173111,-0.6495285,-0.2106209,-0.5692444,-0.170372,-0.4782181,-0.1926842,-0.4699783,-0.1760941,-0.7053909,-2.421463,-2.456917,-0.3346634,-0.6025238,-0.5573883,-0.6053925,-0.369339,-0.5124893,-0.2853317,-0.614502
3.2,1.0,-33.0,2.0,0.0,-1.0,-74.0,0.0,-510.0,0.0,-969.0,0.0,-55.0,-1.0,-376.0,,,,,,,,,,,,,,,,,,,,,,,,,,
3.200000047683716,,,,,,,,,,,,,,,-0.3019791,-0.5325089,0.01097107,-0.2830734,-0.1676788,-0.4254456,-0.1760406,-0.6485519,-0.2164803,-0.5819397,-0.1693954,-0.4674759,-0.197567,-0.457283,-0.1780472,-0.6946487,-2.440994,-2.475471,-0.3336868,-0.5927582,-0.5525055,-0.6190643,-0.3703156,-0.5173721,-0.2911911,-0.6125488
3.2083330154418945,,,,,,,,,,,,,,,-0.2902603,-0.543251,0.01194763,-0.2938156,-0.1715851,-0.4313049,-0.1809235,-0.6446457,-0.2194099,-0.5926819,-0.1693954,-0.4596634,-0.2044029,-0.4445877,-0.1800003,-0.6878128,-2.459549,-2.48719,-0.3336868,-0.5888519,-0.5505524,-0.6278534,-0.3742218,-0.5203018,-0.2960739,-0.614502
3.2166669368743896,,,,,,,,,,,,,,,-0.2814713,-0.550087,0.01194763,-0.3045578,-0.1754913,-0.4381409,-0.1858063,-0.6358566,-0.2213631,-0.6034241,-0.1693954,-0.4547806,-0.2034264,-0.4338455,-0.1839066,-0.6839066,-2.477127,-2.492073,-0.328804,-0.5927582,-0.5485992,-0.6327362,-0.3820343,-0.5212784,-0.3038864,-0.6213379
3.2249999046325684,,,,,,,,,,,,,,,-0.2746353,-0.5539932,0.01292419,-0.3153,-0.1774445,-0.4459534,-0.188736,-0.626091,-0.2213631,-0.6112366,-0.1674423,-0.4567337,-0.2024498,-0.4211502,-0.1887894,-0.6848831,-2.492752,-2.488167,-0.3248978,-0.5995941,-0.5515289,-0.6327362,-0.3898468,-0.5212784,-0.3107224,-0.6330566
3.233333110809326,,,,,,,,,,,,,,,-0.2756119,-0.5569229,0.01390076,-0.3250656,-0.1774445,-0.4576721,-0.1926422,-0.6153488,-0.2233162,-0.6151428,-0.1645126,-0.4625931,-0.1985435,-0.4084549,-0.1946487,-0.6917191,-2.502518,-2.477425,-0.3141556,-0.6064301,-0.5564117,-0.6298065,-0.400589,-0.5193253,-0.313652,-0.6486816
3.2333333333333334,1.0,-39.0,2.0,0.0,-1.0,-71.0,0.0,-515.0,0.0,-982.0,0.0,-59.0,-2.0,-382.0,,,,,,,,,,,,,,,,,,,,,,,,,,
3.2416670322418213,,,,,,,,,,,,,,,-0.2824478,-0.558876,0.01585388,-0.3289719,-0.178421,-0.4723206,-0.1955719,-0.6075363,-0.2194099,-0.6151428,-0.1586533,-0.469429,-0.1936607,-0.3996658,-0.1995316,-0.6975784,-2.504471,-2.462776,-0.3034134,-0.6122894,-0.5642242,-0.6278534,-0.4123077,-0.5163956,-0.3195114,-0.6643066
3.25,,,,,,,,,,,,,,,-0.29319,-0.5608292,0.01683044,-0.3319016,-0.1764679,-0.4859924,-0.197525,-0.6016769,-0.2164803,-0.6112366,-0.154747,-0.4791946,-0.1868248,-0.3889236,-0.2073441,-0.7034378,-2.504471,-2.442268,-0.2956009,-0.6113129,-0.5739899,-0.6249237,-0.416214,-0.515419,-0.3234177,-0.6789551
3.2583329677581787,,,,,,,,,,,,,,,-0.3039322,-0.5618057,0.01878357,-0.3328781,-0.1735382,-0.4986877,-0.197525,-0.5987473,-0.2145271,-0.6024475,-0.1479111,-0.4899368,-0.1790123,-0.3840408,-0.2112503,-0.7063675,-2.498611,-2.419807,-0.288765,-0.6054535,-0.5837555,-0.621994,-0.4191437,-0.515419,-0.3283005,-0.6867676
3.2666666666666666,1.0,-46.0,2.0,0.0,-1.0,-70.0,0.0,-520.0,0.0,-997.0,0.0,-62.0,-2.0,-382.0,,,,,,,,,,,,,,,,,,,,,,,,,,
3.266666889190674,,,,,,,,,,,,,,,-0.3136978,-0.5618057,0.02073669,-0.3299484,-0.1706085,-0.5123596,-0.2004547,-0.5977707,-0.2135506,-0.5877991,-0.1449814,-0.4957962,-0.1731529,-0.3820877,-0.2112503,-0.7034378,-2.490799,-2.39637,-0.2858353,-0.5986176,-0.5935211,-0.6200409,-0.4152374,-0.5163956,-0.336113,-0.6867676
3.2750000953674316,,,,,,,,,,,,,,,-0.3215103,-0.5598526,0.02073669,-0.3279953,-0.1667023,-0.5231018,-0.1994781,-0.5987473,-0.2135506,-0.5731506,-0.1430283,-0.5016556,-0.1711998,-0.3840408,-0.2102737,-0.6966019,-2.475174,-2.378792,-0.2829056,-0.5878754,-0.5984039,-0.6210175,-0.4123077,-0.5183487,-0.3458786,-0.6809082
3.2833330631256104,,,,,,,,,,,,,,,-0.32444,-0.5549698,0.02073669,-0.3279953,-0.162796,-0.5270081,-0.1994781,-0.5997238,-0.2155037,-0.5565491,-0.1440048,-0.507515,-0.1682701,-0.3908768,-0.2063675,-0.6848831,-2.466385,-2.366096,-0.2848587,-0.5781097,-0.6042633,-0.6229706,-0.4044952,-0.5222549,-0.3585739,-0.6711426
3.2916669845581055,,,,,,,,,,,,,,,-0.3234634,-0.5481339,0.01976013,-0.3270187,-0.1588898,-0.5289612,-0.1985016,-0.6007004,-0.2184334,-0.5448303,-0.1459579,-0.5133743,-0.1672935,-0.401619,-0.1995316,-0.6682816,-2.460526,-2.359261,-0.2858353,-0.5732269,-0.6091461,-0.6239471,-0.3986359,-0.5271378,-0.3702927,-0.6594238
3.299999952316284,,,,,,,,,,,,,,,-0.3224869,-0.5422745,0.01683044,-0.3279953,-0.1559601,-0.5279846,-0.197525,-0.6016769,-0.2213631,-0.5360413,-0.1508408,-0.5192337,-0.166317,-0.4113846,-0.1936722,-0.65168,-2.460526,-2.359261,-0.2858353,-0.5722504,-0.6091461,-0.6239471,-0.3957062,-0.5320206,-0.382988,-0.6486816
3.3,1.0,-50.0,2.0,-4.0,-1.0,-72.0,0.0,-527.0,0.0,-1004.0,0.0,-62.0,-2.0,-379.0,,,,,,,,,,,,,,,,,,,,,,,,,,
3.308332920074463,,,,,,,,,,,,,,,-0.3185806,-0.5354385,0.01585388,-0.3279953,-0.1549835,-0.5240784,-0.1985016,-0.6026535,-0.2233162,-0.532135,-0.1576767,-0.5270462,-0.166317,-0.4240799,-0.1858597,-0.636055,-2.467361,-2.36512,-0.2858353,-0.5732269,-0.6120758,-0.6239471,-0.3947296,-0.5378799,-0.3956833,-0.6369629
3.316667079925537,,,,,,,,,,,,,,,-0.3166275,-0.5325089,0.01585388,-0.3260422,-0.1530304,-0.518219,-0.1994781,-0.6036301,-0.2213631,-0.5340881,-0.1635361,-0.5329056,-0.1653404,-0.4367752,-0.1809769,-0.6233597,-2.475174,-2.373909,-0.2848587,-0.5761566,-0.6150055,-0.6229706,-0.3986359,-0.5437393,-0.4005661,-0.6271973
3.325000047683716,,,,,,,,,,,,,,,-0.3176041,-0.5334854,0.01390076,-0.3201828,-0.154007,-0.5133362,-0.2014313,-0.6055832,-0.2194099,-0.5379944,-0.1674423,-0.5377884,-0.166317,-0.4465408,-0.1760941,-0.6155472,-2.489822,-2.386604,-0.2838821,-0.5790863,-0.6189117,-0.6200409,-0.4035187,-0.5476456,-0.4054489,-0.6213379
3.3333330154418945,,,,,,,,,,,,,,,-0.3185806,-0.5393448,0.01487732,-0.3084641,-0.154007,-0.5094299,-0.2053375,-0.6055832,-0.2145271,-0.5428772,-0.170372,-0.538765,-0.1692467,-0.4543533,-0.1741409,-0.6135941,-2.505447,-2.398323,-0.2848587,-0.5790863,-0.6247711,-0.6151581,-0.4064484,-0.5505753,-0.4054489,-0.6164551
3.3333333333333335,0.0,-48.0,2.0,-6.0,-1.0,-74.0,0.0,-535.0,-1.0,-1007.0,0.0,-62.0,-1.0,-379.0,,,,,,,,,,,,,,,,,,,,,,,,,,
3.3416669368743896,,,,,,,,,,,,,,,-0.3215103,-0.5510635,0.01683044,-0.2977219,-0.1549835,-0.5055237,-0.2111969,-0.6046066,-0.2115974,-0.5467834,-0.1713486,-0.5377884,-0.1702232,-0.4611893,-0.1751175,-0.6126175,-2.521072,-2.406136,-0.2877884,-0.5800629,-0.6267242,-0.6102753,-0.4113312,-0.5535049,-0.4025192,-0.6105957
3.3499999046325684,,,,,,,,,,,,,,,-0.3215103,-0.5627823,0.01976013,-0.2869797,-0.154007,-0.5016174,-0.2170563,-0.6046066,-0.2096443,-0.5448303,-0.1684189,-0.531929,-0.1731529,-0.4621658,-0.1760941,-0.6145706,-2.533768,-2.411018,-0.2936478,-0.5781097,-0.6277008,-0.6044159,-0.4132843,-0.5544815,-0.398613,-0.6037598
3.358333110809326,,,,,,,,,,,,,,,-0.3215103,-0.5715714,0.02268982,-0.2781906,-0.1520538,-0.4957581,-0.2238922,-0.6026535,-0.2106209,-0.5399475,-0.1664658,-0.5211868,-0.1760826,-0.464119,-0.1790237,-0.6223831,-2.542557,-2.411995,-0.3004837,-0.5761566,-0.6296539,-0.6005096,-0.4123077,-0.5544815,-0.3898239,-0.5939941
3.3666666666666667,0.0,-47.0,2.0,-4.0,-2.0,-75.0,0.0,-545.0,-1.0,-1012.0,0.0,-60.0,0.0,-379.0,,,,,,,,,,,,,,,,,,,,,,,,,,
3.3666670322418213,,,,,,,,,,,,,,,-0.3156509,-0.5784073,0.02659607,-0.2742844,-0.1520538,-0.4898987,-0.2297516,-0.6007004,-0.2135506,-0.532135,-0.1645126,-0.5104446,-0.181942,-0.4650955,-0.1809769,-0.6301956,-2.550369,-2.411995,-0.3082962,-0.5751801,-0.6267242,-0.5995331,-0.4113312,-0.5544815,-0.3859177,-0.5861816
3.375,,,,,,,,,,,,,,,-0.3107681,-0.5803604,0.03050232,-0.2801437,-0.1520538,-0.4820862,-0.2336578,-0.5987473,-0.2194099,-0.5223694,-0.1654892,-0.4997025,-0.1858482,-0.4631424,-0.1848831,-0.6380081,-2.563065,-2.409065,-0.3161087,-0.5771332,-0.6218414,-0.6005096,-0.4064484,-0.5544815,-0.3800583,-0.5842285
3.3833329677581787,,,,,,,,,,,,,,,-0.3068619,-0.5754776,0.03343201,-0.2899094,-0.1510773,-0.4772034,-0.2365875,-0.5977707,-0.2291756,-0.5106506,-0.1664658,-0.4909134,-0.1878014,-0.4631424,-0.1858597,-0.6467972,-2.57576,-2.401253,-0.320015,-0.5790863,-0.6179352,-0.6034393,-0.4035187,-0.5505753,-0.3732224,-0.5852051
3.391666889190674,,,,,,,,,,,,,,,-0.3029556,-0.5676651,0.03245544,-0.3045578,-0.1510773,-0.4772034,-0.2385406,-0.5997238,-0.2360115,-0.5018616,-0.170372,-0.4821243,-0.1878014,-0.4611893,-0.1848831,-0.6536331,-2.588455,-2.392464,-0.3209915,-0.5790863,-0.6140289,-0.6112518,-0.4035187,-0.5456924,-0.367363,-0.5910645
3.4,0.0,-48.0,2.0,-1.0,-2.0,-77.0,0.0,-555.0,0.0,-1020.0,0.0,-59.0,0.0,-380.0,,,,,,,,,,,,,,,,,,,,,,,,,,
3.4000000953674316,,,,,,,,,,,,,,,-0.3019791,-0.5539932,0.02952576,-0.3211594,-0.1530304,-0.4791565,-0.2375641,-0.6026535,-0.2408943,-0.4979553,-0.1781845,-0.4782181,-0.1897545,-0.4582596,-0.1848831,-0.6604691,-2.600174,-2.384651,-0.3170853,-0.5781097,-0.6150055,-0.6190643,-0.4084015,-0.5369034,-0.3615036,-0.6018066
3.4083330631256104,,,,,,,,,,,,,,,-0.3029556,-0.5383682,0.02561951,-0.3348312,-0.1569366,-0.4811096,-0.235611,-0.6094894,-0.243824,-0.4969788,-0.1899033,-0.4772415,-0.1878014,-0.4563065,-0.1839066,-0.6624222,-2.614822,-2.374886,-0.3092728,-0.5732269,-0.6198883,-0.6259003,-0.4113312,-0.5281143,-0.3546677,-0.614502
3.4166669845581055,,,,,,,,,,,,,,,-0.3078384,-0.5266495,0.01878357,-0.3436203,-0.1588898,-0.4840393,-0.2317047,-0.6182785,-0.2428474,-0.4999084,-0.2006454,-0.4791946,-0.1868248,-0.4533768,-0.1809769,-0.6624222,-2.624588,-2.36805,-0.2965775,-0.5644379,-0.6277008,-0.6317596,-0.4191437,-0.5203018,-0.3468552,-0.6291504
3.424999952316284,,,,,,,,,,,,,,,-0.3146744,-0.5178604,0.01292419,-0.3475266,-0.162796,-0.4859924,-0.2268219,-0.626091,-0.2379646,-0.5018616,-0.2123642,-0.4860306,-0.1858482,-0.4514236,-0.1809769,-0.6604691,-2.632401,-2.364143,-0.2848587,-0.5527191,-0.6364899,-0.6366425,-0.4279327,-0.5144424,-0.3390427,-0.6418457
3.433332920074463,,,,,,,,,,,,,,,-0.32444,-0.5139542,0.009017944,-0.3416672,-0.1657257,-0.4840393,-0.2229156,-0.6319504,-0.2301521,-0.5057678,-0.2221298,-0.4948196,-0.1858482,-0.4524002,-0.1839066,-0.6565628,-2.636307,-2.363167,-0.2750931,-0.5400238,-0.6462555,-0.6395721,-0.4328156,-0.5105362,-0.3331833,-0.6506348
3.433333333333333,0.0,-47.0,2.0,0.0,-2.0,-75.0,0.0,-563.0,0.0,-1030.0,0.0,-60.0,0.0,-384.0,,,,,,,,,,,,,,,,,,,,,,,,,,
3.441667079925537,,,,,,,,,,,,,,,-0.3332291,-0.5159073,0.005111694,-0.3289719,-0.1667023,-0.4801331,-0.2151031,-0.6339035,-0.2203865,-0.5116272,-0.2289658,-0.5045853,-0.1878014,-0.4533768,-0.1868362,-0.6507034,-2.63533,-2.36512,-0.2672806,-0.5331879,-0.654068,-0.6425018,-0.4347687,-0.5095596,-0.3273239,-0.654541
3.450000047683716,,,,,,,,,,,,,,,-0.3439713,-0.5198135,0.005111694,-0.3113937,-0.1667023,-0.4742737,-0.2111969,-0.6299973,-0.2096443,-0.5194397,-0.2348251,-0.5133743,-0.190731,-0.4543533,-0.1926956,-0.6438675,-2.637283,-2.370003,-0.2633743,-0.5312347,-0.6609039,-0.6434784,-0.4328156,-0.5105362,-0.3243942,-0.6535645
3.4583330154418945,,,,,,,,,,,,,,,-0.3547134,-0.5246964,0.009994507,-0.2899094,-0.1647491,-0.4684143,-0.2072906,-0.6231613,-0.2008553,-0.5272522,-0.2377548,-0.5241165,-0.1965904,-0.4582596,-0.2024612,-0.6380081,-2.640213,-2.379768,-0.266304,-0.5361176,-0.6648102,-0.644455,-0.4308624,-0.5124893,-0.3224411,-0.6477051
3.466666666666667,1.0,-45.0,2.0,-2.0,-2.0,-75.0,0.0,-571.0,0.0,-1039.0,0.0,-60.0,0.0,-391.0,,,,,,,,,,,,,,,,,,,,,,,,,,
3.4666669368743896,,,,,,,,,,,,,,,-0.3644791,-0.5325089,0.01585388,-0.268425,-0.162796,-0.4664612,-0.204361,-0.6094894,-0.1940193,-0.5360413,-0.2377548,-0.531929,-0.2044029,-0.4611893,-0.21418,-0.6311722,-2.646072,-2.390511,-0.2721634,-0.5478363,-0.6638336,-0.6454315,-0.4259796,-0.5124893,-0.3234177,-0.638916
3.4749999046325684,,,,,,,,,,,,,,,-0.3732681,-0.5354385,0.02073669,-0.2459641,-0.1608429,-0.4693909,-0.2014313,-0.5938644,-0.1891365,-0.5428772,-0.2367783,-0.5338821,-0.213192,-0.4650955,-0.2278519,-0.6243362,-2.654861,-2.402229,-0.281929,-0.5595551,-0.6579742,-0.6464081,-0.4220734,-0.5095596,-0.3243942,-0.6271973
3.483333110809326,,,,,,,,,,,,,,,-0.3781509,-0.5334854,0.02464294,-0.2235031,-0.1598663,-0.4762268,-0.2004547,-0.5772629,-0.1852303,-0.54776,-0.2387314,-0.5329056,-0.221981,-0.4699783,-0.2434769,-0.6214066,-2.661697,-2.412971,-0.2926712,-0.5722504,-0.6560211,-0.6473846,-0.4171906,-0.5056534,-0.3273239,-0.6154785
3.4916670322418213,,,,,,,,,,,,,,,-0.3801041,-0.5295792,0.02659607,-0.2069016,-0.162796,-0.4811096,-0.2014313,-0.5606613,-0.1823006,-0.5487366,-0.2426376,-0.5280228,-0.2327232,-0.472908,-0.2581253,-0.6194534,-2.670486,-2.422737,-0.3034134,-0.582016,-0.6511383,-0.6493378,-0.416214,-0.5017471,-0.3322067,-0.6047363
3.5,1.0,-45.0,2.0,-4.0,-2.0,-76.0,0.0,-573.0,0.0,-1050.0,0.0,-56.0,0.0,-396.0,-0.3801041,-0.5237198,0.02854919,-0.1922531,-0.1676788,-0.4811096,-0.2033844,-0.547966,-0.1842537,-0.5428772,-0.248497,-0.5192337,-0.2385826,-0.4768143,-0.2708206,-0.62043,-2.680252,-2.428596,-0.3141556,-0.5898285,-0.6472321,-0.6542206,-0.4103546,-0.4949112,-0.3351364,-0.5969238
3.5083329677581787,,,,,,,,,,,,,,,-0.3761978,-0.5168839,0.02757263,-0.1805344,-0.1735382,-0.4772034,-0.2072906,-0.5401535,-0.1852303,-0.5331116,-0.2563095,-0.507515,-0.244442,-0.4807205,-0.2796097,-0.6262894,-2.684158,-2.42762,-0.3219681,-0.5917816,-0.6452789,-0.6591034,-0.4064484,-0.4890518,-0.3351364,-0.5930176
3.516666889190674,,,,,,,,,,,,,,,-0.3722916,-0.5100479,0.02659607,-0.1727219,-0.1813507,-0.4664612,-0.2111969,-0.5352707,-0.1891365,-0.5213928,-0.2650986,-0.4938431,-0.2463951,-0.4846268,-0.2844925,-0.6341019,-2.686111,-2.423714,-0.3327103,-0.5898285,-0.6472321,-0.6649628,-0.4015656,-0.4890518,-0.3351364,-0.5939941
3.5250000953674316,,,,,,,,,,,,,,,-0.3664322,-0.5012589,0.02659607,-0.1658859,-0.1872101,-0.4518127,-0.2170563,-0.5382004,-0.1949959,-0.5086975,-0.2729111,-0.4782181,-0.2434654,-0.4875565,-0.2844925,-0.6458206,-2.682205,-2.415901,-0.344429,-0.5868988,-0.6521149,-0.6737518,-0.3927765,-0.4919815,-0.3351364,-0.5979004
3.5333330631256104,,,,,,,,,,,,,,,-0.3605728,-0.4934464,0.02561951,-0.1668625,-0.1911163,-0.4352112,-0.2248688,-0.5450363,-0.2008553,-0.5018616,-0.2777939,-0.4635696,-0.2366295,-0.4904861,-0.2757034,-0.6546097,-2.675369,-2.404182,-0.3532181,-0.5839691,-0.6560211,-0.6854706,-0.3830109,-0.4949112,-0.336113,-0.6018066
3.533333333333333,1.0,-44.0,2.0,-4.0,-2.0,-73.0,-1.0,-572.0,0.0,-1062.0,0.0,-53.0,0.0,-403.0,,,,,,,,,,,,,,,,,,,,,,,,,,
3.5416669845581055,,,,,,,,,,,,,,,-0.3576431,-0.487587,0.02561951,-0.1736984,-0.1911163,-0.4225159,-0.2277985,-0.5567551,-0.2086678,-0.5018616,-0.2777939,-0.4489212,-0.228817,-0.4943924,-0.2639847,-0.6633987,-2.665604,-2.392464,-0.3649368,-0.5790863,-0.6618805,-0.6981659,-0.3761749,-0.4978409,-0.3351364,-0.6105957
3.549999952316284,,,,,,,,,,,,,,,-0.3527603,-0.4787979,0.02659607,-0.1824875,-0.1901398,-0.4176331,-0.2326813,-0.5704269,-0.2164803,-0.5077209,-0.2748642,-0.4332962,-0.2190514,-0.4992752,-0.2503128,-0.667305,-2.651932,-2.385628,-0.3776321,-0.5742035,-0.6687164,-0.7059784,-0.3722687,-0.4988174,-0.3380661,-0.6184082
3.558332920074463,,,,,,,,,,,,,,,-0.3547134,-0.4661026,0.02561951,-0.1971359,-0.1862335,-0.4176331,-0.235611,-0.5889816,-0.2213631,-0.5213928,-0.2690048,-0.4215775,-0.2083092,-0.504158,-0.2366409,-0.667305,-2.63826,-2.383675,-0.3932571,-0.5702972,-0.669693,-0.7098846,-0.369339,-0.4958878,-0.3429489,-0.6223145
3.566666666666667,1.0,-39.0,2.0,-6.0,-1.0,-66.0,-2.0,-573.0,0.0,-1074.0,0.0,-52.0,-1.0,-407.0,,,,,,,,,,,,,,,,,,,,,,,,,,
3.566667079925537,,,,,,,,,,,,,,,-0.3537369,-0.4504776,0.02268982,-0.2156906,-0.1823273,-0.4254456,-0.2365875,-0.6046066,-0.2262459,-0.5379944,-0.2592392,-0.4108353,-0.197567,-0.5080643,-0.2200394,-0.6624222,-2.627518,-2.387581,-0.4059525,-0.5654144,-0.6716461,-0.7137909,-0.3751984,-0.4890518,-0.3468552,-0.6271973
3.575000047683716,,,,,,,,,,,,,,,-0.3547134,-0.4348526,0.02171326,-0.2342453,-0.1813507,-0.4371643,-0.2385406,-0.6163254,-0.228199,-0.5565491,-0.2524033,-0.4010696,-0.1887779,-0.510994,-0.2092972,-0.6526566,-2.619705,-2.39637,-0.4176712,-0.5595551,-0.6735992,-0.7128143,-0.3839874,-0.4802628,-0.3478317,-0.6311035
3.5833330154418945,,,,,,,,,,,,,,,-0.3566666,-0.4202042,0.01976013,-0.2479172,-0.1813507,-0.4469299,-0.2395172,-0.626091,-0.2272224,-0.5741272,-0.2426376,-0.3952103,-0.1829185,-0.5119705,-0.198555,-0.6399612,-2.620682,-2.409065,-0.42939,-0.5527191,-0.6735992,-0.7079315,-0.3937531,-0.4714737,-0.3478317,-0.6311035
3.5916669368743896,,,,,,,,,,,,,,,-0.35569,-0.4075089,0.01585388,-0.2586594,-0.1862335,-0.455719,-0.2404938,-0.626091,-0.2252693,-0.5877991,-0.2348251,-0.3903275,-0.181942,-0.5100174,-0.1936722,-0.6272659,-2.630447,-2.425667,-0.4342728,-0.5478363,-0.6755524,-0.7040253,-0.4015656,-0.4626846,-0.3439255,-0.6320801
3.5999999046325684,,,,,,,,,,,,,,,-0.3576431,-0.4006729,0.01292419,-0.2615891,-0.1920929,-0.4635315,-0.2424469,-0.6192551,-0.2213631,-0.5975647,-0.2289658,-0.3883743,-0.1858482,-0.5051346,-0.1897659,-0.6135941,-2.645096,-2.441292,-0.4352493,-0.5458832,-0.6804352,-0.7030487,-0.4103546,-0.4558487,-0.3351364,-0.6340332
3.6,1.0,-35.0,3.0,-7.0,-1.0,-65.0,-2.0,-576.0,0.0,-1087.0,0.0,-50.0,-1.0,-411.0,,,,,,,,,,,,,,,,,,,,,,,,,,
3.608333110809326,,,,,,,,,,,,,,,-0.3566666,-0.4006729,0.009017944,-0.2586594,-0.1999054,-0.4703674,-0.2453766,-0.6085129,-0.2184334,-0.6034241,-0.2250595,-0.3922806,-0.190731,-0.495369,-0.1887894,-0.6018753,-2.66951,-2.451057,-0.42939,-0.5478363,-0.6872711,-0.7040253,-0.4132843,-0.4548721,-0.3302536,-0.6369629
3.6166670322418213,,,,,,,,,,,,,,,-0.3595963,-0.409462,0.002182007,-0.2508469,-0.2067413,-0.4732971,-0.2483063,-0.5928879,-0.2164803,-0.6034241,-0.2231064,-0.4020462,-0.1985435,-0.4875565,-0.1907425,-0.5950394,-2.696854,-2.45594,-0.4166946,-0.5536957,-0.6941071,-0.706955,-0.4171906,-0.4578018,-0.3253708,-0.6379395
3.625,,,,,,,,,,,,,,,-0.3644791,-0.425087,-0.002700806,-0.2410812,-0.2126007,-0.4772034,-0.2483063,-0.5733566,-0.2155037,-0.5965881,-0.2231064,-0.4147415,-0.206356,-0.479744,-0.1926956,-0.5911331,-2.723221,-2.453011,-0.3991165,-0.5654144,-0.6989899,-0.7118378,-0.4181671,-0.4646378,-0.3263474,-0.6408691
3.6333329677581787,,,,,,,,,,,,,,,-0.3703384,-0.440712,-0.01051331,-0.2313156,-0.2155304,-0.4811096,-0.2492828,-0.5567551,-0.2155037,-0.5858459,-0.2240829,-0.4313431,-0.2141685,-0.4748611,-0.1966019,-0.5930862,-2.745682,-2.443245,-0.3786087,-0.5790863,-0.700943,-0.715744,-0.4220734,-0.4734268,-0.3312302,-0.645752
3.6333333333333333,2.0,-33.0,3.0,-8.0,-1.0,-63.0,-1.0,-576.0,0.0,-1100.0,0.0,-51.0,-1.0,-415.0,,,,,,,,,,,,,,,,,,,,,,,,,,
3.641666889190674,,,,,,,,,,,,,,,-0.3801041,-0.4553604,-0.01344299,-0.2254562,-0.2155304,-0.4889221,-0.2463531,-0.547966,-0.2184334,-0.5721741,-0.2270126,-0.4508743,-0.2210045,-0.4738846,-0.1995316,-0.5979691,-2.764236,-2.42762,-0.3610306,-0.5956879,-0.700943,-0.7167206,-0.4279327,-0.4851456,-0.3439255,-0.6496582
3.6500000953674316,,,,,,,,,,,,,,,-0.38694,-0.4680557,-0.01539612,-0.2254562,-0.2106476,-0.4977112,-0.2434235,-0.5450363,-0.2203865,-0.5555725,-0.2289658,-0.4723587,-0.2239342,-0.4738846,-0.2034378,-0.6057816,-2.774002,-2.405159,-0.344429,-0.6103363,-0.6941071,-0.7176971,-0.4367218,-0.4978409,-0.360527,-0.6535645
3.6583330631256104,,,,,,,,,,,,,,,-0.3967056,-0.4729385,-0.01344299,-0.2303391,-0.2057648,-0.5055237,-0.2395172,-0.5489426,-0.2252693,-0.5399475,-0.2309189,-0.4938431,-0.2278404,-0.4787674,-0.2053909,-0.6135941,-2.774979,-2.382698,-0.3278275,-0.6220551,-0.6862946,-0.7167206,-0.4484406,-0.5085831,-0.376152,-0.654541
3.6666666666666665,1.0,-34.0,2.0,-11.0,-2.0,-60.0,-1.0,-577.0,0.0,-1110.0,0.0,-56.0,-1.0,-420.0,,,,,,,,,,,,,,,,,,,,,,,,,,
3.6666669845581055,,,,,,,,,,,,,,,-0.4015884,-0.4690323,-0.007583618,-0.2420578,-0.1950226,-0.5104065,-0.2326813,-0.5557785,-0.2301521,-0.5262756,-0.2318954,-0.5114212,-0.2268639,-0.4856033,-0.2083206,-0.6214066,-2.772049,-2.36219,-0.3180618,-0.6318207,-0.6755524,-0.715744,-0.4640656,-0.5183487,-0.3868942,-0.654541
3.674999952316284,,,,,,,,,,,,,,,-0.4035416,-0.4592667,0.002182007,-0.2557297,-0.1862335,-0.5143127,-0.2268219,-0.5645676,-0.2340584,-0.5145569,-0.2309189,-0.52314,-0.2239342,-0.4924393,-0.2092972,-0.6292191,-2.765213,-2.349495,-0.3102493,-0.6357269,-0.6648102,-0.715744,-0.4738312,-0.5232315,-0.3966599,-0.6525879
3.683332920074463,,,,,,,,,,,,,,,-0.4054947,-0.4455948,0.01487732,-0.2694016,-0.1764679,-0.5152893,-0.2229156,-0.5743332,-0.2369881,-0.5096741,-0.2289658,-0.5338821,-0.2200279,-0.5002518,-0.2112503,-0.6380081,-2.757401,-2.347542,-0.30439,-0.6386566,-0.6472321,-0.7176971,-0.4816437,-0.5222549,-0.4005661,-0.6467285
3.691667079925537,,,,,,,,,,,,,,,-0.4006119,-0.433876,0.02366638,-0.2830734,-0.1725616,-0.5143127,-0.219986,-0.5811691,-0.2408943,-0.5106506,-0.2250595,-0.5397415,-0.2161217,-0.5070877,-0.2092972,-0.6487503,-2.747635,-2.356331,-0.2985306,-0.6376801,-0.6355133,-0.7216034,-0.4855499,-0.515419,-0.3995895,-0.6379395
3.7,0.0,-38.0,2.0,-17.0,-2.0,-54.0,-1.0,-581.0,0.0,-1121.0,0.0,-60.0,-1.0,-423.0,,,,,,,,,,,,,,,,,,,,,,,,,,
3.700000047683716,,,,,,,,,,,,,,,-0.3957291,-0.4260635,0.03343201,-0.2938156,-0.1706085,-0.5123596,-0.2180328,-0.5831223,-0.2448006,-0.5194397,-0.2250595,-0.5416946,-0.213192,-0.5129471,-0.2102737,-0.6594925,-2.739822,-2.373909,-0.2916946,-0.6357269,-0.6247711,-0.72258,-0.4865265,-0.5046768,-0.3947067,-0.6271973
3.7083330154418945,,,,,,,,,,,,,,,-0.3927994,-0.425087,0.03538513,-0.299675,-0.1764679,-0.5074768,-0.2170563,-0.5782394,-0.2467537,-0.5282288,-0.2231064,-0.5446243,-0.2112389,-0.519783,-0.2044144,-0.6731644,-2.736893,-2.400276,-0.288765,-0.6347504,-0.6140289,-0.7206268,-0.4845734,-0.4890518,-0.3888474,-0.6164551
3.7166669368743896,,,,,,,,,,,,,,,-0.3898697,-0.4289932,0.03343201,-0.3026047,-0.1862335,-0.5016174,-0.2170563,-0.5723801,-0.2487068,-0.5379944,-0.2240829,-0.5426712,-0.2102623,-0.526619,-0.198555,-0.6897659,-2.738846,-2.43055,-0.288765,-0.6347504,-0.6101227,-0.7186737,-0.4835968,-0.4763565,-0.3839645,-0.6096191
3.7249999046325684,,,,,,,,,,,,,,,-0.3888931,-0.4387589,0.03147888,-0.3035812,-0.1979523,-0.4967346,-0.219986,-0.5665207,-0.2496834,-0.54776,-0.2260361,-0.5397415,-0.2102623,-0.5315018,-0.1897659,-0.7034378,-2.743729,-2.460823,-0.2916946,-0.6357269,-0.6120758,-0.7128143,-0.4826202,-0.4675674,-0.3800583,-0.607666
3.733333110809326,,,,,,,,,,,,,,,-0.3898697,-0.449501,0.02659607,-0.3016281,-0.2106476,-0.4928284,-0.2229156,-0.5626144,-0.2496834,-0.5516663,-0.2279892,-0.538765,-0.2151451,-0.535408,-0.1819534,-0.7161331,-2.755447,-2.484261,-0.3024368,-0.6367035,-0.6189117,-0.7040253,-0.478714,-0.4646378,-0.3781052,-0.607666
3.7333333333333334,0.0,-42.0,2.0,-23.0,-1.0,-52.0,0.0,-587.0,0.0,-1135.0,0.0,-62.0,-2.0,-425.0,,,,,,,,,,,,,,,,,,,,,,,,,,
3.7416670322418213,,,,,,,,,,,,,,,-0.3918228,-0.4631729,0.01878357,-0.2977219,-0.2204132,-0.4879456,-0.2258453,-0.5606613,-0.2506599,-0.5506897,-0.2318954,-0.5377884,-0.2180748,-0.5373611,-0.1751175,-0.7239456,-2.770096,-2.504768,-0.3141556,-0.6367035,-0.6316071,-0.6932831,-0.4777374,-0.4665909,-0.3751755,-0.6096191
3.75,,,,,,,,,,,,,,,-0.3947525,-0.4729385,0.01487732,-0.2967453,-0.2282257,-0.4840393,-0.2307281,-0.5587082,-0.2506599,-0.5458069,-0.2338486,-0.538765,-0.2200279,-0.5363846,-0.1712112,-0.7268753,-2.789627,-2.52137,-0.3317337,-0.6386566,-0.6452789,-0.6815643,-0.4748077,-0.4724503,-0.376152,-0.614502
3.7583329677581787,,,,,,,,,,,,,,,-0.3986588,-0.4778214,0.009994507,-0.2967453,-0.2282257,-0.4791565,-0.2375641,-0.5587082,-0.2496834,-0.5370178,-0.2367783,-0.5416946,-0.221981,-0.5315018,-0.1692581,-0.7249222,-2.805252,-2.535042,-0.3483353,-0.6386566,-0.6589508,-0.6708221,-0.4679718,-0.4822159,-0.3741989,-0.6193848
3.7666666666666666,0.0,-42.0,3.0,-27.0,-1.0,-57.0,-1.0,-593.0,0.0,-1149.0,0.0,-64.0,-2.0,-430.0,,,,,,,,,,,,,,,,,,,,,,,,,,
3.766666889190674,,,,,,,,,,,,,,,-0.4035416,-0.480751,0.009017944,-0.2977219,-0.2243195,-0.4762268,-0.2424469,-0.5596848,-0.2496834,-0.5301819,-0.2397079,-0.5456009,-0.221981,-0.5217361,-0.1702347,-0.7190628,-2.823807,-2.54969,-0.3620071,-0.6376801,-0.669693,-0.66008,-0.4601593,-0.4939346,-0.3741989,-0.6242676
3.7750000953674316,,,,,,,,,,,,,,,-0.4054947,-0.4836807,0.008041382,-0.2977219,-0.2145538,-0.4723206,-0.2473297,-0.5587082,-0.2496834,-0.5252991,-0.2397079,-0.5514603,-0.2180748,-0.5090408,-0.1751175,-0.7092972,-2.833572,-2.566292,-0.36689,-0.6327972,-0.6726227,-0.644455,-0.4494171,-0.5046768,-0.3712692,-0.630127
3.7833330631256104,,,,,,,,,,,,,,,-0.4084244,-0.487587,0.008041382,-0.2977219,-0.2028351,-0.4674377,-0.2531891,-0.5577316,-0.2516365,-0.5252991,-0.2426376,-0.5602493,-0.2141685,-0.4943924,-0.1790237,-0.6995316,-2.842361,-2.582893,-0.3649368,-0.628891,-0.6716461,-0.6298065,-0.4367218,-0.5124893,-0.367363,-0.6330566
3.7916669845581055,,,,,,,,,,,,,,,-0.4074478,-0.4944229,0.008041382,-0.3006516,-0.1891632,-0.4635315,-0.2551422,-0.5538254,-0.2535896,-0.5311584,-0.2455673,-0.5690384,-0.2083092,-0.4816971,-0.18293,-0.6926956,-2.844315,-2.599495,-0.3571243,-0.6230316,-0.6667633,-0.6151581,-0.4220734,-0.5193253,-0.3654099,-0.638916
3.799999952316284,,,,,,,,,,,,,,,-0.4064713,-0.5071182,0.008041382,-0.3045578,-0.1813507,-0.4576721,-0.2541656,-0.5489426,-0.2565193,-0.5409241,-0.2494736,-0.5739212,-0.2024498,-0.4719315,-0.1858597,-0.6858597,-2.845291,-2.613167,-0.3395462,-0.6152191,-0.6609039,-0.5985565,-0.4084015,-0.5242081,-0.3624802,-0.6486816
3.8,0.0,-41.0,3.0,-29.0,0.0,-61.0,-1.0,-600.0,0.0,-1158.0,0.0,-66.0,-2.0,-436.0,,,,,,,,,,,,,,,,,,,,,,,,,,
3.808332920074463,,,,,,,,,,,,,,,-0.4015884,-0.5237198,0.009017944,-0.3074875,-0.1725616,-0.4527893,-0.2522125,-0.5440598,-0.2584724,-0.5526428,-0.2524033,-0.5778275,-0.1985435,-0.4670486,-0.1878128,-0.68293,-2.845291,-2.620979,-0.3229446,-0.6074066,-0.6530914,-0.5848846,-0.4015656,-0.5290909,-0.3634567,-0.6584473
3.816667079925537,,,,,,,,,,,,,,,-0.3967056,-0.543251,0.009017944,-0.3123703,-0.1706085,-0.4488831,-0.2463531,-0.5401535,-0.259449,-0.5643616,-0.2543564,-0.578804,-0.1956139,-0.4690018,-0.1858597,-0.6809769,-2.846268,-2.620979,-0.3073196,-0.5995941,-0.6530914,-0.5770721,-0.3957062,-0.5349503,-0.3654099,-0.6682129
3.825000047683716,,,,,,,,,,,,,,,-0.3927994,-0.5647354,0.009994507,-0.3211594,-0.1745148,-0.4479065,-0.2404938,-0.5391769,-0.259449,-0.5692444,-0.2553329,-0.5768509,-0.1946373,-0.4768143,-0.1858597,-0.6800003,-2.851151,-2.614143,-0.2956009,-0.5937347,-0.654068,-0.5741425,-0.3947296,-0.5437393,-0.3702927,-0.677002
3.8333330154418945,,,,,,,,,,,,,,,-0.3859634,-0.5862198,0.009017944,-0.3260422,-0.1842804,-0.4488831,-0.2336578,-0.5401535,-0.2574959,-0.5672913,-0.2553329,-0.5739212,-0.1946373,-0.4865799,-0.1848831,-0.6800003,-2.85701,-2.601448,-0.2907181,-0.5888519,-0.6599274,-0.5800018,-0.3966827,-0.5505753,-0.3771286,-0.6809082
3.8333333333333335,0.0,-38.0,4.0,-28.0,0.0,-62.0,-1.0,-609.0,-1.0,-1165.0,0.0,-68.0,-1.0,-441.0,,,,,,,,,,,,,,,,,,,,,,,,,,
3.8416669368743896,,,,,,,,,,,,,,,-0.3810806,-0.6037979,0.009017944,-0.3299484,-0.194046,-0.4527893,-0.2238922,-0.5391769,-0.2526131,-0.5614319,-0.2543564,-0.5690384,-0.1965904,-0.4992752,-0.1868362,-0.6809769,-2.865799,-2.584846,-0.2926712,-0.5849457,-0.6706696,-0.5936737,-0.4064484,-0.5593643,-0.3878708,-0.6809082
3.8499999046325684,,,,,,,,,,,,,,,-0.3781509,-0.6174698,0.009994507,-0.330925,-0.2067413,-0.4596252,-0.21315,-0.5411301,-0.2457771,-0.5487366,-0.2543564,-0.5641556,-0.1985435,-0.5070877,-0.1887894,-0.6819534,-2.873611,-2.567268,-0.297554,-0.5839691,-0.6833649,-0.6151581,-0.4132843,-0.5720596,-0.398613,-0.6750488
3.858333110809326,,,,,,,,,,,,,,,-0.3761978,-0.6272354,0.01097107,-0.3279953,-0.2184601,-0.4684143,-0.204361,-0.5460129,-0.2399178,-0.5331116,-0.2524033,-0.5573196,-0.2034264,-0.5119705,-0.1926956,-0.6819534,-2.881424,-2.553596,-0.3063431,-0.5859222,-0.6950836,-0.6385956,-0.4230499,-0.5857315,-0.4044724,-0.6623535
3.8666666666666667,0.0,-37.0,3.0,-24.0,0.0,-63.0,-1.0,-620.0,-1.0,-1170.0,0.0,-67.0,-2.0,-446.0,,,,,,,,,,,,,,,,,,,,,,,,,,
3.8666670322418213,,,,,,,,,,,,,,,-0.3732681,-0.6321182,0.01097107,-0.3201828,-0.2292023,-0.4772034,-0.1936188,-0.5499191,-0.2330818,-0.5194397,-0.2504501,-0.547554,-0.2053795,-0.5129471,-0.1956253,-0.6819534,-2.89119,-2.543831,-0.3122025,-0.5908051,-0.7087555,-0.6649628,-0.4298859,-0.5994034,-0.4093552,-0.6496582
3.875,,,,,,,,,,,,,,,-0.3732681,-0.6321182,0.01194763,-0.3084641,-0.2340851,-0.4859924,-0.1867828,-0.5548019,-0.228199,-0.5067444,-0.2494736,-0.5358353,-0.2102623,-0.5100174,-0.1975784,-0.6809769,-2.897049,-2.536995,-0.3161087,-0.5966644,-0.7224274,-0.69133,-0.4308624,-0.6111221,-0.4122849,-0.6379395
3.8833329677581787,,,,,,,,,,,,,,,-0.3732681,-0.628212,0.01292419,-0.2957687,-0.2350616,-0.4918518,-0.1799469,-0.5596848,-0.2213631,-0.4979553,-0.2494736,-0.5211868,-0.2151451,-0.5051346,-0.1975784,-0.6780472,-2.904861,-2.535042,-0.3180618,-0.6035004,-0.7331696,-0.7137909,-0.4298859,-0.6218643,-0.4103317,-0.6271973
3.891666889190674,,,,,,,,,,,,,,,-0.3752213,-0.6203995,0.01390076,-0.2820969,-0.2350616,-0.4947815,-0.1740875,-0.563591,-0.2184334,-0.4950256,-0.2504501,-0.5045853,-0.2190514,-0.5002518,-0.1956253,-0.6721878,-2.913651,-2.538948,-0.320015,-0.6122894,-0.7390289,-0.7333221,-0.4308624,-0.6316299,-0.4103317,-0.6223145
3.9,0.0,-31.0,3.0,-20.0,0.0,-64.0,0.0,-627.0,-1.0,-1171.0,0.0,-68.0,-2.0,-453.0,,,,,,,,,,,,,,,,,,,,,,,,,,
3.9000000953674316,,,,,,,,,,,,,,,-0.3742447,-0.6096573,0.01683044,-0.2654953,-0.2311554,-0.4957581,-0.173111,-0.5645676,-0.2155037,-0.4960022,-0.248497,-0.4889603,-0.2239342,-0.4973221,-0.1897659,-0.6643753,-2.920486,-2.54969,-0.3190384,-0.6201019,-0.7409821,-0.746994,-0.431839,-0.6374893,-0.407402,-0.6252441
3.9083330631256104,,,,,,,,,,,,,,,-0.3752213,-0.596962,0.01683044,-0.2537766,-0.2262726,-0.4947815,-0.1799469,-0.5626144,-0.212574,-0.4979553,-0.2494736,-0.4772415,-0.2297935,-0.4973221,-0.1819534,-0.6546097,-2.930252,-2.560432,-0.320015,-0.6298676,-0.7370758,-0.7557831,-0.431839,-0.640419,-0.4054489,-0.6359863
3.9166669845581055,,,,,,,,,,,,,,,-0.3771744,-0.581337,0.01976013,-0.2459641,-0.2243195,-0.4938049,-0.1877594,-0.5587082,-0.2115974,-0.500885,-0.2514267,-0.4752884,-0.2346764,-0.4982986,-0.1741409,-0.6458206,-2.933182,-2.571175,-0.320015,-0.6386566,-0.7273102,-0.7596893,-0.4337921,-0.6384659,-0.4093552,-0.6525879
3.924999952316284,,,,,,,,,,,,,,,-0.3791275,-0.5647354,0.02073669,-0.2391281,-0.2204132,-0.4918518,-0.197525,-0.5508957,-0.2115974,-0.5047913,-0.2543564,-0.4782181,-0.2395592,-0.5012283,-0.167305,-0.6380081,-2.938065,-2.581917,-0.3209915,-0.6484222,-0.7146149,-0.7587128,-0.4406281,-0.6345596,-0.4103317,-0.6750488
3.933332920074463,,,,,,,,,,,,,,,-0.3810806,-0.5481339,0.02268982,-0.2322922,-0.2194366,-0.4928284,-0.2102203,-0.5430832,-0.2145271,-0.5057678,-0.2592392,-0.4879837,-0.244442,-0.5061111,-0.1604691,-0.6341019,-2.942947,-2.589729,-0.3209915,-0.6591644,-0.6980133,-0.7567596,-0.4513702,-0.6335831,-0.4171677,-0.6955566
3.933333333333333,0.0,-21.0,3.0,-15.0,0.0,-66.0,0.0,-631.0,-1.0,-1168.0,0.0,-67.0,-1.0,-459.0,,,,,,,,,,,,,,,,,,,,,,,,,,
3.941667079925537,,,,,,,,,,,,,,,-0.3859634,-0.5286026,0.02659607,-0.2303391,-0.2204132,-0.4967346,-0.2219391,-0.5342941,-0.2184334,-0.5047913,-0.2670517,-0.5026321,-0.2493248,-0.5129471,-0.1565628,-0.636055,-2.941971,-2.594612,-0.3180618,-0.6728363,-0.6833649,-0.7528534,-0.4611359,-0.6316299,-0.4240036,-0.7131348
3.950000047683716,,,,,,,,,,,,,,,-0.3927994,-0.5129776,0.02854919,-0.2303391,-0.2233429,-0.502594,-0.2307281,-0.5284348,-0.228199,-0.5018616,-0.2729111,-0.5153275,-0.2522545,-0.519783,-0.1565628,-0.6399612,-2.940018,-2.594612,-0.3122025,-0.6874847,-0.669693,-0.7460175,-0.4699249,-0.6306534,-0.4288864,-0.723877
3.9583330154418945,,,,,,,,,,,,,,,-0.3996353,-0.5002823,0.03050232,-0.2303391,-0.225296,-0.5094299,-0.2346344,-0.5245285,-0.2389412,-0.4979553,-0.2807236,-0.5280228,-0.2571373,-0.5256424,-0.1604691,-0.6467972,-2.938065,-2.588753,-0.30439,-0.7031097,-0.6609039,-0.7391815,-0.4757843,-0.6306534,-0.4318161,-0.7258301
3.966666666666667,0.0,-18.0,3.0,-11.0,-1.0,-70.0,0.0,-636.0,-1.0,-1168.0,0.0,-68.0,-1.0,-465.0,,,,,,,,,,,,,,,,,,,,,,,,,,
3.9666669368743896,,,,,,,,,,,,,,,-0.4094009,-0.487587,0.03147888,-0.2313156,-0.2262726,-0.5162659,-0.2336578,-0.5215988,-0.2506599,-0.4950256,-0.2856064,-0.5368118,-0.2590904,-0.5324783,-0.1663284,-0.6526566,-2.935135,-2.579964,-0.297554,-0.7216644,-0.6589508,-0.7303925,-0.4816437,-0.6306534,-0.4318161,-0.7199707
3.9749999046325684,,,,,,,,,,,,,,,-0.4172134,-0.480751,0.03050232,-0.2342453,-0.2262726,-0.5211487,-0.228775,-0.5225754,-0.2633553,-0.4911194,-0.2885361,-0.538765,-0.2610435,-0.535408,-0.1741409,-0.6575394,-2.935135,-2.573128,-0.2946243,-0.738266,-0.6579742,-0.7235565,-0.4796906,-0.6287003,-0.4269333,-0.708252
3.983333110809326,,,,,,,,,,,,,,,-0.4230728,-0.4797745,0.02659607,-0.2381516,-0.2262726,-0.5250549,-0.2219391,-0.5245285,-0.2770271,-0.4891663,-0.2875595,-0.5368118,-0.2620201,-0.5363846,-0.1839066,-0.6585159,-2.939041,-2.570198,-0.2926712,-0.7529144,-0.6599274,-0.715744,-0.4826202,-0.6267471,-0.4200974,-0.6916504
3.9916670322418213,,,,,,,,,,,,,,,-0.4250259,-0.4836807,0.02268982,-0.2430344,-0.2243195,-0.5240784,-0.2141266,-0.5274582,-0.2848396,-0.4901428,-0.2846298,-0.531929,-0.2610435,-0.535408,-0.1897659,-0.6594925,-2.943924,-2.571175,-0.2946243,-0.7646332,-0.6657867,-0.7059784,-0.478714,-0.6218643,-0.4122849,-0.6760254
4.0,0.0,-19.0,2.0,-9.0,-1.0,-72.0,0.0,-644.0,0.0,-1174.0,0.0,-69.0,-1.0,-472.0,-0.4230728,-0.4905167,0.01390076,-0.2518234,-0.2194366,-0.5172424,-0.2092438,-0.532341,-0.290699,-0.4911194,-0.2807236,-0.5241165,-0.2610435,-0.5334549,-0.1966019,-0.6624222,-2.954666,-2.575081,-0.3004837,-0.7685394,-0.6726227,-0.6981659,-0.4748077,-0.6179581,-0.407402,-0.6604004
4.008333206176758,,,,,,,,,,,,,,,-0.4172134,-0.5041885,0.009017944,-0.2625656,-0.2145538,-0.5084534,-0.2072906,-0.5391769,-0.2916756,-0.4960022,-0.2748642,-0.5182571,-0.260067,-0.5334549,-0.2014847,-0.6663284,-2.965408,-2.58094,-0.3112259,-0.769516,-0.6755524,-0.69133,-0.4699249,-0.6150284,-0.4025192,-0.6477051
4.016666889190674,,,,,,,,,,,,,,,-0.4084244,-0.5178604,0.003158569,-0.2694016,-0.2116241,-0.4967346,-0.2092438,-0.547966,-0.2916756,-0.5028381,-0.2738876,-0.5123978,-0.2571373,-0.5344315,-0.2073441,-0.6731644,-2.978104,-2.587776,-0.3229446,-0.7656097,-0.6794586,-0.6884003,-0.4660187,-0.6160049,-0.4034958,-0.6418457
4.025000095367432,,,,,,,,,,,,,,,-0.3976822,-0.5305557,-0.001724243,-0.2772141,-0.2067413,-0.4850159,-0.2151031,-0.5596848,-0.2887459,-0.5106506,-0.2738876,-0.507515,-0.2551842,-0.5363846,-0.2102737,-0.6839066,-2.990799,-2.591682,-0.3297806,-0.7587738,-0.6862946,-0.69133,-0.4601593,-0.6189346,-0.4083786,-0.6408691
4.033332824707031,,,,,,,,,,,,,,,-0.3908463,-0.5442276,-0.002700806,-0.2811203,-0.2028351,-0.4772034,-0.2238922,-0.5743332,-0.2848396,-0.5223694,-0.2758408,-0.5026321,-0.2522545,-0.542244,-0.2122269,-0.6946487,-3.000565,-2.593636,-0.3414993,-0.7519379,-0.6872711,-0.6981659,-0.4542999,-0.6228409,-0.4171677,-0.6428223
4.033333333333333,0.0,-24.0,2.0,-7.0,-2.0,-70.0,0.0,-649.0,0.0,-1188.0,-1.0,-71.0,0.0,-476.0,,,,,,,,,,,,,,,,,,,,,,,,,,
4.0416669845581055,,,,,,,,,,,,,,,-0.38694,-0.5530167,-0.002700806,-0.2781906,-0.200882,-0.4732971,-0.2307281,-0.594841,-0.2799568,-0.5350647,-0.279747,-0.500679,-0.2503014,-0.5471268,-0.21418,-0.7044144,-3.006424,-2.590706,-0.3483353,-0.7460785,-0.6931305,-0.7079315,-0.4533234,-0.6277237,-0.4259567,-0.6496582
4.050000190734863,,,,,,,,,,,,,,,-0.38694,-0.558876,-0.001724243,-0.2694016,-0.1979523,-0.4752502,-0.2365875,-0.6163254,-0.2760506,-0.54776,-0.2826767,-0.4987259,-0.2493248,-0.5529861,-0.21418,-0.7102737,-3.019119,-2.5868,-0.3571243,-0.7431488,-0.6950836,-0.7186737,-0.4542999,-0.6326065,-0.4347458,-0.6623535
4.058332920074463,,,,,,,,,,,,,,,-0.3898697,-0.558876,0.0002288818,-0.2596359,-0.1969757,-0.486969,-0.2424469,-0.6407394,-0.2760506,-0.5604553,-0.2817001,-0.4967728,-0.2483482,-0.5568924,-0.2112503,-0.7083206,-3.026932,-2.582893,-0.360054,-0.7441254,-0.6980133,-0.7333221,-0.4591827,-0.6355362,-0.4406052,-0.6779785
4.066666666666666,0.0,-24.0,2.0,-5.0,-2.0,-69.0,0.0,-649.0,0.0,-1208.0,-1.0,-77.0,-1.0,-481.0,,,,,,,,,,,,,,,,,,,,,,,,,,
4.066667079925537,,,,,,,,,,,,,,,-0.3976822,-0.5559464,0.002182007,-0.2498703,-0.1930695,-0.5045471,-0.2453766,-0.6632004,-0.2740974,-0.5711975,-0.2817001,-0.4948196,-0.2473717,-0.5598221,-0.2073441,-0.7014847,-3.034744,-2.585823,-0.3590775,-0.7470551,-0.7019196,-0.7479706,-0.4650421,-0.6355362,-0.4435349,-0.6945801
4.074999809265137,,,,,,,,,,,,,,,-0.4064713,-0.5520401,0.002182007,-0.2420578,-0.1911163,-0.5240784,-0.2502594,-0.6817551,-0.275074,-0.5770569,-0.2777939,-0.49189,-0.2463951,-0.5627518,-0.2024612,-0.6878128,-3.043533,-2.591682,-0.3571243,-0.7490082,-0.7068024,-0.7587128,-0.4777374,-0.6345596,-0.4425583,-0.7111816
4.0833330154418945,,,,,,,,,,,,,,,-0.4152603,-0.5461807,0.004135132,-0.2381516,-0.1872101,-0.5426331,-0.2541656,-0.6973801,-0.2780037,-0.5780334,-0.2729111,-0.4928665,-0.2463951,-0.5656815,-0.1946487,-0.6702347,-3.051346,-2.601448,-0.3532181,-0.7519379,-0.7116852,-0.7675018,-0.4894562,-0.6355362,-0.4376755,-0.7268066
4.091667175292969,,,,,,,,,,,,,,,-0.4211197,-0.5383682,0.008041382,-0.2410812,-0.1833038,-0.5602112,-0.2610016,-0.7090988,-0.2799568,-0.5741272,-0.2680283,-0.4938431,-0.244442,-0.5686111,-0.1887894,-0.6526566,-3.057205,-2.61512,-0.3493118,-0.7529144,-0.7155914,-0.7723846,-0.5031281,-0.6365128,-0.4318161,-0.7404785
4.099999904632568,,,,,,,,,,,,,,,-0.4250259,-0.5325089,0.01194763,-0.2479172,-0.1774445,-0.5748596,-0.2678375,-0.7139816,-0.2809334,-0.5653381,-0.264122,-0.4948196,-0.244442,-0.573494,-0.1848831,-0.636055,-3.061111,-2.628792,-0.3473587,-0.7509613,-0.7175446,-0.778244,-0.5109406,-0.6374893,-0.4259567,-0.7512207
4.1,0.0,-23.0,3.0,-4.0,-2.0,-68.0,0.0,-651.0,0.0,-1228.0,0.0,-79.0,-1.0,-484.0,,,,,,,,,,,,,,,,,,,,,,,,,,
4.108333110809326,,,,,,,,,,,,,,,-0.4250259,-0.5295792,0.01585388,-0.2586594,-0.1735382,-0.5826721,-0.27565,-0.7120285,-0.2828865,-0.5545959,-0.2631454,-0.500679,-0.244442,-0.5783768,-0.1839066,-0.6233597,-3.065994,-2.638557,-0.3483353,-0.7470551,-0.7224274,-0.7811737,-0.5207062,-0.6394424,-0.4200974,-0.7580566
4.116666793823242,,,,,,,,,,,,,,,-0.4250259,-0.527626,0.02366638,-0.2723312,-0.1735382,-0.5875549,-0.2805328,-0.7061691,-0.2828865,-0.5419006,-0.2631454,-0.5065384,-0.244442,-0.582283,-0.1839066,-0.6155472,-3.071854,-2.642464,-0.351265,-0.7441254,-0.7243805,-0.7831268,-0.5226593,-0.6423721,-0.4171677,-0.763916
4.125,,,,,,,,,,,,,,,-0.4201431,-0.527626,0.03050232,-0.2860031,-0.1725616,-0.5865784,-0.2854156,-0.6973801,-0.2838631,-0.5331116,-0.264122,-0.5123978,-0.2463951,-0.5861893,-0.1858597,-0.6135941,-3.077713,-2.641487,-0.3571243,-0.7421722,-0.7273102,-0.7870331,-0.525589,-0.6443253,-0.414238,-0.7678223
4.133333206176758,,,,,,,,,,,,,,,-0.4162369,-0.5286026,0.04124451,-0.2957687,-0.1715851,-0.5846252,-0.2883453,-0.6876144,-0.2828865,-0.5272522,-0.2680283,-0.5221634,-0.2483482,-0.589119,-0.1887894,-0.6155472,-3.082596,-2.636604,-0.3639603,-0.7421722,-0.7263336,-0.7928925,-0.5246124,-0.6472549,-0.4122849,-0.7678223
4.133333333333334,0.0,-23.0,3.0,-6.0,-2.0,-67.0,0.0,-656.0,0.0,-1246.0,0.0,-81.0,-1.0,-481.0,,,,,,,,,,,,,,,,,,,,,,,,,,
4.141666889190674,,,,,,,,,,,,,,,-0.4113541,-0.5305557,0.05101013,-0.3006516,-0.1735382,-0.5816956,-0.2893219,-0.6768723,-0.2828865,-0.5213928,-0.2690048,-0.531929,-0.2503014,-0.5930252,-0.1946487,-0.6214066,-3.089432,-2.628792,-0.3659134,-0.7470551,-0.7253571,-0.8026581,-0.5216827,-0.6482315,-0.4161911,-0.7687988
4.150000095367432,,,,,,,,,,,,,,,-0.4084244,-0.5364151,0.05882263,-0.3026047,-0.1715851,-0.580719,-0.2873688,-0.6661301,-0.2838631,-0.5174866,-0.2719345,-0.5397415,-0.253231,-0.5959549,-0.2014847,-0.6282425,-3.096268,-2.621956,-0.360054,-0.7548676,-0.7292633,-0.8153534,-0.5177765,-0.6501846,-0.4200974,-0.7668457
4.158332824707031,,,,,,,,,,,,,,,-0.4074478,-0.5481339,0.06663513,-0.2977219,-0.169632,-0.5826721,-0.2854156,-0.6592941,-0.2838631,-0.5204163,-0.2729111,-0.547554,-0.253231,-0.5998611,-0.2073441,-0.6370316,-3.099197,-2.620979,-0.3561478,-0.7626801,-0.7302399,-0.8290253,-0.5158234,-0.656044,-0.4259567,-0.7619629
4.166666666666667,1.0,-25.0,4.0,-10.0,-2.0,-70.0,0.0,-664.0,0.0,-1261.0,0.0,-82.0,-1.0,-481.0,,,,,,,,,,,,,,,,,,,,,,,,,,
4.1666669845581055,,,,,,,,,,,,,,,-0.4084244,-0.5618057,0.07054138,-0.2899094,-0.1676788,-0.5885315,-0.2834625,-0.657341,-0.2838631,-0.5243225,-0.2729111,-0.5514603,-0.2522545,-0.6076736,-0.2161331,-0.6497269,-3.10408,-2.627815,-0.3405228,-0.7714691,-0.7370758,-0.8426971,-0.5138702,-0.6648331,-0.4366989,-0.7580566
4.175000190734863,,,,,,,,,,,,,,,-0.4142838,-0.5784073,0.07347107,-0.2811203,-0.1647491,-0.596344,-0.2805328,-0.6592941,-0.2848396,-0.5282288,-0.2738876,-0.5514603,-0.2512779,-0.6145096,-0.2249222,-0.6585159,-3.108963,-2.639534,-0.3258743,-0.7792816,-0.7360992,-0.8514862,-0.5119171,-0.6765518,-0.4464645,-0.7541504
4.183332920074463,,,,,,,,,,,,,,,-0.4240494,-0.5950089,0.07347107,-0.2733078,-0.1618195,-0.6041565,-0.2785797,-0.6671066,-0.2828865,-0.5350647,-0.2709579,-0.5514603,-0.2493248,-0.620369,-0.2327347,-0.6643753,-3.110916,-2.658089,-0.3073196,-0.7841644,-0.7390289,-0.8534393,-0.5060577,-0.6882706,-0.4552536,-0.748291
4.191667079925537,,,,,,,,,,,,,,,-0.4367447,-0.6106339,0.07151794,-0.2713547,-0.1588898,-0.6139221,-0.27565,-0.6749191,-0.2780037,-0.5419006,-0.2690048,-0.5485306,-0.2473717,-0.629158,-0.2395706,-0.6712112,-3.114822,-2.68055,-0.288765,-0.7841644,-0.7429352,-0.8495331,-0.5011749,-0.7009659,-0.4679489,-0.7443848
4.199999809265137,,,,,,,,,,,,,,,-0.4513931,-0.6262589,0.06761169,-0.2742844,-0.1588898,-0.6227112,-0.2746735,-0.6837082,-0.2731209,-0.5487366,-0.2660751,-0.547554,-0.244442,-0.635994,-0.2425003,-0.6770706,-3.124588,-2.701057,-0.2780228,-0.7812347,-0.7448883,-0.8387909,-0.4953156,-0.7136612,-0.4757614,-0.7443848
4.2,0.0,-29.0,4.0,-15.0,-1.0,-76.0,0.0,-670.0,0.0,-1272.0,0.0,-83.0,-1.0,-485.0,,,,,,,,,,,,,,,,,,,,,,,,,,
4.2083330154418945,,,,,,,,,,,,,,,-0.465065,-0.6350479,0.06565857,-0.2860031,-0.1608429,-0.627594,-0.2727203,-0.6924973,-0.2672615,-0.5565491,-0.2631454,-0.5495071,-0.2434654,-0.6428299,-0.2425003,-0.6780472,-3.130447,-2.718636,-0.2692337,-0.7792816,-0.7409821,-0.8231659,-0.4894562,-0.7253799,-0.4786911,-0.7443848
4.216667175292969,,,,,,,,,,,,,,,-0.4767838,-0.6409073,0.06468201,-0.3006516,-0.1637726,-0.6305237,-0.2727203,-0.6993332,-0.2584724,-0.5643616,-0.2621689,-0.55439,-0.2415123,-0.6467361,-0.2376175,-0.6780472,-3.137283,-2.731331,-0.2682571,-0.7783051,-0.7390289,-0.8036346,-0.4835968,-0.7370987,-0.4816208,-0.7463379
4.224999904632568,,,,,,,,,,,,,,,-0.4845963,-0.643837,0.06468201,-0.3182297,-0.1686554,-0.6285706,-0.2707672,-0.7051926,-0.2506599,-0.5721741,-0.264122,-0.5661087,-0.2434654,-0.651619,-0.2346878,-0.6780472,-3.144119,-2.741096,-0.27314,-0.7812347,-0.7351227,-0.7870331,-0.4806671,-0.7478409,-0.4786911,-0.7502441
4.233333110809326,,,,,,,,,,,,,,,-0.4904556,-0.6457901,0.06468201,-0.3348312,-0.1754913,-0.6227112,-0.2688141,-0.7081223,-0.2467537,-0.5809631,-0.2670517,-0.5836868,-0.2454185,-0.6535721,-0.2278519,-0.6770706,-3.149979,-2.745003,-0.2829056,-0.7870941,-0.7341461,-0.7733612,-0.4806671,-0.7566299,-0.4757614,-0.7580566
4.233333333333333,0.0,-31.0,4.0,-19.0,-2.0,-85.0,0.0,-672.0,0.0,-1282.0,0.0,-81.0,-1.0,-488.0,,,,,,,,,,,,,,,,,,,,,,,,,,
4.241666793823242,,,,,,,,,,,,,,,-0.4894791,-0.6487198,0.06468201,-0.3485031,-0.185257,-0.6168518,-0.266861,-0.7120285,-0.2428474,-0.5887756,-0.2729111,-0.6022415,-0.2483482,-0.6555252,-0.2229691,-0.6760941,-3.157791,-2.748909,-0.2946243,-0.7949066,-0.7351227,-0.7655487,-0.4816437,-0.7663956,-0.4689255,-0.7668457
4.25,,,,,,,,,,,,,,,-0.4836197,-0.652626,0.06370544,-0.3563156,-0.1930695,-0.6100159,-0.2619781,-0.7149582,-0.2418709,-0.5965881,-0.2826767,-0.6198196,-0.2542076,-0.6584549,-0.2180862,-0.6751175,-3.155838,-2.756721,-0.3102493,-0.8027191,-0.7400055,-0.762619,-0.4835968,-0.7751846,-0.4640427,-0.7756348
4.258333206176758,,,,,,,,,,,,,,,-0.4797134,-0.659462,0.05882263,-0.3592453,-0.1999054,-0.6041565,-0.2570953,-0.7178879,-0.2418709,-0.6053772,-0.2924423,-0.6344681,-0.2581139,-0.6594315,-0.2151566,-0.6760941,-3.156815,-2.764534,-0.3248978,-0.8105316,-0.7439117,-0.7645721,-0.4865265,-0.781044,-0.4620895,-0.7844238
4.266666666666667,0.0,-29.0,3.0,-21.0,-2.0,-87.0,0.0,-677.0,0.0,-1291.0,0.0,-78.0,-1.0,-491.0,,,,,,,,,,,,,,,,,,,,,,,,,,
4.266666889190674,,,,,,,,,,,,,,,-0.4748306,-0.6702042,0.05003357,-0.3543625,-0.2057648,-0.5992737,-0.2522125,-0.7188644,-0.2457771,-0.6073303,-0.3012314,-0.6432571,-0.2639732,-0.6584549,-0.21418,-0.6770706,-3.150955,-2.776253,-0.3317337,-0.8115082,-0.7517242,-0.7714081,-0.4865265,-0.7829971,-0.4630661,-0.7932129
4.275000095367432,,,,,,,,,,,,,,,-0.4738541,-0.6819229,0.03831482,-0.34655,-0.2067413,-0.5953674,-0.2473297,-0.7178879,-0.2516365,-0.6063538,-0.3090439,-0.6442337,-0.2708092,-0.6584549,-0.2132034,-0.6770706,-3.145096,-2.787971,-0.3366165,-0.8085785,-0.7624664,-0.7821503,-0.4855499,-0.7839737,-0.4640427,-0.8000488
4.283332824707031,,,,,,,,,,,,,,,-0.4709244,-0.6936417,0.02757263,-0.3367844,-0.2077179,-0.5934143,-0.2424469,-0.7178879,-0.2584724,-0.6004944,-0.3119736,-0.6383743,-0.2747154,-0.660408,-0.2122269,-0.6790237,-3.136307,-2.796761,-0.3366165,-0.8017426,-0.7712555,-0.7928925,-0.4816437,-0.7820206,-0.469902,-0.8029785
4.2916669845581055,,,,,,,,,,,,,,,-0.4699478,-0.7043839,0.01683044,-0.3289719,-0.2077179,-0.5934143,-0.2385406,-0.7159348,-0.2662849,-0.5926819,-0.3129501,-0.625679,-0.2776451,-0.6652908,-0.2112503,-0.6790237,-3.128494,-2.798714,-0.3317337,-0.7929535,-0.7800446,-0.8065643,-0.4767609,-0.7761612,-0.4796677,-0.8029785
4.3,0.0,-28.0,3.0,-24.0,-1.0,-87.0,0.0,-681.0,0.0,-1294.0,0.0,-80.0,-1.0,-495.0,,,,,,,,,,,,,,,,,,,,,,,,,,
4.300000190734863,,,,,,,,,,,,,,,-0.4719009,-0.715126,0.009994507,-0.3231125,-0.2038116,-0.5943909,-0.235611,-0.7159348,-0.2760506,-0.5848694,-0.3100204,-0.6071243,-0.2795982,-0.667244,-0.2112503,-0.6751175,-3.120682,-2.791878,-0.3258743,-0.785141,-0.7898102,-0.8153534,-0.4728546,-0.7693253,-0.4874802,-0.7971191
4.308332920074463,,,,,,,,,,,,,,,-0.4709244,-0.721962,0.004135132,-0.3201828,-0.200882,-0.596344,-0.2336578,-0.7159348,-0.2838631,-0.5819397,-0.3022079,-0.5914993,-0.2805748,-0.6643143,-0.2122269,-0.6702347,-3.111893,-2.778206,-0.3190384,-0.7783051,-0.8005524,-0.8202362,-0.4709015,-0.765419,-0.4943161,-0.7893066
4.316667079925537,,,,,,,,,,,,,,,-0.4679947,-0.7258682,0.003158569,-0.3250656,-0.1989288,-0.5992737,-0.2326813,-0.7188644,-0.290699,-0.5819397,-0.295372,-0.5768509,-0.2835045,-0.6584549,-0.21418,-0.6663284,-3.107986,-2.757698,-0.313179,-0.7743988,-0.8112946,-0.825119,-0.4699249,-0.7634659,-0.501152,-0.7824707
4.324999809265137,,,,,,,,,,,,,,,-0.4631119,-0.7248917,0.006088257,-0.330925,-0.1959991,-0.6012268,-0.2336578,-0.7257004,-0.2975349,-0.5877991,-0.2895126,-0.5680618,-0.284481,-0.6457596,-0.2161331,-0.6633987,-3.10994,-2.731331,-0.3112259,-0.7743988,-0.8239899,-0.8260956,-0.4718781,-0.7624893,-0.5031052,-0.7775879
4.3333330154418945,,,,,,,,,,,,,,,-0.4562759,-0.7190323,0.01097107,-0.3397141,-0.1950226,-0.6012268,-0.2375641,-0.7325363,-0.3014412,-0.5985413,-0.2856064,-0.5651321,-0.2854576,-0.6262283,-0.2200394,-0.6604691,-3.10994,-2.703011,-0.3112259,-0.7773285,-0.8327789,-0.8241425,-0.4748077,-0.7624893,-0.5001755,-0.7736816
4.333333333333333,0.0,-28.0,3.0,-28.0,-1.0,-85.0,0.0,-683.0,0.0,-1299.0,0.0,-82.0,0.0,-499.0,,,,,,,,,,,,,,,,,,,,,,,,,,
4.341667175292969,,,,,,,,,,,,,,,-0.4484634,-0.7112198,0.01487732,-0.3475266,-0.194046,-0.5992737,-0.2424469,-0.7403488,-0.3033943,-0.61026,-0.2846298,-0.5719681,-0.2874107,-0.6018143,-0.2239456,-0.6624222,-3.116776,-2.68055,-0.3180618,-0.7822113,-0.8435211,-0.8221893,-0.478714,-0.7644424,-0.4943161,-0.770752
4.349999904632568,,,,,,,,,,,,,,,-0.4406509,-0.6985245,0.01683044,-0.3553391,-0.194046,-0.5934143,-0.2492828,-0.7481613,-0.3024178,-0.6219788,-0.2875595,-0.58564,-0.2883873,-0.5754471,-0.229805,-0.667305,-3.125565,-2.664925,-0.3248978,-0.7890472,-0.8464508,-0.8182831,-0.4855499,-0.7663956,-0.4835739,-0.7687988
4.358333110809326,,,,,,,,,,,,,,,-0.4347916,-0.6858292,0.01585388,-0.3572922,-0.1930695,-0.5846252,-0.2570953,-0.751091,-0.3024178,-0.6327209,-0.2983017,-0.6061478,-0.2883873,-0.551033,-0.2356644,-0.6760941,-3.137283,-2.654182,-0.3327103,-0.7968597,-0.8454742,-0.8143768,-0.4923859,-0.7663956,-0.4689255,-0.7678223
4.366666666666666,0.0,-28.0,3.0,-34.0,-1.0,-80.0,0.0,-689.0,0.0,-1305.0,0.0,-86.0,0.0,-505.0,,,,,,,,,,,,,,,,,,,,,,,,,,
4.366666793823242,,,,,,,,,,,,,,,-0.4308853,-0.6741104,0.01292419,-0.3533859,-0.1930695,-0.5729065,-0.2678375,-0.7520676,-0.2985115,-0.6376038,-0.3100204,-0.6276321,-0.2864342,-0.5315018,-0.2395706,-0.6887894,-3.150955,-2.650276,-0.3405228,-0.8027191,-0.8376617,-0.8134003,-0.5041046,-0.7615128,-0.4533005,-0.7648926
4.375,,,,,,,,,,,,,,,-0.4289322,-0.6604385,0.009994507,-0.3436203,-0.194046,-0.5641174,-0.2746735,-0.7471848,-0.2936287,-0.6395569,-0.3236923,-0.6461868,-0.2815514,-0.5227127,-0.2434769,-0.6995316,-3.163651,-2.650276,-0.3473587,-0.8066254,-0.8230133,-0.8124237,-0.5128937,-0.7546768,-0.4376755,-0.7609863
4.383333206176758,,,,,,,,,,,,,,,-0.4289322,-0.6496964,0.004135132,-0.3260422,-0.194046,-0.5563049,-0.282486,-0.7393723,-0.2897224,-0.6385803,-0.3363876,-0.6618118,-0.2747154,-0.5188065,-0.24543,-0.7092972,-3.179276,-2.651253,-0.3502884,-0.8095551,-0.8044586,-0.8085175,-0.5236359,-0.7458878,-0.4240036,-0.7570801
4.391666889190674,,,,,,,,,,,,,,,-0.4289322,-0.6399307,-0.001724243,-0.3055344,-0.1950226,-0.5514221,-0.2902985,-0.7325363,-0.2867928,-0.6317444,-0.3461533,-0.6686478,-0.2659264,-0.5207596,-0.2434769,-0.7132034,-3.191971,-2.653206,-0.351265,-0.8095551,-0.7859039,-0.8055878,-0.5324249,-0.7390518,-0.414238,-0.7541504
4.4,0.0,-32.0,3.0,-33.0,-2.0,-81.0,0.0,-695.0,0.0,-1312.0,0.0,-87.0,0.0,-511.0,,,,,,,,,,,,,,,,,,,,,,,,,,
4.400000095367432,,,,,,,,,,,,,,,-0.4299088,-0.6291885,-0.007583618,-0.2889328,-0.194046,-0.5523987,-0.2932281,-0.7286301,-0.2867928,-0.6229553,-0.3559189,-0.6696243,-0.2581139,-0.526619,-0.2405472,-0.7151566,-3.207596,-2.6493,-0.351265,-0.8066254,-0.7693024,-0.8055878,-0.5402374,-0.734169,-0.407402,-0.755127
4.408332824707031,,,,,,,,,,,,,,,-0.4289322,-0.6174698,-0.009536743,-0.2772141,-0.1950226,-0.5582581,-0.2942047,-0.7266769,-0.2887459,-0.6122131,-0.3588486,-0.6676712,-0.2493248,-0.5324783,-0.2376175,-0.7151566,-3.223221,-2.642464,-0.3493118,-0.8036957,-0.7546539,-0.809494,-0.5431671,-0.7302628,-0.4044724,-0.7619629
4.4166669845581055,,,,,,,,,,,,,,,-0.4289322,-0.6077042,-0.01148987,-0.2733078,-0.1969757,-0.5670471,-0.2932281,-0.7286301,-0.2936287,-0.5995178,-0.3617783,-0.6608353,-0.2415123,-0.5402908,-0.2337112,-0.7122269,-3.240799,-2.634651,-0.3483353,-0.8017426,-0.7468414,-0.8134003,-0.5402374,-0.7273331,-0.4034958,-0.7717285
4.425000190734863,,,,,,,,,,,,,,,-0.4299088,-0.5989151,-0.01148987,-0.2791672,-0.1969757,-0.5777893,-0.291275,-0.7344894,-0.2994881,-0.5887756,-0.3627548,-0.6510696,-0.237606,-0.5451736,-0.229805,-0.7092972,-3.257401,-2.628792,-0.3473587,-0.7997894,-0.7448883,-0.8192596,-0.5324249,-0.7253799,-0.4054489,-0.7883301
4.433332920074463,,,,,,,,,,,,,,,-0.4299088,-0.5930557,-0.009536743,-0.2918625,-0.1989288,-0.5885315,-0.2893219,-0.7413254,-0.3082771,-0.5819397,-0.3627548,-0.6442337,-0.2336998,-0.551033,-0.2268753,-0.7083206,-3.270096,-2.622932,-0.3473587,-0.7988129,-0.7507477,-0.825119,-0.5226593,-0.7263565,-0.4093552,-0.8088379
4.433333333333334,1.0,-35.0,3.0,-29.0,-2.0,-82.0,0.0,-700.0,0.0,-1325.0,0.0,-91.0,0.0,-515.0,,,,,,,,,,,,,,,,,,,,,,,,,,
4.441667079925537,,,,,,,,,,,,,,,-0.4299088,-0.5911026,-0.003677368,-0.3113937,-0.200882,-0.596344,-0.2873688,-0.7491379,-0.3151131,-0.57901,-0.3647079,-0.6383743,-0.2327232,-0.5588455,-0.2268753,-0.7073441,-3.284744,-2.624886,-0.3502884,-0.7988129,-0.7536774,-0.8329315,-0.509964,-0.7234268,-0.4181442,-0.8283691
4.449999809265137,,,,,,,,,,,,,,,-0.4328384,-0.5950089,0.001205444,-0.3289719,-0.2018585,-0.5973206,-0.2873688,-0.7540207,-0.3190193,-0.5799866,-0.3676376,-0.6334915,-0.2327232,-0.5656815,-0.2258987,-0.7092972,-3.292557,-2.632698,-0.351265,-0.8017426,-0.7624664,-0.8397675,-0.5011749,-0.7195206,-0.4249802,-0.8459473
4.4583330154418945,,,,,,,,,,,,,,,-0.4377213,-0.6047745,0.009994507,-0.3406906,-0.2077179,-0.5943909,-0.2883453,-0.7530441,-0.3209724,-0.5848694,-0.3686142,-0.6315384,-0.2356529,-0.5744705,-0.2258987,-0.7132034,-3.29451,-2.641487,-0.3532181,-0.8046722,-0.7693024,-0.8446503,-0.494339,-0.7146378,-0.4318161,-0.8586426
4.466666666666667,1.0,-36.0,3.0,-29.0,-2.0,-79.0,-1.0,-704.0,0.0,-1336.0,0.0,-94.0,0.0,-515.0,,,,,,,,,,,,,,,,,,,,,,,,,,
4.466667175292969,,,,,,,,,,,,,,,-0.4416275,-0.6164932,0.01976013,-0.3455734,-0.2106476,-0.5895081,-0.2893219,-0.7471848,-0.3209724,-0.5926819,-0.3647079,-0.6266556,-0.2395592,-0.5881424,-0.2268753,-0.7171097,-3.29451,-2.654182,-0.3551712,-0.8076019,-0.7771149,-0.84758,-0.4933624,-0.7078018,-0.4435349,-0.864502
4.474999904632568,,,,,,,,,,,,,,,-0.4474869,-0.628212,0.02757263,-0.3455734,-0.2174835,-0.5787659,-0.291275,-0.7364426,-0.3180428,-0.5995178,-0.3588486,-0.6217728,-0.2454185,-0.6018143,-0.2258987,-0.7190628,-3.293533,-2.664925,-0.3541946,-0.8115082,-0.7829742,-0.8495331,-0.4962921,-0.702919,-0.4523239,-0.8635254
4.483333110809326,,,,,,,,,,,,,,,-0.4513931,-0.637001,0.03343201,-0.3377609,-0.2243195,-0.5670471,-0.2922516,-0.7227707,-0.3151131,-0.6053772,-0.3510361,-0.61689,-0.2503014,-0.6106033,-0.2258987,-0.7200394,-3.293533,-2.671761,-0.3561478,-0.816391,-0.7956696,-0.8514862,-0.5050812,-0.6999893,-0.461113,-0.8547363
4.491666793823242,,,,,,,,,,,,,,,-0.4543228,-0.6409073,0.03831482,-0.3289719,-0.2311554,-0.5572815,-0.2932281,-0.7081223,-0.3131599,-0.6063538,-0.3383408,-0.6090775,-0.2542076,-0.6164627,-0.2239456,-0.7200394,-3.29451,-2.672737,-0.3532181,-0.8232269,-0.8083649,-0.8534393,-0.5148468,-0.6960831,-0.4708786,-0.8400879
4.5,1.0,-39.0,2.0,-28.0,-1.0,-74.0,0.0,-709.0,0.0,-1345.0,0.0,-96.0,0.0,-516.0,-0.4582291,-0.6428604,0.04124451,-0.3192062,-0.2379913,-0.5504456,-0.2893219,-0.6905441,-0.3102303,-0.6044006,-0.3227158,-0.6022415,-0.2542076,-0.6223221,-0.2200394,-0.7200394,-3.301346,-2.671761,-0.3541946,-0.8281097,-0.8239899,-0.8544159,-0.5246124,-0.6941299,-0.476738,-0.8205566
4.508333206176758,,,,,,,,,,,,,,,-0.4601822,-0.6389542,0.03929138,-0.3084641,-0.2438507,-0.5445862,-0.2883453,-0.6749191,-0.3092537,-0.5975647,-0.3061142,-0.5993118,-0.2503014,-0.6232986,-0.2190628,-0.7180862,-3.308182,-2.666878,-0.3532181,-0.832016,-0.8435211,-0.8524628,-0.5353546,-0.6941299,-0.4786911,-0.8010254
4.516666889190674,,,,,,,,,,,,,,,-0.4631119,-0.6330948,0.03636169,-0.3035812,-0.247757,-0.5406799,-0.2863922,-0.6641769,-0.3073006,-0.5897522,-0.2943954,-0.5973587,-0.244442,-0.620369,-0.21418,-0.7180862,-3.316971,-2.665901,-0.3571243,-0.8368988,-0.8650055,-0.8495331,-0.5441437,-0.6951065,-0.4796677,-0.7824707
4.525000095367432,,,,,,,,,,,,,,,-0.4660416,-0.6301651,0.03538513,-0.3035812,-0.247757,-0.5426331,-0.2834625,-0.6563644,-0.3053474,-0.5809631,-0.2846298,-0.601265,-0.237606,-0.6154861,-0.2102737,-0.7210159,-3.326736,-2.669807,-0.3639603,-0.8378754,-0.8855133,-0.8466034,-0.5480499,-0.6970596,-0.4738083,-0.7697754
4.533332824707031,,,,,,,,,,,,,,,-0.4699478,-0.6301651,0.03343201,-0.3065109,-0.2497101,-0.5426331,-0.282486,-0.6563644,-0.3014412,-0.5721741,-0.2748642,-0.610054,-0.228817,-0.6115799,-0.2092972,-0.7288284,-3.335526,-2.67762,-0.3717728,-0.8398285,-0.9001617,-0.8417206,-0.5500031,-0.7009659,-0.4669724,-0.7658691
4.533333333333333,0.0,-40.0,2.0,-22.0,-1.0,-71.0,0.0,-722.0,0.0,-1354.0,0.0,-95.0,0.0,-520.0,,,,,,,,,,,,,,,,,,,,,,,,,,
4.5416669845581055,,,,,,,,,,,,,,,-0.4758072,-0.6340714,0.03050232,-0.3143234,-0.2487335,-0.5397034,-0.2834625,-0.6680832,-0.2994881,-0.5643616,-0.2699814,-0.6207962,-0.2229576,-0.6086502,-0.2083206,-0.7385941,-3.338455,-2.689339,-0.3864212,-0.8398285,-0.9099274,-0.8368378,-0.5500031,-0.7097549,-0.4552536,-0.7687988
4.550000190734863,,,,,,,,,,,,,,,-0.4845963,-0.6418839,0.03050232,-0.3231125,-0.2467804,-0.5348206,-0.282486,-0.6846848,-0.2936287,-0.5585022,-0.2699814,-0.6373978,-0.2239342,-0.6066971,-0.2102737,-0.7503128,-3.340408,-2.703987,-0.3942337,-0.8388519,-0.9148102,-0.8329315,-0.5470734,-0.7195206,-0.4464645,-0.779541
4.558332920074463,,,,,,,,,,,,,,,-0.4924088,-0.652626,0.02854919,-0.3319016,-0.2458038,-0.5260315,-0.2805328,-0.7051926,-0.2887459,-0.5555725,-0.2709579,-0.6559525,-0.2297935,-0.6115799,-0.2132034,-0.7600784,-3.343338,-2.717659,-0.4030228,-0.8378754,-0.9148102,-0.8270721,-0.5382843,-0.734169,-0.4376755,-0.7941895
4.566666666666666,0.0,-42.0,2.0,-17.0,-1.0,-68.0,0.0,-736.0,0.0,-1364.0,0.0,-95.0,0.0,-527.0,,,,,,,,,,,,,,,,,,,,,,,,,,
4.566667079925537,,,,,,,,,,,,,,,-0.4992447,-0.6623917,0.02952576,-0.3406906,-0.2448273,-0.5123596,-0.2795563,-0.7286301,-0.2858162,-0.5555725,-0.2787704,-0.6706009,-0.2385826,-0.6193924,-0.2210159,-0.7669144,-3.345291,-2.728401,-0.4098587,-0.8388519,-0.9109039,-0.8192596,-0.5304718,-0.7468643,-0.4347458,-0.8146973
4.574999809265137,,,,,,,,,,,,,,,-0.5051041,-0.6721573,0.02561951,-0.3455734,-0.2448273,-0.4928284,-0.2795563,-0.7501144,-0.2819099,-0.5575256,-0.2856064,-0.6872025,-0.2493248,-0.6301346,-0.2288284,-0.7727737,-3.347244,-2.734261,-0.4098587,-0.8437347,-0.9060211,-0.8075409,-0.5236359,-0.7615128,-0.4318161,-0.8352051
4.5833330154418945,,,,,,,,,,,,,,,-0.5080338,-0.683876,0.02268982,-0.3455734,-0.2428741,-0.4732971,-0.2785797,-0.766716,-0.2809334,-0.563385,-0.2943954,-0.7008743,-0.260067,-0.6428299,-0.2376175,-0.7708206,-3.352127,-2.733284,-0.4039993,-0.8505707,-0.8972321,-0.793869,-0.5167999,-0.7703018,-0.4337692,-0.8566895
4.591667175292969,,,,,,,,,,,,,,,-0.5080338,-0.6965714,0.01780701,-0.3397141,-0.2438507,-0.455719,-0.2785797,-0.7764816,-0.2809334,-0.5692444,-0.3031845,-0.7096634,-0.2669029,-0.6555252,-0.2483597,-0.761055,-3.356033,-2.727425,-0.3932571,-0.8583832,-0.8894196,-0.778244,-0.5119171,-0.7683487,-0.4357224,-0.8742676
4.599999904632568,,,,,,,,,,,,,,,-0.5060806,-0.7053604,0.01292419,-0.3319016,-0.2458038,-0.4420471,-0.2815094,-0.7794113,-0.2838631,-0.5751038,-0.3100204,-0.7184525,-0.2737389,-0.6652908,-0.2551956,-0.7503128,-3.358963,-2.719612,-0.3795853,-0.8652191,-0.8816071,-0.7577362,-0.5128937,-0.7615128,-0.4396286,-0.8879395
4.6,0.0,-44.0,1.0,-17.0,-1.0,-67.0,0.0,-747.0,0.0,-1373.0,0.0,-94.0,0.0,-534.0,,,,,,,,,,,,,,,,,,,,,,,,,,
4.608333110809326,,,,,,,,,,,,,,,-0.5021744,-0.7141495,0.01097107,-0.3221359,-0.2458038,-0.4342346,-0.2873688,-0.7764816,-0.2897224,-0.57901,-0.3168564,-0.7223587,-0.2737389,-0.6682205,-0.261055,-0.7366409,-3.361893,-2.709846,-0.3649368,-0.8720551,-0.8757477,-0.7391815,-0.5148468,-0.7478409,-0.4415817,-0.8986816
4.616666793823242,,,,,,,,,,,,,,,-0.4992447,-0.7239151,0.009994507,-0.3113937,-0.247757,-0.4342346,-0.2932281,-0.7696457,-0.2975349,-0.5809631,-0.3217392,-0.7233353,-0.2698326,-0.667244,-0.2639847,-0.7219925,-3.35994,-2.701057,-0.351265,-0.878891,-0.8689117,-0.7186737,-0.5236359,-0.7312393,-0.445488,-0.9064941
4.625,,,,,,,,,,,,,,,-0.496315,-0.730751,0.01390076,-0.3035812,-0.2497101,-0.4381409,-0.298111,-0.7608566,-0.3043709,-0.5819397,-0.3217392,-0.7223587,-0.2639732,-0.660408,-0.2639847,-0.7073441,-3.35701,-2.695198,-0.3454056,-0.8808441,-0.8659821,-0.7040253,-0.5324249,-0.7136612,-0.445488,-0.9084473
4.633333206176758,,,,,,,,,,,,,,,-0.4924088,-0.7346573,0.01976013,-0.2986984,-0.2516632,-0.4479065,-0.3039703,-0.7501144,-0.3141365,-0.5819397,-0.3227158,-0.7184525,-0.2590904,-0.6486893,-0.2659378,-0.6936722,-3.351151,-2.690315,-0.3385696,-0.8808441,-0.8650055,-0.6952362,-0.5421906,-0.6990128,-0.4503708,-0.9064941
4.633333333333334,0.0,-46.0,1.0,-20.0,-1.0,-65.0,-1.0,-755.0,0.0,-1380.0,0.0,-91.0,-1.0,-536.0,,,,,,,,,,,,,,,,,,,,,,,,,,
4.641666889190674,,,,,,,,,,,,,,,-0.4904556,-0.7356339,0.02952576,-0.2947922,-0.2497101,-0.4625549,-0.3039703,-0.7383957,-0.3199959,-0.5819397,-0.3246689,-0.7086868,-0.2551842,-0.635994,-0.2630081,-0.6800003,-3.343338,-2.687386,-0.3385696,-0.878891,-0.8679352,-0.6893768,-0.5500031,-0.6892471,-0.4562302,-0.8996582
4.650000095367432,,,,,,,,,,,,,,,-0.4875259,-0.7346573,0.04124451,-0.2899094,-0.247757,-0.4762268,-0.2990875,-0.7266769,-0.3278084,-0.5838928,-0.326622,-0.6959915,-0.2522545,-0.6242752,-0.2600784,-0.6712112,-3.337479,-2.682503,-0.344429,-0.8740082,-0.8747711,-0.6874237,-0.5558624,-0.6882706,-0.4630661,-0.8908691
4.658332824707031,,,,,,,,,,,,,,,-0.4826431,-0.7327042,0.05101013,-0.2820969,-0.2448273,-0.4898987,-0.291275,-0.7139816,-0.3307381,-0.5887756,-0.3295517,-0.67939,-0.2493248,-0.6125565,-0.2581253,-0.6663284,-3.335526,-2.679573,-0.3532181,-0.8710785,-0.8796539,-0.6903534,-0.5597687,-0.6921768,-0.4718552,-0.8811035
4.666666666666667,0.0,-45.0,1.0,-20.0,-2.0,-68.0,-1.0,-762.0,0.0,-1390.0,0.0,-89.0,-1.0,-534.0,,,,,,,,,,,,,,,,,,,,,,,,,,
4.6666669845581055,,,,,,,,,,,,,,,-0.4787369,-0.7297745,0.05686951,-0.2674484,-0.2399445,-0.5045471,-0.2844391,-0.7022629,-0.3326912,-0.5965881,-0.3334579,-0.6618118,-0.2483482,-0.6008377,-0.2551956,-0.6643753,-3.332596,-2.675667,-0.3620071,-0.8652191,-0.8845367,-0.6981659,-0.5607452,-0.7009659,-0.4777145,-0.8703613
4.675000190734863,,,,,,,,,,,,,,,-0.4719009,-0.7297745,0.05882263,-0.2498703,-0.2350616,-0.518219,-0.2776031,-0.6895676,-0.3326912,-0.6073303,-0.3373642,-0.6432571,-0.2493248,-0.5871658,-0.2551956,-0.667305,-3.333572,-2.665901,-0.3707962,-0.8593597,-0.8855133,-0.7079315,-0.5617218,-0.7136612,-0.4865036,-0.8605957
4.683332920074463,,,,,,,,,,,,,,,-0.4660416,-0.7336807,0.05589294,-0.2283859,-0.2331085,-0.5289612,-0.2727203,-0.6778488,-0.3307381,-0.6170959,-0.342247,-0.625679,-0.2512779,-0.573494,-0.2542191,-0.6721878,-3.339432,-2.655159,-0.3815384,-0.8544769,-0.8845367,-0.7216034,-0.5626984,-0.7273331,-0.4904099,-0.8527832
4.691667079925537,,,,,,,,,,,,,,,-0.4601822,-0.737587,0.05003357,-0.2088547,-0.2331085,-0.5367737,-0.2707672,-0.6700363,-0.3297615,-0.625885,-0.3471298,-0.610054,-0.2542076,-0.5598221,-0.2561722,-0.6790237,-3.348221,-2.644417,-0.3942337,-0.8495941,-0.8816071,-0.7372284,-0.5646515,-0.7419815,-0.4962692,-0.8479004
4.699999809265137,,,,,,,,,,,,,,,-0.4562759,-0.7424698,0.04026794,-0.1942062,-0.2340851,-0.5436096,-0.2727203,-0.6632004,-0.3248787,-0.6317444,-0.3510361,-0.5993118,-0.2610435,-0.5451736,-0.2551956,-0.6839066,-3.35994,-2.631721,-0.4059525,-0.847641,-0.8757477,-0.75383,-0.5675812,-0.7605362,-0.5021286,-0.842041
4.7,0.0,-44.0,2.0,-20.0,-2.0,-72.0,0.0,-767.0,0.0,-1399.0,0.0,-82.0,-1.0,-535.0,,,,,,,,,,,,,,,,,,,,,,,,,,
4.7083330154418945,,,,,,,,,,,,,,,-0.4562759,-0.7512589,0.03147888,-0.1854172,-0.2360382,-0.5455627,-0.2766266,-0.657341,-0.3199959,-0.6327209,-0.3539658,-0.5924759,-0.268856,-0.5315018,-0.2571487,-0.68293,-3.379471,-2.620003,-0.4166946,-0.8466644,-0.8718414,-0.7714081,-0.5675812,-0.7742081,-0.5050583,-0.8352051
4.716667175292969,,,,,,,,,,,,,,,-0.4592056,-0.7580948,0.02561951,-0.1863937,-0.2399445,-0.5445862,-0.2785797,-0.6534348,-0.3151131,-0.6297913,-0.3539658,-0.5895462,-0.2766685,-0.519783,-0.2591019,-0.6770706,-3.396072,-2.611214,-0.4313431,-0.8486176,-0.8698883,-0.7880096,-0.5685577,-0.7839737,-0.5099411,-0.826416
4.724999904632568,,,,,,,,,,,,,,,-0.4660416,-0.7600479,0.02268982,-0.1981125,-0.2438507,-0.5397034,-0.2795563,-0.6485519,-0.3112068,-0.6229553,-0.3539658,-0.5885696,-0.2854576,-0.510994,-0.2571487,-0.6682816,-3.41951,-2.605354,-0.445015,-0.8535004,-0.8718414,-0.800705,-0.5685577,-0.7908096,-0.5187302,-0.8166504
4.733333110809326,,,,,,,,,,,,,,,-0.4738541,-0.7629776,0.02366638,-0.2156906,-0.2467804,-0.5328674,-0.2795563,-0.6436691,-0.3073006,-0.6141663,-0.3510361,-0.5885696,-0.291317,-0.5070877,-0.2561722,-0.6585159,-3.440018,-2.606331,-0.4547806,-0.8603363,-0.8737946,-0.8085175,-0.5646515,-0.7937393,-0.5226364,-0.8068848
4.733333333333333,0.0,-44.0,2.0,-18.0,-1.0,-76.0,0.0,-769.0,0.0,-1410.0,0.0,-78.0,-1.0,-538.0,,,,,,,,,,,,,,,,,,,,,,,,,,
4.741666793823242,,,,,,,,,,,,,,,-0.4826431,-0.7678604,0.02659607,-0.2342453,-0.247757,-0.5270081,-0.2776031,-0.6368332,-0.3043709,-0.6073303,-0.3481064,-0.5905228,-0.2961998,-0.5100174,-0.2542191,-0.6507034,-3.461502,-2.614143,-0.46064,-0.8671722,-0.8806305,-0.809494,-0.5607452,-0.7908096,-0.5265427,-0.7941895
4.75,,,,,,,,,,,,,,,-0.4943619,-0.768837,0.03343201,-0.2518234,-0.2458038,-0.5211487,-0.2746735,-0.6299973,-0.3033943,-0.6004944,-0.3432236,-0.5914993,-0.3010826,-0.5178299,-0.2503128,-0.6477737,-3.478104,-2.629768,-0.4655228,-0.8710785,-0.888443,-0.8055878,-0.5529327,-0.7849503,-0.5284958,-0.7844238
4.758333206176758,,,,,,,,,,,,,,,-0.5031509,-0.768837,0.03831482,-0.2654953,-0.2418976,-0.5162659,-0.2736969,-0.6231613,-0.3043709,-0.594635,-0.3402939,-0.5895462,-0.3040123,-0.5305252,-0.2464066,-0.6507034,-3.491776,-2.652229,-0.46064,-0.8701019,-0.8943024,-0.7987518,-0.5480499,-0.7771378,-0.532402,-0.779541
4.766666666666667,0.0,-43.0,3.0,-17.0,0.0,-82.0,0.0,-772.0,0.0,-1425.0,-1.0,-79.0,-2.0,-542.0,,,,,,,,,,,,,,,,,,,,,,,,,,
4.766666889190674,,,,,,,,,,,,,,,-0.5080338,-0.768837,0.04124451,-0.2723312,-0.2360382,-0.5123596,-0.27565,-0.6173019,-0.3053474,-0.5907288,-0.3383408,-0.5875931,-0.3049889,-0.5471268,-0.2425003,-0.6594925,-3.501541,-2.67762,-0.4508743,-0.8661957,-0.9001617,-0.7889862,-0.5441437,-0.7712784,-0.5314255,-0.7766113
4.775000095367432,,,,,,,,,,,,,,,-0.51194,-0.7678604,0.04515076,-0.2723312,-0.2282257,-0.5084534,-0.2785797,-0.6163254,-0.3092537,-0.5907288,-0.3393173,-0.5875931,-0.306942,-0.5647049,-0.2376175,-0.6751175,-3.508377,-2.702034,-0.4362259,-0.8593597,-0.9050446,-0.7792206,-0.5431671,-0.7673721,-0.5314255,-0.7775879
4.783332824707031,,,,,,,,,,,,,,,-0.5148697,-0.762001,0.04612732,-0.2664719,-0.2184601,-0.5035706,-0.2844391,-0.6192551,-0.3092537,-0.5907288,-0.3412704,-0.5875931,-0.306942,-0.5842361,-0.2356644,-0.6936722,-3.511307,-2.727425,-0.413765,-0.847641,-0.9089508,-0.7704315,-0.5431671,-0.7663956,-0.5294724,-0.7805176
4.7916669845581055,,,,,,,,,,,,,,,-0.5129166,-0.7512589,0.04222107,-0.2557297,-0.2077179,-0.4986877,-0.2922516,-0.6251144,-0.3082771,-0.5897522,-0.3451767,-0.5895462,-0.306942,-0.5988846,-0.2366409,-0.7112503,-3.512283,-2.747932,-0.3932571,-0.8300629,-0.9148102,-0.7645721,-0.5451202,-0.7673721,-0.5275192,-0.7834473
4.8,0.0,-39.0,3.0,-18.0,-1.0,-88.0,0.0,-770.0,0.0,-1443.0,-1.0,-82.0,-2.0,-543.0,,,,,,,,,,,,,,,,,,,,,,,,,,
4.800000190734863,,,,,,,,,,,,,,,-0.5129166,-0.7395401,0.03831482,-0.2430344,-0.1999054,-0.4957581,-0.3000641,-0.6309738,-0.3082771,-0.5887756,-0.3490829,-0.5914993,-0.306942,-0.6096268,-0.2366409,-0.729805,-3.512283,-2.764534,-0.3747025,-0.8134613,-0.919693,-0.7606659,-0.5480499,-0.7712784,-0.5265427,-0.7883301
4.808332920074463,,,,,,,,,,,,,,,-0.51194,-0.7248917,0.03245544,-0.2283859,-0.1950226,-0.4938049,-0.3059235,-0.6348801,-0.3043709,-0.5887756,-0.3529892,-0.5954056,-0.3030357,-0.6154861,-0.2434769,-0.7434769,-3.51619,-2.777229,-0.3610306,-0.7958832,-0.9255524,-0.7606659,-0.5529327,-0.7771378,-0.523613,-0.7941895
4.816667079925537,,,,,,,,,,,,,,,-0.5090103,-0.7073135,0.02561951,-0.2156906,-0.1969757,-0.4947815,-0.3088531,-0.6397629,-0.3014412,-0.5887756,-0.3539658,-0.5973587,-0.300106,-0.6164627,-0.2493362,-0.7551956,-3.51619,-2.787971,-0.3541946,-0.7792816,-0.9314117,-0.7635956,-0.5578156,-0.7829971,-0.5216599,-0.7990723
4.824999809265137,,,,,,,,,,,,,,,-0.5070572,-0.6916885,0.01976013,-0.2029953,-0.200882,-0.4996643,-0.3098297,-0.6426926,-0.2985115,-0.5887756,-0.3549423,-0.5983353,-0.2971764,-0.6164627,-0.2571487,-0.7639847,-3.519119,-2.797737,-0.3551712,-0.7675629,-0.9372711,-0.7675018,-0.5646515,-0.7869034,-0.516777,-0.8029785
4.8333330154418945,,,,,,,,,,,,,,,-0.5031509,-0.6789932,0.01683044,-0.1942062,-0.2086945,-0.5104065,-0.3117828,-0.6446457,-0.2975349,-0.5926819,-0.3520126,-0.5983353,-0.2942467,-0.6154861,-0.2669144,-0.7688675,-3.524979,-2.80555,-0.3610306,-0.7617035,-0.9411774,-0.7733612,-0.5734406,-0.7878799,-0.5128708,-0.8068848
4.833333333333333,0.0,-36.0,3.0,-22.0,-1.0,-93.0,0.0,-771.0,0.0,-1458.0,0.0,-85.0,-2.0,-546.0,,,,,,,,,,,,,,,,,,,,,,,,,,
4.841667175292969,,,,,,,,,,,,,,,-0.4982681,-0.6702042,0.01683044,-0.1863937,-0.2174835,-0.5231018,-0.3108063,-0.6446457,-0.2965584,-0.5985413,-0.3500595,-0.5954056,-0.2932701,-0.6115799,-0.2776566,-0.7727737,-3.532791,-2.813362,-0.3727493,-0.7636566,-0.9421539,-0.7811737,-0.5841827,-0.7878799,-0.5109177,-0.810791
4.849999904632568,,,,,,,,,,,,,,,-0.4943619,-0.6643448,0.01780701,-0.1834641,-0.2272491,-0.5377502,-0.3127594,-0.6446457,-0.2994881,-0.6063538,-0.3461533,-0.5905228,-0.2932701,-0.6066971,-0.2874222,-0.7727737,-3.542557,-2.821175,-0.3854446,-0.7734222,-0.9333649,-0.7870331,-0.5959015,-0.7849503,-0.5060349,-0.8166504
4.858333110809326,,,,,,,,,,,,,,,-0.4894791,-0.6653214,0.02171326,-0.1805344,-0.232132,-0.5553284,-0.3127594,-0.641716,-0.3004646,-0.6131897,-0.342247,-0.5885696,-0.2952232,-0.5988846,-0.2962112,-0.7717972,-3.550369,-2.826057,-0.3952103,-0.7880707,-0.9216461,-0.7919159,-0.6076202,-0.7820206,-0.5001755,-0.8234863
4.866666666666666,0.0,-39.0,2.0,-24.0,0.0,-92.0,0.0,-774.0,0.0,-1470.0,0.0,-89.0,-2.0,-550.0,,,,,,,,,,,,,,,,,,,,,,,,,,
4.866666793823242,,,,,,,,,,,,,,,-0.4845963,-0.6702042,0.02561951,-0.1824875,-0.2331085,-0.5699768,-0.3166656,-0.6368332,-0.3024178,-0.6210022,-0.3373642,-0.5895462,-0.2991295,-0.5900955,-0.3020706,-0.7688675,-3.559158,-2.827034,-0.4030228,-0.8115082,-0.9050446,-0.7958221,-0.619339,-0.7761612,-0.4943161,-0.8303223
4.875,,,,,,,,,,,,,,,-0.48069,-0.6760635,0.02854919,-0.1873703,-0.2282257,-0.5826721,-0.3195953,-0.6319504,-0.3033943,-0.625885,-0.3334579,-0.594429,-0.3040123,-0.5793533,-0.3030472,-0.7639847,-3.567947,-2.827034,-0.4108353,-0.8359222,-0.8864899,-0.7967987,-0.6300812,-0.7712784,-0.4865036,-0.8400879
4.883333206176758,,,,,,,,,,,,,,,-0.4767838,-0.683876,0.02757263,-0.1961594,-0.2243195,-0.5924377,-0.3235016,-0.6231613,-0.3033943,-0.6249084,-0.3295517,-0.6032181,-0.3118248,-0.5705643,-0.3001175,-0.7581253,-3.577713,-2.827034,-0.413765,-0.8583832,-0.8689117,-0.7958221,-0.6330109,-0.7683487,-0.4796677,-0.848877
4.891666889190674,,,,,,,,,,,,,,,-0.4738541,-0.6926651,0.02464294,-0.205925,-0.2184601,-0.5953674,-0.3264313,-0.6133957,-0.3014412,-0.6239319,-0.3275986,-0.6188431,-0.3167076,-0.5637283,-0.2932816,-0.7512894,-3.583572,-2.825081,-0.4147415,-0.8837738,-0.857193,-0.7889862,-0.6339874,-0.7663956,-0.4708786,-0.8557129
4.9,0.0,-43.0,2.0,-22.0,0.0,-91.0,0.0,-777.0,0.0,-1477.0,0.0,-88.0,-1.0,-552.0,,,,,,,,,,,,,,,,,,,,,,,,,,
4.900000095367432,,,,,,,,,,,,,,,-0.4719009,-0.6975479,0.02366638,-0.2156906,-0.2135773,-0.5904846,-0.3274078,-0.6065598,-0.3004646,-0.6229553,-0.3246689,-0.6373978,-0.3245201,-0.5598221,-0.2815628,-0.7415237,-3.588455,-2.823128,-0.4166946,-0.9062347,-0.8474274,-0.7801971,-0.6320343,-0.765419,-0.4689255,-0.864502
4.908332824707031,,,,,,,,,,,,,,,-0.4689713,-0.699501,0.01878357,-0.2274094,-0.2135773,-0.5797424,-0.329361,-0.6036301,-0.2965584,-0.6210022,-0.3236923,-0.6588821,-0.3303795,-0.5598221,-0.2698441,-0.7317581,-3.590408,-2.820198,-0.4157181,-0.9247894,-0.8464508,-0.769455,-0.6261749,-0.7663956,-0.4669724,-0.8742676
4.9166669845581055,,,,,,,,,,,,,,,-0.4640884,-0.6985245,0.01390076,-0.2381516,-0.2145538,-0.5641174,-0.3332672,-0.6055832,-0.2946053,-0.6239319,-0.3246689,-0.67939,-0.3352623,-0.5656815,-0.2571487,-0.7210159,-3.587479,-2.818245,-0.4176712,-0.9384613,-0.8493805,-0.7567596,-0.6212921,-0.765419,-0.4708786,-0.8830566
4.925000190734863,,,,,,,,,,,,,,,-0.4621353,-0.6965714,0.01194763,-0.2469406,-0.2223663,-0.5465393,-0.3361969,-0.6143723,-0.2955818,-0.6317444,-0.3256454,-0.6969681,-0.338192,-0.573494,-0.24543,-0.7112503,-3.584549,-2.815315,-0.4176712,-0.9482269,-0.8552399,-0.7450409,-0.619339,-0.7663956,-0.4796677,-0.888916
4.933332920074463,,,,,,,,,,,,,,,-0.4572525,-0.6916885,0.009994507,-0.2537766,-0.2272491,-0.5279846,-0.3391266,-0.6270676,-0.2965584,-0.6454163,-0.326622,-0.7086868,-0.3372154,-0.582283,-0.2395706,-0.7034378,-3.582596,-2.811409,-0.4196243,-0.9501801,-0.8610992,-0.7352753,-0.6164093,-0.7683487,-0.4874802,-0.8918457
4.933333333333334,0.0,-45.0,2.0,-21.0,0.0,-90.0,0.0,-783.0,0.0,-1483.0,0.0,-86.0,-1.0,-554.0,,,,,,,,,,,,,,,,,,,,,,,,,,
4.941667079925537,,,,,,,,,,,,,,,-0.4562759,-0.6858292,0.009017944,-0.2586594,-0.2350616,-0.5143127,-0.3420563,-0.6426926,-0.3024178,-0.6581116,-0.3295517,-0.71064,-0.3352623,-0.5900955,-0.2346878,-0.7014847,-3.577713,-2.806526,-0.4206009,-0.9462738,-0.8640289,-0.7274628,-0.6173859,-0.7673721,-0.4952927,-0.8918457
4.949999809265137,,,,,,,,,,,,,,,-0.4572525,-0.6799698,0.01097107,-0.2625656,-0.2389679,-0.5055237,-0.3430328,-0.6602707,-0.3102303,-0.6698303,-0.3315048,-0.7067337,-0.3284264,-0.5930252,-0.2356644,-0.7034378,-3.57576,-2.79969,-0.422554,-0.9345551,-0.8679352,-0.7245331,-0.6222687,-0.7644424,-0.4991989,-0.8840332
4.9583330154418945,,,,,,,,,,,,,,,-0.4601822,-0.6731339,0.01194763,-0.2654953,-0.2418976,-0.5045471,-0.3430328,-0.6758957,-0.3180428,-0.6805725,-0.3324814,-0.6959915,-0.3206139,-0.5900955,-0.2366409,-0.7092972,-3.577713,-2.791878,-0.4274368,-0.9189301,-0.8640289,-0.7274628,-0.6291046,-0.7634659,-0.5001755,-0.8703613
4.966666666666667,0.0,-47.0,2.0,-21.0,0.0,-91.0,0.0,-789.0,0.0,-1489.0,0.0,-86.0,-1.0,-556.0,,,,,,,,,,,,,,,,,,,,,,,,,,
4.966667175292969,,,,,,,,,,,,,,,-0.4660416,-0.6653214,0.01585388,-0.2654953,-0.2418976,-0.5094299,-0.3391266,-0.6876144,-0.3278084,-0.6854553,-0.3373642,-0.67939,-0.3128014,-0.5842361,-0.2405472,-0.7171097,-3.580643,-2.786995,-0.4313431,-0.8974457,-0.8601227,-0.7323456,-0.6339874,-0.7615128,-0.4982224,-0.8547363
4.974999904632568,,,,,,,,,,,,,,,-0.4728775,-0.6584854,0.01878357,-0.2645187,-0.2418976,-0.518219,-0.3342438,-0.6944504,-0.3365974,-0.6815491,-0.3393173,-0.6647415,-0.3020592,-0.573494,-0.2444534,-0.7258987,-3.588455,-2.785042,-0.4362259,-0.8759613,-0.8493805,-0.7391815,-0.6398468,-0.7605362,-0.492363,-0.8381348
4.983333110809326,,,,,,,,,,,,,,,-0.48069,-0.652626,0.02268982,-0.2625656,-0.2389679,-0.5260315,-0.3254547,-0.6964035,-0.3424568,-0.67276,-0.3432236,-0.64814,-0.2952232,-0.5607986,-0.2473831,-0.7346878,-3.594315,-2.786995,-0.4440384,-0.8583832,-0.841568,-0.7479706,-0.6447296,-0.7605362,-0.4865036,-0.8215332
4.991666793823242,,,,,,,,,,,,,,,-0.4885025,-0.6467667,0.02561951,-0.2606125,-0.2340851,-0.5309143,-0.3205719,-0.6964035,-0.3453865,-0.6610413,-0.3461533,-0.6354446,-0.2893639,-0.5490799,-0.2483597,-0.7405472,-3.602127,-2.790901,-0.4430618,-0.8486176,-0.8327789,-0.7567596,-0.6476593,-0.7615128,-0.4825974,-0.8127441
5.0,0.0,-49.0,1.0,-22.0,0.0,-92.0,0.0,-797.0,0.0,-1498.0,0.0,-88.0,-1.0,-563.0,-0.4943619,-0.6418839,0.02854919,-0.2537766,-0.232132,-0.533844,-0.3127594,-0.6924973,-0.3444099,-0.6454163,-0.3510361,-0.625679,-0.2864342,-0.5402908,-0.2493362,-0.7415237,-3.60701,-2.796761,-0.4391556,-0.8447113,-0.8269196,-0.7655487,-0.6525421,-0.7634659,-0.4825974,-0.810791
5.008333206176758,,,,,,,,,,,,,,,-0.4992447,-0.6399307,0.02757263,-0.2459641,-0.2292023,-0.533844,-0.3098297,-0.6856613,-0.3385506,-0.6268616,-0.3559189,-0.61689,-0.2864342,-0.535408,-0.2512894,-0.7405472,-3.60994,-2.801643,-0.4303665,-0.847641,-0.8269196,-0.7733612,-0.6486359,-0.7634659,-0.4894333,-0.8127441
5.016666889190674,,,,,,,,,,,,,,,-0.5021744,-0.6428604,0.02561951,-0.2361984,-0.225296,-0.5309143,-0.3078766,-0.6788254,-0.3287849,-0.6112366,-0.3598251,-0.610054,-0.2874107,-0.5344315,-0.2532425,-0.7356644,-3.607986,-2.80262,-0.4147415,-0.8574066,-0.8318024,-0.7811737,-0.6476593,-0.7615128,-0.4982224,-0.817627
5.025000095367432,,,,,,,,,,,,,,,-0.5021744,-0.6467667,0.02073669,-0.2235031,-0.2223663,-0.5270081,-0.3059235,-0.6710129,-0.3170662,-0.5956116,-0.3627548,-0.601265,-0.291317,-0.5373611,-0.2542191,-0.7288284,-3.605057,-2.798714,-0.4000931,-0.8701019,-0.8386383,-0.7870331,-0.6447296,-0.7585831,-0.5128708,-0.8225098
5.033332824707031,,,,,,,,,,,,,,,-0.5021744,-0.6555557,0.01390076,-0.2127609,-0.2194366,-0.5240784,-0.3069,-0.6583176,-0.3024178,-0.5848694,-0.3656845,-0.5934525,-0.2961998,-0.5451736,-0.2551956,-0.7219925,-3.595291,-2.787971,-0.3815384,-0.8818207,-0.8532867,-0.7919159,-0.6388702,-0.7517471,-0.5284958,-0.8254395
5.033333333333333,0.0,-50.0,1.0,-23.0,0.0,-95.0,0.0,-801.0,0.0,-1504.0,0.0,-91.0,-1.0,-567.0,,,,,,,,,,,,,,,,,,,,,,,,,,
5.0416669845581055,,,,,,,,,,,,,,,-0.5011978,-0.6643448,0.005111694,-0.2000656,-0.2184601,-0.5231018,-0.3078766,-0.6456223,-0.2897224,-0.5780334,-0.3666611,-0.5836868,-0.3010826,-0.5559158,-0.2571487,-0.7151566,-3.584549,-2.775276,-0.36689,-0.8915863,-0.8669586,-0.7958221,-0.634964,-0.7400284,-0.5441208,-0.8244629
5.050000190734863,,,,,,,,,,,,,,,-0.4972916,-0.6741104,-0.002700806,-0.1883469,-0.2174835,-0.5231018,-0.3049469,-0.6309738,-0.2780037,-0.5751038,-0.3676376,-0.5758743,-0.3059654,-0.566658,-0.2591019,-0.7112503,-3.57576,-2.760628,-0.3581009,-0.8974457,-0.8825836,-0.8016815,-0.6300812,-0.7273331,-0.5558395,-0.8205566
5.058332920074463,,,,,,,,,,,,,,,-0.4924088,-0.6819229,-0.007583618,-0.1795578,-0.2184601,-0.5231018,-0.3029938,-0.6133957,-0.2701912,-0.5780334,-0.3656845,-0.5690384,-0.3128014,-0.5774002,-0.261055,-0.7102737,-3.567947,-2.745003,-0.3522415,-0.8964691,-0.8952789,-0.8075409,-0.6222687,-0.7126846,-0.563652,-0.8146973
5.066666666666666,0.0,-53.0,0.0,-26.0,0.0,-102.0,0.0,-806.0,0.0,-1511.0,0.0,-90.0,-1.0,-566.0,,,,,,,,,,,,,,,,,,,,,,,,,,
5.066667079925537,,,,,,,,,,,,,,,-0.4875259,-0.6877823,-0.01051331,-0.174675,-0.2184601,-0.5211487,-0.3000641,-0.5977707,-0.2662849,-0.5858459,-0.3647079,-0.563179,-0.3176842,-0.5871658,-0.2620316,-0.7122269,-3.561111,-2.738167,-0.351265,-0.8915863,-0.9021149,-0.8114471,-0.6154327,-0.6951065,-0.5685349,-0.8078613
5.074999809265137,,,,,,,,,,,,,,,-0.48069,-0.690712,-0.008560181,-0.1717453,-0.2184601,-0.518219,-0.298111,-0.5850754,-0.2633553,-0.594635,-0.3617783,-0.5602493,-0.3215904,-0.5910721,-0.2630081,-0.7180862,-3.562088,-2.735237,-0.351265,-0.8857269,-0.9050446,-0.8202362,-0.6076202,-0.6794815,-0.5665817,-0.8010254
5.0833330154418945,,,,,,,,,,,,,,,-0.4748306,-0.6897354,-0.005630493,-0.1717453,-0.2194366,-0.5143127,-0.2961578,-0.5753098,-0.2672615,-0.6073303,-0.357872,-0.5582962,-0.3254967,-0.5910721,-0.2630081,-0.7288284,-3.567947,-2.73719,-0.3532181,-0.878891,-0.9021149,-0.8280487,-0.5988312,-0.6658096,-0.5626755,-0.7971191
5.091667175292969,,,,,,,,,,,,,,,-0.4689713,-0.683876,0.001205444,-0.1727219,-0.2204132,-0.5104065,-0.2922516,-0.5714035,-0.2731209,-0.6210022,-0.3549423,-0.5582962,-0.3235435,-0.5881424,-0.2630081,-0.7376175,-3.57869,-2.745979,-0.3561478,-0.8730316,-0.8972321,-0.8358612,-0.588089,-0.6570206,-0.554863,-0.7941895
5.099999904632568,,,,,,,,,,,,,,,-0.4631119,-0.675087,0.009994507,-0.1766281,-0.2194366,-0.5055237,-0.2893219,-0.5753098,-0.2799568,-0.6317444,-0.3510361,-0.5602493,-0.3196373,-0.5783768,-0.261055,-0.7473831,-3.596268,-2.757698,-0.360054,-0.8701019,-0.8913727,-0.8397675,-0.5773468,-0.6550674,-0.548027,-0.7912598
5.1,0.0,-54.0,1.0,-27.0,0.0,-107.0,0.0,-812.0,0.0,-1518.0,0.0,-87.0,-1.0,-567.0,,,,,,,,,,,,,,,,,,,,,,,,,,
5.108333110809326,,,,,,,,,,,,,,,-0.4582291,-0.6633682,0.01585388,-0.1805344,-0.2184601,-0.5016174,-0.2854156,-0.5850754,-0.2916756,-0.6385803,-0.3481064,-0.5641556,-0.3147545,-0.5676346,-0.2551956,-0.7571487,-3.613846,-2.770393,-0.3678665,-0.8701019,-0.8894196,-0.8387909,-0.5695343,-0.6628799,-0.5402145,-0.7893066
5.116666793823242,,,,,,,,,,,,,,,-0.4523697,-0.6506729,0.02073669,-0.1834641,-0.2194366,-0.4967346,-0.2805328,-0.5967941,-0.3033943,-0.64151,-0.3451767,-0.5729446,-0.306942,-0.5617752,-0.2493362,-0.7630081,-3.633377,-2.783089,-0.3698196,-0.8710785,-0.8913727,-0.8329315,-0.5646515,-0.6785049,-0.5363083,-0.7883301
5.125,,,,,,,,,,,,,,,-0.4484634,-0.6389542,0.02268982,-0.1863937,-0.2233429,-0.4918518,-0.2736969,-0.6094894,-0.3170662,-0.6395569,-0.3451767,-0.5807571,-0.2981529,-0.5607986,-0.2425003,-0.7659378,-3.648026,-2.796761,-0.3737259,-0.8720551,-0.8991852,-0.8221893,-0.5675812,-0.6999893,-0.5353317,-0.7883301
5.133333206176758,,,,,,,,,,,,,,,-0.4474869,-0.628212,0.02268982,-0.1893234,-0.2262726,-0.4889221,-0.2688141,-0.6212082,-0.3307381,-0.6346741,-0.3461533,-0.5914993,-0.2922935,-0.5637283,-0.2356644,-0.7659378,-3.658768,-2.810432,-0.3786087,-0.8701019,-0.9109039,-0.8055878,-0.5744171,-0.7263565,-0.5382614,-0.7873535
5.133333333333334,0.0,-56.0,1.0,-28.0,0.0,-106.0,0.0,-816.0,0.0,-1522.0,0.0,-90.0,-1.0,-569.0,,,,,,,,,,,,,,,,,,,,,,,,,,
5.141666889190674,,,,,,,,,,,,,,,-0.4465103,-0.6194229,0.01878357,-0.1932297,-0.2311554,-0.4840393,-0.2639313,-0.6309738,-0.3434334,-0.6229553,-0.3471298,-0.6022415,-0.2893639,-0.5705643,-0.2307816,-0.7630081,-3.66658,-2.823128,-0.3815384,-0.8652191,-0.9304352,-0.7860565,-0.5900421,-0.7517471,-0.5421677,-0.7893066
5.150000095367432,,,,,,,,,,,,,,,-0.44944,-0.612587,0.01585388,-0.1932297,-0.2389679,-0.4791565,-0.2619781,-0.6397629,-0.353199,-0.6092834,-0.3520126,-0.6110306,-0.2903404,-0.5793533,-0.2268753,-0.7571487,-3.665604,-2.837776,-0.3805618,-0.8583832,-0.9470367,-0.762619,-0.6095734,-0.7732315,-0.5499802,-0.7922363
5.158332824707031,,,,,,,,,,,,,,,-0.4552994,-0.605751,0.01292419,-0.1951828,-0.2487335,-0.4732971,-0.2639313,-0.6475754,-0.3600349,-0.5956116,-0.3588486,-0.6159134,-0.2961998,-0.5900955,-0.2258987,-0.7483597,-3.659744,-2.851448,-0.3795853,-0.8495941,-0.9655914,-0.7411346,-0.6300812,-0.7869034,-0.5616989,-0.7941895
5.166666666666667,0.0,-59.0,1.0,-27.0,0.0,-104.0,0.0,-817.0,0.0,-1527.0,0.0,-95.0,-1.0,-568.0,,,,,,,,,,,,,,,,,,,,,,,,,,
5.1666669845581055,,,,,,,,,,,,,,,-0.4640884,-0.6008682,0.009994507,-0.2000656,-0.2575226,-0.4684143,-0.2688141,-0.6553879,-0.3619881,-0.5809631,-0.3686142,-0.6188431,-0.3010826,-0.5959549,-0.2288284,-0.7366409,-3.657791,-2.86219,-0.3795853,-0.8437347,-0.9763336,-0.7206268,-0.6496124,-0.7898331,-0.5714645,-0.8000488
5.175000190734863,,,,,,,,,,,,,,,-0.4719009,-0.5940323,0.01097107,-0.2029953,-0.2672882,-0.4654846,-0.2727203,-0.6661301,-0.3600349,-0.5672913,-0.3803329,-0.6188431,-0.306942,-0.5930252,-0.2307816,-0.7249222,-3.656815,-2.86805,-0.382515,-0.8398285,-0.982193,-0.7050018,-0.6681671,-0.7839737,-0.579277,-0.8039551
5.183332920074463,,,,,,,,,,,,,,,-0.4826431,-0.5871964,0.01292419,-0.2078781,-0.2741241,-0.4684143,-0.2805328,-0.6788254,-0.3551521,-0.5536194,-0.3920517,-0.6188431,-0.3128014,-0.582283,-0.2337112,-0.7151566,-3.659744,-2.870003,-0.3834915,-0.8378754,-0.9860992,-0.69133,-0.6759796,-0.7703018,-0.5831833,-0.8078613
5.191667079925537,,,,,,,,,,,,,,,-0.4924088,-0.5803604,0.01683044,-0.2156906,-0.2751007,-0.4781799,-0.2883453,-0.6934738,-0.3483162,-0.5409241,-0.4057236,-0.6198196,-0.3186607,-0.566658,-0.2376175,-0.7083206,-3.665604,-2.86805,-0.3873978,-0.8398285,-0.9831696,-0.6825409,-0.6798859,-0.749794,-0.5870895,-0.8098145
5.199999809265137,,,,,,,,,,,,,,,-0.4992447,-0.5764542,0.02464294,-0.22155,-0.2751007,-0.4928284,-0.2951813,-0.7081223,-0.3405037,-0.5282288,-0.420372,-0.6237259,-0.3215904,-0.5490799,-0.2425003,-0.7073441,-3.674393,-2.861214,-0.3883743,-0.8427582,-0.9773102,-0.6796112,-0.6769562,-0.7283096,-0.586113,-0.8068848
5.2,0.0,-59.0,1.0,-23.0,0.0,-102.0,0.0,-819.0,0.0,-1534.0,0.0,-98.0,-2.0,-570.0,,,,,,,,,,,,,,,,,,,,,,,,,,
5.2083330154418945,,,,,,,,,,,,,,,-0.5021744,-0.5725479,0.03343201,-0.2283859,-0.2692413,-0.5104065,-0.3010406,-0.7188644,-0.3346443,-0.51651,-0.4311142,-0.6295853,-0.3235435,-0.5305252,-0.2483597,-0.7102737,-3.681229,-2.852425,-0.3883743,-0.8437347,-0.9734039,-0.6825409,-0.6740265,-0.7068253,-0.5831833,-0.802002
5.216667175292969,,,,,,,,,,,,,,,-0.5051041,-0.5735245,0.04222107,-0.2391281,-0.2604523,-0.5270081,-0.3078766,-0.7247238,-0.3297615,-0.5086975,-0.4399033,-0.6344681,-0.3254967,-0.5168533,-0.2551956,-0.7171097,-3.689041,-2.846565,-0.3834915,-0.8408051,-0.9724274,-0.6874237,-0.6671906,-0.6892471,-0.5753708,-0.7902832
5.224999904632568,,,,,,,,,,,,,,,-0.5070572,-0.5774307,0.05393982,-0.2469406,-0.247757,-0.5406799,-0.3108063,-0.7266769,-0.3268318,-0.5038147,-0.4418564,-0.6364212,-0.3274498,-0.5090408,-0.2630081,-0.7288284,-3.692947,-2.838753,-0.3766556,-0.8310394,-0.9763336,-0.6962128,-0.666214,-0.6775284,-0.5665817,-0.7746582
5.233333110809326,,,,,,,,,,,,,,,-0.5080338,-0.5842667,0.06077576,-0.2528,-0.2360382,-0.5504456,-0.3156891,-0.7237473,-0.3239021,-0.4999084,-0.4418564,-0.6354446,-0.3303795,-0.5061111,-0.2717972,-0.7376175,-3.694901,-2.831917,-0.3717728,-0.8193207,-0.982193,-0.7050018,-0.6652374,-0.6745987,-0.554863,-0.7580566
5.233333333333333,1.0,-57.0,1.0,-19.0,0.0,-100.0,0.0,-823.0,0.0,-1541.0,0.0,-98.0,-2.0,-574.0,,,,,,,,,,,,,,,,,,,,,,,,,,
5.241666793823242,,,,,,,,,,,,,,,-0.5090103,-0.5920792,0.06663513,-0.2606125,-0.2262726,-0.549469,-0.3186188,-0.719841,-0.3209724,-0.500885,-0.4369736,-0.6276321,-0.3303795,-0.5100174,-0.2825394,-0.7425003,-3.693924,-2.828011,-0.3629837,-0.8056488,-0.9968414,-0.7137909,-0.6652374,-0.6775284,-0.5421677,-0.7385254
5.25,,,,,,,,,,,,,,,-0.5090103,-0.5998917,0.06761169,-0.2674484,-0.2184601,-0.5406799,-0.3195953,-0.7130051,-0.3190193,-0.5077209,-0.4281845,-0.61689,-0.331356,-0.5168533,-0.2913284,-0.7425003,-3.691971,-2.826057,-0.3581009,-0.7870941,-1.01149,-0.7206268,-0.6720734,-0.6833878,-0.5304489,-0.7219238
5.258333206176758,,,,,,,,,,,,,,,-0.5080338,-0.6086807,0.06565857,-0.2723312,-0.2155304,-0.5289612,-0.3195953,-0.7071457,-0.3180428,-0.5135803,-0.4174423,-0.6051712,-0.3303795,-0.5236893,-0.2971878,-0.7395706,-3.690994,-2.825081,-0.3581009,-0.769516,-1.023209,-0.7255096,-0.6769562,-0.6921768,-0.5226364,-0.708252
5.266666666666667,0.0,-53.0,2.0,-16.0,-1.0,-97.0,0.0,-826.0,0.0,-1549.0,0.0,-96.0,-2.0,-582.0,,,,,,,,,,,,,,,,,,,,,,,,,,
5.266666889190674,,,,,,,,,,,,,,,-0.5041275,-0.6194229,0.05882263,-0.2742844,-0.2145538,-0.5162659,-0.3176422,-0.7012863,-0.3160896,-0.51651,-0.4076767,-0.5954056,-0.3294029,-0.5285721,-0.3001175,-0.7337112,-3.692947,-2.824104,-0.3590775,-0.7519379,-1.040787,-0.7294159,-0.6789093,-0.6990128,-0.5197067,-0.7023926
5.275000095367432,,,,,,,,,,,,,,,-0.4982681,-0.6311417,0.05101013,-0.2703781,-0.216507,-0.5055237,-0.3147125,-0.6983566,-0.3160896,-0.5194397,-0.3998642,-0.58564,-0.3284264,-0.5295486,-0.2991409,-0.7268753,-3.692947,-2.824104,-0.3610306,-0.7363129,-1.049576,-0.7333221,-0.6779327,-0.7009659,-0.5226364,-0.701416
5.283332824707031,,,,,,,,,,,,,,,-0.4904556,-0.643837,0.04026794,-0.2654953,-0.2204132,-0.4957581,-0.3088531,-0.6964035,-0.3180428,-0.51651,-0.3949814,-0.5836868,-0.3274498,-0.5275955,-0.2962112,-0.7249222,-3.696854,-2.828011,-0.3649368,-0.722641,-1.057388,-0.7401581,-0.6750031,-0.6980362,-0.5333786,-0.7062988
5.2916669845581055,,,,,,,,,,,,,,,-0.4816666,-0.6555557,0.03440857,-0.2586594,-0.2233429,-0.4898987,-0.3059235,-0.6895676,-0.3209724,-0.5106506,-0.3930283,-0.58564,-0.3254967,-0.5227127,-0.2883987,-0.7258987,-3.70076,-2.835823,-0.3688431,-0.7118988,-1.062271,-0.7460175,-0.6671906,-0.6902237,-0.5460739,-0.7150879
5.3,0.0,-49.0,2.0,-15.0,-1.0,-96.0,0.0,-832.0,0.0,-1558.0,0.0,-94.0,-2.0,-587.0,,,,,,,,,,,,,,,,,,,,,,,,,,
5.300000190734863,,,,,,,,,,,,,,,-0.4738541,-0.6653214,0.03050232,-0.2488937,-0.2272491,-0.4879456,-0.3010406,-0.6807785,-0.3258553,-0.500885,-0.3910751,-0.5875931,-0.3235435,-0.5129471,-0.2786331,-0.7337112,-3.702713,-2.843636,-0.36689,-0.7031097,-1.064224,-0.7528534,-0.6544952,-0.6794815,-0.5607224,-0.7258301
5.308332920074463,,,,,,,,,,,,,,,-0.4709244,-0.6731339,0.02757263,-0.2430344,-0.2292023,-0.486969,-0.3010406,-0.6719894,-0.3307381,-0.4920959,-0.3900986,-0.5905228,-0.3196373,-0.5012283,-0.2688675,-0.7444534,-3.710526,-2.852425,-0.3629837,-0.6982269,-1.069107,-0.7606659,-0.6408234,-0.6638565,-0.5753708,-0.7355957
5.316667079925537,,,,,,,,,,,,,,,-0.4679947,-0.6789932,0.02659607,-0.2401047,-0.2311554,-0.486969,-0.3000641,-0.6632004,-0.3336678,-0.4833069,-0.389122,-0.5914993,-0.315731,-0.4895096,-0.2600784,-0.7571487,-3.718338,-2.86219,-0.360054,-0.7021332,-1.072037,-0.7665253,-0.6310577,-0.6511612,-0.5880661,-0.7424316
5.324999809265137,,,,,,,,,,,,,,,-0.4689713,-0.6789932,0.02854919,-0.2381516,-0.2360382,-0.486969,-0.3010406,-0.6514816,-0.3365974,-0.4803772,-0.3871689,-0.5905228,-0.3079185,-0.4787674,-0.2522659,-0.7669144,-3.724197,-2.870003,-0.3541946,-0.7109222,-1.074966,-0.7684784,-0.6203156,-0.6423721,-0.5958786,-0.7443848
5.3333330154418945,,,,,,,,,,,,,,,-0.4719009,-0.6731339,0.03147888,-0.2401047,-0.2418976,-0.4859924,-0.3049469,-0.6426926,-0.3385506,-0.4823303,-0.3842392,-0.5875931,-0.3030357,-0.4709549,-0.2483597,-0.77668,-3.730057,-2.876839,-0.3532181,-0.7236176,-1.074966,-0.7665253,-0.6164093,-0.6355362,-0.5978317,-0.7424316
5.333333333333333,0.0,-48.0,2.0,-12.0,-1.0,-94.0,0.0,-844.0,0.0,-1567.0,0.0,-91.0,-1.0,-591.0,,,,,,,,,,,,,,,,,,,,,,,,,,
5.341667175292969,,,,,,,,,,,,,,,-0.4758072,-0.6623917,0.03147888,-0.2459641,-0.2516632,-0.486969,-0.3088531,-0.6339035,-0.3395271,-0.4891663,-0.3813095,-0.5836868,-0.2981529,-0.4690018,-0.2444534,-0.7805862,-3.739822,-2.881721,-0.3532181,-0.7392426,-1.07692,-0.7587128,-0.6173859,-0.6306534,-0.6007614,-0.7385254
5.349999904632568,,,,,,,,,,,,,,,-0.4748306,-0.6506729,0.03147888,-0.2498703,-0.2594757,-0.4898987,-0.3108063,-0.6280441,-0.3414803,-0.4999084,-0.3754501,-0.5817337,-0.2952232,-0.4709549,-0.2444534,-0.7805862,-3.742752,-2.882698,-0.3571243,-0.7548676,-1.073013,-0.7489471,-0.6222687,-0.6306534,-0.6027145,-0.7316895
5.358333110809326,,,,,,,,,,,,,,,-0.4767838,-0.6399307,0.02854919,-0.2528,-0.2672882,-0.4928284,-0.3156891,-0.6241379,-0.3424568,-0.5116272,-0.3764267,-0.5836868,-0.2942467,-0.4787674,-0.2434769,-0.7776566,-3.750565,-2.882698,-0.36689,-0.7675629,-1.06813,-0.7391815,-0.6320343,-0.6326065,-0.6046677,-0.7258301
5.366666666666666,0.0,-50.0,1.0,-9.0,-2.0,-95.0,0.0,-855.0,0.0,-1577.0,0.0,-89.0,-1.0,-594.0,,,,,,,,,,,,,,,,,,,,,,,,,,
5.366666793823242,,,,,,,,,,,,,,,-0.4748306,-0.6311417,0.02561951,-0.2576828,-0.2731476,-0.4928284,-0.3176422,-0.6212082,-0.3453865,-0.5233459,-0.3774033,-0.58564,-0.2952232,-0.4904861,-0.24543,-0.7757034,-3.755447,-2.884651,-0.3805618,-0.7724457,-1.057388,-0.7303925,-0.6408234,-0.6365128,-0.6075974,-0.7219238
5.375,,,,,,,,,,,,,,,-0.4738541,-0.6223526,0.02073669,-0.2615891,-0.2760773,-0.4938049,-0.3205719,-0.6173019,-0.3483162,-0.5311584,-0.3774033,-0.5885696,-0.2981529,-0.5080643,-0.2464066,-0.7747269,-3.761307,-2.887581,-0.39814,-0.7714691,-1.04567,-0.7294159,-0.6466827,-0.6394424,-0.610527,-0.7199707
5.383333206176758,,,,,,,,,,,,,,,-0.4728775,-0.6194229,0.01585388,-0.268425,-0.2780304,-0.4947815,-0.3235016,-0.6173019,-0.3492928,-0.5340881,-0.3783798,-0.5963821,-0.300106,-0.526619,-0.2483597,-0.7747269,-3.769119,-2.888557,-0.4157181,-0.7646332,-1.030045,-0.7352753,-0.6486359,-0.6453018,-0.6134567,-0.7219238
5.391666889190674,,,,,,,,,,,,,,,-0.4738541,-0.6194229,0.01194763,-0.2762375,-0.279007,-0.4928284,-0.3244781,-0.6173019,-0.3483162,-0.532135,-0.3774033,-0.601265,-0.3059654,-0.5461502,-0.2522659,-0.7786331,-3.780838,-2.888557,-0.4303665,-0.7548676,-1.019302,-0.7421112,-0.6457062,-0.6501846,-0.6144333,-0.7277832
5.4,0.0,-48.0,1.0,-9.0,-1.0,-98.0,0.0,-860.0,0.0,-1588.0,0.0,-90.0,0.0,-596.0,,,,,,,,,,,,,,,,,,,,,,,,,,
5.400000095367432,,,,,,,,,,,,,,,-0.4787369,-0.6203995,0.008041382,-0.2811203,-0.2780304,-0.4889221,-0.3254547,-0.6212082,-0.3463631,-0.5282288,-0.3764267,-0.6032181,-0.3108482,-0.5617752,-0.2551956,-0.7844925,-3.792557,-2.888557,-0.4411087,-0.7441254,-1.006607,-0.7518768,-0.6388702,-0.6540909,-0.6115036,-0.7375488
5.408332824707031,,,,,,,,,,,,,,,-0.4855728,-0.621376,0.005111694,-0.2850266,-0.279007,-0.4850159,-0.3244781,-0.6251144,-0.3444099,-0.5243225,-0.373497,-0.6061478,-0.3147545,-0.5715408,-0.261055,-0.7903519,-3.805252,-2.888557,-0.4459915,-0.7353363,-0.9968414,-0.7635956,-0.6310577,-0.6570206,-0.6036911,-0.7492676
5.4166669845581055,,,,,,,,,,,,,,,-0.4953384,-0.6223526,0.006088257,-0.2860031,-0.2799835,-0.4840393,-0.3235016,-0.6270676,-0.3424568,-0.5174866,-0.3705673,-0.6061478,-0.3186607,-0.5764236,-0.2669144,-0.792305,-3.812088,-2.887581,-0.4430618,-0.7304535,-0.9890289,-0.7704315,-0.6203156,-0.6531143,-0.5929489,-0.7619629
5.425000190734863,,,,,,,,,,,,,,,-0.5060806,-0.6262589,0.009017944,-0.2820969,-0.2809601,-0.4859924,-0.322525,-0.6309738,-0.3395271,-0.5126038,-0.3676376,-0.6022415,-0.322567,-0.5774002,-0.2747269,-0.7913284,-3.815994,-2.885628,-0.4323196,-0.7314301,-0.9851227,-0.7733612,-0.6125031,-0.6462784,-0.5783005,-0.7727051
5.433332920074463,,,,,,,,,,,,,,,-0.5158463,-0.6311417,0.01194763,-0.2733078,-0.2780304,-0.4889221,-0.3195953,-0.6348801,-0.3405037,-0.5116272,-0.3656845,-0.594429,-0.3254967,-0.573494,-0.2825394,-0.7874222,-3.819901,-2.885628,-0.4186478,-0.7372894,-0.9860992,-0.7723846,-0.6115265,-0.6345596,-0.5646286,-0.7834473
5.433333333333334,0.0,-43.0,1.0,-9.0,-1.0,-100.0,0.0,-861.0,0.0,-1602.0,0.0,-93.0,0.0,-599.0,,,,,,,,,,,,,,,,,,,,,,,,,,
5.441667079925537,,,,,,,,,,,,,,,-0.5256119,-0.6389542,0.01487732,-0.2625656,-0.2760773,-0.4957581,-0.3166656,-0.6368332,-0.3434334,-0.5116272,-0.3656845,-0.5866165,-0.3274498,-0.566658,-0.2903519,-0.7776566,-3.817947,-2.888557,-0.4030228,-0.7480316,-0.9900055,-0.769455,-0.6183624,-0.6199112,-0.5538864,-0.7922363
5.449999809265137,,,,,,,,,,,,,,,-0.5353775,-0.6496964,0.01683044,-0.2528,-0.272171,-0.5074768,-0.3147125,-0.6387863,-0.3502693,-0.5145569,-0.3666611,-0.5797806,-0.3274498,-0.557869,-0.2962112,-0.7639847,-3.815018,-2.891487,-0.3834915,-0.7636566,-0.997818,-0.7635956,-0.6291046,-0.6081924,-0.5450974,-0.8010254
5.4583330154418945,,,,,,,,,,,,,,,-0.5422134,-0.6623917,0.01976013,-0.2440109,-0.2682648,-0.518219,-0.3127594,-0.641716,-0.3561287,-0.5174866,-0.3676376,-0.5748978,-0.3254967,-0.5500565,-0.3020706,-0.7532425,-3.813065,-2.89637,-0.375679,-0.7783051,-1.006607,-0.7587128,-0.6427765,-0.5994034,-0.539238,-0.8059082
5.466666666666667,0.0,-41.0,1.0,-7.0,-1.0,-102.0,0.0,-859.0,0.0,-1618.0,0.0,-96.0,0.0,-604.0,,,,,,,,,,,,,,,,,,,,,,,,,,
5.466667175292969,,,,,,,,,,,,,,,-0.5480728,-0.675087,0.01976013,-0.2381516,-0.2663116,-0.5289612,-0.3117828,-0.6456223,-0.3629646,-0.5213928,-0.3705673,-0.570015,-0.3215904,-0.5412674,-0.3050003,-0.7434769,-3.812088,-2.901253,-0.3698196,-0.7978363,-1.019302,-0.75383,-0.6593781,-0.5974503,-0.5402145,-0.8088379
5.474999904632568,,,,,,,,,,,,,,,-0.5510025,-0.6848526,0.01878357,-0.2352219,-0.2614288,-0.5387268,-0.3108063,-0.6524582,-0.368824,-0.5252991,-0.373497,-0.5680618,-0.3196373,-0.535408,-0.30793,-0.7405472,-3.816971,-2.904182,-0.36689,-0.816391,-1.028091,-0.7518768,-0.6759796,-0.6042862,-0.5441208,-0.8117676
5.483333110809326,,,,,,,,,,,,,,,-0.5568619,-0.6916885,0.01585388,-0.2322922,-0.2614288,-0.5445862,-0.3117828,-0.6641769,-0.3717537,-0.5292053,-0.3793564,-0.5690384,-0.3186607,-0.5334549,-0.30793,-0.74543,-3.82869,-2.906136,-0.3727493,-0.832016,-1.038834,-0.7489471,-0.6896515,-0.6208878,-0.5568161,-0.8166504
5.491666793823242,,,,,,,,,,,,,,,-0.558815,-0.6955948,0.01292419,-0.2293625,-0.2643585,-0.5465393,-0.3127594,-0.6749191,-0.3707771,-0.5340881,-0.3852158,-0.570015,-0.3167076,-0.5334549,-0.3059769,-0.7571487,-3.838455,-2.906136,-0.3805618,-0.8447113,-1.040787,-0.7460175,-0.6994171,-0.6423721,-0.5714645,-0.8234863
5.5,0.0,-41.0,1.0,-7.0,-1.0,-101.0,0.0,-858.0,0.0,-1631.0,0.0,-99.0,0.0,-611.0,-0.558815,-0.6965714,0.008041382,-0.2274094,-0.2672882,-0.5484924,-0.3156891,-0.6856613,-0.3658943,-0.5379944,-0.3930283,-0.5709915,-0.315731,-0.5344315,-0.3010941,-0.7727737,-3.849197,-2.903206,-0.391304,-0.8505707,-1.041763,-0.7450409,-0.7072296,-0.6658096,-0.5880661,-0.8312988
5.508333206176758,,,,,,,,,,,,,,,-0.5578384,-0.6975479,0.002182007,-0.2235031,-0.2692413,-0.5475159,-0.3176422,-0.6973801,-0.3600349,-0.5419006,-0.4027939,-0.5729446,-0.315731,-0.5344315,-0.2962112,-0.7874222,-3.85701,-2.89637,-0.39814,-0.8495941,-1.034927,-0.7421112,-0.7121124,-0.6902237,-0.6046677,-0.842041
5.516666889190674,,,,,,,,,,,,,,,-0.5539322,-0.6965714,-0.002700806,-0.22155,-0.2751007,-0.5455627,-0.3205719,-0.7071457,-0.353199,-0.5458069,-0.4115829,-0.5690384,-0.3176842,-0.535408,-0.2883987,-0.8040237,-3.863846,-2.888557,-0.4010696,-0.8437347,-1.028091,-0.7372284,-0.713089,-0.7078018,-0.6183395,-0.8518066
5.525000095367432,,,,,,,,,,,,,,,-0.5480728,-0.6955948,-0.008560181,-0.2205734,-0.2780304,-0.5455627,-0.3244781,-0.7100754,-0.3483162,-0.54776,-0.4174423,-0.5602493,-0.3196373,-0.5363846,-0.2776566,-0.8157425,-3.867752,-2.881721,-0.4039993,-0.8349457,-1.020279,-0.7323456,-0.7150421,-0.7195206,-0.6290817,-0.8625488
5.533332824707031,,,,,,,,,,,,,,,-0.5383072,-0.6946182,-0.01539612,-0.2244797,-0.2829132,-0.5465393,-0.3283844,-0.7081223,-0.3434334,-0.5467834,-0.4223251,-0.5514603,-0.3215904,-0.5393143,-0.2678909,-0.8196487,-3.869705,-2.872932,-0.4039993,-0.8251801,-1.012466,-0.7294159,-0.713089,-0.7234268,-0.6339645,-0.8703613
5.533333333333333,0.0,-41.0,2.0,-7.0,-1.0,-100.0,0.0,-860.0,0.0,-1640.0,0.0,-98.0,0.0,-623.0,,,,,,,,,,,,,,,,,,,,,,,,,,
5.5416669845581055,,,,,,,,,,,,,,,-0.5285416,-0.6946182,-0.01930237,-0.2352219,-0.2838898,-0.5475159,-0.3313141,-0.7012863,-0.3424568,-0.5438538,-0.4223251,-0.5416946,-0.3235435,-0.542244,-0.2571487,-0.8196487,-3.868729,-2.866096,-0.4030228,-0.8193207,-1.012466,-0.7245331,-0.7111359,-0.7175674,-0.6339645,-0.873291
5.550000190734863,,,,,,,,,,,,,,,-0.5187759,-0.6926651,-0.02125549,-0.2469406,-0.2858429,-0.5484924,-0.3361969,-0.6954269,-0.3453865,-0.5379944,-0.4184189,-0.5329056,-0.3245201,-0.5471268,-0.2493362,-0.8167191,-3.869705,-2.86219,-0.4030228,-0.8202972,-1.013443,-0.7196503,-0.7033234,-0.7068253,-0.6281052,-0.8713379
5.558332920074463,,,,,,,,,,,,,,,-0.51194,-0.6868057,-0.02320862,-0.2615891,-0.2848663,-0.5475159,-0.3410797,-0.6905441,-0.3522224,-0.5292053,-0.4135361,-0.5260696,-0.3274498,-0.5559158,-0.2434769,-0.8108597,-3.875565,-2.860237,-0.406929,-0.8261566,-1.018326,-0.7176971,-0.6984406,-0.6941299,-0.6222458,-0.8654785
5.566666666666666,0.0,-41.0,2.0,-9.0,-1.0,-100.0,0.0,-864.0,0.0,-1647.0,-1.0,-97.0,0.0,-635.0,,,,,,,,,,,,,,,,,,,,,,,,,,
5.566667079925537,,,,,,,,,,,,,,,-0.5099869,-0.6799698,-0.02320862,-0.2791672,-0.2838898,-0.5465393,-0.3469391,-0.6895676,-0.3600349,-0.5213928,-0.4057236,-0.5202103,-0.3274498,-0.566658,-0.2366409,-0.8050003,-3.880447,-2.864143,-0.4118118,-0.8388519,-1.026138,-0.7167206,-0.6916046,-0.6785049,-0.617363,-0.8547363
5.574999809265137,,,,,,,,,,,,,,,-0.5138931,-0.6731339,-0.02223206,-0.2938156,-0.279007,-0.5445862,-0.3498688,-0.6924973,-0.368824,-0.5126038,-0.3969345,-0.5202103,-0.3294029,-0.582283,-0.2346878,-0.8001175,-3.88533,-2.870979,-0.4176712,-0.8535004,-1.032974,-0.7167206,-0.6857452,-0.6619034,-0.6095505,-0.8391113
5.5833330154418945,,,,,,,,,,,,,,,-0.5217056,-0.6672745,-0.02223206,-0.3026047,-0.2751007,-0.5397034,-0.3508453,-0.6983566,-0.3785896,-0.5077209,-0.3881454,-0.5241165,-0.331356,-0.5959549,-0.2346878,-0.7952347,-3.89119,-2.884651,-0.4303665,-0.8671722,-1.03688,-0.7196503,-0.681839,-0.6492081,-0.6036911,-0.8195801
5.591667175292969,,,,,,,,,,,,,,,-0.5344009,-0.6623917,-0.02125549,-0.3045578,-0.2692413,-0.5357971,-0.353775,-0.7061691,-0.3903084,-0.5077209,-0.3842392,-0.531929,-0.331356,-0.6076736,-0.2366409,-0.7913284,-3.892166,-2.897346,-0.4342728,-0.8808441,-1.040787,-0.7264862,-0.6798859,-0.6384659,-0.5978317,-0.8010254
5.599999904632568,,,,,,,,,,,,,,,-0.5470963,-0.6623917,-0.02125549,-0.3026047,-0.2614288,-0.5309143,-0.3518219,-0.7120285,-0.3990974,-0.5106506,-0.3803329,-0.5377884,-0.3333092,-0.6184158,-0.2395706,-0.792305,-3.894119,-2.911018,-0.4362259,-0.8886566,-1.03688,-0.7391815,-0.681839,-0.6287003,-0.594902,-0.7854004
5.6,0.0,-41.0,2.0,-15.0,-1.0,-100.0,0.0,-865.0,0.0,-1658.0,-1.0,-98.0,0.0,-641.0,,,,,,,,,,,,,,,,,,,,,,,,,,
5.608333110809326,,,,,,,,,,,,,,,-0.5607681,-0.6672745,-0.02027893,-0.2967453,-0.2575226,-0.5260315,-0.3488922,-0.7169113,-0.4049568,-0.5155334,-0.3793564,-0.5436478,-0.3342857,-0.6281815,-0.2464066,-0.7942581,-3.894119,-2.925667,-0.4362259,-0.8915863,-1.033951,-0.7528534,-0.6867218,-0.6218643,-0.5900192,-0.7736816
5.616666793823242,,,,,,,,,,,,,,,-0.5734634,-0.6741104,-0.01832581,-0.2879562,-0.2536163,-0.5201721,-0.3459625,-0.7178879,-0.4108162,-0.5223694,-0.3813095,-0.547554,-0.3333092,-0.6330643,-0.2522659,-0.7981644,-3.893143,-2.932503,-0.4284134,-0.8915863,-1.030045,-0.7684784,-0.6935577,-0.6199112,-0.5841599,-0.7658691
5.625,,,,,,,,,,,,,,,-0.5822525,-0.6848526,-0.01930237,-0.2801437,-0.2516632,-0.5133362,-0.3420563,-0.7149582,-0.4137459,-0.5292053,-0.3842392,-0.5524368,-0.3323326,-0.635994,-0.2600784,-0.8050003,-3.896072,-2.934456,-0.4157181,-0.8857269,-1.026138,-0.7860565,-0.7023468,-0.6218643,-0.5763474,-0.763916
5.633333206176758,,,,,,,,,,,,,,,-0.5881119,-0.6936417,-0.01832581,-0.2723312,-0.2506866,-0.5074768,-0.3391266,-0.7110519,-0.4117928,-0.5379944,-0.389122,-0.5582962,-0.3274498,-0.6369705,-0.2688675,-0.8098831,-3.899979,-2.93055,-0.4030228,-0.8769379,-1.024185,-0.800705,-0.7111359,-0.6296768,-0.5665817,-0.7678223
5.633333333333334,0.0,-43.0,2.0,-20.0,-1.0,-102.0,0.0,-869.0,0.0,-1670.0,-1.0,-99.0,-1.0,-644.0,,,,,,,,,,,,,,,,,,,,,,,,,,
5.641666889190674,,,,,,,,,,,,,,,-0.5910416,-0.6975479,-0.01832581,-0.2694016,-0.2516632,-0.502594,-0.3401031,-0.7081223,-0.4069099,-0.5458069,-0.3930283,-0.563179,-0.322567,-0.635994,-0.2747269,-0.8176956,-3.907791,-2.922737,-0.3893509,-0.8622894,-1.027115,-0.8104706,-0.7189484,-0.640419,-0.5558395,-0.7727051
5.650000095367432,,,,,,,,,,,,,,,-0.5929947,-0.6985245,-0.02027893,-0.2674484,-0.2526398,-0.502594,-0.3420563,-0.7061691,-0.400074,-0.5506897,-0.3940048,-0.5729446,-0.315731,-0.6369705,-0.2796097,-0.8196487,-3.918533,-2.913948,-0.3766556,-0.847641,-1.032974,-0.8134003,-0.7257843,-0.6570206,-0.5460739,-0.7785645
5.658332824707031,,,,,,,,,,,,,,,-0.5910416,-0.6946182,-0.02516174,-0.2674484,-0.2555695,-0.5065002,-0.3469391,-0.7090988,-0.3922615,-0.5526428,-0.3979111,-0.58564,-0.3108482,-0.6408768,-0.2815628,-0.8206253,-3.928299,-2.906136,-0.3698196,-0.8310394,-1.041763,-0.8124237,-0.728714,-0.6755753,-0.5382614,-0.7834473
5.666666666666667,0.0,-46.0,2.0,-24.0,-1.0,-106.0,0.0,-875.0,0.0,-1685.0,-1.0,-104.0,-1.0,-645.0,,,,,,,,,,,,,,,,,,,,,,,,,,
5.6666669845581055,,,,,,,,,,,,,,,-0.5890884,-0.6848526,-0.03004456,-0.268425,-0.256546,-0.5172424,-0.3518219,-0.7120285,-0.384449,-0.5497131,-0.3949814,-0.601265,-0.3059654,-0.6428299,-0.2815628,-0.8186722,-3.935135,-2.905159,-0.3678665,-0.8144379,-1.053482,-0.8055878,-0.7316437,-0.6902237,-0.5304489,-0.7854004
5.675000190734863,,,,,,,,,,,,,,,-0.5851822,-0.6731339,-0.03590393,-0.2645187,-0.2584991,-0.5299377,-0.3576813,-0.7159348,-0.3776131,-0.5419006,-0.3910751,-0.6207962,-0.3040123,-0.6467361,-0.2805862,-0.8137894,-3.941971,-2.911018,-0.3717728,-0.8027191,-1.063248,-0.7958221,-0.7306671,-0.702919,-0.5265427,-0.7844238
5.683332920074463,,,,,,,,,,,,,,,-0.5802994,-0.6584854,-0.03883362,-0.2606125,-0.2594757,-0.5465393,-0.3615875,-0.7208176,-0.3737068,-0.5262756,-0.389122,-0.6403275,-0.3059654,-0.6525955,-0.2786331,-0.8108597,-3.941971,-2.923714,-0.3795853,-0.7968597,-1.07399,-0.7860565,-0.7316437,-0.7126846,-0.5255661,-0.7834473
5.691667079925537,,,,,,,,,,,,,,,-0.57444,-0.6457901,-0.03883362,-0.2567062,-0.2624054,-0.5631409,-0.3635406,-0.7217941,-0.3698006,-0.5047913,-0.3861923,-0.6549759,-0.3108482,-0.6584549,-0.2776566,-0.8108597,-3.939041,-2.940315,-0.391304,-0.7968597,-1.086685,-0.7772675,-0.7326202,-0.7146378,-0.5284958,-0.779541
5.699999809265137,,,,,,,,,,,,,,,-0.5666275,-0.6340714,-0.03590393,-0.2528,-0.2682648,-0.5758362,-0.3635406,-0.7217941,-0.3717537,-0.4813538,-0.3852158,-0.6666946,-0.315731,-0.6643143,-0.2786331,-0.8108597,-3.935135,-2.959846,-0.4030228,-0.8066254,-1.093521,-0.769455,-0.7326202,-0.7156143,-0.5353317,-0.779541
5.7,0.0,-48.0,2.0,-28.0,-1.0,-106.0,0.0,-880.0,0.0,-1701.0,-1.0,-112.0,-1.0,-649.0,,,,,,,,,,,,,,,,,,,,,,,,,,
5.7083330154418945,,,,,,,,,,,,,,,-0.5597916,-0.6233292,-0.02809143,-0.2498703,-0.2751007,-0.5826721,-0.3615875,-0.7169113,-0.3727303,-0.4588928,-0.3861923,-0.6754837,-0.3215904,-0.6682205,-0.2796097,-0.8137894,-3.931229,-2.975471,-0.413765,-0.8212738,-1.098404,-0.7645721,-0.7335968,-0.7156143,-0.5470505,-0.779541
5.716667175292969,,,,,,,,,,,,,,,-0.5539322,-0.6174698,-0.01832581,-0.2498703,-0.2819366,-0.5856018,-0.3576813,-0.7100754,-0.3776131,-0.4442444,-0.3910751,-0.6774368,-0.3254967,-0.6731033,-0.2825394,-0.8157425,-3.925369,-2.986214,-0.4206009,-0.8427582,-1.10524,-0.7606659,-0.7355499,-0.7126846,-0.563652,-0.779541
5.724999904632568,,,,,,,,,,,,,,,-0.5500259,-0.6164932,-0.007583618,-0.2557297,-0.2917023,-0.5787659,-0.3508453,-0.6993332,-0.3815193,-0.438385,-0.3959579,-0.6735306,-0.3284264,-0.6779861,-0.2844925,-0.8167191,-3.923416,-2.991096,-0.4254837,-0.8642426,-1.10817,-0.7577362,-0.7384796,-0.7117081,-0.5812302,-0.779541
5.733333110809326,,,,,,,,,,,,,,,-0.5480728,-0.6155167,0.002182007,-0.2645187,-0.3004913,-0.5690002,-0.3430328,-0.6924973,-0.3864021,-0.4432678,-0.4057236,-0.6715775,-0.3294029,-0.682869,-0.2864456,-0.8128128,-3.921463,-2.99012,-0.4284134,-0.8818207,-1.109146,-0.7567596,-0.7423859,-0.7117081,-0.5958786,-0.7775879
5.733333333333333,0.0,-50.0,1.0,-28.0,-1.0,-105.0,0.0,-883.0,0.0,-1715.0,-1.0,-117.0,-1.0,-651.0,,,,,,,,,,,,,,,,,,,,,,,,,,
5.741666793823242,,,,,,,,,,,,,,,-0.5510025,-0.6184464,0.009994507,-0.2742844,-0.3083038,-0.5563049,-0.3342438,-0.6905441,-0.3951912,-0.4588928,-0.4125595,-0.6696243,-0.3274498,-0.6897049,-0.2883987,-0.80793,-3.923416,-2.98719,-0.4284134,-0.8925629,-1.112076,-0.7557831,-0.744339,-0.7117081,-0.6095505,-0.7727051
5.75,,,,,,,,,,,,,,,-0.5578384,-0.6252823,0.01390076,-0.2869797,-0.3131866,-0.5406799,-0.3264313,-0.688591,-0.400074,-0.4803772,-0.4193954,-0.6706009,-0.3274498,-0.6955643,-0.2893753,-0.8020706,-3.928299,-2.985237,-0.4254837,-0.8964691,-1.113052,-0.7587128,-0.7462921,-0.7097549,-0.6163864,-0.7668457
5.758333206176758,,,,,,,,,,,,,,,-0.5666275,-0.6301651,0.01487732,-0.2986984,-0.3161163,-0.5299377,-0.3186188,-0.6915207,-0.4030037,-0.5047913,-0.4252548,-0.6754837,-0.3245201,-0.7004471,-0.2883987,-0.7942581,-3.933182,-2.985237,-0.4235306,-0.8896332,-1.112076,-0.7665253,-0.7453156,-0.7048721,-0.6183395,-0.7609863
5.766666666666667,0.0,-56.0,2.0,-25.0,0.0,-107.0,0.0,-889.0,0.0,-1724.0,-1.0,-117.0,-2.0,-652.0,,,,,,,,,,,,,,,,,,,,,,,,,,
5.766666889190674,,,,,,,,,,,,,,,-0.5773697,-0.6389542,0.01292419,-0.3074875,-0.3151398,-0.5240784,-0.3127594,-0.6973801,-0.4069099,-0.5243225,-0.4252548,-0.6852493,-0.3215904,-0.7024002,-0.2883987,-0.7893753,-3.943924,-2.985237,-0.4186478,-0.8740082,-1.113052,-0.7811737,-0.7462921,-0.7009659,-0.6144333,-0.7521973
5.775000095367432,,,,,,,,,,,,,,,-0.590065,-0.6477432,0.008041382,-0.3123703,-0.3112335,-0.5240784,-0.3078766,-0.7032394,-0.4078865,-0.5370178,-0.4233017,-0.6979446,-0.3186607,-0.7014236,-0.2903519,-0.7854691,-3.954666,-2.989143,-0.413765,-0.8525238,-1.112076,-0.800705,-0.7453156,-0.6990128,-0.6095505,-0.748291
5.783332824707031,,,,,,,,,,,,,,,-0.5978775,-0.6536026,0.001205444,-0.3172531,-0.3073273,-0.5299377,-0.3059235,-0.7100754,-0.4088631,-0.5419006,-0.420372,-0.7086868,-0.3167076,-0.6965408,-0.2913284,-0.7825394,-3.965408,-2.992073,-0.4088821,-0.8261566,-1.10817,-0.8270721,-0.744339,-0.6970596,-0.6036911,-0.7453613
5.7916669845581055,,,,,,,,,,,,,,,-0.6027603,-0.659462,-0.003677368,-0.3172531,-0.3004913,-0.5387268,-0.3059235,-0.7090988,-0.4098396,-0.5399475,-0.4115829,-0.7155228,-0.3118248,-0.6857986,-0.2942581,-0.7815628,-3.975174,-2.995003,-0.4079056,-0.8027191,-1.109146,-0.8534393,-0.7423859,-0.6960831,-0.6007614,-0.7463379
5.8,0.0,-61.0,2.0,-26.0,0.0,-109.0,0.0,-898.0,0.0,-1730.0,-1.0,-113.0,-2.0,-655.0,,,,,,,,,,,,,,,,,,,,,,,,,,
5.800000190734863,,,,,,,,,,,,,,,-0.60569,-0.6623917,-0.008560181,-0.3133469,-0.294632,-0.5504456,-0.3069,-0.7051926,-0.4108162,-0.532135,-0.4037704,-0.719429,-0.3079185,-0.6740799,-0.2991409,-0.7815628,-3.983963,-2.996956,-0.4079056,-0.7831879,-1.110123,-0.87883,-0.7394562,-0.6999893,-0.6007614,-0.7463379
5.808332920074463,,,,,,,,,,,,,,,-0.6037369,-0.6633682,-0.01246643,-0.3104172,-0.2887726,-0.5611877,-0.3069,-0.6964035,-0.4147224,-0.5204163,-0.3930283,-0.7155228,-0.3049889,-0.6643143,-0.3040237,-0.7844925,-3.989822,-2.994026,-0.4059525,-0.7704926,-1.113052,-0.9022675,-0.7355499,-0.7058487,-0.6036911,-0.7453613
5.816667079925537,,,,,,,,,,,,,,,-0.6008072,-0.6633682,-0.01344299,-0.3094406,-0.2858429,-0.5690002,-0.3069,-0.6856613,-0.4186287,-0.5077209,-0.3842392,-0.7057571,-0.3030357,-0.6555252,-0.3108597,-0.7874222,-3.993729,-2.989143,-0.4079056,-0.7665863,-1.116959,-0.9169159,-0.7316437,-0.7126846,-0.6056442,-0.7473145
5.824999809265137,,,,,,,,,,,,,,,-0.5969009,-0.6623917,-0.01441956,-0.3074875,-0.2829132,-0.5690002,-0.3059235,-0.6788254,-0.4225349,-0.4979553,-0.3783798,-0.695015,-0.3020592,-0.651619,-0.3176956,-0.792305,-3.994705,-2.983284,-0.4127884,-0.7724457,-1.119888,-0.9227753,-0.7228546,-0.7195206,-0.6095505,-0.7502441
5.8333330154418945,,,,,,,,,,,,,,,-0.5959244,-0.6614151,-0.01344299,-0.3065109,-0.2838898,-0.5660706,-0.3010406,-0.6768723,-0.4264412,-0.4911194,-0.373497,-0.6862259,-0.3049889,-0.6555252,-0.323555,-0.7991409,-3.992752,-2.977425,-0.4186478,-0.785141,-1.126724,-0.9198456,-0.7111359,-0.7253799,-0.610527,-0.7521973
5.833333333333333,0.0,-63.0,2.0,-27.0,0.0,-107.0,0.0,-905.0,0.0,-1736.0,0.0,-111.0,-1.0,-661.0,,,,,,,,,,,,,,,,,,,,,,,,,,
5.841667175292969,,,,,,,,,,,,,,,-0.5959244,-0.6653214,-0.009536743,-0.3045578,-0.2868195,-0.5621643,-0.298111,-0.6798019,-0.4303474,-0.4872131,-0.3705673,-0.6784134,-0.3079185,-0.667244,-0.3303909,-0.8098831,-3.993729,-2.969612,-0.4235306,-0.8027191,-1.13356,-0.9081268,-0.7003937,-0.7292862,-0.6115036,-0.7570801
5.849999904632568,,,,,,,,,,,,,,,-0.5988541,-0.6721573,-0.006607056,-0.3045578,-0.2917023,-0.5572815,-0.2951813,-0.6895676,-0.4332771,-0.4862366,-0.3715439,-0.6735306,-0.3128014,-0.6789627,-0.3333206,-0.823555,-3.997635,-2.960823,-0.4284134,-0.8202972,-1.138443,-0.8925018,-0.6886749,-0.7351456,-0.6115036,-0.7619629
5.858333110809326,,,,,,,,,,,,,,,-0.6008072,-0.6799698,-0.0007476807,-0.3045578,-0.2985382,-0.5523987,-0.2961578,-0.7071457,-0.4342537,-0.4881897,-0.3725204,-0.6735306,-0.3167076,-0.6965408,-0.3352737,-0.8342972,-4.003494,-2.951057,-0.4323196,-0.8339691,-1.141373,-0.8768768,-0.6798859,-0.7419815,-0.6144333,-0.7678223
5.866666666666666,0.0,-65.0,2.0,-27.0,0.0,-103.0,0.0,-914.0,0.0,-1745.0,0.0,-112.0,0.0,-664.0,,,,,,,,,,,,,,,,,,,,,,,,,,
5.866666793823242,,,,,,,,,,,,,,,-0.6027603,-0.690712,0.008041382,-0.3045578,-0.3053741,-0.549469,-0.2990875,-0.7276535,-0.4332771,-0.4930725,-0.3715439,-0.672554,-0.3167076,-0.7160721,-0.3362503,-0.8440628,-4.017166,-2.946175,-0.4362259,-0.8437347,-1.147232,-0.856369,-0.6759796,-0.7527237,-0.6183395,-0.7736816
5.875,,,,,,,,,,,,,,,-0.6037369,-0.7014542,0.01487732,-0.3055344,-0.3112335,-0.5475159,-0.3069,-0.7462082,-0.4283943,-0.4999084,-0.3715439,-0.6696243,-0.3196373,-0.7307205,-0.3323441,-0.8518753,-4.032791,-2.946175,-0.4372025,-0.8525238,-1.151138,-0.8387909,-0.6798859,-0.7673721,-0.626152,-0.7824707
5.883333206176758,,,,,,,,,,,,,,,-0.5978775,-0.7112198,0.02171326,-0.3104172,-0.3141632,-0.549469,-0.3166656,-0.7608566,-0.4225349,-0.5096741,-0.3725204,-0.663765,-0.315731,-0.7404861,-0.3274612,-0.8596878,-4.048416,-2.950081,-0.4401321,-0.8583832,-1.156021,-0.8260956,-0.6867218,-0.7839737,-0.6339645,-0.7922363
5.891666889190674,,,,,,,,,,,,,,,-0.5910416,-0.7190323,0.02952576,-0.3182297,-0.3122101,-0.5514221,-0.3274078,-0.7706223,-0.415699,-0.5204163,-0.3676376,-0.6549759,-0.3098717,-0.7473221,-0.3196487,-0.8675003,-4.065994,-2.956917,-0.4411087,-0.8642426,-1.16188,-0.8143768,-0.7003937,-0.8054581,-0.6427536,-0.8049316
5.9,0.0,-66.0,2.0,-27.0,0.0,-98.0,0.0,-918.0,0.0,-1755.0,0.0,-114.0,0.0,-667.0,,,,,,,,,,,,,,,,,,,,,,,,,,
5.900000095367432,,,,,,,,,,,,,,,-0.5812759,-0.7248917,0.03538513,-0.3279953,-0.3092804,-0.5523987,-0.3361969,-0.7725754,-0.4069099,-0.5331116,-0.3656845,-0.6442337,-0.3040123,-0.7492752,-0.3098831,-0.8743362,-4.077713,-2.969612,-0.4420853,-0.8730316,-1.16481,-0.8075409,-0.7179718,-0.8259659,-0.6495895,-0.817627
5.908332824707031,,,,,,,,,,,,,,,-0.5715103,-0.7268448,0.03831482,-0.3397141,-0.3053741,-0.5523987,-0.344986,-0.7686691,-0.3961678,-0.5467834,-0.3637314,-0.6364212,-0.2991295,-0.7473221,-0.2991409,-0.8811722,-4.088455,-2.982307,-0.4411087,-0.8847504,-1.16774,-0.8075409,-0.7345734,-0.843544,-0.6525192,-0.8342285
5.9166669845581055,,,,,,,,,,,,,,,-0.5627213,-0.7297745,0.04026794,-0.3485031,-0.3004913,-0.5514221,-0.3498688,-0.7598801,-0.3864021,-0.563385,-0.3627548,-0.6334915,-0.2942467,-0.7395096,-0.2874222,-0.8889847,-4.096268,-2.99305,-0.4391556,-0.8964691,-1.174576,-0.809494,-0.7492218,-0.8562393,-0.6534958,-0.8498535
5.925000190734863,,,,,,,,,,,,,,,-0.5558853,-0.7317276,0.04319763,-0.3533859,-0.2956085,-0.5523987,-0.3488922,-0.7481613,-0.3766365,-0.57901,-0.3637314,-0.6344681,-0.2932701,-0.7346268,-0.27668,-0.8967972,-4.101151,-2.998909,-0.4362259,-0.9072113,-1.180435,-0.81633,-0.7570343,-0.8630753,-0.6515427,-0.8566895
5.933332920074463,,,,,,,,,,,,,,,-0.5519791,-0.7336807,0.04319763,-0.3543625,-0.294632,-0.5514221,-0.3479156,-0.7364426,-0.3707771,-0.5926819,-0.3647079,-0.6383743,-0.2932701,-0.7336502,-0.2688675,-0.9007034,-4.106033,-2.998909,-0.4274368,-0.9140472,-1.185318,-0.8280487,-0.7609406,-0.8620987,-0.6466599,-0.8596191
5.933333333333334,0.0,-68.0,2.0,-28.0,-1.0,-94.0,0.0,-919.0,0.0,-1763.0,0.0,-112.0,-1.0,-668.0,,,,,,,,,,,,,,,,,,,,,,,,,,
5.941667079925537,,,,,,,,,,,,,,,-0.5519791,-0.7356339,0.04319763,-0.3504562,-0.294632,-0.5514221,-0.3459625,-0.7286301,-0.3639412,-0.6053772,-0.3705673,-0.6422806,-0.2961998,-0.7346268,-0.2639847,-0.8987503,-4.10994,-2.995003,-0.4166946,-0.9179535,-1.19606,-0.8387909,-0.759964,-0.8542862,-0.6437302,-0.8557129
5.949999809265137,,,,,,,,,,,,,,,-0.5539322,-0.7366104,0.04124451,-0.3445969,-0.2936554,-0.5523987,-0.3459625,-0.7266769,-0.3600349,-0.6122131,-0.3783798,-0.6471634,-0.3049889,-0.7395096,-0.2649612,-0.8909378,-4.115799,-2.988167,-0.4059525,-0.9160004,-1.205826,-0.8505096,-0.7511749,-0.8406143,-0.6398239,-0.8439941
5.9583330154418945,,,,,,,,,,,,,,,-0.5578384,-0.7395401,0.03831482,-0.3387375,-0.294632,-0.5553284,-0.3479156,-0.7296066,-0.3590584,-0.6131897,-0.3861923,-0.6491165,-0.3176842,-0.7502518,-0.2678909,-0.8811722,-4.119705,-2.977425,-0.3922806,-0.9111176,-1.215591,-0.8622284,-0.7404327,-0.8249893,-0.6378708,-0.8273926
5.966666666666667,0.0,-72.0,2.0,-27.0,0.0,-93.0,0.0,-918.0,0.0,-1768.0,0.0,-111.0,-1.0,-669.0,,,,,,,,,,,,,,,,,,,,,,,,,,
5.966667175292969,,,,,,,,,,,,,,,-0.558815,-0.7444229,0.03538513,-0.3367844,-0.2936554,-0.5631409,-0.3527985,-0.7344894,-0.3590584,-0.6073303,-0.3920517,-0.6471634,-0.3303795,-0.7619705,-0.2757034,-0.8684769,-4.129471,-2.968636,-0.3815384,-0.9042816,-1.226334,-0.871994,-0.7335968,-0.8083878,-0.6368942,-0.8088379
5.974999904632568,,,,,,,,,,,,,,,-0.5597916,-0.7473526,0.02952576,-0.3426437,-0.2907257,-0.5709534,-0.3596344,-0.7432785,-0.3610115,-0.5956116,-0.3979111,-0.6432571,-0.3460045,-0.7717361,-0.2854691,-0.8557816,-4.136307,-2.959846,-0.3747025,-0.8974457,-1.231216,-0.8827362,-0.7248077,-0.7927628,-0.6378708,-0.7902832
5.983333110809326,,,,,,,,,,,,,,,-0.5597916,-0.7541885,0.02561951,-0.3543625,-0.2887726,-0.5797424,-0.3684235,-0.7520676,-0.3678474,-0.5809631,-0.3998642,-0.6403275,-0.3606529,-0.7824783,-0.2962112,-0.8450394,-4.14119,-2.952034,-0.3698196,-0.8886566,-1.235123,-0.894455,-0.7169952,-0.7800674,-0.6388474,-0.7775879
5.991666793823242,,,,,,,,,,,,,,,-0.5597916,-0.7629776,0.02171326,-0.3719406,-0.2848663,-0.5895081,-0.3752594,-0.7589035,-0.3766365,-0.5692444,-0.3998642,-0.6403275,-0.3733482,-0.7912674,-0.3059769,-0.83918,-4.140213,-2.950081,-0.3678665,-0.8798676,-1.238052,-0.9061737,-0.7111359,-0.7742081,-0.6398239,-0.7678223
6.0,0.0,-73.0,2.0,-24.0,-1.0,-94.0,0.0,-920.0,0.0,-1774.0,0.0,-116.0,-2.0,-671.0,-0.5597916,-0.7737198,0.01878357,-0.3924484,-0.2819366,-0.5992737,-0.3820953,-0.7637863,-0.3903084,-0.5604553,-0.3959579,-0.6432571,-0.3840904,-0.7932205,-0.3147659,-0.8372269,-4.142166,-2.951057,-0.3659134,-0.8730316,-1.239029,-0.9169159,-0.7042999,-0.7712784,-0.6456833,-0.7648926
6.008333206176758,,,,,,,,,,,,,,,-0.5607681,-0.7854385,0.01780701,-0.4149094,-0.2770538,-0.6090393,-0.3860016,-0.766716,-0.4030037,-0.5565491,-0.3900986,-0.64814,-0.3879967,-0.7951736,-0.3225784,-0.83918,-4.13533,-2.95594,-0.3678665,-0.8661957,-1.237076,-0.9286346,-0.697464,-0.7712784,-0.648613,-0.7648926
6.016666889190674,,,,,,,,,,,,,,,-0.5636978,-0.800087,0.01976013,-0.4344406,-0.2731476,-0.6158752,-0.3869781,-0.766716,-0.4176521,-0.5604553,-0.3813095,-0.656929,-0.3899498,-0.7971268,-0.3313675,-0.8440628,-4.125565,-2.966682,-0.3678665,-0.8613129,-1.235123,-0.9354706,-0.6916046,-0.7722549,-0.6515427,-0.7658691
6.025000095367432,,,,,,,,,,,,,,,-0.5676041,-0.8137589,0.01878357,-0.4549484,-0.2682648,-0.6178284,-0.3860016,-0.7686691,-0.4283943,-0.5672913,-0.3744736,-0.6666946,-0.3899498,-0.801033,-0.3362503,-0.8460159,-4.111893,-2.982307,-0.3707962,-0.8613129,-1.23317,-0.9374237,-0.6847687,-0.7722549,-0.6544724,-0.7687988
6.033332824707031,,,,,,,,,,,,,,,-0.5754166,-0.8254776,0.01683044,-0.47155,-0.2624054,-0.6197815,-0.3830719,-0.7686691,-0.4362068,-0.5770569,-0.3666611,-0.6745071,-0.3870201,-0.8068924,-0.3411331,-0.8489456,-4.098221,-3.002815,-0.3688431,-0.8661957,-1.23317,-0.934494,-0.6798859,-0.7703018,-0.6564255,-0.7736816
6.033333333333333,0.0,-73.0,1.0,-22.0,-1.0,-98.0,0.0,-924.0,0.0,-1783.0,0.0,-122.0,-1.0,-674.0,,,,,,,,,,,,,,,,,,,,,,,,,,
6.0416669845581055,,,,,,,,,,,,,,,-0.5802994,-0.8371964,0.01585388,-0.4852219,-0.2575226,-0.6197815,-0.3791656,-0.7676926,-0.4401131,-0.5877991,-0.3637314,-0.67939,-0.385067,-0.8147049,-0.3421097,-0.8479691,-4.090408,-3.028206,-0.3698196,-0.8759613,-1.231216,-0.9276581,-0.6750031,-0.7663956,-0.6554489,-0.7785645
6.050000190734863,,,,,,,,,,,,,,,-0.5832291,-0.8450089,0.01292419,-0.4949875,-0.2516632,-0.6178284,-0.3723297,-0.766716,-0.4371834,-0.5936584,-0.3598251,-0.67939,-0.3821373,-0.8264236,-0.3450394,-0.8450394,-4.084549,-3.05555,-0.3727493,-0.8886566,-1.225357,-0.9169159,-0.6750031,-0.7605362,-0.6525192,-0.7834473
6.058332920074463,,,,,,,,,,,,,,,-0.5881119,-0.8459854,0.005111694,-0.4979172,-0.2506866,-0.6158752,-0.3664703,-0.7618332,-0.4303474,-0.594635,-0.3627548,-0.6764603,-0.3792076,-0.839119,-0.3460159,-0.8362503,-4.085526,-3.078987,-0.375679,-0.9072113,-1.217545,-0.9051971,-0.6789093,-0.7546768,-0.6505661,-0.7902832
6.066666666666666,0.0,-76.0,1.0,-24.0,-1.0,-99.0,0.0,-928.0,0.0,-1791.0,0.0,-123.0,-1.0,-683.0,,,,,,,,,,,,,,,,,,,,,,,,,,
6.066667079925537,,,,,,,,,,,,,,,-0.5910416,-0.8420792,-0.002700806,-0.4930344,-0.2497101,-0.6158752,-0.3615875,-0.7540207,-0.4225349,-0.5907288,-0.3695908,-0.6676712,-0.3772545,-0.8498611,-0.3460159,-0.8225784,-4.091385,-3.101448,-0.382515,-0.9277191,-1.208755,-0.8934784,-0.6876984,-0.749794,-0.6495895,-0.8000488
6.074999809265137,,,,,,,,,,,,,,,-0.5929947,-0.8323135,-0.007583618,-0.4793625,-0.2536163,-0.6158752,-0.3547516,-0.7432785,-0.4166756,-0.5858459,-0.3754501,-0.6520462,-0.3723717,-0.8596268,-0.3440628,-0.8040237,-4.103104,-3.117073,-0.3922806,-0.9443207,-1.195084,-0.8846893,-0.697464,-0.7517471,-0.6515427,-0.8098145
6.0833330154418945,,,,,,,,,,,,,,,-0.5939713,-0.8186417,-0.01148987,-0.4617844,-0.2614288,-0.6158752,-0.3488922,-0.7315598,-0.4098396,-0.5799866,-0.3852158,-0.6334915,-0.3674889,-0.8664627,-0.3421097,-0.7854691,-4.116776,-3.124886,-0.4030228,-0.9560394,-1.183365,-0.87883,-0.7150421,-0.7585831,-0.6544724,-0.817627
6.091667175292969,,,,,,,,,,,,,,,-0.5959244,-0.800087,-0.01344299,-0.4403,-0.272171,-0.6188049,-0.344986,-0.7178879,-0.4069099,-0.5751038,-0.3920517,-0.6149368,-0.3606529,-0.8684158,-0.33918,-0.7659378,-4.132401,-3.127815,-0.4196243,-0.9648285,-1.175552,-0.8778534,-0.7375031,-0.7683487,-0.6603317,-0.8215332
6.099999904632568,,,,,,,,,,,,,,,-0.5978775,-0.7786026,-0.01344299,-0.4207687,-0.2838898,-0.6227112,-0.3420563,-0.7071457,-0.4069099,-0.5741272,-0.4008408,-0.5954056,-0.353817,-0.8674393,-0.3372269,-0.7512894,-4.146072,-3.122932,-0.4332962,-0.9638519,-1.168716,-0.8817596,-0.759964,-0.781044,-0.6681442,-0.8225098
6.1,0.0,-81.0,2.0,-28.0,-1.0,-95.0,0.0,-935.0,0.0,-1799.0,0.0,-125.0,-1.0,-690.0,,,,,,,,,,,,,,,,,,,,,,,,,,
6.108333110809326,,,,,,,,,,,,,,,-0.5988541,-0.7590714,-0.008560181,-0.4061203,-0.294632,-0.6227112,-0.3420563,-0.6983566,-0.4088631,-0.5770569,-0.4067001,-0.5807571,-0.3430748,-0.8625565,-0.3342972,-0.7425003,-4.156815,-3.11512,-0.4459915,-0.9560394,-1.166763,-0.8885956,-0.7834015,-0.796669,-0.6749802,-0.8205566
6.116666793823242,,,,,,,,,,,,,,,-0.5998306,-0.7424698,-0.004653931,-0.3973312,-0.3024445,-0.6197815,-0.3459625,-0.6924973,-0.4088631,-0.5838928,-0.4115829,-0.5719681,-0.3362389,-0.8537674,-0.3313675,-0.7405472,-4.160721,-3.105354,-0.4577103,-0.9452972,-1.17067,-0.8983612,-0.8058624,-0.8093643,-0.6847458,-0.8137207
6.125,,,,,,,,,,,,,,,-0.5998306,-0.7297745,-0.0007476807,-0.3973312,-0.310257,-0.6129456,-0.3498688,-0.6895676,-0.4098396,-0.5907288,-0.4164658,-0.570015,-0.3284264,-0.8430252,-0.3294144,-0.74543,-4.16658,-3.093636,-0.4635696,-0.9355316,-1.177505,-0.9071503,-0.8234406,-0.8191299,-0.6935349,-0.8059082
6.133333206176758,,,,,,,,,,,,,,,-0.6027603,-0.7239151,0.002182007,-0.4022141,-0.3112335,-0.6041565,-0.353775,-0.6895676,-0.4088631,-0.5995178,-0.4193954,-0.5768509,-0.3235435,-0.8283768,-0.3284378,-0.7561722,-4.164627,-3.081917,-0.4674759,-0.9267426,-1.187271,-0.9130096,-0.8361359,-0.8220596,-0.6993942,-0.8000488
6.133333333333334,0.0,-86.0,2.0,-30.0,-1.0,-93.0,0.0,-947.0,0.0,-1808.0,0.0,-127.0,-1.0,-697.0,,,,,,,,,,,,,,,,,,,,,,,,,,
6.141666889190674,,,,,,,,,,,,,,,-0.60569,-0.7258682,0.004135132,-0.4100266,-0.3141632,-0.5943909,-0.3576813,-0.6924973,-0.4078865,-0.6053772,-0.4233017,-0.5895462,-0.322567,-0.8127518,-0.3274612,-0.7717972,-4.165604,-3.072151,-0.469429,-0.9228363,-1.200943,-0.9139862,-0.8390656,-0.8191299,-0.704277,-0.7961426
6.150000095367432,,,,,,,,,,,,,,,-0.6125259,-0.7317276,0.003158569,-0.4178391,-0.3141632,-0.5856018,-0.360611,-0.7022629,-0.4039803,-0.6053772,-0.4242783,-0.6071243,-0.3235435,-0.7961502,-0.3264847,-0.7864456,-4.168533,-3.064339,-0.4664993,-0.9267426,-1.213638,-0.91008,-0.8351593,-0.812294,-0.7081833,-0.7980957
6.158332824707031,,,,,,,,,,,,,,,-0.6174088,-0.7405167,0.003158569,-0.4256516,-0.3141632,-0.5777893,-0.3635406,-0.7139816,-0.4020271,-0.6024475,-0.4272079,-0.6276321,-0.3274498,-0.776619,-0.3245316,-0.8010941,-4.16951,-3.060432,-0.4655228,-0.9355316,-1.226334,-0.9022675,-0.8234406,-0.8015518,-0.7091599,-0.802002
6.166666666666667,0.0,-88.0,2.0,-32.0,-2.0,-93.0,0.0,-956.0,0.0,-1817.0,0.0,-130.0,-1.0,-700.0,,,,,,,,,,,,,,,,,,,,,,,,,,
6.1666669845581055,,,,,,,,,,,,,,,-0.621315,-0.7522354,0.003158569,-0.4295578,-0.3151398,-0.5748596,-0.3625641,-0.7266769,-0.4010506,-0.5956116,-0.4291611,-0.6442337,-0.3323326,-0.7619705,-0.3216019,-0.8137894,-4.17244,-3.063362,-0.4635696,-0.9501801,-1.237076,-0.8895721,-0.8087921,-0.7869034,-0.7081833,-0.8078613
6.175000190734863,,,,,,,,,,,,,,,-0.6261978,-0.7610245,0.003158569,-0.4324875,-0.3141632,-0.5758362,-0.3625641,-0.7462082,-0.4030037,-0.5868225,-0.4301376,-0.6579056,-0.3362389,-0.7502518,-0.3206253,-0.8196487,-4.175369,-3.071175,-0.4655228,-0.9677582,-1.244888,-0.8749237,-0.7931671,-0.7742081,-0.7052536,-0.810791
6.183332920074463,,,,,,,,,,,,,,,-0.6281509,-0.7668839,0.003158569,-0.4305344,-0.3141632,-0.5816956,-0.3645172,-0.7647629,-0.4059334,-0.5780334,-0.4320908,-0.6647415,-0.3391685,-0.738533,-0.3157425,-0.8206253,-4.176346,-3.079964,-0.4664993,-0.9833832,-1.253677,-0.8583221,-0.7775421,-0.765419,-0.7023239,-0.8098145
6.191667079925537,,,,,,,,,,,,,,,-0.6291275,-0.7659073,0.004135132,-0.4256516,-0.3112335,-0.5904846,-0.3654938,-0.7794113,-0.4108162,-0.5702209,-0.4320908,-0.6657181,-0.3430748,-0.7307205,-0.3118362,-0.8176956,-4.176346,-3.094612,-0.4704056,-0.9990082,-1.257584,-0.8436737,-0.7648468,-0.7624893,-0.6993942,-0.8039551
6.199999809265137,,,,,,,,,,,,,,,-0.6261978,-0.7580948,0.005111694,-0.4178391,-0.3073273,-0.5973206,-0.3674469,-0.7901535,-0.4166756,-0.5682678,-0.4311142,-0.663765,-0.3420982,-0.7258377,-0.3069534,-0.8098831,-4.175369,-3.106331,-0.4713821,-1.006821,-1.25856,-0.8309784,-0.7560577,-0.7663956,-0.6974411,-0.7902832
6.2,0.0,-85.0,3.0,-32.0,-2.0,-93.0,0.0,-959.0,0.0,-1827.0,0.0,-130.0,-1.0,-700.0,,,,,,,,,,,,,,,,,,,,,,,,,,
6.2083330154418945,,,,,,,,,,,,,,,-0.6242447,-0.7434464,0.004135132,-0.4070969,-0.3004913,-0.6061096,-0.3703766,-0.7911301,-0.4196053,-0.5692444,-0.4330673,-0.6618118,-0.3411217,-0.7199783,-0.3030472,-0.8040237,-4.173416,-3.11512,-0.4733353,-1.006821,-1.25563,-0.8202362,-0.7541046,-0.7761612,-0.6964645,-0.7756348
6.216667175292969,,,,,,,,,,,,,,,-0.6222916,-0.7278214,0.002182007,-0.393425,-0.2956085,-0.6188049,-0.3733063,-0.7813644,-0.4186287,-0.5731506,-0.4320908,-0.6608353,-0.3391685,-0.714119,-0.3001175,-0.7981644,-4.173416,-3.120003,-0.4752884,-0.9990082,-1.251724,-0.8134003,-0.7560577,-0.7878799,-0.695488,-0.763916
6.224999904632568,,,,,,,,,,,,,,,-0.6183853,-0.7102432,0.0002288818,-0.3797531,-0.2917023,-0.6354065,-0.3752594,-0.7647629,-0.4147224,-0.5829163,-0.4291611,-0.6618118,-0.338192,-0.7102127,-0.2971878,-0.7942581,-4.177322,-3.120979,-0.4723587,-0.9824066,-1.241959,-0.8104706,-0.759964,-0.8005753,-0.6906052,-0.7570801
6.233333110809326,,,,,,,,,,,,,,,-0.6164322,-0.6926651,-0.002700806,-0.3641281,-0.2897491,-0.6510315,-0.3752594,-0.7413254,-0.4069099,-0.594635,-0.4242783,-0.6666946,-0.3362389,-0.7024002,-0.2942581,-0.7913284,-4.180252,-3.120003,-0.4674759,-0.9609222,-1.23317,-0.809494,-0.7667999,-0.8083878,-0.6847458,-0.7570801
6.233333333333333,0.0,-80.0,4.0,-30.0,-2.0,-97.0,0.0,-963.0,0.0,-1834.0,0.0,-132.0,-2.0,-704.0,,,,,,,,,,,,,,,,,,,,,,,,,,
6.241666793823242,,,,,,,,,,,,,,,-0.6154556,-0.6828995,-0.003677368,-0.3475266,-0.2907257,-0.6656799,-0.3742828,-0.7090988,-0.3961678,-0.6073303,-0.4193954,-0.6735306,-0.3362389,-0.6955643,-0.2893753,-0.7903519,-4.182205,-3.120003,-0.4635696,-0.9365082,-1.220474,-0.8134003,-0.7716827,-0.8103409,-0.6769333,-0.7658691
6.25,,,,,,,,,,,,,,,-0.6125259,-0.6799698,-0.003677368,-0.3338547,-0.2936554,-0.6793518,-0.3713531,-0.6768723,-0.3854256,-0.6219788,-0.4145126,-0.6803665,-0.3372154,-0.6936111,-0.2874222,-0.7893753,-4.179276,-3.122932,-0.4557571,-0.9130707,-1.206802,-0.8212128,-0.7785187,-0.8074112,-0.6671677,-0.7834473
6.258333206176758,,,,,,,,,,,,,,,-0.6105728,-0.6868057,-0.002700806,-0.3211594,-0.2956085,-0.6861877,-0.3694,-0.6475754,-0.3795662,-0.6346741,-0.4086533,-0.6862259,-0.3411217,-0.6945877,-0.2825394,-0.7835159,-4.17244,-3.129768,-0.4508743,-0.8954926,-1.19313,-0.8280487,-0.7804718,-0.7995987,-0.6593552,-0.8078613
6.266666666666667,0.0,-76.0,4.0,-30.0,-2.0,-100.0,0.0,-969.0,0.0,-1842.0,0.0,-131.0,-2.0,-707.0,,,,,,,,,,,,,,,,,,,,,,,,,,
6.266666889190674,,,,,,,,,,,,,,,-0.6125259,-0.7004776,0.0002288818,-0.3065109,-0.2975616,-0.6852112,-0.3654938,-0.626091,-0.3785896,-0.6454163,-0.4057236,-0.6891556,-0.3420982,-0.7004471,-0.2776566,-0.7747269,-4.16658,-3.139534,-0.4469681,-0.8857269,-1.185318,-0.8348846,-0.7834015,-0.7878799,-0.6525192,-0.8342285
6.275000095367432,,,,,,,,,,,,,,,-0.6125259,-0.7209854,0.004135132,-0.2977219,-0.2995148,-0.6754456,-0.3625641,-0.6143723,-0.3824959,-0.6522522,-0.4057236,-0.6930618,-0.3460045,-0.7111893,-0.2757034,-0.761055,-4.157791,-3.154182,-0.4401321,-0.8857269,-1.177505,-0.8417206,-0.7863312,-0.7790909,-0.648613,-0.8615723
6.283332824707031,,,,,,,,,,,,,,,-0.6144791,-0.7395401,0.01097107,-0.2908859,-0.2995148,-0.6598206,-0.360611,-0.6133957,-0.3932381,-0.657135,-0.4076767,-0.6969681,-0.3489342,-0.7248611,-0.2747269,-0.74543,-4.145096,-3.165901,-0.438179,-0.894516,-1.174576,-0.8495331,-0.7853546,-0.7722549,-0.648613,-0.8830566
6.2916669845581055,,,,,,,,,,,,,,,-0.6174088,-0.7571182,0.01487732,-0.2889328,-0.3014679,-0.6422424,-0.3576813,-0.6241379,-0.4049568,-0.6581116,-0.4125595,-0.6979446,-0.353817,-0.7395096,-0.2757034,-0.7327347,-4.143143,-3.17762,-0.4313431,-0.9130707,-1.171646,-0.856369,-0.7902374,-0.7712784,-0.6495895,-0.8967285
6.3,0.0,-73.0,4.0,-29.0,-1.0,-102.0,0.0,-971.0,0.0,-1852.0,0.0,-127.0,-2.0,-710.0,,,,,,,,,,,,,,,,,,,,,,,,,,
6.300000190734863,,,,,,,,,,,,,,,-0.6222916,-0.7698135,0.01683044,-0.2938156,-0.303421,-0.6285706,-0.3557281,-0.6465988,-0.4186287,-0.6561584,-0.4193954,-0.6998978,-0.3586998,-0.754158,-0.2815628,-0.7239456,-4.149979,-3.188362,-0.4245071,-0.9345551,-1.16774,-0.8651581,-0.7970734,-0.7751846,-0.6515427,-0.9025879
6.308332920074463,,,,,,,,,,,,,,,-0.6242447,-0.7766495,0.01585388,-0.3045578,-0.3083038,-0.6188049,-0.3576813,-0.6768723,-0.4274178,-0.6512756,-0.4281845,-0.7028275,-0.3635826,-0.7639236,-0.2893753,-0.7200394,-4.161697,-3.196175,-0.4157181,-0.9540863,-1.16188,-0.8739471,-0.8058624,-0.7820206,-0.6544724,-0.9006348
6.316667079925537,,,,,,,,,,,,,,,-0.6261978,-0.777626,0.01292419,-0.3221359,-0.3151398,-0.6158752,-0.3596344,-0.7090988,-0.4342537,-0.6444397,-0.435997,-0.7047806,-0.3704185,-0.769783,-0.2981644,-0.7258987,-4.181229,-3.200081,-0.4079056,-0.972641,-1.152115,-0.8827362,-0.8166046,-0.7908096,-0.6583786,-0.8898926
6.324999809265137,,,,,,,,,,,,,,,-0.6261978,-0.7727432,0.008041382,-0.3436203,-0.3249054,-0.6178284,-0.3625641,-0.7383957,-0.4332771,-0.6346741,-0.4457626,-0.7047806,-0.3772545,-0.769783,-0.3069534,-0.7415237,-4.202713,-3.200081,-0.3971634,-0.9794769,-1.143326,-0.8885956,-0.8283234,-0.796669,-0.6593552,-0.8713379
6.3333330154418945,,,,,,,,,,,,,,,-0.6232681,-0.7678604,0.001205444,-0.3680344,-0.3336945,-0.6236877,-0.3674469,-0.7637863,-0.4274178,-0.6278381,-0.4525986,-0.7008743,-0.3840904,-0.7649002,-0.3128128,-0.7630081,-4.226151,-3.196175,-0.3893509,-0.9765472,-1.132584,-0.8934784,-0.8390656,-0.8005753,-0.6613083,-0.8518066
6.333333333333333,0.0,-74.0,4.0,-27.0,-1.0,-102.0,0.0,-973.0,0.0,-1858.0,0.0,-122.0,-1.0,-712.0,,,,,,,,,,,,,,,,,,,,,,,,,,
6.341667175292969,,,,,,,,,,,,,,,-0.6174088,-0.7610245,-0.006607056,-0.3924484,-0.3444366,-0.6334534,-0.3703766,-0.7803879,-0.4196053,-0.6190491,-0.4594345,-0.6959915,-0.393856,-0.7600174,-0.3196487,-0.7893753,-4.248611,-3.188362,-0.3815384,-0.9638519,-1.123795,-0.8954315,-0.8439484,-0.8015518,-0.6622849,-0.8312988
6.349999904632568,,,,,,,,,,,,,,,-0.6086197,-0.7551651,-0.01148987,-0.4158859,-0.3512726,-0.6393127,-0.3733063,-0.7901535,-0.4127693,-0.6112366,-0.4613876,-0.6891556,-0.400692,-0.7561111,-0.3206253,-0.8176956,-4.268143,-3.17762,-0.3815384,-0.9423676,-1.116959,-0.8905487,-0.8459015,-0.7956924,-0.664238,-0.8127441
6.358333110809326,,,,,,,,,,,,,,,-0.6017838,-0.7512589,-0.01539612,-0.4324875,-0.3561554,-0.6422424,-0.3713531,-0.7921066,-0.4039803,-0.6044006,-0.4604111,-0.6832962,-0.4065514,-0.7512283,-0.3186722,-0.8440628,-4.283768,-3.161018,-0.3834915,-0.9199066,-1.118912,-0.8827362,-0.8410187,-0.7839737,-0.6691208,-0.7990723
6.366666666666666,0.0,-76.0,4.0,-26.0,-1.0,-105.0,0.0,-975.0,0.0,-1861.0,-1.0,-119.0,-1.0,-717.0,,,,,,,,,,,,,,,,,,,,,,,,,,
6.366666793823242,,,,,,,,,,,,,,,-0.5949478,-0.7473526,-0.01441956,-0.4442062,-0.3542023,-0.643219,-0.3664703,-0.7852707,-0.3981209,-0.5995178,-0.4555283,-0.67939,-0.4104576,-0.7492752,-0.3167191,-0.8684769,-4.292557,-3.142464,-0.3942337,-0.8974457,-1.125748,-0.8700409,-0.8273468,-0.7703018,-0.6710739,-0.7873535
6.375,,,,,,,,,,,,,,,-0.5890884,-0.7444229,-0.01246643,-0.4490891,-0.3512726,-0.6441956,-0.3586578,-0.7774582,-0.3951912,-0.6024475,-0.4457626,-0.6803665,-0.4133873,-0.7492752,-0.3157425,-0.886055,-4.298416,-3.120979,-0.4049759,-0.8798676,-1.13942,-0.8534393,-0.8126984,-0.7537003,-0.6710739,-0.779541
6.383333206176758,,,,,,,,,,,,,,,-0.5871353,-0.7395401,-0.008560181,-0.4461594,-0.3434601,-0.6412659,-0.3498688,-0.7676926,-0.3951912,-0.6063538,-0.4320908,-0.6832962,-0.4133873,-0.7492752,-0.3137894,-0.8987503,-4.305252,-3.102425,-0.4206009,-0.8710785,-1.154068,-0.8378143,-0.791214,-0.7351456,-0.6691208,-0.7756348
6.391666889190674,,,,,,,,,,,,,,,-0.590065,-0.7366104,-0.002700806,-0.4363937,-0.334671,-0.6363831,-0.3391266,-0.7598801,-0.3981209,-0.6141663,-0.4193954,-0.6872025,-0.4085045,-0.7492752,-0.3157425,-0.9036331,-4.311111,-3.088753,-0.4352493,-0.8710785,-1.17067,-0.8241425,-0.7697296,-0.7204971,-0.6622849,-0.7746582
6.4,0.0,-75.0,3.0,-24.0,-1.0,-107.0,0.0,-977.0,0.0,-1865.0,-1.0,-115.0,-1.0,-722.0,,,,,,,,,,,,,,,,,,,,,,,,,,
6.400000095367432,,,,,,,,,,,,,,,-0.5939713,-0.7356339,0.001205444,-0.4266281,-0.3249054,-0.6315002,-0.3313141,-0.7540207,-0.4020271,-0.6219788,-0.404747,-0.6959915,-0.4055748,-0.7502518,-0.3196487,-0.90168,-4.314041,-3.078987,-0.4479446,-0.8798676,-1.181412,-0.8153534,-0.7462921,-0.7058487,-0.6505661,-0.7766113
6.408332824707031,,,,,,,,,,,,,,,-0.6008072,-0.7346573,0.003158569,-0.4119797,-0.3141632,-0.6236877,-0.3264313,-0.7471848,-0.4078865,-0.6288147,-0.3930283,-0.7028275,-0.3997154,-0.7492752,-0.3245316,-0.8938675,-4.317947,-3.073128,-0.4586868,-0.894516,-1.19313,-0.8114471,-0.7248077,-0.6951065,-0.6349411,-0.779541
6.4166669845581055,,,,,,,,,,,,,,,-0.6105728,-0.7395401,0.003158569,-0.3973312,-0.3073273,-0.6148987,-0.3264313,-0.7393723,-0.4137459,-0.6317444,-0.3871689,-0.7067337,-0.3889732,-0.7473221,-0.3323441,-0.8821487,-4.324783,-3.071175,-0.46064,-0.9081879,-1.197037,-0.8124237,-0.7072296,-0.687294,-0.6163864,-0.7834473
6.425000190734863,,,,,,,,,,,,,,,-0.6242447,-0.7473526,0.002182007,-0.3865891,-0.3004913,-0.6061096,-0.3303375,-0.7335129,-0.4186287,-0.6297913,-0.3842392,-0.71064,-0.3762779,-0.7473221,-0.3382034,-0.8655472,-4.330643,-3.076057,-0.4577103,-0.9228363,-1.197037,-0.8192596,-0.6964874,-0.6824112,-0.594902,-0.7873535
6.433332920074463,,,,,,,,,,,,,,,-0.6349869,-0.7571182,-0.0007476807,-0.3797531,-0.2956085,-0.5953674,-0.33815,-0.7266769,-0.4225349,-0.6219788,-0.3871689,-0.71064,-0.3606529,-0.7482986,-0.3411331,-0.8460159,-4.337479,-3.082893,-0.4528275,-0.9335785,-1.194107,-0.8290253,-0.6906281,-0.6804581,-0.5773239,-0.7922363
6.433333333333334,0.0,-72.0,3.0,-19.0,-2.0,-107.0,0.0,-979.0,0.0,-1876.0,-1.0,-114.0,0.0,-724.0,,,,,,,,,,,,,,,,,,,,,,,,,,
6.441667079925537,,,,,,,,,,,,,,,-0.6447525,-0.7668839,-0.003677368,-0.3758469,-0.2936554,-0.580719,-0.3498688,-0.7169113,-0.4264412,-0.6092834,-0.3940048,-0.7086868,-0.3450279,-0.7512283,-0.3401566,-0.8274612,-4.342361,-3.091682,-0.4440384,-0.9404144,-1.192154,-0.8378143,-0.6925812,-0.6804581,-0.5646286,-0.7980957
6.449999809265137,,,,,,,,,,,,,,,-0.6554947,-0.7756729,-0.004653931,-0.3768234,-0.2936554,-0.5670471,-0.3625641,-0.7051926,-0.4274178,-0.5975647,-0.4008408,-0.7057571,-0.3303795,-0.7561111,-0.3362503,-0.80793,-4.347244,-3.099495,-0.4323196,-0.9443207,-1.190201,-0.8436737,-0.7042999,-0.6785049,-0.5558395,-0.802002
6.4583330154418945,,,,,,,,,,,,,,,-0.6613541,-0.7815323,-0.003677368,-0.3797531,-0.2965851,-0.5553284,-0.3752594,-0.6934738,-0.4293709,-0.5907288,-0.4115829,-0.703804,-0.3186607,-0.7658768,-0.3313675,-0.7913284,-4.349197,-3.107307,-0.4245071,-0.9433441,-1.190201,-0.8495331,-0.7209015,-0.6775284,-0.554863,-0.8059082
6.466666666666667,0.0,-73.0,3.0,-14.0,-2.0,-111.0,0.0,-987.0,0.0,-1891.0,0.0,-115.0,-1.0,-728.0,,,,,,,,,,,,,,,,,,,,,,,,,,
6.466667175292969,,,,,,,,,,,,,,,-0.6662369,-0.7815323,-0.0007476807,-0.3836594,-0.3014679,-0.5455627,-0.3899078,-0.6807785,-0.4293709,-0.5868225,-0.4223251,-0.7018509,-0.3128014,-0.776619,-0.3264847,-0.7757034,-4.35408,-3.114143,-0.4186478,-0.941391,-1.19313,-0.8505096,-0.7423859,-0.6794815,-0.563652,-0.8088379
6.474999904632568,,,,,,,,,,,,,,,-0.66819,-0.7786026,0.003158569,-0.3865891,-0.3024445,-0.5348206,-0.4026031,-0.6700363,-0.4323006,-0.5868225,-0.4291611,-0.6979446,-0.3137779,-0.7902908,-0.3186722,-0.7630081,-4.356033,-3.120003,-0.4176712,-0.9394379,-1.195084,-0.8495331,-0.7687531,-0.6833878,-0.5763474,-0.810791
6.483333110809326,,,,,,,,,,,,,,,-0.66819,-0.7717667,0.006088257,-0.3865891,-0.3073273,-0.5279846,-0.4133453,-0.657341,-0.4323006,-0.5936584,-0.435997,-0.6930618,-0.3196373,-0.8029861,-0.3147659,-0.7542191,-4.355057,-3.122932,-0.422554,-0.9374847,-1.197037,-0.8505096,-0.7931671,-0.6912003,-0.5900192,-0.8146973
6.491666793823242,,,,,,,,,,,,,,,-0.6672134,-0.7649307,0.006088257,-0.3836594,-0.3083038,-0.5279846,-0.4211578,-0.6465988,-0.4352303,-0.6034241,-0.4457626,-0.688179,-0.331356,-0.8137283,-0.3147659,-0.7444534,-4.353104,-3.123909,-0.4313431,-0.9374847,-1.198013,-0.8505096,-0.8175812,-0.7038956,-0.6075974,-0.8186035
6.5,0.0,-74.0,3.0,-11.0,-2.0,-116.0,0.0,-998.0,0.0,-1900.0,0.0,-119.0,-1.0,-732.0,-0.6672134,-0.7590714,0.004135132,-0.3797531,-0.310257,-0.5299377,-0.4279938,-0.6378098,-0.4381599,-0.6122131,-0.4496689,-0.6832962,-0.3450279,-0.8195877,-0.3157425,-0.7346878,-4.351151,-3.122932,-0.4401321,-0.9365082,-1.198013,-0.8505096,-0.838089,-0.7204971,-0.6202927,-0.8215332
6.508333206176758,,,,,,,,,,,,,,,-0.66819,-0.7522354,-0.001724243,-0.3719406,-0.3092804,-0.5367737,-0.4289703,-0.6290207,-0.4401131,-0.6180725,-0.4535751,-0.6754837,-0.3586998,-0.8225174,-0.3196487,-0.7258987,-4.349197,-3.120003,-0.4508743,-0.9345551,-1.19606,-0.8534393,-0.853714,-0.7351456,-0.632988,-0.8244629
6.516666889190674,,,,,,,,,,,,,,,-0.6711197,-0.7483292,-0.007583618,-0.362175,-0.3073273,-0.5484924,-0.4260406,-0.6212082,-0.4420662,-0.6239319,-0.4574814,-0.6686478,-0.369442,-0.8215408,-0.3274612,-0.7171097,-4.348221,-3.117073,-0.46064,-0.9306488,-1.197037,-0.8553925,-0.8664093,-0.749794,-0.6398239,-0.826416
6.525000095367432,,,,,,,,,,,,,,,-0.6730728,-0.7444229,-0.01734924,-0.3504562,-0.3063507,-0.5602112,-0.4211578,-0.6163254,-0.4420662,-0.6268616,-0.4613876,-0.6627884,-0.3772545,-0.8176346,-0.3333206,-0.7102737,-4.348221,-3.11512,-0.4704056,-0.9267426,-1.199966,-0.8573456,-0.8712921,-0.7595596,-0.6447067,-0.8283691
6.533332824707031,,,,,,,,,,,,,,,-0.6760025,-0.7405167,-0.02516174,-0.3406906,-0.303421,-0.5729065,-0.4172516,-0.6153488,-0.4440193,-0.625885,-0.4633408,-0.6579056,-0.3831139,-0.8127518,-0.3411331,-0.7053909,-4.349197,-3.110237,-0.4733353,-0.9199066,-1.205826,-0.8612518,-0.8703156,-0.7605362,-0.648613,-0.8312988
6.533333333333333,0.0,-76.0,3.0,-10.0,-2.0,-121.0,0.0,-1006.0,0.0,-1906.0,0.0,-124.0,-1.0,-734.0,,,,,,,,,,,,,,,,,,,,,,,,,,
6.5416669845581055,,,,,,,,,,,,,,,-0.6789322,-0.737587,-0.03004456,-0.3299484,-0.3014679,-0.5846252,-0.4133453,-0.6173019,-0.4430428,-0.6249084,-0.467247,-0.6549759,-0.385067,-0.8137283,-0.3489456,-0.7024612,-4.352127,-3.105354,-0.4723587,-0.9091644,-1.213638,-0.8612518,-0.8664093,-0.7537003,-0.6505661,-0.8342285
6.550000190734863,,,,,,,,,,,,,,,-0.6799088,-0.7327042,-0.03199768,-0.3201828,-0.3004913,-0.5943909,-0.4104156,-0.6221848,-0.4440193,-0.6219788,-0.467247,-0.6539993,-0.3840904,-0.8176346,-0.3557816,-0.7024612,-4.358963,-3.099495,-0.4713821,-0.9023285,-1.222427,-0.8622284,-0.8595734,-0.7410049,-0.6505661,-0.8361816
6.558332920074463,,,,,,,,,,,,,,,-0.6769791,-0.7278214,-0.03102112,-0.3113937,-0.2995148,-0.6002502,-0.4104156,-0.6299973,-0.4449959,-0.6170959,-0.467247,-0.6530228,-0.3821373,-0.8215408,-0.3606644,-0.7083206,-4.369705,-3.092659,-0.4674759,-0.8984222,-1.232193,-0.863205,-0.8459015,-0.7283096,-0.6534958,-0.8400879
6.566666666666666,0.0,-74.0,4.0,-15.0,-3.0,-123.0,0.0,-1011.0,0.0,-1916.0,0.0,-132.0,-1.0,-737.0,,,,,,,,,,,,,,,,,,,,,,,,,,
6.566667079925537,,,,,,,,,,,,,,,-0.6730728,-0.7239151,-0.02906799,-0.3074875,-0.2985382,-0.6012268,-0.4133453,-0.6387863,-0.4479256,-0.6131897,-0.4633408,-0.6549759,-0.3772545,-0.8264236,-0.3655472,-0.7122269,-4.379471,-3.085823,-0.46064,-0.8974457,-1.235123,-0.863205,-0.8292999,-0.7175674,-0.6554489,-0.8410645
6.574999809265137,,,,,,,,,,,,,,,-0.6672134,-0.721962,-0.02516174,-0.3074875,-0.3004913,-0.6012268,-0.4143219,-0.6485519,-0.4498787,-0.6112366,-0.4584579,-0.6588821,-0.369442,-0.8283768,-0.3684769,-0.7132034,-4.39119,-3.075081,-0.4528275,-0.9023285,-1.232193,-0.8622284,-0.8185577,-0.7136612,-0.6564255,-0.8400879
6.5833330154418945,,,,,,,,,,,,,,,-0.6613541,-0.7209854,-0.02223206,-0.3113937,-0.303421,-0.5982971,-0.416275,-0.6602707,-0.4518318,-0.6083069,-0.4525986,-0.6618118,-0.3606529,-0.8254471,-0.3694534,-0.71418,-4.399002,-3.067268,-0.4498978,-0.9091644,-1.22731,-0.856369,-0.8058624,-0.7165909,-0.6583786,-0.8381348
6.591667175292969,,,,,,,,,,,,,,,-0.6554947,-0.7200089,-0.01930237,-0.3192062,-0.3063507,-0.5934143,-0.4182281,-0.6700363,-0.4537849,-0.6073303,-0.4428329,-0.6647415,-0.3489342,-0.8137283,-0.3645706,-0.7132034,-4.410721,-3.063362,-0.4479446,-0.9179535,-1.218521,-0.84758,-0.7941437,-0.7283096,-0.6603317,-0.8312988
6.599999904632568,,,,,,,,,,,,,,,-0.6496353,-0.721962,-0.01832581,-0.3279953,-0.3073273,-0.5885315,-0.416275,-0.6798019,-0.4547615,-0.6083069,-0.4350204,-0.6657181,-0.3411217,-0.7961502,-0.3587112,-0.7092972,-4.413651,-3.066292,-0.4498978,-0.9247894,-1.210709,-0.8339081,-0.7843781,-0.7468643,-0.6632614,-0.8225098
6.6,0.0,-73.0,4.0,-18.0,-2.0,-123.0,0.0,-1015.0,0.0,-1929.0,0.0,-135.0,-2.0,-738.0,,,,,,,,,,,,,,,,,,,,,,,,,,
6.608333110809326,,,,,,,,,,,,,,,-0.6476822,-0.7258682,-0.01637268,-0.3387375,-0.3112335,-0.5826721,-0.4152985,-0.6876144,-0.4518318,-0.61026,-0.4291611,-0.6647415,-0.3323326,-0.7756424,-0.3518753,-0.7034378,-4.414627,-3.078011,-0.4577103,-0.9316254,-1.199966,-0.8134003,-0.7794952,-0.7683487,-0.6652145,-0.8146973
6.616666793823242,,,,,,,,,,,,,,,-0.6476822,-0.7297745,-0.01734924,-0.3475266,-0.3131866,-0.5787659,-0.4133453,-0.6934738,-0.4498787,-0.6141663,-0.4272079,-0.663765,-0.3284264,-0.7551346,-0.3440628,-0.6995316,-4.41951,-3.094612,-0.4655228,-0.9374847,-1.192154,-0.7909393,-0.7794952,-0.7888565,-0.6710739,-0.8078613
6.625,,,,,,,,,,,,,,,-0.6506119,-0.7336807,-0.01539612,-0.3543625,-0.3141632,-0.5709534,-0.4123688,-0.6983566,-0.446949,-0.6170959,-0.4242783,-0.6608353,-0.3284264,-0.7375565,-0.3352737,-0.698555,-4.41951,-3.114143,-0.476265,-0.941391,-1.190201,-0.7665253,-0.7794952,-0.8064346,-0.6749802,-0.8039551
6.633333206176758,,,,,,,,,,,,,,,-0.6545181,-0.7366104,-0.01441956,-0.3563156,-0.3141632,-0.565094,-0.4113922,-0.6983566,-0.4449959,-0.6200256,-0.4252548,-0.6588821,-0.331356,-0.7287674,-0.3303909,-0.7034378,-4.42244,-3.132698,-0.4860306,-0.9462738,-1.187271,-0.7460175,-0.7843781,-0.8171768,-0.679863,-0.8029785
6.633333333333334,0.0,-71.0,4.0,-17.0,-2.0,-122.0,0.0,-1017.0,0.0,-1939.0,-1.0,-138.0,-2.0,-734.0,,,,,,,,,,,,,,,,,,,,,,,,,,
6.641666889190674,,,,,,,,,,,,,,,-0.6603775,-0.7395401,-0.01148987,-0.3543625,-0.3131866,-0.5592346,-0.4113922,-0.6944504,-0.4440193,-0.6239319,-0.4272079,-0.6598587,-0.3362389,-0.7268143,-0.3274612,-0.71418,-4.432205,-3.14637,-0.4928665,-0.9521332,-1.188248,-0.7294159,-0.7931671,-0.8249893,-0.6837692,-0.8049316
6.650000095367432,,,,,,,,,,,,,,,-0.6642838,-0.7405167,-0.006607056,-0.3494797,-0.3141632,-0.5533752,-0.4123688,-0.6895676,-0.4430428,-0.6249084,-0.4291611,-0.6647415,-0.3430748,-0.7326736,-0.3303909,-0.729805,-4.441971,-3.154182,-0.4928665,-0.9599457,-1.186295,-0.72258,-0.8000031,-0.827919,-0.6876755,-0.810791
6.658332824707031,,,,,,,,,,,,,,,-0.6711197,-0.7414932,-0.002700806,-0.3436203,-0.3151398,-0.5484924,-0.416275,-0.6827316,-0.4440193,-0.6229553,-0.4301376,-0.6686478,-0.3518639,-0.7414627,-0.3352737,-0.7483597,-4.45369,-3.153206,-0.4889603,-0.9677582,-1.182388,-0.7245331,-0.8107452,-0.827919,-0.6906052,-0.817627
6.666666666666667,1.0,-70.0,3.0,-19.0,-3.0,-123.0,0.0,-1021.0,0.0,-1952.0,-1.0,-142.0,-1.0,-730.0,,,,,,,,,,,,,,,,,,,,,,,,,,
6.6666669845581055,,,,,,,,,,,,,,,-0.6760025,-0.7424698,0.003158569,-0.3367844,-0.319046,-0.5455627,-0.4182281,-0.6749191,-0.4420662,-0.6200256,-0.4320908,-0.6745071,-0.3586998,-0.7551346,-0.3401566,-0.7678909,-4.468338,-3.14344,-0.4782181,-0.9755707,-1.178482,-0.7333221,-0.8214874,-0.827919,-0.6906052,-0.8215332
6.675000190734863,,,,,,,,,,,,,,,-0.6799088,-0.7434464,0.009017944,-0.330925,-0.3239288,-0.5445862,-0.4201813,-0.6671066,-0.4410896,-0.6141663,-0.4311142,-0.6813431,-0.3645592,-0.7658768,-0.3440628,-0.7874222,-4.481033,-3.130745,-0.4645462,-0.9824066,-1.178482,-0.7489471,-0.8292999,-0.8288956,-0.6925583,-0.8225098
6.683332920074463,,,,,,,,,,,,,,,-0.6828384,-0.7453995,0.01390076,-0.3289719,-0.3278351,-0.5455627,-0.4221344,-0.6592941,-0.4342537,-0.6044006,-0.4320908,-0.6842728,-0.3723717,-0.7756424,-0.3460159,-0.8040237,-4.493729,-3.117073,-0.4489212,-0.9833832,-1.179459,-0.7675018,-0.8390656,-0.827919,-0.695488,-0.8195801
6.691667079925537,,,,,,,,,,,,,,,-0.6867447,-0.7522354,0.01780701,-0.3299484,-0.3317413,-0.549469,-0.4240875,-0.6544113,-0.4254646,-0.5926819,-0.4320908,-0.6862259,-0.3792076,-0.7824783,-0.3450394,-0.8176956,-4.504471,-3.106331,-0.4352493,-0.9824066,-1.182388,-0.7860565,-0.8439484,-0.827919,-0.6964645,-0.8137207
6.699999809265137,,,,,,,,,,,,,,,-0.6896744,-0.762001,0.02171326,-0.3338547,-0.334671,-0.5543518,-0.4240875,-0.6475754,-0.4137459,-0.5819397,-0.4330673,-0.6852493,-0.3860435,-0.7834549,-0.3382034,-0.8255081,-4.51619,-3.096565,-0.4176712,-0.9785004,-1.190201,-0.7987518,-0.8478546,-0.8269424,-0.6984177,-0.8059082
6.7,1.0,-70.0,3.0,-20.0,-3.0,-124.0,0.0,-1024.0,0.0,-1959.0,-1.0,-144.0,-1.0,-730.0,,,,,,,,,,,,,,,,,,,,,,,,,,
6.7083330154418945,,,,,,,,,,,,,,,-0.6955338,-0.7746964,0.02561951,-0.3377609,-0.3336945,-0.5563049,-0.4221344,-0.6387863,-0.4030037,-0.5721741,-0.4340439,-0.6842728,-0.393856,-0.7844315,-0.3303909,-0.8294144,-4.524979,-3.092659,-0.406929,-0.9716644,-1.199966,-0.8075409,-0.8498077,-0.8240128,-0.6984177,-0.7980957
6.716667175292969,,,,,,,,,,,,,,,-0.7004166,-0.7883682,0.03050232,-0.3406906,-0.3307648,-0.5572815,-0.4182281,-0.6299973,-0.3961678,-0.5663147,-0.4340439,-0.6813431,-0.400692,-0.785408,-0.3196487,-0.8313675,-4.534744,-3.090706,-0.3971634,-0.9658051,-1.213638,-0.8114471,-0.8498077,-0.8162003,-0.6974411,-0.7912598
6.724999904632568,,,,,,,,,,,,,,,-0.7043228,-0.8039932,0.03440857,-0.3406906,-0.3249054,-0.5563049,-0.4113922,-0.6182785,-0.3942146,-0.563385,-0.4350204,-0.6774368,-0.4065514,-0.7844315,-0.3108597,-0.8313675,-4.54158,-3.090706,-0.391304,-0.9589691,-1.225357,-0.8124237,-0.8478546,-0.8064346,-0.6945114,-0.7883301
6.733333110809326,,,,,,,,,,,,,,,-0.7092056,-0.8166885,0.03636169,-0.3387375,-0.319046,-0.5533752,-0.4045563,-0.6065598,-0.3961678,-0.5663147,-0.4369736,-0.672554,-0.4114342,-0.7844315,-0.3059769,-0.8303909,-4.54744,-3.090706,-0.3893509,-0.9521332,-1.235123,-0.8104706,-0.8468781,-0.7937393,-0.6876755,-0.7883301
6.733333333333333,1.0,-72.0,3.0,-21.0,-3.0,-126.0,0.0,-1025.0,0.0,-1964.0,-1.0,-147.0,-1.0,-738.0,,,,,,,,,,,,,,,,,,,,,,,,,,
6.741666793823242,,,,,,,,,,,,,,,-0.7131119,-0.824501,0.03538513,-0.3338547,-0.3131866,-0.5465393,-0.3977203,-0.5987473,-0.4049568,-0.5721741,-0.4389267,-0.663765,-0.4143639,-0.7824783,-0.3059769,-0.8313675,-4.554276,-3.088753,-0.391304,-0.9501801,-1.240982,-0.8085175,-0.8429718,-0.7790909,-0.6759567,-0.7912598
6.75,,,,,,,,,,,,,,,-0.715065,-0.8264542,0.03343201,-0.3260422,-0.3083038,-0.5328674,-0.3899078,-0.5967941,-0.4176521,-0.5799866,-0.4408798,-0.6539993,-0.4172935,-0.7775955,-0.3089066,-0.8313675,-4.554276,-3.0868,-0.3942337,-0.9452972,-1.247818,-0.8085175,-0.838089,-0.7663956,-0.6661911,-0.7971191
6.758333206176758,,,,,,,,,,,,,,,-0.7131119,-0.8225479,0.02757263,-0.3192062,-0.303421,-0.5211487,-0.3830719,-0.6036301,-0.4323006,-0.5897522,-0.4428329,-0.6422806,-0.4192467,-0.769783,-0.3137894,-0.8303909,-4.557205,-3.081917,-0.4000931,-0.9404144,-1.250748,-0.8114471,-0.8332062,-0.7566299,-0.6544724,-0.8000488
6.766666666666667,0.0,-75.0,3.0,-21.0,-3.0,-129.0,0.0,-1028.0,0.0,-1972.0,-1.0,-148.0,-1.0,-748.0,,,,,,,,,,,,,,,,,,,,,,,,,,
6.766666889190674,,,,,,,,,,,,,,,-0.7092056,-0.8166885,0.02171326,-0.3133469,-0.3024445,-0.5094299,-0.3801422,-0.6182785,-0.4459724,-0.5995178,-0.4477158,-0.632515,-0.4211998,-0.7619705,-0.3216019,-0.8303909,-4.561111,-3.076057,-0.4059525,-0.9335785,-1.256607,-0.8134003,-0.8292999,-0.7478409,-0.6476364,-0.8000488
6.775000095367432,,,,,,,,,,,,,,,-0.7004166,-0.808876,0.01390076,-0.3104172,-0.3014679,-0.4996643,-0.3801422,-0.6407394,-0.4576912,-0.6092834,-0.451622,-0.6237259,-0.4211998,-0.7531815,-0.3323441,-0.8255081,-4.561111,-3.071175,-0.413765,-0.9238129,-1.260513,-0.8153534,-0.8244171,-0.7419815,-0.6427536,-0.7961426
6.783332824707031,,,,,,,,,,,,,,,-0.6916275,-0.8020401,0.008041382,-0.3065109,-0.303421,-0.4928284,-0.3830719,-0.6680832,-0.4674568,-0.6161194,-0.4555283,-0.6178665,-0.4221764,-0.7434158,-0.3401566,-0.8196487,-4.559158,-3.064339,-0.422554,-0.910141,-1.267349,-0.8143768,-0.822464,-0.7410049,-0.6398239,-0.786377
6.7916669845581055,,,,,,,,,,,,,,,-0.6818619,-0.800087,0.006088257,-0.3055344,-0.3063507,-0.4879456,-0.3860016,-0.6944504,-0.4733162,-0.6219788,-0.4594345,-0.6178665,-0.4211998,-0.7365799,-0.3479691,-0.8098831,-4.562088,-3.056526,-0.42939,-0.8964691,-1.276138,-0.8085175,-0.822464,-0.7429581,-0.6427536,-0.7746582
6.8,0.0,-72.0,3.0,-18.0,-3.0,-131.0,0.0,-1032.0,0.0,-1984.0,-1.0,-150.0,-1.0,-756.0,,,,,,,,,,,,,,,,,,,,,,,,,,
6.800000190734863,,,,,,,,,,,,,,,-0.6720963,-0.8030167,0.006088257,-0.3065109,-0.310257,-0.4889221,-0.3899078,-0.7149582,-0.4762459,-0.625885,-0.4623642,-0.6217728,-0.4192467,-0.7356033,-0.354805,-0.7981644,-4.561111,-3.04969,-0.4372025,-0.8818207,-1.290787,-0.7997284,-0.8253937,-0.7488174,-0.648613,-0.7619629
6.808332920074463,,,,,,,,,,,,,,,-0.6623306,-0.808876,0.01097107,-0.3094406,-0.3151398,-0.4918518,-0.3908844,-0.7276535,-0.478199,-0.6268616,-0.4662704,-0.6276321,-0.4143639,-0.7404861,-0.3606644,-0.7874222,-4.559158,-3.039925,-0.445015,-0.8671722,-1.298599,-0.78508,-0.8322296,-0.7576065,-0.6525192,-0.748291
6.816667079925537,,,,,,,,,,,,,,,-0.6515884,-0.8166885,0.01487732,-0.3143234,-0.3209991,-0.4977112,-0.3908844,-0.7335129,-0.478199,-0.6268616,-0.467247,-0.6354446,-0.409481,-0.7502518,-0.3645706,-0.7786331,-4.556229,-3.031136,-0.453804,-0.8574066,-1.306412,-0.7655487,-0.8361359,-0.765419,-0.6564255,-0.739502
6.824999809265137,,,,,,,,,,,,,,,-0.6457291,-0.8254776,0.02073669,-0.3221359,-0.325882,-0.5045471,-0.3889313,-0.7286301,-0.4772224,-0.6249084,-0.4682236,-0.6442337,-0.4026451,-0.7619705,-0.3655472,-0.7708206,-4.550369,-3.02137,-0.4586868,-0.8505707,-1.310318,-0.7460175,-0.8410187,-0.7742081,-0.6593552,-0.7355957
6.8333330154418945,,,,,,,,,,,,,,,-0.6418228,-0.8323135,0.02171326,-0.3270187,-0.3307648,-0.5094299,-0.3840485,-0.7188644,-0.4742928,-0.6219788,-0.467247,-0.6559525,-0.3977623,-0.7736893,-0.3635941,-0.7659378,-4.543533,-3.012581,-0.4674759,-0.8486176,-1.307388,-0.7284393,-0.8449249,-0.7829971,-0.6583786,-0.7365723
6.833333333333333,0.0,-69.0,3.0,-17.0,-2.0,-136.0,0.0,-1040.0,0.0,-1992.0,-1.0,-150.0,-1.0,-762.0,,,,,,,,,,,,,,,,,,,,,,,,,,
6.841667175292969,,,,,,,,,,,,,,,-0.6379166,-0.8352432,0.02073669,-0.330925,-0.334671,-0.5123596,-0.3801422,-0.7071457,-0.4694099,-0.6170959,-0.4662704,-0.6666946,-0.3899498,-0.785408,-0.3606644,-0.7639847,-4.536697,-3.005745,-0.4733353,-0.8495941,-1.300552,-0.7176971,-0.8478546,-0.7878799,-0.6593552,-0.7414551
6.849999904632568,,,,,,,,,,,,,,,-0.63694,-0.8303604,0.01976013,-0.3319016,-0.334671,-0.5123596,-0.3772125,-0.6954269,-0.4664803,-0.6131897,-0.4623642,-0.6774368,-0.3860435,-0.7941971,-0.3538284,-0.7630081,-4.531815,-3.002815,-0.476265,-0.8505707,-1.288834,-0.7128143,-0.8478546,-0.7898331,-0.6603317,-0.748291
6.858333110809326,,,,,,,,,,,,,,,-0.6408463,-0.824501,0.01390076,-0.3289719,-0.3327179,-0.5104065,-0.3733063,-0.6866379,-0.4615974,-0.6092834,-0.4584579,-0.6891556,-0.3811607,-0.8000565,-0.3479691,-0.7639847,-4.523026,-3.002815,-0.4791946,-0.8535004,-1.274185,-0.715744,-0.8478546,-0.7849503,-0.6632614,-0.755127
6.866666666666666,0.0,-67.0,3.0,-17.0,-1.0,-140.0,0.0,-1050.0,0.0,-1997.0,-1.0,-146.0,-2.0,-764.0,,,,,,,,,,,,,,,,,,,,,,,,,,
6.866666793823242,,,,,,,,,,,,,,,-0.6467056,-0.8137589,0.006088257,-0.3240891,-0.3288116,-0.5055237,-0.3713531,-0.6807785,-0.4567146,-0.6073303,-0.4525986,-0.6989212,-0.3772545,-0.8039627,-0.3430862,-0.7639847,-4.51619,-3.005745,-0.4801712,-0.8583832,-1.26149,-0.7264862,-0.8449249,-0.7732315,-0.6691208,-0.7600098
6.875,,,,,,,,,,,,,,,-0.6564713,-0.800087,0.003158569,-0.3143234,-0.3219757,-0.4967346,-0.3684235,-0.6788254,-0.4528084,-0.6044006,-0.4457626,-0.7047806,-0.3743248,-0.8049393,-0.3382034,-0.7659378,-4.511307,-3.010628,-0.4772415,-0.8622894,-1.253677,-0.7430878,-0.8429718,-0.7595596,-0.6788864,-0.763916
6.883333206176758,,,,,,,,,,,,,,,-0.66819,-0.7854385,0.0002288818,-0.3045578,-0.3161163,-0.4898987,-0.3664703,-0.6817551,-0.4489021,-0.6024475,-0.4369736,-0.7067337,-0.369442,-0.8049393,-0.3382034,-0.7717972,-4.508377,-3.016487,-0.4713821,-0.8671722,-1.247818,-0.7635956,-0.838089,-0.7400284,-0.6915817,-0.7668457
6.891666889190674,,,,,,,,,,,,,,,-0.6818619,-0.7766495,0.002182007,-0.2977219,-0.3092804,-0.4850159,-0.3654938,-0.6866379,-0.4489021,-0.5995178,-0.4301376,-0.7018509,-0.3655357,-0.8059158,-0.33918,-0.77668,-4.501541,-3.02137,-0.46064,-0.8730316,-1.247818,-0.7821503,-0.8351593,-0.7214737,-0.704277,-0.7697754
6.9,0.0,-64.0,2.0,-21.0,-2.0,-143.0,0.0,-1061.0,0.0,-2006.0,-1.0,-143.0,-2.0,-762.0,,,,,,,,,,,,,,,,,,,,,,,,,,
6.900000095367432,,,,,,,,,,,,,,,-0.6974869,-0.7707901,0.006088257,-0.2918625,-0.3014679,-0.4830627,-0.3635406,-0.6915207,-0.4508553,-0.5985413,-0.4242783,-0.6901321,-0.362606,-0.807869,-0.3421097,-0.7835159,-4.492752,-3.026253,-0.453804,-0.8818207,-1.252701,-0.7958221,-0.8302765,-0.7019424,-0.7150192,-0.7736816
6.908332824707031,,,,,,,,,,,,,,,-0.7121353,-0.7707901,0.01292419,-0.2850266,-0.3004913,-0.4830627,-0.3635406,-0.7003098,-0.4537849,-0.5965881,-0.4184189,-0.6735306,-0.3616295,-0.8098221,-0.3450394,-0.7962112,-4.482986,-3.033089,-0.4459915,-0.8896332,-1.260513,-0.8046112,-0.8263702,-0.6882706,-0.7238083,-0.7775879
6.9166669845581055,,,,,,,,,,,,,,,-0.7248306,-0.7766495,0.01976013,-0.2811203,-0.2995148,-0.4850159,-0.3615875,-0.7100754,-0.4576912,-0.5936584,-0.4154892,-0.6559525,-0.362606,-0.8098221,-0.3450394,-0.80793,-4.47908,-3.038948,-0.4362259,-0.8993988,-1.272232,-0.8055878,-0.8253937,-0.6775284,-0.7325974,-0.7824707
6.925000190734863,,,,,,,,,,,,,,,-0.7326431,-0.7854385,0.02659607,-0.2791672,-0.303421,-0.4898987,-0.3635406,-0.7178879,-0.4655037,-0.5907288,-0.4164658,-0.6383743,-0.3655357,-0.8088455,-0.3430862,-0.8206253,-4.474197,-3.045784,-0.4323196,-0.9081879,-1.285904,-0.7977753,-0.8263702,-0.6726456,-0.7345505,-0.7873535
6.933332920074463,,,,,,,,,,,,,,,-0.7394791,-0.7971573,0.02854919,-0.2772141,-0.3092804,-0.4938049,-0.3645172,-0.7286301,-0.4713631,-0.5887756,-0.420372,-0.6266556,-0.3684654,-0.8059158,-0.3382034,-0.8303909,-4.476151,-3.05262,-0.42939,-0.9179535,-1.300552,-0.78508,-0.8283234,-0.6745987,-0.7345505,-0.7922363
6.933333333333334,0.0,-65.0,2.0,-22.0,-2.0,-144.0,0.0,-1071.0,0.0,-2017.0,-1.0,-144.0,-2.0,-761.0,,,,,,,,,,,,,,,,,,,,,,,,,,
6.941667079925537,,,,,,,,,,,,,,,-0.7414322,-0.8069229,0.03147888,-0.2791672,-0.3151398,-0.4947815,-0.3654938,-0.7432785,-0.478199,-0.5887756,-0.4272079,-0.6227493,-0.3753014,-0.801033,-0.3303909,-0.8352737,-4.485916,-3.059456,-0.4274368,-0.9267426,-1.310318,-0.7675018,-0.8351593,-0.6804581,-0.7365036,-0.7990723
6.949999809265137,,,,,,,,,,,,,,,-0.7424088,-0.8166885,0.03050232,-0.2811203,-0.3200226,-0.4918518,-0.3654938,-0.7579269,-0.4830818,-0.5887756,-0.4350204,-0.625679,-0.3801842,-0.7932205,-0.3206253,-0.8362503,-4.500565,-3.063362,-0.4245071,-0.9335785,-1.319107,-0.7509003,-0.8429718,-0.6921768,-0.735527,-0.8068848
6.9583330154418945,,,,,,,,,,,,,,,-0.7394791,-0.8235245,0.02659607,-0.2869797,-0.3249054,-0.4850159,-0.3654938,-0.7725754,-0.4840584,-0.5897522,-0.4467392,-0.6373978,-0.385067,-0.7834549,-0.3157425,-0.8352737,-4.51619,-3.063362,-0.4274368,-0.9404144,-1.327896,-0.7333221,-0.8546906,-0.7078018,-0.7325974,-0.8146973
6.966666666666667,0.0,-70.0,2.0,-20.0,-2.0,-143.0,0.0,-1079.0,0.0,-2031.0,-1.0,-148.0,-3.0,-761.0,,,,,,,,,,,,,,,,,,,,,,,,,,
6.966667175292969,,,,,,,,,,,,,,,-0.7375259,-0.8235245,0.02561951,-0.2947922,-0.325882,-0.4762268,-0.3645172,-0.7891769,-0.4840584,-0.5907288,-0.4565048,-0.6549759,-0.3879967,-0.7775955,-0.3098831,-0.8284378,-4.537674,-3.063362,-0.4303665,-0.9443207,-1.333755,-0.72258,-0.8644562,-0.7263565,-0.7296677,-0.826416
6.974999904632568,,,,,,,,,,,,,,,-0.7345963,-0.8235245,0.02366638,-0.3016281,-0.3268585,-0.4693909,-0.3674469,-0.8048019,-0.4821053,-0.5907288,-0.4643173,-0.6745071,-0.3919029,-0.7727127,-0.3089066,-0.8216019,-4.555252,-3.062386,-0.4323196,-0.9482269,-1.336685,-0.7167206,-0.8771515,-0.7458878,-0.7218552,-0.8410645
6.983333110809326,,,,,,,,,,,,,,,-0.73069,-0.8225479,0.02268982,-0.3055344,-0.325882,-0.4645081,-0.3684235,-0.8155441,-0.4772224,-0.5887756,-0.4731064,-0.6959915,-0.3948326,-0.7707596,-0.3098831,-0.8128128,-4.571854,-3.062386,-0.4420853,-0.9511566,-1.337662,-0.7186737,-0.8869171,-0.765419,-0.7150192,-0.8537598
6.991666793823242,,,,,,,,,,,,,,,-0.7267838,-0.8176651,0.02366638,-0.3084641,-0.325882,-0.4606018,-0.3723297,-0.8214035,-0.4703865,-0.5858459,-0.4789658,-0.7145462,-0.3977623,-0.769783,-0.3118362,-0.8040237,-4.585526,-3.062386,-0.4518509,-0.9540863,-1.340591,-0.7255096,-0.8957062,-0.781044,-0.7052536,-0.8625488
7.0,0.0,-73.0,2.0,-21.0,-2.0,-141.0,0.0,-1085.0,0.0,-2041.0,-1.0,-151.0,-3.0,-765.0,-0.7219009,-0.815712,0.02561951,-0.3065109,-0.3239288,-0.4625549,-0.3801422,-0.8233566,-0.4635506,-0.5829163,-0.482872,-0.7282181,-0.400692,-0.7678299,-0.3147659,-0.7991409,-4.597244,-3.066292,-0.4635696,-0.957016,-1.342545,-0.738205,-0.9015656,-0.7947159,-0.6964645,-0.8674316
7.008333206176758,,,,,,,,,,,,,,,-0.715065,-0.815712,0.02757263,-0.3045578,-0.3219757,-0.4693909,-0.3889313,-0.8214035,-0.4567146,-0.5819397,-0.4877548,-0.7379837,-0.4026451,-0.7649002,-0.3186722,-0.7981644,-4.606033,-3.077034,-0.4752884,-0.9618988,-1.344498,-0.7499237,-0.9064484,-0.8005753,-0.6906052,-0.8674316
7.016666889190674,,,,,,,,,,,,,,,-0.7072525,-0.8166885,0.02854919,-0.3055344,-0.319046,-0.4781799,-0.3986969,-0.8174973,-0.4498787,-0.5838928,-0.4887314,-0.7428665,-0.4055748,-0.7590408,-0.3225784,-0.7991409,-4.615799,-3.091682,-0.4860306,-0.9667816,-1.34938,-0.7606659,-0.9103546,-0.8035049,-0.6857224,-0.8625488
7.025000095367432,,,,,,,,,,,,,,,-0.69944,-0.8205948,0.02854919,-0.3074875,-0.3151398,-0.4879456,-0.407486,-0.8116379,-0.4420662,-0.5907288,-0.4848251,-0.7448196,-0.4065514,-0.7492752,-0.3245316,-0.8040237,-4.623611,-3.111214,-0.4938431,-0.972641,-1.348404,-0.7684784,-0.9123077,-0.8035049,-0.6847458,-0.8537598
7.033332824707031,,,,,,,,,,,,,,,-0.6906509,-0.8303604,0.02659607,-0.3113937,-0.3112335,-0.4986877,-0.4172516,-0.8077316,-0.4371834,-0.6034241,-0.4818954,-0.7428665,-0.4055748,-0.7346268,-0.3284378,-0.8108597,-4.627518,-3.136604,-0.4948196,-0.9794769,-1.348404,-0.7723846,-0.9123077,-0.7986221,-0.6896286,-0.8449707
7.033333333333333,0.0,-73.0,2.0,-24.0,-2.0,-140.0,0.0,-1088.0,0.0,-2048.0,-1.0,-151.0,-2.0,-768.0,,,,,,,,,,,,,,,,,,,,,,,,,,
7.0416669845581055,,,,,,,,,,,,,,,-0.683815,-0.840126,0.02464294,-0.3192062,-0.3053741,-0.5084534,-0.4211578,-0.8057785,-0.4342537,-0.6180725,-0.4750595,-0.7379837,-0.4036217,-0.7190018,-0.3313675,-0.8196487,-4.630447,-3.161995,-0.4928665,-0.9814301,-1.348404,-0.7714081,-0.9123077,-0.7898331,-0.6964645,-0.8391113
7.050000190734863,,,,,,,,,,,,,,,-0.6779556,-0.8489151,0.01976013,-0.3279953,-0.2985382,-0.518219,-0.423111,-0.8038254,-0.4342537,-0.6346741,-0.467247,-0.7340775,-0.3997154,-0.7024002,-0.3352737,-0.8264847,-4.627518,-3.192268,-0.4909134,-0.9775238,-1.34938,-0.769455,-0.9093781,-0.781044,-0.7033005,-0.8361816
7.058332920074463,,,,,,,,,,,,,,,-0.6779556,-0.8547745,0.01487732,-0.3358078,-0.294632,-0.5270081,-0.423111,-0.8048019,-0.4342537,-0.6502991,-0.4584579,-0.7291946,-0.3958092,-0.6887283,-0.3382034,-0.8303909,-4.623611,-3.221565,-0.485054,-0.9697113,-1.350357,-0.7665253,-0.9015656,-0.7742081,-0.7140427,-0.842041
7.066666666666666,0.0,-71.0,2.0,-26.0,-2.0,-140.0,0.0,-1089.0,0.0,-2051.0,-1.0,-154.0,-2.0,-771.0,,,,,,,,,,,,,,,,,,,,,,,,,,
7.066667079925537,,,,,,,,,,,,,,,-0.6799088,-0.8567276,0.01292419,-0.3387375,-0.2917023,-0.533844,-0.4192047,-0.8067551,-0.4352303,-0.6610413,-0.4496689,-0.7252884,-0.3919029,-0.6809158,-0.33918,-0.8284378,-4.617752,-3.245003,-0.4831009,-0.9550629,-1.347427,-0.7665253,-0.8937531,-0.7683487,-0.7228317,-0.8537598
7.074999809265137,,,,,,,,,,,,,,,-0.6886978,-0.8547745,0.009017944,-0.3397141,-0.2897491,-0.5357971,-0.4113922,-0.8077316,-0.4371834,-0.6659241,-0.4447861,-0.7213821,-0.3899498,-0.6750565,-0.3411331,-0.8216019,-4.60994,-3.261604,-0.4811478,-0.9394379,-1.34938,-0.7714081,-0.8839874,-0.7615128,-0.7296677,-0.8674316
7.0833330154418945,,,,,,,,,,,,,,,-0.69944,-0.8498917,0.005111694,-0.3377609,-0.2897491,-0.5357971,-0.4026031,-0.8048019,-0.4391365,-0.6639709,-0.4418564,-0.7164993,-0.3919029,-0.6701736,-0.3421097,-0.8128128,-4.603104,-3.26844,-0.4791946,-0.9238129,-1.350357,-0.7792206,-0.8712921,-0.7556534,-0.735527,-0.8811035
7.091667175292969,,,,,,,,,,,,,,,-0.7121353,-0.8440323,0.004135132,-0.3338547,-0.2897491,-0.5318909,-0.3908844,-0.7999191,-0.4371834,-0.6551819,-0.4399033,-0.7096634,-0.3967857,-0.6711502,-0.3411331,-0.8020706,-4.603104,-3.263557,-0.4782181,-0.9111176,-1.348404,-0.7909393,-0.8566437,-0.749794,-0.7404099,-0.8918457
7.099999904632568,,,,,,,,,,,,,,,-0.7267838,-0.840126,0.004135132,-0.3299484,-0.2907257,-0.5250549,-0.3811188,-0.7911301,-0.4371834,-0.6385803,-0.4428329,-0.7018509,-0.4026451,-0.6721268,-0.3411331,-0.792305,-4.599197,-3.245979,-0.4772415,-0.9081879,-1.343521,-0.8046112,-0.8439484,-0.7488174,-0.742363,-0.8967285
7.1,0.0,-70.0,3.0,-29.0,-2.0,-143.0,0.0,-1089.0,0.0,-2057.0,-1.0,-156.0,-2.0,-772.0,,,,,,,,,,,,,,,,,,,,,,,,,,
7.108333110809326,,,,,,,,,,,,,,,-0.7404556,-0.8391495,0.006088257,-0.3279953,-0.2917023,-0.5152893,-0.3703766,-0.7755051,-0.4352303,-0.6170959,-0.4486923,-0.6940384,-0.4075279,-0.6750565,-0.3411331,-0.7825394,-4.60408,-3.221565,-0.4752884,-0.9120941,-1.342545,-0.81633,-0.8302765,-0.7488174,-0.7433395,-0.8937988
7.116666793823242,,,,,,,,,,,,,,,-0.7531509,-0.8420792,0.008041382,-0.3289719,-0.2936554,-0.5074768,-0.3615875,-0.7608566,-0.4381599,-0.594635,-0.451622,-0.6862259,-0.4124107,-0.6789627,-0.3401566,-0.7737503,-4.607986,-3.194221,-0.469429,-0.9228363,-1.336685,-0.8290253,-0.8205109,-0.7537003,-0.7443161,-0.8840332
7.125,,,,,,,,,,,,,,,-0.7599869,-0.8508682,0.009994507,-0.3328781,-0.2956085,-0.5074768,-0.3547516,-0.7432785,-0.4430428,-0.5770569,-0.4555283,-0.67939,-0.4182701,-0.6809158,-0.3401566,-0.7659378,-4.613846,-3.169807,-0.4635696,-0.9374847,-1.330826,-0.8358612,-0.8117218,-0.7585831,-0.7462692,-0.8674316
7.133333206176758,,,,,,,,,,,,,,,-0.7648697,-0.8567276,0.01292419,-0.3426437,-0.2965851,-0.5123596,-0.3498688,-0.7305832,-0.4528084,-0.5653381,-0.4584579,-0.6764603,-0.4211998,-0.682869,-0.3421097,-0.7639847,-4.620682,-3.1493,-0.4596634,-0.9521332,-1.327896,-0.8397675,-0.8078156,-0.7644424,-0.7452927,-0.8498535
7.133333333333334,0.0,-73.0,3.0,-33.0,-2.0,-146.0,0.0,-1093.0,0.0,-2065.0,-1.0,-159.0,-2.0,-774.0,,,,,,,,,,,,,,,,,,,,,,,,,,
7.141666889190674,,,,,,,,,,,,,,,-0.7629166,-0.8577042,0.01487732,-0.3533859,-0.2995148,-0.5231018,-0.3488922,-0.7217941,-0.4655037,-0.5604553,-0.4574814,-0.67939,-0.4231529,-0.6857986,-0.3450394,-0.7639847,-4.628494,-3.138557,-0.4577103,-0.9677582,-1.328873,-0.8426971,-0.806839,-0.7722549,-0.7452927,-0.8303223
7.150000095367432,,,,,,,,,,,,,,,-0.7609634,-0.855751,0.01878357,-0.3651047,-0.3024445,-0.5397034,-0.3479156,-0.7178879,-0.478199,-0.5663147,-0.4584579,-0.6872025,-0.4241295,-0.6877518,-0.3479691,-0.7659378,-4.637283,-3.138557,-0.4596634,-0.9804535,-1.331802,-0.8417206,-0.8107452,-0.7781143,-0.7443161,-0.8156738
7.158332824707031,,,,,,,,,,,,,,,-0.7541275,-0.8498917,0.02171326,-0.3748703,-0.3063507,-0.5592346,-0.3527985,-0.7227707,-0.4908943,-0.5838928,-0.4594345,-0.7018509,-0.4280357,-0.6906815,-0.3518753,-0.7717972,-4.646072,-3.148323,-0.4635696,-0.9872894,-1.338638,-0.8387909,-0.8205109,-0.781044,-0.742363,-0.8039551
7.166666666666667,0.0,-78.0,3.0,-37.0,-3.0,-150.0,0.0,-1097.0,0.0,-2074.0,-1.0,-163.0,-2.0,-777.0,,,,,,,,,,,,,,,,,,,,,,,,,,
7.1666669845581055,,,,,,,,,,,,,,,-0.7472916,-0.8362198,0.02464294,-0.3826828,-0.3092804,-0.5777893,-0.3596344,-0.7325363,-0.4987068,-0.61026,-0.4584579,-0.7155228,-0.4299889,-0.6955643,-0.3557816,-0.7796097,-4.655838,-3.165901,-0.4733353,-0.9892426,-1.350357,-0.8358612,-0.8351593,-0.781044,-0.7384567,-0.7971191
7.175000190734863,,,,,,,,,,,,,,,-0.7414322,-0.8176651,0.02757263,-0.3856125,-0.3112335,-0.5943909,-0.3674469,-0.7442551,-0.5035896,-0.6376038,-0.4604111,-0.7301712,-0.431942,-0.7004471,-0.3587112,-0.7903519,-4.665604,-3.189339,-0.4801712,-0.988266,-1.364029,-0.8309784,-0.8498077,-0.781044,-0.7345505,-0.7912598
7.183332920074463,,,,,,,,,,,,,,,-0.7345963,-0.8020401,0.03050232,-0.3817062,-0.3131866,-0.6031799,-0.3791656,-0.7569504,-0.5035896,-0.6659241,-0.4633408,-0.7457962,-0.4358482,-0.7082596,-0.3616409,-0.8010941,-4.676346,-3.212776,-0.4860306,-0.9833832,-1.379654,-0.825119,-0.8625031,-0.7829971,-0.7316208,-0.7932129
7.191667079925537,,,,,,,,,,,,,,,-0.73069,-0.7883682,0.03147888,-0.3768234,-0.3161163,-0.6061096,-0.3889313,-0.7676926,-0.4996834,-0.6913147,-0.467247,-0.757515,-0.4358482,-0.7150955,-0.3606644,-0.8128128,-4.686111,-3.232307,-0.4928665,-0.9755707,-1.391373,-0.8182831,-0.8771515,-0.7878799,-0.7277145,-0.7990723
7.199999809265137,,,,,,,,,,,,,,,-0.7287369,-0.7805557,0.02854919,-0.3709641,-0.3170929,-0.6061096,-0.3967438,-0.7745285,-0.4957771,-0.7088928,-0.4711533,-0.7653275,-0.4378014,-0.7199783,-0.3606644,-0.8206253,-4.696854,-3.249886,-0.4938431,-0.9677582,-1.402115,-0.809494,-0.8859406,-0.796669,-0.7277145,-0.8068848
7.2,0.0,-80.0,3.0,-41.0,-3.0,-154.0,0.0,-1100.0,0.0,-2085.0,0.0,-164.0,-1.0,-782.0,,,,,,,,,,,,,,,,,,,,,,,,,,
7.2083330154418945,,,,,,,,,,,,,,,-0.7258072,-0.7795792,0.02268982,-0.3631516,-0.3180695,-0.6041565,-0.4016266,-0.7745285,-0.4908943,-0.7206116,-0.4740829,-0.766304,-0.4378014,-0.7238846,-0.3616409,-0.8255081,-4.705643,-3.263557,-0.4879837,-0.9589691,-1.408951,-0.800705,-0.8878937,-0.8083878,-0.7277145,-0.8186035
7.216667175292969,,,,,,,,,,,,,,,-0.7248306,-0.7825089,0.01487732,-0.3553391,-0.3180695,-0.5992737,-0.4035797,-0.7715988,-0.4850349,-0.7284241,-0.4770126,-0.7623978,-0.4329185,-0.7258377,-0.3635941,-0.8303909,-4.714432,-3.269417,-0.4801712,-0.9511566,-1.41188,-0.7919159,-0.8810577,-0.8230362,-0.7286911,-0.8312988
7.224999904632568,,,,,,,,,,,,,,,-0.7248306,-0.7903214,0.004135132,-0.3485031,-0.3161163,-0.5934143,-0.4035797,-0.7696457,-0.4840584,-0.7303772,-0.4789658,-0.7536087,-0.4299889,-0.722908,-0.3655472,-0.8303909,-4.718338,-3.269417,-0.469429,-0.9492035,-1.408951,-0.7841034,-0.8722687,-0.8386612,-0.7335739,-0.8449707
7.233333110809326,,,,,,,,,,,,,,,-0.7238541,-0.8030167,-0.006607056,-0.3406906,-0.3122101,-0.5904846,-0.40065,-0.7657394,-0.4830818,-0.7303772,-0.4799423,-0.7409134,-0.4231529,-0.7170486,-0.37043,-0.8284378,-4.721268,-3.265511,-0.4518509,-0.9492035,-1.406021,-0.778244,-0.8634796,-0.8503799,-0.7394333,-0.8605957
7.233333333333333,0.0,-80.0,3.0,-44.0,-3.0,-153.0,0.0,-1104.0,0.0,-2095.0,0.0,-162.0,0.0,-789.0,,,,,,,,,,,,,,,,,,,,,,,,,,
7.241666793823242,,,,,,,,,,,,,,,-0.7238541,-0.8166885,-0.01832581,-0.3328781,-0.3083038,-0.5914612,-0.3986969,-0.7628098,-0.4840584,-0.7323303,-0.482872,-0.7252884,-0.4172935,-0.7111893,-0.3743362,-0.8264847,-4.720291,-3.259651,-0.4401321,-0.9482269,-1.400162,-0.7743378,-0.853714,-0.8581924,-0.7472458,-0.8723145
7.25,,,,,,,,,,,,,,,-0.7238541,-0.8342667,-0.02613831,-0.3240891,-0.2985382,-0.5943909,-0.3957672,-0.7628098,-0.4860115,-0.73526,-0.4848251,-0.71064,-0.4124107,-0.7024002,-0.3801956,-0.823555,-4.717361,-3.247932,-0.4303665,-0.9472504,-1.395279,-0.7723846,-0.8498077,-0.859169,-0.7560349,-0.8830566
7.258333206176758,,,,,,,,,,,,,,,-0.7258072,-0.8498917,-0.03199768,-0.3153,-0.2917023,-0.5982971,-0.3938141,-0.766716,-0.4879646,-0.7372131,-0.4887314,-0.6969681,-0.4065514,-0.6945877,-0.3831253,-0.823555,-4.714432,-3.236214,-0.422554,-0.9462738,-1.391373,-0.778244,-0.8498077,-0.8542862,-0.7638474,-0.8879395
7.266666666666667,0.0,-83.0,2.0,-45.0,-3.0,-151.0,0.0,-1109.0,0.0,-2109.0,0.0,-157.0,0.0,-797.0,,,,,,,,,,,,,,,,,,,,,,,,,,
7.266666889190674,,,,,,,,,,,,,,,-0.7248306,-0.8645401,-0.03590393,-0.3065109,-0.2868195,-0.6041565,-0.3938141,-0.7725754,-0.4899178,-0.7420959,-0.4945908,-0.6852493,-0.4036217,-0.6897049,-0.3841019,-0.8255081,-4.711502,-3.229378,-0.422554,-0.9452972,-1.387466,-0.78508,-0.8556671,-0.8445206,-0.773613,-0.888916
7.275000095367432,,,,,,,,,,,,,,,-0.7248306,-0.8821182,-0.03492737,-0.3026047,-0.2819366,-0.6090393,-0.3928375,-0.7803879,-0.4908943,-0.7469788,-0.5024033,-0.6823196,-0.4036217,-0.6897049,-0.3811722,-0.8313675,-4.712479,-3.224495,-0.4284134,-0.9452972,-1.382584,-0.7899628,-0.8673859,-0.8288956,-0.7765427,-0.8850098
7.283332824707031,,,,,,,,,,,,,,,-0.7248306,-0.8977432,-0.03199768,-0.3045578,-0.2799835,-0.6148987,-0.3928375,-0.7891769,-0.4918709,-0.7489319,-0.5072861,-0.6852493,-0.4065514,-0.6936111,-0.3753128,-0.8401566,-4.716385,-3.223518,-0.4362259,-0.9443207,-1.374771,-0.7977753,-0.8830109,-0.8113174,-0.7775192,-0.8771973
7.2916669845581055,,,,,,,,,,,,,,,-0.7238541,-0.9104385,-0.02809143,-0.3113937,-0.2809601,-0.6207581,-0.391861,-0.7969894,-0.4908943,-0.7479553,-0.5121689,-0.6901321,-0.4085045,-0.7014236,-0.3655472,-0.8499222,-4.719315,-3.230354,-0.445015,-0.9482269,-1.366959,-0.8065643,-0.8957062,-0.7937393,-0.7755661,-0.8674316
7.3,0.0,-84.0,2.0,-46.0,-2.0,-151.0,0.0,-1109.0,0.0,-2123.0,-1.0,-149.0,0.0,-804.0,,,,,,,,,,,,,,,,,,,,,,,,,,
7.300000190734863,,,,,,,,,,,,,,,-0.7238541,-0.9231339,-0.02516174,-0.3201828,-0.2838898,-0.6266174,-0.391861,-0.8038254,-0.4879646,-0.7430725,-0.5180283,-0.6998978,-0.4153404,-0.714119,-0.3538284,-0.8635941,-4.72908,-3.242073,-0.4518509,-0.9550629,-1.357193,-0.8104706,-0.9054718,-0.7751846,-0.7648239,-0.8596191
7.308332920074463,,,,,,,,,,,,,,,-0.7219009,-0.933876,-0.01930237,-0.330925,-0.2868195,-0.627594,-0.3928375,-0.8067551,-0.4860115,-0.7362366,-0.5199814,-0.7086868,-0.4211998,-0.7268143,-0.3382034,-0.8753128,-4.740799,-3.255745,-0.4577103,-0.9618988,-1.35231,-0.8124237,-0.9084015,-0.7585831,-0.7550583,-0.8557129
7.316667079925537,,,,,,,,,,,,,,,-0.7209244,-0.9387589,-0.01734924,-0.3426437,-0.2897491,-0.6305237,-0.3967438,-0.8077316,-0.4840584,-0.7254944,-0.5219345,-0.7135696,-0.4270592,-0.7395096,-0.3225784,-0.8870316,-4.750565,-3.27137,-0.4586868,-0.9687347,-1.347427,-0.8134003,-0.9084015,-0.7449112,-0.7433395,-0.857666
7.324999809265137,,,,,,,,,,,,,,,-0.7199478,-0.940712,-0.01637268,-0.3533859,-0.2917023,-0.6363831,-0.40065,-0.8038254,-0.4830818,-0.7127991,-0.5219345,-0.7145462,-0.4329185,-0.7522049,-0.3108597,-0.8987503,-4.764236,-3.285042,-0.4586868,-0.9745941,-1.350357,-0.8134003,-0.9015656,-0.734169,-0.7345505,-0.8674316
7.3333330154418945,,,,,,,,,,,,,,,-0.7179947,-0.9348526,-0.01637268,-0.3651047,-0.2936554,-0.6412659,-0.4045563,-0.7940598,-0.4801521,-0.6981506,-0.5190048,-0.71064,-0.4397545,-0.7600174,-0.3010941,-0.9085159,-4.776932,-3.293831,-0.453804,-0.9775238,-1.35524,-0.8134003,-0.8917999,-0.7292862,-0.7257614,-0.8840332
7.333333333333333,0.0,-81.0,3.0,-46.0,-1.0,-149.0,0.0,-1111.0,0.0,-2134.0,-1.0,-145.0,-1.0,-810.0,,,,,,,,,,,,,,,,,,,,,,,,,,
7.341667175292969,,,,,,,,,,,,,,,-0.7189713,-0.9241104,-0.01344299,-0.3758469,-0.294632,-0.6451721,-0.4094391,-0.7784348,-0.4801521,-0.6825256,-0.5190048,-0.7077103,-0.4436607,-0.7629471,-0.2962112,-0.917305,-4.789627,-3.291878,-0.4469681,-0.9785004,-1.365982,-0.8143768,-0.8800812,-0.7292862,-0.7238083,-0.9055176
7.349999904632568,,,,,,,,,,,,,,,-0.7199478,-0.9055557,-0.01441956,-0.3856125,-0.294632,-0.6490784,-0.416275,-0.7657394,-0.4840584,-0.6688538,-0.5150986,-0.7047806,-0.4465904,-0.7629471,-0.2962112,-0.9251175,-4.800369,-3.284065,-0.4391556,-0.9765472,-1.376724,-0.81633,-0.8742218,-0.7331924,-0.7286911,-0.9279785
7.358333110809326,,,,,,,,,,,,,,,-0.7238541,-0.8830948,-0.01051331,-0.3944016,-0.294632,-0.6520081,-0.4211578,-0.7491379,-0.4869881,-0.6561584,-0.5150986,-0.7057571,-0.447567,-0.760994,-0.3001175,-0.93293,-4.808182,-3.270393,-0.4284134,-0.9745941,-1.387466,-0.8212128,-0.8742218,-0.7410049,-0.7365036,-0.9475098
7.366666666666666,0.0,-77.0,3.0,-41.0,-1.0,-147.0,0.0,-1113.0,0.0,-2140.0,-2.0,-146.0,-2.0,-814.0,,,,,,,,,,,,,,,,,,,,,,,,,,
7.366666793823242,,,,,,,,,,,,,,,-0.7297134,-0.8586807,-0.005630493,-0.4061203,-0.2956085,-0.6510315,-0.4279938,-0.7344894,-0.4908943,-0.6463928,-0.5160751,-0.7116165,-0.4446373,-0.7570877,-0.30793,-0.9417191,-4.813065,-3.251839,-0.4206009,-0.9716644,-1.393326,-0.8241425,-0.8791046,-0.7517471,-0.7452927,-0.9641113
7.375,,,,,,,,,,,,,,,-0.7385025,-0.8381729,0.0002288818,-0.4149094,-0.2936554,-0.6481018,-0.4309235,-0.7247238,-0.4967537,-0.6336975,-0.5150986,-0.7223587,-0.4417076,-0.7512283,-0.3176956,-0.9475784,-4.813065,-3.231331,-0.4108353,-0.9716644,-1.396255,-0.8290253,-0.8937531,-0.7624893,-0.7550583,-0.9729004
7.383333206176758,,,,,,,,,,,,,,,-0.7482681,-0.8205948,0.009017944,-0.4207687,-0.294632,-0.643219,-0.4338531,-0.7208176,-0.4996834,-0.6239319,-0.5170517,-0.7340775,-0.4387779,-0.7473221,-0.3274612,-0.9514847,-4.810135,-3.213753,-0.406929,-0.972641,-1.394302,-0.8348846,-0.9074249,-0.7742081,-0.7628708,-0.973877
7.391666889190674,,,,,,,,,,,,,,,-0.7570572,-0.8127823,0.01683044,-0.4236984,-0.2936554,-0.6373596,-0.4367828,-0.7257004,-0.5006599,-0.6170959,-0.5199814,-0.7438431,-0.4358482,-0.7443924,-0.3362503,-0.9524612,-4.802322,-3.201057,-0.406929,-0.9745941,-1.38942,-0.8387909,-0.9259796,-0.7829971,-0.766777,-0.9680176
7.4,0.0,-77.0,3.0,-38.0,-1.0,-149.0,0.0,-1117.0,0.0,-2144.0,-2.0,-151.0,-3.0,-817.0,,,,,,,,,,,,,,,,,,,,,,,,,,
7.400000095367432,,,,,,,,,,,,,,,-0.7638931,-0.8137589,0.02561951,-0.4236984,-0.2917023,-0.6305237,-0.4397125,-0.7344894,-0.4996834,-0.61026,-0.5199814,-0.750679,-0.4329185,-0.745369,-0.3430862,-0.9514847,-4.793533,-3.195198,-0.4108353,-0.9765472,-1.38356,-0.8417206,-0.9386749,-0.7888565,-0.7677536,-0.9543457
7.408332824707031,,,,,,,,,,,,,,,-0.7687759,-0.8215714,0.03245544,-0.4236984,-0.2936554,-0.6236877,-0.4426422,-0.7471848,-0.4987068,-0.6044006,-0.5190048,-0.750679,-0.4348717,-0.7502518,-0.3489456,-0.9456253,-4.787674,-3.196175,-0.4186478,-0.9804535,-1.376724,-0.8456268,-0.947464,-0.7976456,-0.7638474,-0.9377441
7.4166669845581055,,,,,,,,,,,,,,,-0.7697525,-0.8352432,0.03929138,-0.424675,-0.2956085,-0.6197815,-0.4436188,-0.7618332,-0.4967537,-0.6024475,-0.5180283,-0.7467728,-0.4387779,-0.7570877,-0.3508987,-0.9358597,-4.783768,-3.204964,-0.4284134,-0.9872894,-1.372818,-0.8505096,-0.9503937,-0.8025284,-0.7570114,-0.9162598
7.425000190734863,,,,,,,,,,,,,,,-0.7697525,-0.8489151,0.04515076,-0.424675,-0.2995148,-0.6148987,-0.4465485,-0.7774582,-0.493824,-0.6053772,-0.5170517,-0.7438431,-0.440731,-0.7678299,-0.3518753,-0.9231644,-4.783768,-3.216682,-0.438179,-0.9931488,-1.366959,-0.8524628,-0.9513702,-0.8083878,-0.7472458,-0.8947754
7.433332920074463,,,,,,,,,,,,,,,-0.7677994,-0.8616104,0.05198669,-0.4285812,-0.3053741,-0.611969,-0.4465485,-0.7891769,-0.4918709,-0.6112366,-0.5131454,-0.74189,-0.4446373,-0.7805252,-0.3499222,-0.9104691,-4.783768,-3.227425,-0.4469681,-0.9990082,-1.369888,-0.8534393,-0.9494171,-0.8152237,-0.7413864,-0.8742676
7.433333333333334,0.0,-78.0,3.0,-37.0,-1.0,-151.0,0.0,-1126.0,0.0,-2145.0,-2.0,-151.0,-3.0,-819.0,,,,,,,,,,,,,,,,,,,,,,,,,,
7.441667079925537,,,,,,,,,,,,,,,-0.76194,-0.8694229,0.05589294,-0.4344406,-0.3131866,-0.6109924,-0.4465485,-0.797966,-0.4948006,-0.6200256,-0.5111923,-0.74189,-0.4465904,-0.7961502,-0.3479691,-0.8977737,-4.784744,-3.239143,-0.4528275,-1.004868,-1.373795,-0.8534393,-0.947464,-0.8201065,-0.7335739,-0.8557129
7.449999809265137,,,,,,,,,,,,,,,-0.7560806,-0.8762589,0.05686951,-0.4393234,-0.3219757,-0.6109924,-0.4465485,-0.8038254,-0.493824,-0.6327209,-0.5072861,-0.7457962,-0.4465904,-0.8098221,-0.3430862,-0.8841019,-4.785721,-3.248909,-0.4596634,-1.003891,-1.382584,-0.8544159,-0.9455109,-0.8259659,-0.7277145,-0.8430176
7.4583330154418945,,,,,,,,,,,,,,,-0.7492447,-0.8791885,0.05882263,-0.4461594,-0.3297882,-0.6100159,-0.447525,-0.8028488,-0.4948006,-0.6463928,-0.5014267,-0.750679,-0.4446373,-0.8195877,-0.33918,-0.8733597,-4.785721,-3.254768,-0.4655228,-0.9990082,-1.388443,-0.8514862,-0.9425812,-0.8308487,-0.7238083,-0.8381348
7.466666666666667,0.0,-82.0,4.0,-36.0,-1.0,-153.0,0.0,-1134.0,0.0,-2154.0,-1.0,-149.0,-3.0,-824.0,,,,,,,,,,,,,,,,,,,,,,,,,,
7.466667175292969,,,,,,,,,,,,,,,-0.7414322,-0.8801651,0.05686951,-0.4520187,-0.3376007,-0.6100159,-0.4436188,-0.8008957,-0.4948006,-0.6581116,-0.4955673,-0.7565384,-0.4426842,-0.8283768,-0.3323441,-0.8645706,-4.781815,-3.255745,-0.469429,-0.9902191,-1.397232,-0.8466034,-0.9376984,-0.8347549,-0.7228317,-0.8410645
7.474999904632568,,,,,,,,,,,,,,,-0.7336197,-0.8811417,0.05101013,-0.4529953,-0.3424835,-0.6090393,-0.4406891,-0.7969894,-0.4918709,-0.6698303,-0.4867783,-0.7653275,-0.4387779,-0.8332596,-0.3274612,-0.8587112,-4.775955,-3.254768,-0.4723587,-0.9755707,-1.407974,-0.8387909,-0.931839,-0.8376846,-0.7228317,-0.8498535
7.483333110809326,,,,,,,,,,,,,,,-0.7297134,-0.8830948,0.04515076,-0.4539719,-0.3473663,-0.6070862,-0.4377594,-0.7911301,-0.4869881,-0.6795959,-0.4779892,-0.7711868,-0.4368248,-0.8332596,-0.323555,-0.8567581,-4.774979,-3.247932,-0.4752884,-0.957016,-1.41774,-0.8280487,-0.9269562,-0.8396378,-0.7257614,-0.8615723
7.491666793823242,,,,,,,,,,,,,,,-0.7267838,-0.8840714,0.03538513,-0.4520187,-0.3493195,-0.6022034,-0.4328766,-0.7882004,-0.4811287,-0.688385,-0.4711533,-0.7770462,-0.431942,-0.8313065,-0.3216019,-0.8587112,-4.779861,-3.24012,-0.4772415,-0.9384613,-1.426529,-0.8182831,-0.9181671,-0.8406143,-0.7286911,-0.8723145
7.5,0.0,-84.0,4.0,-35.0,-1.0,-155.0,0.0,-1138.0,-1.0,-2166.0,-1.0,-150.0,-3.0,-826.0,-0.7248306,-0.8821182,0.02561951,-0.4461594,-0.350296,-0.5973206,-0.4279938,-0.7842941,-0.4772224,-0.6932678,-0.4643173,-0.7809525,-0.4299889,-0.8274002,-0.3206253,-0.8635941,-4.787674,-3.232307,-0.4733353,-0.9228363,-1.435318,-0.8065643,-0.9103546,-0.843544,-0.7345505,-0.8811035
7.508333206176758,,,,,,,,,,,,,,,-0.7248306,-0.878212,0.01292419,-0.4363937,-0.3483429,-0.5934143,-0.4221344,-0.7842941,-0.4703865,-0.7001038,-0.4604111,-0.7858353,-0.4280357,-0.8274002,-0.3225784,-0.87043,-4.803299,-3.223518,-0.4723587,-0.9111176,-1.442154,-0.7958221,-0.9044952,-0.8425674,-0.7413864,-0.8859863
7.516666889190674,,,,,,,,,,,,,,,-0.7248306,-0.8684464,0.0002288818,-0.4256516,-0.3473663,-0.5904846,-0.4192047,-0.7891769,-0.4635506,-0.7049866,-0.4584579,-0.7907181,-0.4241295,-0.8293533,-0.3274612,-0.8821487,-4.819901,-3.216682,-0.4645462,-0.9033051,-1.447037,-0.7841034,-0.9044952,-0.8406143,-0.7501755,-0.8869629
7.525000095367432,,,,,,,,,,,,,,,-0.7258072,-0.855751,-0.01051331,-0.4149094,-0.3454132,-0.5934143,-0.4182281,-0.7960129,-0.4606209,-0.7059631,-0.4594345,-0.7956009,-0.4221764,-0.8342361,-0.3323441,-0.8958206,-4.838455,-3.212776,-0.46064,-0.8993988,-1.450943,-0.7733612,-0.9054718,-0.8357315,-0.7638474,-0.8859863
7.533332824707031,,,,,,,,,,,,,,,-0.7258072,-0.8430557,-0.02027893,-0.4031906,-0.3434601,-0.6022034,-0.4192047,-0.8038254,-0.4576912,-0.7059631,-0.4623642,-0.8014603,-0.4211998,-0.8400955,-0.3372269,-0.9065628,-4.858963,-3.2118,-0.4567337,-0.9003754,-1.449966,-0.7645721,-0.9093781,-0.8269424,-0.7775192,-0.8850098
7.533333333333333,0.0,-87.0,4.0,-33.0,-1.0,-155.0,-1.0,-1143.0,-1.0,-2174.0,0.0,-152.0,-3.0,-822.0,,,,,,,,,,,,,,,,,,,,,,,,,,
7.5416669845581055,,,,,,,,,,,,,,,-0.7238541,-0.8293839,-0.02613831,-0.3904953,-0.3405304,-0.6148987,-0.4250641,-0.8126144,-0.4557381,-0.70401,-0.467247,-0.80439,-0.4202232,-0.8440018,-0.3401566,-0.9143753,-4.877518,-3.213753,-0.4547806,-0.9042816,-1.445084,-0.7606659,-0.916214,-0.8162003,-0.7931442,-0.8859863
7.550000190734863,,,,,,,,,,,,,,,-0.7238541,-0.8176651,-0.03004456,-0.3836594,-0.3385773,-0.6285706,-0.4328766,-0.8223801,-0.4547615,-0.6952209,-0.4721298,-0.8073196,-0.4202232,-0.8440018,-0.33918,-0.917305,-4.88826,-3.214729,-0.4547806,-0.9081879,-1.437271,-0.7587128,-0.9240265,-0.8064346,-0.8087692,-0.888916
7.558332920074463,,,,,,,,,,,,,,,-0.7248306,-0.808876,-0.02906799,-0.3826828,-0.334671,-0.6393127,-0.4406891,-0.8272629,-0.4547615,-0.6805725,-0.4779892,-0.8082962,-0.4231529,-0.839119,-0.3382034,-0.917305,-4.899979,-3.216682,-0.4567337,-0.9140472,-1.430435,-0.7596893,-0.9337921,-0.7976456,-0.8195114,-0.8947754
7.566666666666666,0.0,-90.0,3.0,-36.0,-1.0,-154.0,-1.0,-1149.0,-1.0,-2178.0,-1.0,-154.0,-3.0,-824.0,,,,,,,,,,,,,,,,,,,,,,,,,,
7.566667079925537,,,,,,,,,,,,,,,-0.7248306,-0.8039932,-0.02613831,-0.3875656,-0.3317413,-0.6461487,-0.4465485,-0.8331223,-0.4557381,-0.6669006,-0.4838486,-0.8063431,-0.425106,-0.8274002,-0.3342972,-0.9143753,-4.911697,-3.220589,-0.4557571,-0.9199066,-1.42067,-0.7684784,-0.9435577,-0.7898331,-0.8234177,-0.8996582
7.574999809265137,,,,,,,,,,,,,,,-0.7277603,-0.8010635,-0.02223206,-0.3983078,-0.3297882,-0.643219,-0.4514313,-0.8360519,-0.4567146,-0.6502991,-0.4906845,-0.8004837,-0.4290123,-0.807869,-0.3313675,-0.9114456,-4.920486,-3.220589,-0.4577103,-0.9267426,-1.410904,-0.7831268,-0.9542999,-0.7888565,-0.820488,-0.9025879
7.5833330154418945,,,,,,,,,,,,,,,-0.7316666,-0.7991104,-0.01832581,-0.4158859,-0.3278351,-0.6344299,-0.4533844,-0.8370285,-0.4606209,-0.6346741,-0.4955673,-0.7877884,-0.4348717,-0.7844315,-0.3303909,-0.9094925,-4.931229,-3.221565,-0.453804,-0.9345551,-1.404068,-0.7997284,-0.9611359,-0.7927628,-0.8175583,-0.9025879
7.591667175292969,,,,,,,,,,,,,,,-0.7355728,-0.7991104,-0.01539612,-0.4334641,-0.3288116,-0.6178284,-0.4504547,-0.8370285,-0.4674568,-0.625885,-0.5014267,-0.7702103,-0.4417076,-0.7590408,-0.3303909,-0.9085159,-4.936111,-3.224495,-0.4469681,-0.941391,-1.400162,-0.8192596,-0.9650421,-0.7995987,-0.8058395,-0.8996582
7.599999904632568,,,,,,,,,,,,,,,-0.7394791,-0.8010635,-0.01344299,-0.4490891,-0.3307648,-0.5992737,-0.447525,-0.8370285,-0.4752693,-0.6229553,-0.5033798,-0.7516556,-0.4465904,-0.7307205,-0.3362503,-0.9104691,-4.937088,-3.228401,-0.4420853,-0.9472504,-1.399185,-0.8348846,-0.9669952,-0.8083878,-0.7970505,-0.8937988
7.6,0.0,-95.0,3.0,-39.0,-1.0,-154.0,-1.0,-1154.0,-1.0,-2184.0,-1.0,-156.0,-3.0,-829.0,,,,,,,,,,,,,,,,,,,,,,,,,,
7.608333110809326,,,,,,,,,,,,,,,-0.7424088,-0.8030167,-0.01441956,-0.4598312,-0.3356476,-0.5797424,-0.4436188,-0.8409348,-0.4840584,-0.6288147,-0.5024033,-0.7282181,-0.4534264,-0.7033768,-0.3430862,-0.9114456,-4.939041,-3.234261,-0.4323196,-0.9492035,-1.400162,-0.84758,-0.9621124,-0.8181534,-0.7882614,-0.8869629
7.616666793823242,,,,,,,,,,,,,,,-0.7443619,-0.8030167,-0.01539612,-0.4627609,-0.341507,-0.565094,-0.4397125,-0.8428879,-0.4918709,-0.6395569,-0.5004501,-0.7057571,-0.4583092,-0.6789627,-0.3499222,-0.9114456,-4.936111,-3.24012,-0.4215775,-0.9482269,-1.402115,-0.8573456,-0.9523468,-0.827919,-0.7863083,-0.8811035
7.625,,,,,,,,,,,,,,,-0.7424088,-0.8030167,-0.01832581,-0.4569016,-0.3483429,-0.5533752,-0.4377594,-0.8428879,-0.5006599,-0.6581116,-0.498497,-0.6872025,-0.4622154,-0.6565018,-0.3577347,-0.9094925,-4.930252,-3.24305,-0.4147415,-0.9472504,-1.406998,-0.863205,-0.9386749,-0.8367081,-0.7872849,-0.8752441
7.633333206176758,,,,,,,,,,,,,,,-0.7414322,-0.8039932,-0.02223206,-0.4471359,-0.3522491,-0.5445862,-0.4377594,-0.8428879,-0.5065193,-0.6795959,-0.4945908,-0.6754837,-0.4641685,-0.6369705,-0.3635941,-0.9065628,-4.923416,-3.245003,-0.4098587,-0.9433441,-1.409927,-0.863205,-0.9250031,-0.8425674,-0.7911911,-0.8713379
7.633333333333334,0.0,-97.0,3.0,-40.0,-1.0,-153.0,0.0,-1157.0,0.0,-2191.0,-2.0,-160.0,-2.0,-832.0,,,,,,,,,,,,,,,,,,,,,,,,,,
7.641666889190674,,,,,,,,,,,,,,,-0.7404556,-0.8010635,-0.02418518,-0.4305344,-0.357132,-0.5367737,-0.4406891,-0.8409348,-0.5104256,-0.6981506,-0.4906845,-0.6696243,-0.4641685,-0.6242752,-0.3645706,-0.9036331,-4.913651,-3.24305,-0.4049759,-0.9365082,-1.41481,-0.8622284,-0.9084015,-0.8464737,-0.7950974,-0.8693848
7.650000095367432,,,,,,,,,,,,,,,-0.7355728,-0.7952042,-0.02516174,-0.4119797,-0.3561554,-0.5318909,-0.4426422,-0.8350754,-0.5114021,-0.7118225,-0.4887314,-0.6715775,-0.4612389,-0.6164627,-0.3645706,-0.90168,-4.904861,-3.238167,-0.4059525,-0.9335785,-1.416763,-0.8583221,-0.8947296,-0.8474503,-0.798027,-0.8684082
7.658332824707031,,,,,,,,,,,,,,,-0.7287369,-0.7873917,-0.02418518,-0.3914719,-0.3532257,-0.5260315,-0.4455719,-0.8233566,-0.5114021,-0.7225647,-0.4877548,-0.6784134,-0.4583092,-0.6145096,-0.3626175,-0.9026566,-4.898026,-3.228401,-0.4088821,-0.9355316,-1.418716,-0.8553925,-0.8869171,-0.8454971,-0.7960739,-0.8674316
7.666666666666667,0.0,-98.0,3.0,-41.0,-1.0,-155.0,0.0,-1158.0,0.0,-2201.0,-2.0,-167.0,-1.0,-836.0,,,,,,,,,,,,,,,,,,,,,,,,,,
7.6666669845581055,,,,,,,,,,,,,,,-0.7219009,-0.7815323,-0.02223206,-0.3738937,-0.350296,-0.5191956,-0.4465485,-0.8116379,-0.5104256,-0.7274475,-0.4887314,-0.6872025,-0.4514732,-0.6164627,-0.3596878,-0.9075394,-4.889236,-3.218636,-0.4147415,-0.941391,-1.419693,-0.8534393,-0.8820343,-0.8396378,-0.7950974,-0.8664551
7.675000190734863,,,,,,,,,,,,,,,-0.715065,-0.7756729,-0.01930237,-0.3553391,-0.3424835,-0.5113831,-0.4455719,-0.7989426,-0.5084724,-0.7235413,-0.4906845,-0.6998978,-0.4456139,-0.6232986,-0.354805,-0.9143753,-4.880447,-3.210823,-0.422554,-0.9492035,-1.421646,-0.8505096,-0.8810577,-0.8308487,-0.789238,-0.8635254
7.683332920074463,,,,,,,,,,,,,,,-0.7062759,-0.7737198,-0.01734924,-0.3377609,-0.3356476,-0.5055237,-0.4445953,-0.7813644,-0.5055428,-0.719635,-0.4926376,-0.71064,-0.4368248,-0.6330643,-0.3557816,-0.9212112,-4.874588,-3.20594,-0.4332962,-0.9560394,-1.423599,-0.84758,-0.8888702,-0.8191299,-0.7814255,-0.8596191
7.691667079925537,,,,,,,,,,,,,,,-0.69944,-0.7727432,-0.01637268,-0.3231125,-0.3278351,-0.5016174,-0.4445953,-0.766716,-0.5035896,-0.7108459,-0.4936142,-0.7184525,-0.4299889,-0.6418533,-0.3538284,-0.9251175,-4.870682,-3.200081,-0.4440384,-0.9638519,-1.425552,-0.8446503,-0.8957062,-0.8035049,-0.7745895,-0.8547363
7.699999809265137,,,,,,,,,,,,,,,-0.6974869,-0.7707901,-0.01734924,-0.3123703,-0.3229523,-0.4977112,-0.4445953,-0.7520676,-0.5026131,-0.6981506,-0.4916611,-0.7233353,-0.4231529,-0.6525955,-0.354805,-0.9270706,-4.871658,-3.195198,-0.4547806,-0.9687347,-1.427505,-0.8417206,-0.9064484,-0.7878799,-0.7648239,-0.848877
7.7,0.0,-96.0,4.0,-39.0,0.0,-158.0,0.0,-1160.0,0.0,-2214.0,-2.0,-172.0,-2.0,-839.0,,,,,,,,,,,,,,,,,,,,,,,,,,
7.7083330154418945,,,,,,,,,,,,,,,-0.6984634,-0.7707901,-0.01832581,-0.3084641,-0.319046,-0.4986877,-0.4455719,-0.7403488,-0.5026131,-0.6864319,-0.4877548,-0.726265,-0.4182701,-0.6623611,-0.3577347,-0.9221878,-4.880447,-3.190315,-0.4635696,-0.9677582,-1.431412,-0.8387909,-0.916214,-0.7712784,-0.7599411,-0.8439941
7.716667175292969,,,,,,,,,,,,,,,-0.7052994,-0.7678604,-0.02125549,-0.3104172,-0.3180695,-0.5065002,-0.447525,-0.7325363,-0.5016365,-0.6747131,-0.4848251,-0.726265,-0.4172935,-0.6731033,-0.3596878,-0.9114456,-4.892166,-3.181526,-0.4772415,-0.9609222,-1.435318,-0.8339081,-0.9269562,-0.7546768,-0.7531052,-0.8381348
7.724999904632568,,,,,,,,,,,,,,,-0.7140884,-0.7600479,-0.02418518,-0.3172531,-0.3209991,-0.5172424,-0.4514313,-0.7286301,-0.5006599,-0.6620178,-0.4809189,-0.7243118,-0.4172935,-0.6818924,-0.3626175,-0.8967972,-4.906815,-3.171761,-0.4909134,-0.9511566,-1.439224,-0.8300018,-0.9376984,-0.7390518,-0.7491989,-0.8322754
7.733333110809326,,,,,,,,,,,,,,,-0.7248306,-0.7483292,-0.02613831,-0.3279953,-0.3239288,-0.5318909,-0.454361,-0.7276535,-0.5016365,-0.6512756,-0.4779892,-0.7223587,-0.4202232,-0.6897049,-0.3645706,-0.8762894,-4.925369,-3.159065,-0.5045853,-0.9433441,-1.447037,-0.8270721,-0.9425812,-0.7273331,-0.7452927,-0.8293457
7.733333333333333,0.0,-91.0,4.0,-36.0,0.0,-163.0,0.0,-1166.0,0.0,-2226.0,-2.0,-175.0,-2.0,-843.0,,,,,,,,,,,,,,,,,,,,,,,,,,
7.741666793823242,,,,,,,,,,,,,,,-0.7345963,-0.7366104,-0.02809143,-0.3406906,-0.3327179,-0.549469,-0.4563141,-0.7296066,-0.5016365,-0.64151,-0.4789658,-0.719429,-0.425106,-0.6975174,-0.3684769,-0.8538284,-4.943924,-3.14637,-0.5241165,-0.9404144,-1.45192,-0.8231659,-0.9513702,-0.7204971,-0.742363,-0.8293457
7.75,,,,,,,,,,,,,,,-0.7414322,-0.7248917,-0.03199768,-0.3524094,-0.3405304,-0.565094,-0.4563141,-0.735466,-0.5026131,-0.6317444,-0.4838486,-0.7164993,-0.4290123,-0.7043533,-0.37043,-0.8342972,-4.958572,-3.137581,-0.5465775,-0.9433441,-1.461685,-0.8202362,-0.9572296,-0.7165909,-0.7452927,-0.8312988
7.758333206176758,,,,,,,,,,,,,,,-0.746315,-0.7180557,-0.03688049,-0.362175,-0.350296,-0.5787659,-0.454361,-0.7403488,-0.5035896,-0.6229553,-0.4887314,-0.7125931,-0.431942,-0.7082596,-0.37043,-0.8176956,-4.972244,-3.133675,-0.5641556,-0.9521332,-1.472427,-0.81633,-0.9640656,-0.7165909,-0.7501755,-0.8352051
7.766666666666667,0.0,-82.0,4.0,-33.0,0.0,-169.0,0.0,-1171.0,0.0,-2236.0,-2.0,-175.0,-2.0,-850.0,,,,,,,,,,,,,,,,,,,,,,,,,,
7.766666889190674,,,,,,,,,,,,,,,-0.7482681,-0.7161026,-0.03981018,-0.3651047,-0.3590851,-0.5895081,-0.4514313,-0.7462082,-0.5035896,-0.6141663,-0.4945908,-0.7077103,-0.4358482,-0.7092361,-0.3694534,-0.8030472,-4.980057,-3.137581,-0.5827103,-0.9658051,-1.48317,-0.81633,-0.9679718,-0.7195206,-0.7570114,-0.842041
7.775000095367432,,,,,,,,,,,,,,,-0.746315,-0.7209854,-0.04273987,-0.3651047,-0.3639679,-0.5934143,-0.447525,-0.7481613,-0.5074959,-0.6073303,-0.5014267,-0.703804,-0.4348717,-0.7082596,-0.3694534,-0.7962112,-4.98494,-3.14637,-0.5924759,-0.9833832,-1.496841,-0.8202362,-0.9709015,-0.7244034,-0.7677536,-0.8498535
7.783332824707031,,,,,,,,,,,,,,,-0.7443619,-0.7327042,-0.04566956,-0.362175,-0.3708038,-0.5904846,-0.4416656,-0.7491379,-0.509449,-0.6024475,-0.5053329,-0.6998978,-0.4329185,-0.7033768,-0.3675003,-0.7952347,-4.991776,-3.160042,-0.5963821,-1.002914,-1.512466,-0.8260956,-0.9728546,-0.7292862,-0.7765427,-0.8596191
7.7916669845581055,,,,,,,,,,,,,,,-0.7443619,-0.7502823,-0.04664612,-0.3602219,-0.3737335,-0.5826721,-0.438736,-0.7481613,-0.5123787,-0.5985413,-0.5082626,-0.6979446,-0.4290123,-0.698494,-0.3626175,-0.7991409,-4.996658,-3.181526,-0.5885696,-1.01561,-1.526138,-0.8290253,-0.9757843,-0.7312393,-0.7833786,-0.8674316
7.8,0.0,-75.0,4.0,-31.0,0.0,-176.0,0.0,-1173.0,-1.0,-2246.0,-2.0,-176.0,-2.0,-859.0,,,,,,,,,,,,,,,,,,,,,,,,,,
7.800000190734863,,,,,,,,,,,,,,,-0.7443619,-0.768837,-0.04664612,-0.3572922,-0.3776398,-0.5748596,-0.4338531,-0.7432785,-0.5153084,-0.5985413,-0.5082626,-0.6989212,-0.425106,-0.6965408,-0.3567581,-0.8059769,-5.000565,-3.202034,-0.5758743,-1.018539,-1.540787,-0.8290253,-0.978714,-0.7322159,-0.7863083,-0.8752441
7.808332920074463,,,,,,,,,,,,,,,-0.7482681,-0.7864151,-0.04469299,-0.3563156,-0.3805695,-0.5680237,-0.4319,-0.7393723,-0.5172615,-0.6024475,-0.5092392,-0.6998978,-0.4202232,-0.6936111,-0.3508987,-0.8157425,-5.006424,-3.221565,-0.5582962,-1.011703,-1.549576,-0.8260956,-0.9806671,-0.7292862,-0.7853317,-0.8820801
7.816667079925537,,,,,,,,,,,,,,,-0.7511978,-0.8030167,-0.04176331,-0.3592453,-0.381546,-0.565094,-0.4289703,-0.7325363,-0.5182381,-0.6073303,-0.5082626,-0.7018509,-0.416317,-0.6926346,-0.3440628,-0.8245316,-5.014236,-3.23719,-0.5407181,-0.9941254,-1.556412,-0.8192596,-0.9835968,-0.7234268,-0.7804489,-0.8869629
7.824999809265137,,,,,,,,,,,,,,,-0.7570572,-0.8147354,-0.03785706,-0.3641281,-0.3844757,-0.5660706,-0.4250641,-0.7257004,-0.5182381,-0.6161194,-0.5053329,-0.7047806,-0.4143639,-0.6945877,-0.3372269,-0.8333206,-5.022049,-3.248909,-0.5241165,-0.9687347,-1.556412,-0.8075409,-0.9884796,-0.7175674,-0.7726364,-0.8869629
7.8333330154418945,,,,,,,,,,,,,,,-0.7609634,-0.8215714,-0.03492737,-0.3699875,-0.3844757,-0.5699768,-0.4250641,-0.7217941,-0.5172615,-0.6268616,-0.5043564,-0.7067337,-0.4124107,-0.6975174,-0.3342972,-0.8411331,-5.033768,-3.256721,-0.5153275,-0.9355316,-1.549576,-0.7928925,-0.9933624,-0.7136612,-0.7628708,-0.8830566
7.833333333333333,0.0,-77.0,4.0,-31.0,0.0,-178.0,0.0,-1177.0,-1.0,-2256.0,-1.0,-177.0,-1.0,-866.0,,,,,,,,,,,,,,,,,,,,,,,,,,
7.841667175292969,,,,,,,,,,,,,,,-0.7668228,-0.8225479,-0.03004456,-0.3748703,-0.3844757,-0.5777893,-0.4250641,-0.7217941,-0.5133553,-0.6395569,-0.5043564,-0.7067337,-0.4124107,-0.7033768,-0.3323441,-0.8479691,-5.048416,-3.259651,-0.5114212,-0.8993988,-1.538834,-0.7772675,-0.9953156,-0.7126846,-0.7570114,-0.873291
7.849999904632568,,,,,,,,,,,,,,,-0.7697525,-0.8196182,-0.02711487,-0.3778,-0.3834991,-0.5865784,-0.4250641,-0.7257004,-0.5123787,-0.6522522,-0.5024033,-0.703804,-0.4133873,-0.7111893,-0.3342972,-0.8538284,-5.065018,-3.256721,-0.5123978,-0.8701019,-1.524185,-0.7635956,-1.000198,-0.7117081,-0.7550583,-0.8605957
7.858333110809326,,,,,,,,,,,,,,,-0.7726822,-0.8118057,-0.02125549,-0.3768234,-0.3805695,-0.5914612,-0.4289703,-0.7305832,-0.5123787,-0.6659241,-0.4994736,-0.6979446,-0.4172935,-0.7160721,-0.3411331,-0.8577347,-5.080643,-3.247932,-0.5153275,-0.8525238,-1.510513,-0.7548065,-0.9962921,-0.7126846,-0.7570114,-0.8469238
7.866666666666666,0.0,-78.0,4.0,-33.0,0.0,-176.0,0.0,-1184.0,-1.0,-2268.0,-2.0,-180.0,-1.0,-868.0,,,,,,,,,,,,,,,,,,,,,,,,,,
7.866666793823242,,,,,,,,,,,,,,,-0.7726822,-0.8010635,-0.01930237,-0.3748703,-0.3786163,-0.5924377,-0.4309235,-0.7393723,-0.5114021,-0.6805725,-0.498497,-0.688179,-0.4211998,-0.7209549,-0.3508987,-0.8596878,-5.095291,-3.23719,-0.5211868,-0.8456879,-1.494888,-0.7489471,-0.9933624,-0.7175674,-0.7599411,-0.833252
7.875,,,,,,,,,,,,,,,-0.7717056,-0.7854385,-0.01930237,-0.3699875,-0.3747101,-0.5904846,-0.4338531,-0.7501144,-0.5153084,-0.6942444,-0.498497,-0.6813431,-0.4260826,-0.7238846,-0.3616409,-0.8616409,-5.107986,-3.222542,-0.52314,-0.8515472,-1.486099,-0.7450409,-0.9855499,-0.7224503,-0.7697067,-0.8234863
7.883333206176758,,,,,,,,,,,,,,,-0.7707291,-0.7707901,-0.01930237,-0.3631516,-0.3708038,-0.5865784,-0.4367828,-0.7559738,-0.5182381,-0.7059631,-0.498497,-0.6745071,-0.4309654,-0.722908,-0.3733597,-0.8616409,-5.113846,-3.203987,-0.5250931,-0.8671722,-1.481216,-0.7430878,-0.9767609,-0.7273331,-0.7784958,-0.8195801
7.891666889190674,,,,,,,,,,,,,,,-0.7697525,-0.7571182,-0.02125549,-0.3543625,-0.3678741,-0.5787659,-0.4397125,-0.7579269,-0.5240974,-0.7157288,-0.4994736,-0.6686478,-0.4378014,-0.7209549,-0.3831253,-0.8596878,-5.111893,-3.187386,-0.5260696,-0.8896332,-1.47731,-0.7450409,-0.9669952,-0.7331924,-0.7872849,-0.8225098
7.9,0.0,-78.0,4.0,-36.0,0.0,-174.0,0.0,-1192.0,-1.0,-2280.0,-2.0,-180.0,-1.0,-863.0,,,,,,,,,,,,,,,,,,,,,,,,,,
7.900000095367432,,,,,,,,,,,,,,,-0.7677994,-0.7434464,-0.02516174,-0.3436203,-0.3620148,-0.5738831,-0.4426422,-0.7549973,-0.5328865,-0.7215881,-0.5053329,-0.6647415,-0.4417076,-0.7170486,-0.3928909,-0.8587112,-5.106033,-3.175667,-0.5241165,-0.9130707,-1.47731,-0.7479706,-0.9582062,-0.7400284,-0.7960739,-0.8322754
7.908332824707031,,,,,,,,,,,,,,,-0.7658463,-0.7366104,-0.03102112,-0.330925,-0.3590851,-0.5738831,-0.4436188,-0.7481613,-0.5387459,-0.7235413,-0.5111923,-0.6618118,-0.4456139,-0.7111893,-0.3987503,-0.8577347,-5.100174,-3.171761,-0.52314,-0.9326019,-1.479263,-0.7509003,-0.9484406,-0.7478409,-0.8019333,-0.8479004
7.9166669845581055,,,,,,,,,,,,,,,-0.7629166,-0.7336807,-0.03590393,-0.3182297,-0.3561554,-0.5768127,-0.4445953,-0.7393723,-0.5446053,-0.7215881,-0.5190048,-0.6608353,-0.4495201,-0.707283,-0.40168,-0.8518753,-5.094315,-3.173714,-0.5211868,-0.9462738,-1.481216,-0.75383,-0.9435577,-0.7595596,-0.8058395,-0.8635254
7.925000190734863,,,,,,,,,,,,,,,-0.7609634,-0.7356339,-0.03981018,-0.2986984,-0.3542023,-0.5816956,-0.4465485,-0.7335129,-0.5475349,-0.7157288,-0.5287704,-0.6579056,-0.4534264,-0.7063065,-0.4046097,-0.8489456,-5.092361,-3.182503,-0.5182571,-0.9531097,-1.48317,-0.7587128,-0.9386749,-0.7722549,-0.8097458,-0.8762207
7.933332920074463,,,,,,,,,,,,,,,-0.7590103,-0.7405167,-0.03981018,-0.2801437,-0.3512726,-0.5904846,-0.4485016,-0.7315598,-0.5485115,-0.7069397,-0.5385361,-0.6510696,-0.4553795,-0.7063065,-0.4046097,-0.8430862,-5.092361,-3.198128,-0.516304,-0.9531097,-1.484146,-0.7635956,-0.9386749,-0.7859268,-0.8107224,-0.8859863
7.933333333333334,0.0,-83.0,4.0,-34.0,0.0,-170.0,0.0,-1200.0,0.0,-2289.0,-2.0,-177.0,-1.0,-861.0,,,,,,,,,,,,,,,,,,,,,,,,,,
7.941667079925537,,,,,,,,,,,,,,,-0.7560806,-0.7473526,-0.04078674,-0.2635422,-0.350296,-0.5953674,-0.4504547,-0.7305832,-0.5426521,-0.6932678,-0.5483017,-0.6422806,-0.456356,-0.7111893,-0.4036331,-0.8362503,-5.094315,-3.213753,-0.5153275,-0.9462738,-1.487076,-0.7665253,-0.9445343,-0.8015518,-0.8097458,-0.8879395
7.949999809265137,,,,,,,,,,,,,,,-0.7531509,-0.7561417,-0.03981018,-0.2508469,-0.350296,-0.5953674,-0.4533844,-0.7344894,-0.5348396,-0.6766663,-0.5570908,-0.6354446,-0.4583092,-0.7160721,-0.40168,-0.8313675,-5.094315,-3.226448,-0.516304,-0.9374847,-1.489029,-0.7684784,-0.9513702,-0.8162003,-0.8087692,-0.8830566
7.9583330154418945,,,,,,,,,,,,,,,-0.7502213,-0.7629776,-0.03883362,-0.2449875,-0.350296,-0.5875549,-0.4572906,-0.7432785,-0.525074,-0.6600647,-0.5649033,-0.6286087,-0.4583092,-0.722908,-0.3987503,-0.8264847,-5.094315,-3.233284,-0.516304,-0.9277191,-1.490982,-0.7684784,-0.9601593,-0.8318253,-0.8058395,-0.8703613
7.966666666666667,0.0,-85.0,4.0,-32.0,0.0,-168.0,0.0,-1207.0,0.0,-2299.0,-2.0,-177.0,-2.0,-862.0,,,,,,,,,,,,,,,,,,,,,,,,,,
7.966667175292969,,,,,,,,,,,,,,,-0.746315,-0.768837,-0.03785706,-0.2469406,-0.350296,-0.5738831,-0.4602203,-0.7549973,-0.5133553,-0.6424866,-0.5727158,-0.625679,-0.456356,-0.7307205,-0.3938675,-0.8245316,-5.089432,-3.236214,-0.5172806,-0.9199066,-1.493912,-0.7684784,-0.9669952,-0.8474503,-0.8068161,-0.8547363
7.974999904632568,,,,,,,,,,,,,,,-0.7424088,-0.7717667,-0.03883362,-0.2567062,-0.3483429,-0.5553284,-0.4641266,-0.7647629,-0.5035896,-0.6278381,-0.576622,-0.6266556,-0.4534264,-0.7365799,-0.3880081,-0.8264847,-5.079666,-3.236214,-0.5192337,-0.9140472,-1.499771,-0.769455,-0.9757843,-0.8581924,-0.8068161,-0.8381348
7.983333110809326,,,,,,,,,,,,,,,-0.7394791,-0.7717667,-0.03688049,-0.2713547,-0.3454132,-0.5318909,-0.469986,-0.7755051,-0.4957771,-0.6141663,-0.5805283,-0.6305618,-0.4514732,-0.7424393,-0.3850784,-0.8323441,-5.064041,-3.235237,-0.5211868,-0.9111176,-1.506607,-0.7743378,-0.9777374,-0.8640518,-0.8126755,-0.8205566
7.991666793823242,,,,,,,,,,,,,,,-0.7336197,-0.7717667,-0.03590393,-0.2889328,-0.3434601,-0.5094299,-0.4719391,-0.7852707,-0.4908943,-0.6044006,-0.5824814,-0.6393509,-0.4465904,-0.7482986,-0.3811722,-0.8421097,-5.051346,-3.232307,-0.5211868,-0.9111176,-1.510513,-0.7801971,-0.9757843,-0.8679581,-0.8126755,-0.8098145
8.0,0.0,-84.0,4.0,-31.0,0.0,-167.0,0.0,-1210.0,0.0,-2310.0,-2.0,-181.0,-2.0,-865.0,-0.73069,-0.7727432,-0.03297424,-0.3035812,-0.3395538,-0.4908752,-0.4758453,-0.7940598,-0.4899178,-0.5995178,-0.5805283,-0.6549759,-0.4426842,-0.7512283,-0.3782425,-0.8557816,-5.04158,-3.228401,-0.5202103,-0.9150238,-1.516373,-0.7870331,-0.9679718,-0.8660049,-0.813652,-0.8059082
8.008333206176758,,,,,,,,,,,,,,,-0.7316666,-0.7717667,-0.03004456,-0.3133469,-0.3376007,-0.4772034,-0.4797516,-0.7999191,-0.4908943,-0.6024475,-0.5756454,-0.6696243,-0.4397545,-0.7512283,-0.3782425,-0.8694534,-5.036697,-3.222542,-0.516304,-0.9199066,-1.520279,-0.7967987,-0.9572296,-0.8611221,-0.8126755,-0.8078613
8.016667366027832,,,,,,,,,,,,,,,-0.7316666,-0.768837,-0.02711487,-0.3201828,-0.3376007,-0.4703674,-0.4817047,-0.8008957,-0.4957771,-0.6044006,-0.5707626,-0.6813431,-0.4368248,-0.7502518,-0.3811722,-0.8821487,-5.036697,-3.212776,-0.5114212,-0.9228363,-1.524185,-0.8055878,-0.9464874,-0.8552628,-0.8087692,-0.8146973
8.024999618530273,,,,,,,,,,,,,,,-0.7375259,-0.7659073,-0.02516174,-0.3211594,-0.3376007,-0.471344,-0.4817047,-0.797966,-0.5026131,-0.6092834,-0.5629501,-0.6911087,-0.4358482,-0.745369,-0.3850784,-0.8977737,-5.04451,-3.199104,-0.5065384,-0.9228363,-1.525162,-0.8124237,-0.9376984,-0.8494034,-0.8019333,-0.8234863
8.033332824707031,,,,,,,,,,,,,,,-0.7424088,-0.7649307,-0.02516174,-0.3201828,-0.3405304,-0.4791565,-0.4807281,-0.7930832,-0.5104256,-0.6161194,-0.5551376,-0.7018509,-0.4348717,-0.7395096,-0.3880081,-0.9094925,-5.057205,-3.181526,-0.5036087,-0.9228363,-1.528091,-0.81633,-0.9357452,-0.8454971,-0.7921677,-0.8361816
8.033333333333333,0.0,-82.0,3.0,-32.0,0.0,-170.0,0.0,-1215.0,0.0,-2322.0,-2.0,-185.0,-2.0,-872.0,,,,,,,,,,,,,,,,,,,,,,,,,,
8.041666984558105,,,,,,,,,,,,,,,-0.7472916,-0.7639542,-0.02711487,-0.3192062,-0.3424835,-0.4908752,-0.4797516,-0.7842941,-0.5211678,-0.6210022,-0.5492783,-0.71064,-0.4358482,-0.7336502,-0.3909378,-0.917305,-5.074783,-3.158089,-0.5016556,-0.9208832,-1.532974,-0.8182831,-0.9406281,-0.8425674,-0.7911911,-0.8469238
8.050000190734863,,,,,,,,,,,,,,,-0.7531509,-0.7629776,-0.03199768,-0.3201828,-0.3444366,-0.5074768,-0.4777985,-0.7764816,-0.5309334,-0.6249084,-0.5424423,-0.7155228,-0.4368248,-0.7287674,-0.3928909,-0.9212112,-5.092361,-3.137581,-0.5016556,-0.9189301,-1.538834,-0.81633,-0.9523468,-0.8415909,-0.7902145,-0.8547363
8.058333396911621,,,,,,,,,,,,,,,-0.7590103,-0.762001,-0.04078674,-0.3240891,-0.3473663,-0.5250549,-0.4748688,-0.7706223,-0.5426521,-0.6307678,-0.5385361,-0.7174759,-0.4387779,-0.7287674,-0.3948441,-0.9202347,-5.10701,-3.120979,-0.5036087,-0.9160004,-1.548599,-0.8085175,-0.9709015,-0.8396378,-0.7921677,-0.8615723
8.066666603088379,,,,,,,,,,,,,,,-0.7609634,-0.762001,-0.05055237,-0.330925,-0.3454132,-0.5397034,-0.4738922,-0.7647629,-0.5504646,-0.6346741,-0.5365829,-0.7204056,-0.4387779,-0.7326736,-0.3928909,-0.9153519,-5.123611,-3.111214,-0.5045853,-0.9150238,-1.558365,-0.7997284,-0.9923859,-0.8386612,-0.7999802,-0.8625488
8.066666666666666,0.0,-81.0,3.0,-34.0,0.0,-173.0,0.0,-1217.0,0.0,-2331.0,-2.0,-187.0,-2.0,-882.0,,,,,,,,,,,,,,,,,,,,,,,,,,
8.074999809265137,,,,,,,,,,,,,,,-0.7638931,-0.7639542,-0.06031799,-0.3387375,-0.3454132,-0.5543518,-0.4738922,-0.7608566,-0.5582771,-0.6395569,-0.5346298,-0.7204056,-0.4397545,-0.7414627,-0.3938675,-0.9026566,-5.132401,-3.111214,-0.5036087,-0.9140472,-1.56813,-0.7919159,-1.008011,-0.8308487,-0.8097458,-0.8586426
8.083333015441895,,,,,,,,,,,,,,,-0.7668228,-0.7698135,-0.06813049,-0.3455734,-0.3444366,-0.5631409,-0.4738922,-0.7608566,-0.5621834,-0.6502991,-0.5317001,-0.7174759,-0.440731,-0.7561111,-0.3948441,-0.8821487,-5.137283,-3.11805,-0.4997025,-0.9150238,-1.577896,-0.7821503,-1.018753,-0.8230362,-0.8185349,-0.8537598
8.091667175292969,,,,,,,,,,,,,,,-0.7697525,-0.7756729,-0.07301331,-0.3504562,-0.341507,-0.5690002,-0.4758453,-0.7628098,-0.5631599,-0.6629944,-0.5307236,-0.7125931,-0.4426842,-0.7727127,-0.3977737,-0.8606644,-5.13533,-3.133675,-0.49189,-0.9179535,-1.581802,-0.7723846,-1.017776,-0.8152237,-0.8263474,-0.8459473
8.1,0.0,-84.0,3.0,-35.0,0.0,-174.0,0.0,-1222.0,0.0,-2341.0,-1.0,-190.0,-2.0,-891.0,,,,,,,,,,,,,,,,,,,,,,,,,,
8.100000381469727,,,,,,,,,,,,,,,-0.7736588,-0.7854385,-0.07789612,-0.3533859,-0.3424835,-0.5709534,-0.4777985,-0.766716,-0.5621834,-0.6756897,-0.5287704,-0.7057571,-0.4436607,-0.7893143,-0.3997269,-0.8382034,-5.131424,-3.152229,-0.4821243,-0.9189301,-1.581802,-0.7665253,-1.01387,-0.8044815,-0.8312302,-0.8352051
8.108332633972168,,,,,,,,,,,,,,,-0.7765884,-0.7981339,-0.07496643,-0.3533859,-0.3454132,-0.5690002,-0.4817047,-0.7735519,-0.5592537,-0.688385,-0.5277939,-0.695015,-0.447567,-0.801033,-0.40168,-0.8186722,-5.121658,-3.170784,-0.4674759,-0.9160004,-1.574966,-0.7655487,-0.9992218,-0.7937393,-0.836113,-0.826416
8.116666793823242,,,,,,,,,,,,,,,-0.7785416,-0.808876,-0.07008362,-0.3533859,-0.350296,-0.5660706,-0.4797516,-0.782341,-0.5573006,-0.6991272,-0.5248642,-0.6832962,-0.4495201,-0.8059158,-0.4026566,-0.8020706,-5.115799,-3.184456,-0.4557571,-0.9160004,-1.565201,-0.7645721,-0.9816437,-0.7849503,-0.836113,-0.817627
8.125,,,,,,,,,,,,,,,-0.7785416,-0.8196182,-0.06129456,-0.3563156,-0.3532257,-0.5621643,-0.4797516,-0.7950363,-0.5533943,-0.7088928,-0.5229111,-0.6735306,-0.4553795,-0.8029861,-0.4007034,-0.7932816,-5.10701,-3.193245,-0.4469681,-0.9160004,-1.554459,-0.7684784,-0.9650421,-0.7800674,-0.8341599,-0.8137207
8.133333206176758,,,,,,,,,,,,,,,-0.7756119,-0.8284073,-0.05250549,-0.3641281,-0.3551788,-0.5572815,-0.4777985,-0.8077316,-0.5573006,-0.7157288,-0.5229111,-0.6627884,-0.4592857,-0.7961502,-0.3967972,-0.7932816,-5.105057,-3.196175,-0.4372025,-0.9140472,-1.543716,-0.7762909,-0.9503937,-0.7761612,-0.8351364,-0.8156738
8.133333333333333,1.0,-88.0,3.0,-38.0,-1.0,-174.0,0.0,-1228.0,0.0,-2349.0,-1.0,-193.0,-1.0,-899.0,,,,,,,,,,,,,,,,,,,,,,,,,,
8.141667366027832,,,,,,,,,,,,,,,-0.7687759,-0.8303604,-0.04469299,-0.3748703,-0.3561554,-0.5533752,-0.4729156,-0.8184738,-0.5602303,-0.7157288,-0.5248642,-0.6539993,-0.4622154,-0.785408,-0.3899612,-0.7991409,-5.106033,-3.189339,-0.4342728,-0.9130707,-1.535904,-0.7831268,-0.9425812,-0.7761612,-0.836113,-0.8205566
8.149999618530273,,,,,,,,,,,,,,,-0.7599869,-0.8293839,-0.03981018,-0.3885422,-0.3532257,-0.5475159,-0.4670563,-0.8301926,-0.5651131,-0.7147522,-0.5238876,-0.6461868,-0.4651451,-0.7727127,-0.3841019,-0.8108597,-5.115799,-3.179573,-0.4313431,-0.9111176,-1.531021,-0.7899628,-0.9386749,-0.7800674,-0.836113,-0.8303223
8.158332824707031,,,,,,,,,,,,,,,-0.7511978,-0.824501,-0.03590393,-0.4031906,-0.3473663,-0.5397034,-0.4611969,-0.8380051,-0.5709724,-0.7098694,-0.5238876,-0.6422806,-0.4661217,-0.7619705,-0.3782425,-0.8255081,-5.127518,-3.164925,-0.4313431,-0.9120941,-1.531021,-0.7958221,-0.9416046,-0.7859268,-0.8370895,-0.842041
8.166666666666666,1.0,-91.0,2.0,-39.0,-1.0,-172.0,0.0,-1235.0,0.0,-2355.0,-2.0,-195.0,-2.0,-906.0,,,,,,,,,,,,,,,,,,,,,,,,,,
8.166666984558105,,,,,,,,,,,,,,,-0.7443619,-0.8176651,-0.03492737,-0.4129562,-0.3376007,-0.5348206,-0.4563141,-0.8409348,-0.5748787,-0.7030334,-0.5219345,-0.6403275,-0.4661217,-0.7570877,-0.3753128,-0.8401566,-5.139236,-3.1493,-0.4313431,-0.9150238,-1.533951,-0.8016815,-0.9464874,-0.7947159,-0.8429489,-0.8518066
8.175000190734863,,,,,,,,,,,,,,,-0.7414322,-0.8098526,-0.03492737,-0.4178391,-0.3288116,-0.5299377,-0.4494781,-0.8399582,-0.5768318,-0.6952209,-0.5170517,-0.6393509,-0.4661217,-0.7590408,-0.3762894,-0.8567581,-5.148026,-3.136604,-0.4342728,-0.9199066,-1.53981,-0.8065643,-0.9542999,-0.8044815,-0.8468552,-0.8605957
8.183333396911621,,,,,,,,,,,,,,,-0.7414322,-0.8039932,-0.03297424,-0.4119797,-0.3180695,-0.5240784,-0.4465485,-0.8360519,-0.5758553,-0.688385,-0.5150986,-0.6383743,-0.4641685,-0.7649002,-0.3801956,-0.8733597,-5.158768,-3.127815,-0.4323196,-0.9267426,-1.546646,-0.8085175,-0.9611359,-0.8162003,-0.851738,-0.8684082
8.191666603088379,,,,,,,,,,,,,,,-0.7472916,-0.8020401,-0.03297424,-0.3963547,-0.3112335,-0.5162659,-0.4445953,-0.8282394,-0.5690193,-0.6835022,-0.5131454,-0.641304,-0.4612389,-0.7736893,-0.3831253,-0.8850784,-5.165604,-3.127815,-0.4313431,-0.9335785,-1.554459,-0.8124237,-0.9679718,-0.8249893,-0.8556442,-0.8723145
8.199999809265137,,,,,,,,,,,,,,,-0.7570572,-0.8039932,-0.03102112,-0.3768234,-0.3083038,-0.5104065,-0.4436188,-0.8214035,-0.5573006,-0.6835022,-0.5131454,-0.6442337,-0.4602623,-0.7844315,-0.3889847,-0.8919144,-5.167557,-3.134651,-0.4313431,-0.9423676,-1.562271,-0.8134003,-0.9650421,-0.8308487,-0.8585739,-0.873291
8.2,1.0,-93.0,2.0,-37.0,0.0,-171.0,0.0,-1241.0,0.0,-2357.0,-2.0,-195.0,-2.0,-912.0,,,,,,,,,,,,,,,,,,,,,,,,,,
8.208333015441895,,,,,,,,,,,,,,,-0.7677994,-0.8078995,-0.02809143,-0.3533859,-0.3073273,-0.5045471,-0.4426422,-0.8165207,-0.5426521,-0.6913147,-0.5160751,-0.6520462,-0.4602623,-0.7971268,-0.3938675,-0.8938675,-5.165604,-3.148323,-0.4332962,-0.9521332,-1.569107,-0.8143768,-0.963089,-0.8386612,-0.8556442,-0.8713379
8.216667175292969,,,,,,,,,,,,,,,-0.7804947,-0.8118057,-0.02320862,-0.330925,-0.310257,-0.4986877,-0.4455719,-0.8155441,-0.5299568,-0.7001038,-0.5229111,-0.6627884,-0.4592857,-0.8029861,-0.3987503,-0.8938675,-5.162674,-3.165901,-0.4362259,-0.957016,-1.573013,-0.81633,-0.9523468,-0.8464737,-0.8527145,-0.864502
8.225000381469727,,,,,,,,,,,,,,,-0.7902603,-0.8166885,-0.02027893,-0.3133469,-0.3170929,-0.4957581,-0.4494781,-0.8174973,-0.5192146,-0.7088928,-0.5336533,-0.6754837,-0.4612389,-0.8049393,-0.4026566,-0.8899612,-5.159744,-3.183479,-0.4401321,-0.9589691,-1.580826,-0.8182831,-0.9376984,-0.8523331,-0.8468552,-0.8557129
8.233332633972168,,,,,,,,,,,,,,,-0.7970963,-0.8166885,-0.01539612,-0.3045578,-0.3249054,-0.4957581,-0.4553375,-0.8214035,-0.509449,-0.7176819,-0.5424423,-0.688179,-0.4622154,-0.8020096,-0.4055862,-0.8792191,-5.152908,-3.199104,-0.445015,-0.9550629,-1.582779,-0.8202362,-0.9240265,-0.8601456,-0.8429489,-0.8479004
8.233333333333333,1.0,-93.0,2.0,-35.0,-1.0,-172.0,0.0,-1248.0,0.0,-2362.0,-2.0,-195.0,-2.0,-915.0,,,,,,,,,,,,,,,,,,,,,,,,,,
8.241666793823242,,,,,,,,,,,,,,,-0.7990494,-0.8127823,-0.01344299,-0.3026047,-0.3336945,-0.4977112,-0.4592438,-0.8272629,-0.5055428,-0.7225647,-0.5473251,-0.7008743,-0.4641685,-0.7941971,-0.4104691,-0.8665237,-5.149979,-3.20594,-0.4518509,-0.9482269,-1.587662,-0.8212128,-0.9123077,-0.8728409,-0.836113,-0.8361816
8.25,,,,,,,,,,,,,,,-0.8000259,-0.8059464,-0.01051331,-0.3084641,-0.3424835,-0.5065002,-0.4641266,-0.8340988,-0.5055428,-0.7206116,-0.5502548,-0.7125931,-0.4690514,-0.7834549,-0.4153519,-0.854805,-5.148026,-3.206917,-0.4596634,-0.9384613,-1.591568,-0.8241425,-0.9044952,-0.8865128,-0.8322067,-0.826416
8.258333206176758,,,,,,,,,,,,,,,-0.8010025,-0.7971573,-0.007583618,-0.3211594,-0.350296,-0.5211487,-0.4660797,-0.8370285,-0.509449,-0.7118225,-0.5463486,-0.719429,-0.471981,-0.7736893,-0.4202347,-0.8440628,-5.150955,-3.203011,-0.4664993,-0.9267426,-1.594498,-0.8280487,-0.9035187,-0.9001846,-0.8302536,-0.8234863
8.266666666666667,1.0,-90.0,2.0,-33.0,-1.0,-173.0,0.0,-1254.0,0.0,-2367.0,-2.0,-194.0,-2.0,-916.0,,,,,,,,,,,,,,,,,,,,,,,,,,
8.266667366027832,,,,,,,,,,,,,,,-0.8000259,-0.7873917,-0.006607056,-0.3348312,-0.3561554,-0.5387268,-0.4660797,-0.8380051,-0.5162849,-0.6971741,-0.5395126,-0.7233353,-0.4729576,-0.7629471,-0.4241409,-0.8372269,-5.156815,-3.194221,-0.4733353,-0.9179535,-1.59938,-0.831955,-0.9093781,-0.9128799,-0.8273239,-0.8273926
8.274999618530273,,,,,,,,,,,,,,,-0.7990494,-0.7805557,-0.005630493,-0.34655,-0.3629913,-0.5563049,-0.4641266,-0.8350754,-0.5221443,-0.6786194,-0.5336533,-0.7252884,-0.4768639,-0.7551346,-0.4270706,-0.8352737,-5.167557,-3.188362,-0.4782181,-0.9111176,-1.604263,-0.8378143,-0.9191437,-0.921669,-0.8263474,-0.8400879
8.283332824707031,,,,,,,,,,,,,,,-0.7990494,-0.7786026,-0.006607056,-0.3524094,-0.3668976,-0.5729065,-0.4602203,-0.8311691,-0.5299568,-0.6600647,-0.5277939,-0.7243118,-0.4778404,-0.7512283,-0.4260941,-0.8362503,-5.179276,-3.185432,-0.4811478,-0.9111176,-1.610123,-0.8436737,-0.9328156,-0.9265518,-0.8253708,-0.8557129
8.291666984558105,,,,,,,,,,,,,,,-0.8010025,-0.7805557,-0.006607056,-0.3524094,-0.372757,-0.5875549,-0.4553375,-0.8262863,-0.5367928,-0.6454163,-0.5238876,-0.7233353,-0.4778404,-0.7531815,-0.4212112,-0.8401566,-5.194901,-3.187386,-0.4870071,-0.9208832,-1.613052,-0.8485565,-0.9464874,-0.9275284,-0.8234177,-0.8762207
8.3,1.0,-90.0,1.0,-33.0,0.0,-177.0,-1.0,-1258.0,0.0,-2375.0,-1.0,-194.0,-2.0,-918.0,,,,,,,,,,,,,,,,,,,,,,,,,,
8.300000190734863,,,,,,,,,,,,,,,-0.8000259,-0.7873917,-0.009536743,-0.3514328,-0.3776398,-0.5953674,-0.4533844,-0.8243332,-0.5446053,-0.6336975,-0.5258408,-0.7204056,-0.4797935,-0.7580643,-0.4133987,-0.8499222,-5.208572,-3.198128,-0.4967728,-0.9335785,-1.616959,-0.8524628,-0.9601593,-0.9255753,-0.820488,-0.8967285
8.308333396911621,,,,,,,,,,,,,,,-0.7980728,-0.7981339,-0.009536743,-0.3455734,-0.3805695,-0.596344,-0.4524078,-0.8233566,-0.5524178,-0.6297913,-0.5317001,-0.7184525,-0.4778404,-0.7629471,-0.40168,-0.8635941,-5.221268,-3.212776,-0.5065384,-0.9492035,-1.616959,-0.8583221,-0.9699249,-0.9236221,-0.8156052,-0.9143066
8.316666603088379,,,,,,,,,,,,,,,-0.7970963,-0.8078995,-0.01148987,-0.3406906,-0.3854523,-0.5934143,-0.4494781,-0.8223801,-0.5612068,-0.6327209,-0.5385361,-0.7164993,-0.478817,-0.7707596,-0.3909378,-0.8772659,-5.227127,-3.229378,-0.5172806,-0.9667816,-1.618912,-0.863205,-0.9748077,-0.9187393,-0.8116989,-0.9279785
8.324999809265137,,,,,,,,,,,,,,,-0.7922134,-0.8166885,-0.01148987,-0.3387375,-0.3913116,-0.5865784,-0.4533844,-0.8214035,-0.5660896,-0.6424866,-0.5463486,-0.7164993,-0.478817,-0.7785721,-0.3801956,-0.8889847,-5.226151,-3.246956,-0.5299759,-0.9843597,-1.617935,-0.8661346,-0.9757843,-0.9119034,-0.8058395,-0.9348145
8.333333015441895,,,,,,,,,,,,,,,-0.7873306,-0.8235245,-0.01148987,-0.3397141,-0.3922882,-0.5777893,-0.4563141,-0.8194504,-0.5709724,-0.6551819,-0.5512314,-0.719429,-0.4797935,-0.7844315,-0.3723831,-0.8997269,-5.222244,-3.264534,-0.5397415,-0.9990082,-1.616959,-0.8700409,-0.9748077,-0.9079971,-0.8019333,-0.9377441
8.333333333333334,0.0,-91.0,1.0,-34.0,0.0,-183.0,0.0,-1264.0,0.0,-2383.0,-1.0,-195.0,-2.0,-921.0,,,,,,,,,,,,,,,,,,,,,,,,,,
8.341667175292969,,,,,,,,,,,,,,,-0.7804947,-0.8264542,-0.01051331,-0.3445969,-0.3913116,-0.5719299,-0.4611969,-0.8165207,-0.5739021,-0.6669006,-0.5551376,-0.7272415,-0.478817,-0.7863846,-0.3655472,-0.9085159,-5.212479,-3.278206,-0.5465775,-1.010727,-1.617935,-0.8700409,-0.9679718,-0.9011612,-0.7990036,-0.9396973
8.350000381469727,,,,,,,,,,,,,,,-0.7736588,-0.8284073,-0.01051331,-0.3543625,-0.3913116,-0.5699768,-0.4670563,-0.8126144,-0.5739021,-0.6766663,-0.5561142,-0.7389603,-0.4807701,-0.7873611,-0.3616409,-0.9133987,-5.199783,-3.287971,-0.5504837,-1.018539,-1.619888,-0.8700409,-0.9591827,-0.890419,-0.7990036,-0.9436035
8.358332633972168,,,,,,,,,,,,,,,-0.7677994,-0.8264542,-0.01051331,-0.3651047,-0.3854523,-0.5709534,-0.4738922,-0.8087082,-0.5680428,-0.6835022,-0.5561142,-0.7526321,-0.4778404,-0.785408,-0.3587112,-0.9133987,-5.185135,-3.293831,-0.547554,-1.022446,-1.622818,-0.8700409,-0.9513702,-0.8806534,-0.798027,-0.9523926
8.366666666666667,0.0,-94.0,2.0,-34.0,0.0,-186.0,0.0,-1267.0,0.0,-2389.0,-1.0,-196.0,-1.0,-925.0,,,,,,,,,,,,,,,,,,,,,,,,,,
8.366666793823242,,,,,,,,,,,,,,,-0.76194,-0.8225479,-0.01441956,-0.3729172,-0.3786163,-0.5709534,-0.478775,-0.8077316,-0.5612068,-0.688385,-0.5531845,-0.7682571,-0.4778404,-0.7834549,-0.3596878,-0.9094925,-5.174393,-3.295784,-0.5358353,-1.025375,-1.628677,-0.8661346,-0.9435577,-0.8679581,-0.7990036,-0.9611816
8.375,,,,,,,,,,,,,,,-0.7580338,-0.8186417,-0.02027893,-0.3778,-0.3708038,-0.5729065,-0.485611,-0.8087082,-0.5514412,-0.6893616,-0.5531845,-0.7829056,-0.4778404,-0.7824783,-0.3587112,-0.8997269,-5.16658,-3.296761,-0.5241165,-1.028305,-1.634537,-0.8583221,-0.9376984,-0.8562393,-0.7999802,-0.973877
8.383333206176758,,,,,,,,,,,,,,,-0.7560806,-0.8176651,-0.02516174,-0.3797531,-0.3639679,-0.5729065,-0.4904938,-0.8126144,-0.5387459,-0.6903381,-0.5531845,-0.7926712,-0.4749107,-0.7815018,-0.3596878,-0.886055,-5.161697,-3.294807,-0.5104446,-1.030258,-1.643326,-0.8495331,-0.9328156,-0.8503799,-0.7990036,-0.9855957
8.391667366027832,,,,,,,,,,,,,,,-0.7580338,-0.8166885,-0.03590393,-0.3787766,-0.3590851,-0.5680237,-0.4963531,-0.8184738,-0.5299568,-0.6942444,-0.5541611,-0.797554,-0.471981,-0.7795486,-0.3596878,-0.87043,-5.158768,-3.289925,-0.4928665,-1.030258,-1.650162,-0.8378143,-0.9328156,-0.8503799,-0.7960739,-0.9943848
8.399999618530273,,,,,,,,,,,,,,,-0.76194,-0.8166885,-0.04371643,-0.3738937,-0.3561554,-0.5631409,-0.4992828,-0.8253098,-0.5182381,-0.7020569,-0.5570908,-0.797554,-0.4729576,-0.7785721,-0.3635941,-0.8557816,-5.159744,-3.286018,-0.476265,-1.029282,-1.656021,-0.8241425,-0.9328156,-0.8572159,-0.7931442,-0.9963379
8.4,0.0,-93.0,3.0,-34.0,0.0,-187.0,0.0,-1265.0,0.0,-2402.0,-1.0,-195.0,-1.0,-930.0,,,,,,,,,,,,,,,,,,,,,,,,,,
8.408332824707031,,,,,,,,,,,,,,,-0.7677994,-0.8196182,-0.05152893,-0.3680344,-0.3551788,-0.5572815,-0.5022125,-0.8311691,-0.5114021,-0.7137756,-0.5600204,-0.7907181,-0.4729576,-0.7775955,-0.3655472,-0.83918,-5.155838,-3.280159,-0.4635696,-1.025375,-1.658951,-0.8104706,-0.9386749,-0.8718643,-0.7921677,-0.9943848
8.416666984558105,,,,,,,,,,,,,,,-0.7765884,-0.8254776,-0.05934143,-0.362175,-0.3561554,-0.549469,-0.5022125,-0.8350754,-0.5055428,-0.7313538,-0.5639267,-0.781929,-0.4729576,-0.7775955,-0.3694534,-0.8245316,-5.155838,-3.2743,-0.4557571,-1.019516,-1.658951,-0.7977753,-0.9435577,-0.8933487,-0.7931442,-0.9904785
8.425000190734863,,,,,,,,,,,,,,,-0.7853775,-0.8352432,-0.06715393,-0.3572922,-0.357132,-0.5397034,-0.5031891,-0.8360519,-0.5016365,-0.7460022,-0.5678329,-0.7711868,-0.4768639,-0.776619,-0.37043,-0.8157425,-5.149979,-3.270393,-0.4567337,-1.00975,-1.655045,-0.7880096,-0.9513702,-0.9148331,-0.7990036,-0.9846191
8.433333333333334,0.0,-91.0,3.0,-33.0,0.0,-187.0,0.0,-1259.0,0.0,-2416.0,-1.0,-192.0,-1.0,-935.0,,,,,,,,,,,,,,,,,,,,,,,,,,
8.433333396911621,,,,,,,,,,,,,,,-0.7912369,-0.8440323,-0.07008362,-0.3543625,-0.3561554,-0.5299377,-0.5002594,-0.8340988,-0.4996834,-0.7596741,-0.5697861,-0.7614212,-0.478817,-0.7736893,-0.3694534,-0.8098831,-5.148026,-3.270393,-0.4586868,-0.9951019,-1.646255,-0.78508,-0.9591827,-0.9363174,-0.8087692,-0.9807129
8.441666603088379,,,,,,,,,,,,,,,-0.7951431,-0.8537979,-0.07398987,-0.3524094,-0.3522491,-0.5211487,-0.4953766,-0.8311691,-0.4977303,-0.7704163,-0.5678329,-0.7536087,-0.4836998,-0.7756424,-0.3675003,-0.8128128,-5.147049,-3.272346,-0.4635696,-0.9804535,-1.634537,-0.7860565,-0.9669952,-0.9490128,-0.8224411,-0.9807129
8.449999809265137,,,,,,,,,,,,,,,-0.7970963,-0.8616104,-0.07496643,-0.3533859,-0.3424835,-0.5123596,-0.4934235,-0.8272629,-0.4967537,-0.7743225,-0.5649033,-0.7467728,-0.487606,-0.7785721,-0.3606644,-0.8186722,-5.148026,-3.278206,-0.4772415,-0.9638519,-1.626724,-0.793869,-0.9738312,-0.9548721,-0.8380661,-0.9807129
8.458333015441895,,,,,,,,,,,,,,,-0.7970963,-0.8664932,-0.07398987,-0.3563156,-0.3297882,-0.5045471,-0.4895172,-0.8243332,-0.4967537,-0.7743225,-0.5590439,-0.7399368,-0.4924889,-0.7834549,-0.3567581,-0.8245316,-5.150955,-3.288948,-0.4860306,-0.9482269,-1.615982,-0.8036346,-0.9757843,-0.9548721,-0.8566208,-0.9797363
8.466666666666667,0.0,-89.0,3.0,-34.0,0.0,-187.0,0.0,-1258.0,0.0,-2431.0,-1.0,-190.0,-2.0,-935.0,,,,,,,,,,,,,,,,,,,,,,,,,,
8.466667175292969,,,,,,,,,,,,,,,-0.7922134,-0.8664932,-0.07106018,-0.362175,-0.3180695,-0.4996643,-0.4875641,-0.8223801,-0.4967537,-0.7723694,-0.5512314,-0.7340775,-0.4954185,-0.792244,-0.3518753,-0.8313675,-5.155838,-3.303596,-0.4987259,-0.9355316,-1.612076,-0.8153534,-0.9767609,-0.9460831,-0.8693161,-0.9768066
8.475000381469727,,,,,,,,,,,,,,,-0.7902603,-0.8635635,-0.06715393,-0.3690109,-0.3092804,-0.4996643,-0.4875641,-0.8214035,-0.4996834,-0.7694397,-0.5434189,-0.7272415,-0.4983482,-0.801033,-0.3489456,-0.8411331,-5.163651,-3.313362,-0.507515,-0.9238129,-1.612076,-0.8290253,-0.9767609,-0.9343643,-0.8810349,-0.9680176
8.483332633972168,,,,,,,,,,,,,,,-0.7863541,-0.8567276,-0.06324768,-0.3768234,-0.3004913,-0.5055237,-0.4865875,-0.8223801,-0.5016365,-0.7713928,-0.5375595,-0.719429,-0.4973717,-0.8088455,-0.3499222,-0.8479691,-5.173416,-3.321175,-0.5133743,-0.9140472,-1.615005,-0.8387909,-0.9796906,-0.9236221,-0.8898239,-0.9533691
8.491666793823242,,,,,,,,,,,,,,,-0.7834244,-0.846962,-0.05934143,-0.3875656,-0.2995148,-0.5133362,-0.4885406,-0.8233566,-0.5065193,-0.7801819,-0.5317001,-0.7135696,-0.4954185,-0.8117752,-0.354805,-0.854805,-5.186111,-3.325081,-0.5153275,-0.9081879,-1.621841,-0.8485565,-0.9845734,-0.9138565,-0.8966599,-0.9338379
8.5,0.0,-87.0,2.0,-35.0,-1.0,-186.0,0.0,-1263.0,0.0,-2441.0,-2.0,-195.0,-3.0,-936.0,-0.7795181,-0.8381729,-0.05543518,-0.3973312,-0.3053741,-0.5240784,-0.4904938,-0.8214035,-0.5123787,-0.7958069,-0.5317001,-0.71064,-0.4915123,-0.8137283,-0.3596878,-0.8626175,-5.196854,-3.323128,-0.5182571,-0.9042816,-1.626724,-0.8583221,-0.9923859,-0.9079971,-0.8995895,-0.9104004
8.508333206176758,,,,,,,,,,,,,,,-0.7765884,-0.8303604,-0.05250549,-0.4070969,-0.3161163,-0.5328674,-0.4914703,-0.8214035,-0.5201912,-0.8163147,-0.5336533,-0.7096634,-0.4866295,-0.8117752,-0.3694534,-0.8684769,-5.211502,-3.315315,-0.5182571,-0.8984222,-1.634537,-0.8729706,-1.005081,-0.9089737,-0.8995895,-0.8879395
8.516667366027832,,,,,,,,,,,,,,,-0.7756119,-0.8264542,-0.05152893,-0.4149094,-0.3307648,-0.5377502,-0.4904938,-0.8233566,-0.525074,-0.8387756,-0.5375595,-0.7155228,-0.4807701,-0.807869,-0.3772659,-0.8743362,-5.225174,-3.304573,-0.5123978,-0.8935394,-1.63649,-0.8866425,-1.015823,-0.9119034,-0.898613,-0.8684082
8.524999618530273,,,,,,,,,,,,,,,-0.7717056,-0.8225479,-0.04859924,-0.4207687,-0.3434601,-0.5387268,-0.4904938,-0.8243332,-0.5280037,-0.8563538,-0.5434189,-0.726265,-0.4768639,-0.8059158,-0.386055,-0.8811722,-5.240799,-3.291878,-0.507515,-0.8886566,-1.635513,-0.9012909,-1.026566,-0.9158096,-0.8956833,-0.8527832
8.533332824707031,,,,,,,,,,,,,,,-0.7677994,-0.8205948,-0.04566956,-0.4236984,-0.357132,-0.5328674,-0.4895172,-0.8253098,-0.5319099,-0.8661194,-0.5512314,-0.7399368,-0.471981,-0.8068924,-0.3909378,-0.8870316,-5.251541,-3.280159,-0.5045853,-0.8857269,-1.632584,-0.9130096,-1.034378,-0.9197159,-0.8937302,-0.8410645
8.533333333333333,0.0,-87.0,3.0,-35.0,-1.0,-183.0,0.0,-1270.0,0.0,-2449.0,-2.0,-201.0,-3.0,-936.0,,,,,,,,,,,,,,,,,,,,,,,,,,
8.541666984558105,,,,,,,,,,,,,,,-0.7648697,-0.8205948,-0.04371643,-0.424675,-0.3668976,-0.5221252,-0.4885406,-0.8321457,-0.5319099,-0.8670959,-0.5570908,-0.7565384,-0.4700279,-0.8088455,-0.3928909,-0.8889847,-5.262283,-3.272346,-0.4977493,-0.8867035,-1.626724,-0.9247284,-1.037308,-0.9226456,-0.8888474,-0.8312988
8.550000190734863,,,,,,,,,,,,,,,-0.7599869,-0.8196182,-0.03883362,-0.424675,-0.3747101,-0.5065002,-0.4875641,-0.8370285,-0.5299568,-0.8544006,-0.5619736,-0.7741165,-0.4700279,-0.8156815,-0.3919144,-0.8889847,-5.271072,-3.267464,-0.4957962,-0.8896332,-1.619888,-0.9296112,-1.034378,-0.9236221,-0.8868942,-0.8234863
8.558333396911621,,,,,,,,,,,,,,,-0.7570572,-0.8186417,-0.03492737,-0.424675,-0.3795929,-0.4898987,-0.4865875,-0.844841,-0.5289803,-0.8319397,-0.5649033,-0.788765,-0.471981,-0.8244705,-0.3870316,-0.8870316,-5.277908,-3.265511,-0.49189,-0.8984222,-1.615005,-0.9276581,-1.028519,-0.9226456,-0.8820114,-0.8186035
8.566666603088379,,,,,,,,,,,,,,,-0.7541275,-0.8215714,-0.03199768,-0.4266281,-0.3834991,-0.4781799,-0.4846344,-0.8526535,-0.5240974,-0.8026428,-0.5668564,-0.8004837,-0.4749107,-0.8352127,-0.3801956,-0.8850784,-5.282791,-3.267464,-0.4879837,-0.9111176,-1.60817,-0.9227753,-1.021683,-0.921669,-0.8820114,-0.8127441
8.566666666666666,0.0,-93.0,3.0,-35.0,-2.0,-181.0,0.0,-1277.0,0.0,-2459.0,-2.0,-206.0,-3.0,-940.0,,,,,,,,,,,,,,,,,,,,,,,,,,
8.574999809265137,,,,,,,,,,,,,,,-0.7551041,-0.824501,-0.02711487,-0.4315109,-0.3834991,-0.4684143,-0.4836578,-0.8585129,-0.5231209,-0.7723694,-0.5678329,-0.8073196,-0.4778404,-0.8440018,-0.3694534,-0.8831253,-5.287674,-3.273323,-0.4899368,-0.9277191,-1.60817,-0.9159393,-1.011917,-0.921669,-0.8810349,-0.8068848
8.583333015441895,,,,,,,,,,,,,,,-0.7580338,-0.8293839,-0.02516174,-0.4373703,-0.3825226,-0.4664612,-0.4826813,-0.8653488,-0.5201912,-0.7450256,-0.5707626,-0.8112259,-0.4807701,-0.8488846,-0.3587112,-0.8782425,-5.289627,-3.283089,-0.4879837,-0.9452972,-1.607193,-0.9071503,-1.005081,-0.9197159,-0.8781052,-0.8039551
8.591667175292969,,,,,,,,,,,,,,,-0.7629166,-0.8342667,-0.02418518,-0.4442062,-0.3825226,-0.471344,-0.4826813,-0.8712082,-0.5201912,-0.7225647,-0.5717392,-0.8092728,-0.4827232,-0.8508377,-0.3469925,-0.8772659,-5.293533,-3.293831,-0.4928665,-0.9638519,-1.610123,-0.8964081,-1.000198,-0.9187393,-0.8712692,-0.802002
8.6,0.0,-100.0,3.0,-36.0,-2.0,-183.0,0.0,-1283.0,0.0,-2467.0,-2.0,-211.0,-3.0,-946.0,,,,,,,,,,,,,,,,,,,,,,,,,,
8.600000381469727,,,,,,,,,,,,,,,-0.7726822,-0.8352432,-0.02418518,-0.4520187,-0.3805695,-0.4820862,-0.4846344,-0.8751144,-0.5182381,-0.7098694,-0.5736923,-0.8014603,-0.4827232,-0.8527908,-0.33918,-0.8762894,-5.300369,-3.303596,-0.4967728,-0.9785004,-1.614029,-0.8885956,-0.994339,-0.9177628,-0.8615036,-0.802002
8.608332633972168,,,,,,,,,,,,,,,-0.7824478,-0.8323135,-0.02516174,-0.4598312,-0.3776398,-0.4957581,-0.4846344,-0.8770676,-0.5153084,-0.7069397,-0.5756454,-0.7897415,-0.4807701,-0.8498611,-0.3352737,-0.8733597,-5.307205,-3.313362,-0.500679,-0.9902191,-1.616959,-0.8837128,-0.9923859,-0.9148331,-0.8527145,-0.8059082
8.616666793823242,,,,,,,,,,,,,,,-0.7912369,-0.8235245,-0.02711487,-0.4627609,-0.3717804,-0.5123596,-0.4885406,-0.8751144,-0.509449,-0.7118225,-0.5795517,-0.7780228,-0.4749107,-0.8459549,-0.3333206,-0.8723831,-5.315018,-3.322151,-0.507515,-1.001938,-1.622818,-0.87883,-0.994339,-0.9109268,-0.836113,-0.810791
8.625,,,,,,,,,,,,,,,-0.7980728,-0.8118057,-0.03004456,-0.4627609,-0.3649445,-0.5270081,-0.4934235,-0.8721848,-0.5065193,-0.7254944,-0.5834579,-0.7633743,-0.471981,-0.8420486,-0.3372269,-0.8723831,-5.32283,-3.329964,-0.5153275,-1.008774,-1.628677,-0.8759003,-0.9972687,-0.906044,-0.8214645,-0.8166504
8.633333206176758,,,,,,,,,,,,,,,-0.8049088,-0.800087,-0.03590393,-0.4608078,-0.357132,-0.5406799,-0.4973297,-0.8682785,-0.5035896,-0.7479553,-0.5854111,-0.750679,-0.4661217,-0.8371658,-0.3430862,-0.8714066,-5.32869,-3.334846,-0.5172806,-1.01268,-1.63356,-0.8759003,-1.001175,-0.9001846,-0.8087692,-0.8254395
8.633333333333333,0.0,-106.0,2.0,-36.0,-2.0,-186.0,0.0,-1287.0,0.0,-2476.0,-1.0,-217.0,-3.0,-954.0,,,,,,,,,,,,,,,,,,,,,,,,,,
8.641667366027832,,,,,,,,,,,,,,,-0.8078384,-0.7893448,-0.04176331,-0.455925,-0.350296,-0.5514221,-0.501236,-0.8663254,-0.5016365,-0.7733459,-0.5863876,-0.74189,-0.4612389,-0.8313065,-0.3528519,-0.8714066,-5.329666,-3.334846,-0.5192337,-1.01268,-1.63649,-0.8749237,-1.004105,-0.8962784,-0.7999802,-0.8352051
8.649999618530273,,,,,,,,,,,,,,,-0.8068619,-0.7825089,-0.04957581,-0.4510422,-0.341507,-0.5582581,-0.5031891,-0.8643723,-0.5026131,-0.7948303,-0.5863876,-0.7360306,-0.4592857,-0.8244705,-0.3645706,-0.8723831,-5.330643,-3.328011,-0.516304,-1.010727,-1.641373,-0.8749237,-1.008987,-0.8923721,-0.7941208,-0.8469238
8.658332824707031,,,,,,,,,,,,,,,-0.8029556,-0.7834854,-0.05445862,-0.4481125,-0.334671,-0.5631409,-0.5041656,-0.8633957,-0.5084724,-0.8143616,-0.5854111,-0.7340775,-0.4583092,-0.816658,-0.3772659,-0.8723831,-5.32576,-3.317268,-0.507515,-1.007797,-1.645279,-0.8759003,-1.010941,-0.8913956,-0.7970505,-0.8547363
8.666666666666666,0.0,-109.0,2.0,-35.0,-1.0,-189.0,0.0,-1293.0,0.0,-2488.0,-1.0,-223.0,-3.0,-959.0,,,,,,,,,,,,,,,,,,,,,,,,,,
8.666666984558105,,,,,,,,,,,,,,,-0.8000259,-0.7903214,-0.06227112,-0.4471359,-0.3288116,-0.5680237,-0.5041656,-0.8633957,-0.5172615,-0.8270569,-0.5824814,-0.735054,-0.4592857,-0.807869,-0.3870316,-0.8694534,-5.321854,-3.303596,-0.4977493,-1.002914,-1.648209,-0.87883,-1.012894,-0.8923721,-0.7990036,-0.8625488
8.675000190734863,,,,,,,,,,,,,,,-0.79319,-0.8020401,-0.06520081,-0.4471359,-0.3268585,-0.5729065,-0.5031891,-0.8643723,-0.5299568,-0.8299866,-0.5785751,-0.7370071,-0.463192,-0.801033,-0.3938675,-0.8655472,-5.315994,-3.287971,-0.4889603,-0.9970551,-1.653091,-0.8768768,-1.010941,-0.8953018,-0.8058395,-0.8684082
8.683333396911621,,,,,,,,,,,,,,,-0.7883072,-0.8147354,-0.06715393,-0.4520187,-0.325882,-0.5768127,-0.501236,-0.8663254,-0.5426521,-0.8241272,-0.5756454,-0.7389603,-0.4670982,-0.7951736,-0.4007034,-0.8606644,-5.313065,-3.2743,-0.476265,-0.9931488,-1.656021,-0.8710175,-1.012894,-0.8992081,-0.8146286,-0.8693848
8.691666603088379,,,,,,,,,,,,,,,-0.7824478,-0.8284073,-0.06617737,-0.4608078,-0.3288116,-0.580719,-0.4992828,-0.8692551,-0.5533943,-0.813385,-0.5746689,-0.7399368,-0.4710045,-0.7902908,-0.4036331,-0.854805,-5.313065,-3.264534,-0.4625931,-0.9931488,-1.657974,-0.863205,-1.012894,-0.9040909,-0.8243942,-0.8664551
8.699999809265137,,,,,,,,,,,,,,,-0.7785416,-0.8381729,-0.06031799,-0.4686203,-0.3317413,-0.5865784,-0.4953766,-0.8721848,-0.5651131,-0.7997131,-0.5736923,-0.74189,-0.4749107,-0.7893143,-0.4065628,-0.8460159,-5.314041,-3.260628,-0.4557571,-0.9941254,-1.660904,-0.8514862,-1.0168,-0.9070206,-0.8302536,-0.8605957
8.7,0.0,-110.0,1.0,-37.0,-1.0,-191.0,0.0,-1299.0,0.0,-2502.0,0.0,-226.0,-3.0,-960.0,,,,,,,,,,,,,,,,,,,,,,,,,,
8.708333015441895,,,,,,,,,,,,,,,-0.7736588,-0.8411026,-0.05543518,-0.4735031,-0.3366241,-0.5885315,-0.4934235,-0.8712082,-0.5729256,-0.7879944,-0.576622,-0.7448196,-0.4778404,-0.7893143,-0.4065628,-0.8401566,-5.314041,-3.263557,-0.4489212,-1.000961,-1.66188,-0.8397675,-1.025589,-0.9089737,-0.8331833,-0.8518066
8.716667175292969,,,,,,,,,,,,,,,-0.7717056,-0.8391495,-0.04957581,-0.4754562,-0.3434601,-0.5885315,-0.4904938,-0.8673019,-0.5758553,-0.7801819,-0.5795517,-0.7477493,-0.4768639,-0.7932205,-0.4075394,-0.83918,-5.315018,-3.270393,-0.4489212,-1.011703,-1.659927,-0.8309784,-1.035355,-0.9099503,-0.8351364,-0.8459473
8.725000381469727,,,,,,,,,,,,,,,-0.7697525,-0.8303604,-0.04469299,-0.4744797,-0.3512726,-0.5856018,-0.4865875,-0.8633957,-0.5787849,-0.7772522,-0.5834579,-0.7536087,-0.4729576,-0.801033,-0.4075394,-0.83918,-5.315018,-3.280159,-0.4498978,-1.022446,-1.656998,-0.825119,-1.04805,-0.9099503,-0.8312302,-0.8410645
8.733332633972168,,,,,,,,,,,,,,,-0.7687759,-0.8205948,-0.04273987,-0.4676437,-0.3590851,-0.5816956,-0.4836578,-0.8565598,-0.5768318,-0.7762756,-0.5883408,-0.7614212,-0.4710045,-0.807869,-0.4114456,-0.8401566,-5.311111,-3.290901,-0.4528275,-1.034164,-1.653091,-0.8221893,-1.060745,-0.9099503,-0.8263474,-0.8430176
8.733333333333333,0.0,-111.0,2.0,-41.0,-1.0,-192.0,-1.0,-1304.0,0.0,-2517.0,0.0,-223.0,-3.0,-964.0,,,,,,,,,,,,,,,,,,,,,,,,,,
8.741666793823242,,,,,,,,,,,,,,,-0.7668228,-0.8108292,-0.04371643,-0.455925,-0.3649445,-0.5787659,-0.4807281,-0.8438644,-0.5748787,-0.7762756,-0.5902939,-0.7702103,-0.4651451,-0.8127518,-0.4133987,-0.8440628,-5.310135,-3.301643,-0.46064,-1.045883,-1.651138,-0.8260956,-1.070511,-0.9128799,-0.8146286,-0.848877
8.75,,,,,,,,,,,,,,,-0.7638931,-0.8030167,-0.04566956,-0.4403,-0.3698273,-0.5777893,-0.4777985,-0.8253098,-0.5758553,-0.7772522,-0.5902939,-0.7780228,-0.463192,-0.8156815,-0.4133987,-0.8460159,-5.310135,-3.307503,-0.4713821,-1.054672,-1.652115,-0.8348846,-1.075394,-0.9158096,-0.8029099,-0.8596191
8.758333206176758,,,,,,,,,,,,,,,-0.7609634,-0.7991104,-0.04859924,-0.4227219,-0.372757,-0.580719,-0.4748688,-0.8067551,-0.5748787,-0.7772522,-0.5873642,-0.7789993,-0.4612389,-0.8147049,-0.4153519,-0.8479691,-5.312088,-3.311409,-0.4831009,-1.059555,-1.653091,-0.8466034,-1.072464,-0.9177628,-0.7941208,-0.873291
8.766666666666667,0.0,-111.0,2.0,-43.0,-2.0,-192.0,-1.0,-1310.0,0.0,-2529.0,0.0,-219.0,-3.0,-971.0,,,,,,,,,,,,,,,,,,,,,,,,,,
8.766667366027832,,,,,,,,,,,,,,,-0.7590103,-0.8010635,-0.04859924,-0.4041672,-0.3756866,-0.5875549,-0.4729156,-0.7862473,-0.5758553,-0.7762756,-0.5815048,-0.7760696,-0.4641685,-0.8107986,-0.4153519,-0.8489456,-5.316971,-3.315315,-0.4957962,-1.061508,-1.657974,-0.863205,-1.063675,-0.9158096,-0.7843552,-0.8869629
8.774999618530273,,,,,,,,,,,,,,,-0.7580338,-0.8098526,-0.04762268,-0.3885422,-0.3747101,-0.5973206,-0.4660797,-0.7686691,-0.5768318,-0.7723694,-0.5756454,-0.7672806,-0.4700279,-0.8029861,-0.4143753,-0.8479691,-5.332596,-3.319221,-0.5065384,-1.061508,-1.665787,-0.8778534,-1.050003,-0.9128799,-0.7794724,-0.8996582
8.783332824707031,,,,,,,,,,,,,,,-0.7599869,-0.8215714,-0.04078674,-0.3778,-0.3737335,-0.6090393,-0.4611969,-0.7549973,-0.5787849,-0.7704163,-0.5678329,-0.7565384,-0.4778404,-0.7912674,-0.4133987,-0.8460159,-5.346268,-3.325081,-0.5153275,-1.058578,-1.673599,-0.8915253,-1.034378,-0.9079971,-0.7814255,-0.9055176
8.791666984558105,,,,,,,,,,,,,,,-0.7668228,-0.8342667,-0.03297424,-0.3709641,-0.3708038,-0.6197815,-0.4572906,-0.7501144,-0.5787849,-0.7674866,-0.5619736,-0.7457962,-0.487606,-0.7805252,-0.4094925,-0.8430862,-5.366776,-3.334846,-0.52314,-1.054672,-1.683365,-0.903244,-1.018753,-0.9040909,-0.7872849,-0.9064941
8.8,0.0,-110.0,2.0,-42.0,-2.0,-190.0,-1.0,-1313.0,0.0,-2539.0,0.0,-216.0,-3.0,-977.0,,,,,,,,,,,,,,,,,,,,,,,,,,
8.800000190734863,,,,,,,,,,,,,,,-0.7746353,-0.8440323,-0.02320862,-0.3690109,-0.3678741,-0.6295471,-0.4533844,-0.7549973,-0.5807381,-0.7645569,-0.5580673,-0.7379837,-0.4983482,-0.7736893,-0.4065628,-0.8401566,-5.38826,-3.345589,-0.5280228,-1.047836,-1.692154,-0.9110565,-1.007034,-0.9001846,-0.7960739,-0.9006348
8.808333396911621,,,,,,,,,,,,,,,-0.7883072,-0.8518448,-0.01441956,-0.3719406,-0.3639679,-0.6334534,-0.4533844,-0.7696457,-0.5797615,-0.7626038,-0.5551376,-0.7321243,-0.5061607,-0.7688065,-0.4036331,-0.8362503,-5.410721,-3.356331,-0.5250931,-1.041,-1.69899,-0.9139862,-1.000198,-0.8982315,-0.8068161,-0.8908691
8.816666603088379,,,,,,,,,,,,,,,-0.7980728,-0.855751,-0.008560181,-0.3797531,-0.3610382,-0.6334534,-0.4553375,-0.7940598,-0.5797615,-0.7626038,-0.5531845,-0.7301712,-0.5120201,-0.769783,-0.40168,-0.8323441,-5.426346,-3.366096,-0.52314,-1.032211,-1.707779,-0.9130096,-0.9972687,-0.9011612,-0.8185349,-0.8791504
8.824999809265137,,,,,,,,,,,,,,,-0.8068619,-0.855751,-0.005630493,-0.3865891,-0.3561554,-0.6295471,-0.4582672,-0.8214035,-0.5797615,-0.7626038,-0.5522079,-0.7311478,-0.5139732,-0.7746658,-0.3977737,-0.8303909,-5.440018,-3.376839,-0.516304,-1.020493,-1.712662,-0.9042206,-1.000198,-0.9070206,-0.8263474,-0.8615723
8.833333015441895,,,,,,,,,,,,,,,-0.8107681,-0.8518448,-0.007583618,-0.3924484,-0.3522491,-0.6227112,-0.46315,-0.8516769,-0.5807381,-0.7626038,-0.5512314,-0.7311478,-0.510067,-0.7824783,-0.3948441,-0.8352737,-5.452713,-3.382698,-0.5123978,-1.00975,-1.722427,-0.8905487,-1.006058,-0.9158096,-0.8312302,-0.8449707
8.833333333333334,0.0,-112.0,2.0,-41.0,-2.0,-189.0,-1.0,-1317.0,-1.0,-2548.0,0.0,-214.0,-3.0,-980.0,,,,,,,,,,,,,,,,,,,,,,,,,,
8.841667175292969,,,,,,,,,,,,,,,-0.8097916,-0.8450089,-0.01441956,-0.3963547,-0.3493195,-0.6158752,-0.469986,-0.8790207,-0.5787849,-0.7635803,-0.5502548,-0.7291946,-0.5042076,-0.7902908,-0.3919144,-0.8440628,-5.460526,-3.381721,-0.5055618,-0.9951019,-1.72731,-0.8798065,-1.01387,-0.9236221,-0.836113,-0.8283691
8.850000381469727,,,,,,,,,,,,,,,-0.8029556,-0.8391495,-0.02418518,-0.3973312,-0.3444366,-0.6090393,-0.4738922,-0.8995285,-0.5797615,-0.7655334,-0.5512314,-0.726265,-0.4973717,-0.7971268,-0.3909378,-0.8587112,-5.467361,-3.377815,-0.4997025,-0.9804535,-1.731216,-0.8690643,-1.01973,-0.9285049,-0.8370895,-0.8156738
8.858332633972168,,,,,,,,,,,,,,,-0.79319,-0.8323135,-0.03590393,-0.393425,-0.3424835,-0.6031799,-0.4777985,-0.9112473,-0.5768318,-0.7655334,-0.5531845,-0.7213821,-0.4895592,-0.801033,-0.3899612,-0.8772659,-5.469315,-3.370979,-0.4977493,-0.9687347,-1.732193,-0.8622284,-1.025589,-0.9304581,-0.8409958,-0.8059082
8.866666666666667,0.0,-114.0,2.0,-37.0,-2.0,-193.0,-1.0,-1318.0,-1.0,-2561.0,-1.0,-214.0,-3.0,-980.0,,,,,,,,,,,,,,,,,,,,,,,,,,
8.866666793823242,,,,,,,,,,,,,,,-0.7844009,-0.8274307,-0.04762268,-0.3885422,-0.3405304,-0.596344,-0.4768219,-0.9161301,-0.5748787,-0.7626038,-0.5541611,-0.7174759,-0.4836998,-0.801033,-0.3919144,-0.8997269,-5.470291,-3.36219,-0.4938431,-0.9589691,-1.73317,-0.8583221,-1.028519,-0.9294815,-0.8419724,-0.8010254
8.875,,,,,,,,,,,,,,,-0.7765884,-0.824501,-0.05836487,-0.3836594,-0.3395538,-0.5856018,-0.478775,-0.9112473,-0.5729256,-0.7567444,-0.5580673,-0.7145462,-0.4778404,-0.7990799,-0.3958206,-0.9202347,-5.471268,-3.353401,-0.49189,-0.9531097,-1.732193,-0.8602753,-1.034378,-0.9236221,-0.844902,-0.8010254
8.883333206176758,,,,,,,,,,,,,,,-0.7726822,-0.8205948,-0.06422424,-0.3778,-0.341507,-0.5699768,-0.4797516,-0.9014816,-0.5680428,-0.7469788,-0.5629501,-0.7116165,-0.4739342,-0.7961502,-0.4036331,-0.9397659,-5.475174,-3.344612,-0.4909134,-0.9531097,-1.728287,-0.8641815,-1.036331,-0.9128799,-0.8527145,-0.8039551
8.891667366027832,,,,,,,,,,,,,,,-0.7785416,-0.8205948,-0.06617737,-0.3738937,-0.3473663,-0.5514221,-0.4817047,-0.8887863,-0.5670662,-0.7342834,-0.5697861,-0.7116165,-0.471981,-0.7932205,-0.4124222,-0.9524612,-5.475174,-3.338753,-0.4879837,-0.9599457,-1.726334,-0.8671112,-1.036331,-0.9021378,-0.8556442,-0.8088379
8.899999618530273,,,,,,,,,,,,,,,-0.7844009,-0.8235245,-0.06813049,-0.3729172,-0.3512726,-0.5270081,-0.4836578,-0.8770676,-0.5641365,-0.7225647,-0.5756454,-0.7135696,-0.4710045,-0.7873611,-0.4192581,-0.9583206,-5.477127,-3.335823,-0.4840775,-0.9706879,-1.725357,-0.8680878,-1.036331,-0.8894424,-0.8615036,-0.8146973
8.9,0.0,-117.0,3.0,-29.0,-2.0,-199.0,-2.0,-1320.0,-1.0,-2572.0,-1.0,-215.0,-3.0,-983.0,,,,,,,,,,,,,,,,,,,,,,,,,,
8.908332824707031,,,,,,,,,,,,,,,-0.7902603,-0.8284073,-0.06031799,-0.3729172,-0.3600616,-0.502594,-0.4875641,-0.8663254,-0.5651131,-0.7147522,-0.5795517,-0.7135696,-0.4700279,-0.7834549,-0.4260941,-0.9563675,-5.475174,-3.332893,-0.4782181,-0.9863129,-1.72438,-0.8690643,-1.036331,-0.874794,-0.8644333,-0.817627
8.916666984558105,,,,,,,,,,,,,,,-0.7990494,-0.8342667,-0.05152893,-0.3719406,-0.3668976,-0.4772034,-0.4944,-0.8614426,-0.5660896,-0.7118225,-0.5815048,-0.7125931,-0.4690514,-0.7805252,-0.4300003,-0.9495316,-5.475174,-3.334846,-0.476265,-1.003891,-1.72731,-0.8680878,-1.036331,-0.8620987,-0.8693161,-0.817627
8.925000190734863,,,,,,,,,,,,,,,-0.8049088,-0.840126,-0.04176331,-0.3699875,-0.3747101,-0.4596252,-0.4992828,-0.860466,-0.5690193,-0.7157288,-0.5834579,-0.7096634,-0.4670982,-0.7775955,-0.4300003,-0.9358597,-5.476151,-3.332893,-0.4723587,-1.019516,-1.73024,-0.8680878,-1.033401,-0.8513565,-0.8702927,-0.8156738
8.933333333333334,0.0,-121.0,3.0,-25.0,-2.0,-206.0,-2.0,-1323.0,-1.0,-2579.0,-1.0,-213.0,-3.0,-987.0,,,,,,,,,,,,,,,,,,,,,,,,,,
8.933333396911621,,,,,,,,,,,,,,,-0.8107681,-0.8459854,-0.03102112,-0.3660812,-0.381546,-0.4479065,-0.5051422,-0.8624191,-0.5729256,-0.7284241,-0.5834579,-0.7047806,-0.4670982,-0.7746658,-0.4260941,-0.9192581,-5.476151,-3.328987,-0.469429,-1.031235,-1.736099,-0.8710175,-1.032425,-0.8406143,-0.8732224,-0.8127441
8.941666603088379,,,,,,,,,,,,,,,-0.8117447,-0.8528214,-0.02613831,-0.3592453,-0.3854523,-0.4440002,-0.5080719,-0.8682785,-0.5758553,-0.7440491,-0.5815048,-0.7028275,-0.4690514,-0.7746658,-0.4212112,-0.9036331,-5.476151,-3.324104,-0.4752884,-1.036118,-1.743912,-0.8759003,-1.031448,-0.8347549,-0.8722458,-0.8098145
8.949999809265137,,,,,,,,,,,,,,,-0.8127213,-0.8586807,-0.02223206,-0.3514328,-0.3893585,-0.4469299,-0.5119781,-0.8780441,-0.5797615,-0.7616272,-0.5805283,-0.7028275,-0.471981,-0.776619,-0.4143753,-0.8889847,-5.47908,-3.320198,-0.4782181,-1.037094,-1.749771,-0.8837128,-1.029495,-0.8328018,-0.8722458,-0.8088379
8.958333015441895,,,,,,,,,,,,,,,-0.8136978,-0.862587,-0.02125549,-0.3436203,-0.3903351,-0.455719,-0.5119781,-0.8829269,-0.5836678,-0.7782288,-0.5795517,-0.7077103,-0.4797935,-0.7785721,-0.4065628,-0.8772659,-5.48201,-3.313362,-0.4889603,-1.031235,-1.75856,-0.8915253,-1.028519,-0.8376846,-0.8683395,-0.8117676
8.966666666666667,0.0,-124.0,3.0,-25.0,-1.0,-213.0,-1.0,-1321.0,-1.0,-2585.0,-1.0,-213.0,-3.0,-994.0,,,,,,,,,,,,,,,,,,,,,,,,,,
8.966667175292969,,,,,,,,,,,,,,,-0.8146744,-0.8655167,-0.02516174,-0.3416672,-0.3893585,-0.4693909,-0.5119781,-0.8868332,-0.5865974,-0.7879944,-0.5795517,-0.7164993,-0.4856529,-0.7815018,-0.3977737,-0.8694534,-5.486893,-3.307503,-0.4987259,-1.020493,-1.76442,-0.9012909,-1.027542,-0.843544,-0.8654099,-0.8215332
8.975000381469727,,,,,,,,,,,,,,,-0.8156509,-0.8664932,-0.02809143,-0.3426437,-0.3874054,-0.4840393,-0.5090485,-0.8887863,-0.5905037,-0.7938538,-0.5795517,-0.7282181,-0.4934654,-0.7844315,-0.3909378,-0.8655472,-5.493729,-3.30262,-0.5104446,-1.010727,-1.768326,-0.9051971,-1.023636,-0.8513565,-0.8624802,-0.8342285
8.983332633972168,,,,,,,,,,,,,,,-0.8156509,-0.8645401,-0.03492737,-0.3475266,-0.3854523,-0.4957581,-0.5090485,-0.8897629,-0.5924568,-0.7919006,-0.5815048,-0.7438431,-0.4993248,-0.7893143,-0.3811722,-0.8645706,-5.496658,-3.29969,-0.5182571,-1.001938,-1.769302,-0.9051971,-1.017776,-0.8581924,-0.8634567,-0.8498535
8.991666793823242,,,,,,,,,,,,,,,-0.8146744,-0.8596573,-0.03883362,-0.3592453,-0.381546,-0.5045471,-0.5090485,-0.8878098,-0.5963631,-0.7831116,-0.5815048,-0.7594681,-0.5061607,-0.7902908,-0.3733597,-0.8655472,-5.496658,-3.29969,-0.5202103,-0.9960785,-1.770279,-0.9012909,-1.011917,-0.8620987,-0.8654099,-0.8664551
9.0,0.0,-123.0,3.0,-28.0,-1.0,-214.0,-1.0,-1320.0,-1.0,-2593.0,0.0,-215.0,-3.0,-1002.0,-0.8127213,-0.8508682,-0.04176331,-0.3719406,-0.3776398,-0.5104065,-0.5139313,-0.8829269,-0.6002693,-0.7743225,-0.5815048,-0.7711868,-0.5081139,-0.785408,-0.3684769,-0.8665237,-5.495682,-3.297737,-0.52314,-0.9931488,-1.769302,-0.8964081,-1.008011,-0.8601456,-0.8702927,-0.8830566
9.008333206176758,,,,,,,,,,,,,,,-0.8078384,-0.8391495,-0.04273987,-0.3826828,-0.372757,-0.5123596,-0.5149078,-0.8770676,-0.6012459,-0.7606506,-0.5785751,-0.7799759,-0.5090904,-0.7775955,-0.3626175,-0.8684769,-5.495682,-3.294807,-0.5202103,-0.9921722,-1.76442,-0.8934784,-1.003128,-0.8533096,-0.8790817,-0.8937988
9.016667366027832,,,,,,,,,,,,,,,-0.8029556,-0.8264542,-0.04371643,-0.3914719,-0.3688507,-0.5113831,-0.516861,-0.8712082,-0.6022224,-0.750885,-0.5746689,-0.7829056,-0.5061607,-0.7688065,-0.3587112,-0.8675003,-5.492752,-3.289925,-0.5153275,-0.9892426,-1.762466,-0.8885956,-1.003128,-0.8425674,-0.8868942,-0.8996582
9.024999618530273,,,,,,,,,,,,,,,-0.7951431,-0.8147354,-0.04469299,-0.3963547,-0.3639679,-0.5065002,-0.5178375,-0.8624191,-0.5983162,-0.7469788,-0.5717392,-0.7838821,-0.5051842,-0.760994,-0.3577347,-0.8675003,-5.492752,-3.285042,-0.507515,-0.9833832,-1.759537,-0.8846893,-1.009964,-0.8308487,-0.8956833,-0.8996582
9.033332824707031,,,,,,,,,,,,,,,-0.7892838,-0.8049698,-0.04371643,-0.3963547,-0.3600616,-0.5016174,-0.5158844,-0.8546066,-0.5905037,-0.7460022,-0.5697861,-0.7838821,-0.5012779,-0.7551346,-0.3616409,-0.8665237,-5.493729,-3.282112,-0.5026321,-0.972641,-1.75563,-0.8827362,-1.021683,-0.8220596,-0.9005661,-0.8947754
9.033333333333333,0.0,-123.0,4.0,-31.0,0.0,-215.0,-1.0,-1323.0,-1.0,-2599.0,-1.0,-217.0,-2.0,-1007.0,,,,,,,,,,,,,,,,,,,,,,,,,,
9.041666984558105,,,,,,,,,,,,,,,-0.7863541,-0.7991104,-0.04371643,-0.3953781,-0.3542023,-0.4957581,-0.5149078,-0.844841,-0.5817146,-0.750885,-0.5707626,-0.781929,-0.4983482,-0.7522049,-0.3675003,-0.8645706,-5.500565,-3.281136,-0.5026321,-0.9540863,-1.751724,-0.87883,-1.037308,-0.8181534,-0.9025192,-0.8850098
9.050000190734863,,,,,,,,,,,,,,,-0.7824478,-0.7961807,-0.04469299,-0.3944016,-0.3512726,-0.4947815,-0.5070953,-0.8360519,-0.571949,-0.7626038,-0.5736923,-0.7780228,-0.4963951,-0.754158,-0.3733597,-0.8606644,-5.509354,-3.283089,-0.5016556,-0.9326019,-1.747818,-0.8729706,-1.052933,-0.8191299,-0.9005661,-0.8723145
9.058333396911621,,,,,,,,,,,,,,,-0.7824478,-0.7961807,-0.04566956,-0.3924484,-0.3473663,-0.4967346,-0.5031891,-0.8282394,-0.5631599,-0.7743225,-0.5805283,-0.77314,-0.4954185,-0.7580643,-0.3792191,-0.854805,-5.519119,-3.286995,-0.5026321,-0.910141,-1.740982,-0.8641815,-1.070511,-0.8240128,-0.8947067,-0.8596191
9.066666603088379,,,,,,,,,,,,,,,-0.7834244,-0.7971573,-0.04957581,-0.3944016,-0.3424835,-0.502594,-0.4992828,-0.8243332,-0.5533943,-0.7831116,-0.5883408,-0.7682571,-0.494442,-0.7639236,-0.3850784,-0.8460159,-5.533768,-3.293831,-0.5055618,-0.894516,-1.73317,-0.8505096,-1.080276,-0.8318253,-0.8849411,-0.8459473
9.066666666666666,0.0,-124.0,4.0,-35.0,0.0,-213.0,-2.0,-1329.0,-1.0,-2604.0,-2.0,-220.0,-2.0,-1008.0,,,,,,,,,,,,,,,,,,,,,,,,,,
9.074999809265137,,,,,,,,,,,,,,,-0.7863541,-0.7942276,-0.05250549,-0.4012375,-0.3395538,-0.5094299,-0.4983063,-0.8223801,-0.5485115,-0.7889709,-0.5971298,-0.7594681,-0.4934654,-0.7678299,-0.3899612,-0.8352737,-5.545486,-3.298714,-0.5055618,-0.8867035,-1.72438,-0.8348846,-1.088089,-0.843544,-0.8751755,-0.8312988
9.083333015441895,,,,,,,,,,,,,,,-0.7873306,-0.7873917,-0.05348206,-0.4100266,-0.3356476,-0.5191956,-0.4973297,-0.8214035,-0.5455818,-0.7919006,-0.6029892,-0.7497025,-0.4915123,-0.7658768,-0.3928909,-0.8245316,-5.555252,-3.29969,-0.5065384,-0.8857269,-1.720474,-0.8153534,-1.087112,-0.8523331,-0.8644333,-0.8186035
9.091667175292969,,,,,,,,,,,,,,,-0.7892838,-0.7786026,-0.05641174,-0.4217453,-0.3327179,-0.5318909,-0.5002594,-0.8223801,-0.5465584,-0.7899475,-0.607872,-0.7389603,-0.487606,-0.7570877,-0.3938675,-0.8147659,-5.562088,-3.295784,-0.5045853,-0.8925629,-1.717545,-0.7977753,-1.080276,-0.8572159,-0.8527145,-0.8088379
9.1,0.0,-126.0,4.0,-40.0,0.0,-211.0,-2.0,-1337.0,-1.0,-2611.0,-3.0,-225.0,-2.0,-1008.0,,,,,,,,,,,,,,,,,,,,,,,,,,
9.100000381469727,,,,,,,,,,,,,,,-0.7912369,-0.7678604,-0.05641174,-0.4315109,-0.3317413,-0.5455627,-0.5031891,-0.8272629,-0.5465584,-0.7860413,-0.6068954,-0.7272415,-0.4846764,-0.7414627,-0.3948441,-0.8050003,-5.565018,-3.285042,-0.500679,-0.9042816,-1.719498,-0.78508,-1.069534,-0.8581924,-0.8409958,-0.8010254
9.108332633972168,,,,,,,,,,,,,,,-0.7922134,-0.7580948,-0.05641174,-0.4383469,-0.3327179,-0.5563049,-0.5070953,-0.8340988,-0.5465584,-0.7801819,-0.6068954,-0.7204056,-0.4797935,-0.7238846,-0.3948441,-0.8001175,-5.562088,-3.27137,-0.4987259,-0.9208832,-1.726334,-0.778244,-1.058792,-0.8533096,-0.8351364,-0.7971191
9.116666793823242,,,,,,,,,,,,,,,-0.7951431,-0.7473526,-0.05543518,-0.4422531,-0.3356476,-0.565094,-0.5119781,-0.8370285,-0.5475349,-0.7772522,-0.6059189,-0.719429,-0.4729576,-0.7063065,-0.3928909,-0.7962112,-5.555252,-3.254768,-0.4987259,-0.9355316,-1.739029,-0.7772675,-1.050003,-0.843544,-0.8302536,-0.8000488
9.125,,,,,,,,,,,,,,,-0.8000259,-0.7414932,-0.05445862,-0.4363937,-0.3424835,-0.5719299,-0.5149078,-0.8380051,-0.5485115,-0.7782288,-0.6020126,-0.7223587,-0.4661217,-0.6887283,-0.3899612,-0.7932816,-5.546463,-3.23719,-0.5045853,-0.9443207,-1.75563,-0.7831268,-1.044144,-0.8259659,-0.8273239,-0.8088379
9.133333206176758,,,,,,,,,,,,,,,-0.8049088,-0.7414932,-0.05250549,-0.4266281,-0.3532257,-0.5729065,-0.5149078,-0.8380051,-0.5485115,-0.782135,-0.5981064,-0.7272415,-0.4612389,-0.676033,-0.3870316,-0.7874222,-5.537674,-3.225471,-0.5123978,-0.9521332,-1.770279,-0.7967987,-1.042191,-0.8044815,-0.8312302,-0.8205566
9.133333333333333,0.0,-127.0,3.0,-44.0,0.0,-211.0,-2.0,-1343.0,0.0,-2616.0,-4.0,-229.0,-1.0,-1007.0,,,,,,,,,,,,,,,,,,,,,,,,,,
9.141667366027832,,,,,,,,,,,,,,,-0.8117447,-0.7434464,-0.05055237,-0.4119797,-0.3639679,-0.5699768,-0.5149078,-0.8360519,-0.5514412,-0.7899475,-0.5942001,-0.735054,-0.4583092,-0.6691971,-0.3831253,-0.77668,-5.526932,-3.214729,-0.5221634,-0.9599457,-1.783951,-0.8143768,-1.044144,-0.7800674,-0.8351364,-0.8342285
9.149999618530273,,,,,,,,,,,,,,,-0.8176041,-0.7444229,-0.04762268,-0.3953781,-0.3747101,-0.5631409,-0.5139313,-0.8350754,-0.5553474,-0.8006897,-0.5912704,-0.7428665,-0.456356,-0.6682205,-0.3801956,-0.7630081,-5.520096,-3.204964,-0.5329056,-0.9658051,-1.793716,-0.8329315,-1.046097,-0.7605362,-0.8419724,-0.8508301
9.158332824707031,,,,,,,,,,,,,,,-0.82444,-0.746376,-0.04371643,-0.3787766,-0.3844757,-0.5504456,-0.5110016,-0.8331223,-0.5602303,-0.8114319,-0.5873642,-0.7467728,-0.4534264,-0.6711502,-0.3772659,-0.74543,-5.517166,-3.198128,-0.5426712,-0.9745941,-1.800552,-0.8514862,-1.050003,-0.7458878,-0.8527145,-0.8635254
9.166666666666666,1.0,-123.0,3.0,-47.0,0.0,-213.0,-2.0,-1346.0,0.0,-2618.0,-4.0,-231.0,-1.0,-1006.0,,,,,,,,,,,,,,,,,,,,,,,,,,
9.166666984558105,,,,,,,,,,,,,,,-0.8263931,-0.7473526,-0.03981018,-0.3641281,-0.3932648,-0.533844,-0.5041656,-0.8282394,-0.5670662,-0.8231506,-0.5824814,-0.7428665,-0.4534264,-0.676033,-0.3753128,-0.7258987,-5.51619,-3.190315,-0.5504837,-0.9863129,-1.803482,-0.8680878,-1.050003,-0.7380753,-0.8634567,-0.873291
9.175000190734863,,,,,,,,,,,,,,,-0.8234634,-0.7453995,-0.03297424,-0.3514328,-0.3961945,-0.518219,-0.4983063,-0.8272629,-0.5739021,-0.8338928,-0.5775986,-0.7340775,-0.4544029,-0.6838455,-0.3743362,-0.7122269,-5.520096,-3.182503,-0.55439,-1.001938,-1.803482,-0.87883,-1.047073,-0.7400284,-0.8732224,-0.8791504
9.183333396911621,,,,,,,,,,,,,,,-0.8185806,-0.7424698,-0.03004456,-0.3436203,-0.3961945,-0.4996643,-0.4924469,-0.8272629,-0.5797615,-0.8377991,-0.5756454,-0.7204056,-0.4553795,-0.6936111,-0.3753128,-0.7044144,-5.525955,-3.175667,-0.5553665,-1.019516,-1.800552,-0.8837128,-1.044144,-0.7488174,-0.8810349,-0.8771973
9.191666603088379,,,,,,,,,,,,,,,-0.8136978,-0.7385635,-0.02906799,-0.3377609,-0.3913116,-0.4820862,-0.4826813,-0.8282394,-0.5865974,-0.8387756,-0.5746689,-0.7057571,-0.4592857,-0.7063065,-0.3772659,-0.7034378,-5.533768,-3.170784,-0.5524368,-1.034164,-1.796646,-0.8807831,-1.036331,-0.7644424,-0.8859177,-0.8713379
9.199999809265137,,,,,,,,,,,,,,,-0.8068619,-0.7327042,-0.02809143,-0.330925,-0.3854523,-0.4693909,-0.4748688,-0.8321457,-0.5924568,-0.8358459,-0.5756454,-0.6891556,-0.4641685,-0.7190018,-0.3782425,-0.7083206,-5.540604,-3.169807,-0.5485306,-1.04686,-1.79274,-0.8710175,-1.031448,-0.7800674,-0.8888474,-0.864502
9.2,1.0,-115.0,3.0,-45.0,0.0,-216.0,-1.0,-1351.0,0.0,-2620.0,-4.0,-232.0,-1.0,-1006.0,,,,,,,,,,,,,,,,,,,,,,,,,,
9.208333015441895,,,,,,,,,,,,,,,-0.8000259,-0.7268448,-0.03102112,-0.3221359,-0.3776398,-0.4596252,-0.4651031,-0.8340988,-0.6002693,-0.82901,-0.576622,-0.6764603,-0.4700279,-0.7287674,-0.3792191,-0.7171097,-5.550369,-3.175667,-0.5456009,-1.051743,-1.783951,-0.8534393,-1.029495,-0.7908096,-0.8888474,-0.8547363
9.216667175292969,,,,,,,,,,,,,,,-0.7961197,-0.721962,-0.03590393,-0.3123703,-0.3688507,-0.4527893,-0.4592438,-0.8360519,-0.6071053,-0.8182678,-0.5785751,-0.6715775,-0.478817,-0.7375565,-0.3811722,-0.7249222,-5.561111,-3.187386,-0.538765,-1.047836,-1.775162,-0.8309784,-1.030472,-0.796669,-0.8839645,-0.8459473
9.225000381469727,,,,,,,,,,,,,,,-0.7961197,-0.7180557,-0.04273987,-0.3006516,-0.3620148,-0.4518127,-0.4533844,-0.8370285,-0.6129646,-0.8045959,-0.5785751,-0.672554,-0.487606,-0.7414627,-0.3811722,-0.7317581,-5.567947,-3.202034,-0.5348587,-1.035141,-1.76442,-0.8055878,-1.035355,-0.796669,-0.8790817,-0.8361816
9.233332633972168,,,,,,,,,,,,,,,-0.7970963,-0.7161026,-0.05055237,-0.2889328,-0.357132,-0.4566956,-0.4514313,-0.8350754,-0.6168709,-0.7909241,-0.5795517,-0.67939,-0.4954185,-0.7375565,-0.3831253,-0.7327347,-5.57869,-3.222542,-0.531929,-1.016586,-1.749771,-0.7831268,-1.043167,-0.7869034,-0.8741989,-0.8293457
9.233333333333333,1.0,-110.0,3.0,-42.0,-1.0,-221.0,-1.0,-1359.0,0.0,-2625.0,-4.0,-233.0,-1.0,-1010.0,,,,,,,,,,,,,,,,,,,,,,,,,,
9.241666793823242,,,,,,,,,,,,,,,-0.8019791,-0.715126,-0.05934143,-0.2791672,-0.3542023,-0.4664612,-0.4533844,-0.8301926,-0.6207771,-0.7762756,-0.5805283,-0.6959915,-0.503231,-0.7287674,-0.3841019,-0.729805,-5.588455,-3.241096,-0.5289993,-0.9931488,-1.735123,-0.7616425,-1.050003,-0.7771378,-0.8693161,-0.8254395
9.25,,,,,,,,,,,,,,,-0.8039322,-0.7170792,-0.06617737,-0.2694016,-0.3561554,-0.4762268,-0.4582672,-0.8233566,-0.6217537,-0.7596741,-0.5795517,-0.7145462,-0.5090904,-0.7150955,-0.3850784,-0.7219925,-5.595291,-3.257698,-0.5250931,-0.9697113,-1.72438,-0.746994,-1.056839,-0.7673721,-0.8644333,-0.8234863
9.258333206176758,,,,,,,,,,,,,,,-0.8068619,-0.721962,-0.07106018,-0.2664719,-0.3600616,-0.486969,-0.4670563,-0.8145676,-0.6198006,-0.7440491,-0.5785751,-0.7301712,-0.5120201,-0.6955643,-0.3870316,-0.71418,-5.602127,-3.269417,-0.5221634,-0.9492035,-1.714615,-0.7411346,-1.063675,-0.7576065,-0.8654099,-0.8244629
9.266666666666667,1.0,-110.0,3.0,-41.0,-1.0,-223.0,-1.0,-1370.0,0.0,-2635.0,-4.0,-233.0,-1.0,-1008.0,,,,,,,,,,,,,,,,,,,,,,,,,,
9.266667366027832,,,,,,,,,,,,,,,-0.8078384,-0.7268448,-0.07398987,-0.2694016,-0.365921,-0.4947815,-0.478775,-0.8057785,-0.6158943,-0.7245178,-0.576622,-0.7457962,-0.5149498,-0.6789627,-0.3899612,-0.7112503,-5.606033,-3.2743,-0.5202103,-0.9355316,-1.708755,-0.7411346,-1.064651,-0.749794,-0.8683395,-0.826416
9.274999618530273,,,,,,,,,,,,,,,-0.808815,-0.730751,-0.07203674,-0.2772141,-0.3737335,-0.4967346,-0.4924469,-0.8008957,-0.6090584,-0.7059631,-0.5756454,-0.7565384,-0.5159264,-0.6662674,-0.3919144,-0.7112503,-5.607986,-3.2743,-0.516304,-0.925766,-1.707779,-0.7430878,-1.063675,-0.7517471,-0.8702927,-0.8293457
9.283332824707031,,,,,,,,,,,,,,,-0.8068619,-0.7336807,-0.06617737,-0.2850266,-0.3805695,-0.4957581,-0.5061188,-0.7989426,-0.6041756,-0.6893616,-0.5756454,-0.7594681,-0.5159264,-0.6565018,-0.3928909,-0.7151566,-5.605057,-3.272346,-0.5123978,-0.9247894,-1.714615,-0.7518768,-1.064651,-0.7556534,-0.8732224,-0.8303223
9.291666984558105,,,,,,,,,,,,,,,-0.8049088,-0.7336807,-0.05738831,-0.2938156,-0.3864288,-0.4918518,-0.5178375,-0.797966,-0.5983162,-0.67276,-0.576622,-0.7584915,-0.518856,-0.6555252,-0.3958206,-0.7239456,-5.599197,-3.266487,-0.5104446,-0.9316254,-1.721451,-0.762619,-1.065628,-0.7624893,-0.876152,-0.8322754
9.3,1.0,-114.0,4.0,-42.0,-1.0,-223.0,-2.0,-1383.0,0.0,-2649.0,-3.0,-229.0,0.0,-1005.0,,,,,,,,,,,,,,,,,,,,,,,,,,
9.300000190734863,,,,,,,,,,,,,,,-0.8019791,-0.7336807,-0.04371643,-0.3035812,-0.3913116,-0.4859924,-0.5266266,-0.8038254,-0.5924568,-0.6590881,-0.5775986,-0.7565384,-0.5208092,-0.6613846,-0.3977737,-0.7376175,-5.596268,-3.259651,-0.5065384,-0.9433441,-1.73024,-0.7714081,-1.066605,-0.7712784,-0.8800583,-0.8352051
9.308333396911621,,,,,,,,,,,,,,,-0.8019791,-0.7327042,-0.02906799,-0.3143234,-0.3913116,-0.4772034,-0.5315094,-0.8106613,-0.587574,-0.6502991,-0.5795517,-0.7545853,-0.5237389,-0.6740799,-0.4007034,-0.7503128,-5.592361,-3.252815,-0.5055618,-0.957016,-1.741959,-0.7821503,-1.069534,-0.781044,-0.8800583,-0.8361816
9.316666603088379,,,,,,,,,,,,,,,-0.8029556,-0.730751,-0.01344299,-0.3221359,-0.3864288,-0.4693909,-0.5344391,-0.8155441,-0.5865974,-0.6463928,-0.5815048,-0.7545853,-0.525692,-0.6877518,-0.4046097,-0.7649612,-5.587479,-3.245003,-0.5055618,-0.9697113,-1.750748,-0.7880096,-1.072464,-0.7898331,-0.8820114,-0.8391113
9.324999809265137,,,,,,,,,,,,,,,-0.8039322,-0.7287979,-0.001724243,-0.3270187,-0.3825226,-0.4664612,-0.5334625,-0.8223801,-0.5856209,-0.6454163,-0.5815048,-0.7565384,-0.5266685,-0.7063065,-0.4104691,-0.7796097,-5.586502,-3.235237,-0.5084915,-0.9794769,-1.754654,-0.7919159,-1.073441,-0.7976456,-0.8820114,-0.8439941
9.333333015441895,,,,,,,,,,,,,,,-0.8097916,-0.7248917,0.008041382,-0.3348312,-0.3747101,-0.4645081,-0.5305328,-0.8262863,-0.5846443,-0.6454163,-0.5824814,-0.757515,-0.525692,-0.7219315,-0.4153519,-0.7883987,-5.590408,-3.223518,-0.5133743,-0.9824066,-1.756607,-0.7909393,-1.070511,-0.8025284,-0.882988,-0.8479004
9.333333333333334,1.0,-118.0,5.0,-42.0,-1.0,-221.0,-3.0,-1394.0,0.0,-2664.0,-3.0,-226.0,0.0,-1008.0,,,,,,,,,,,,,,,,,,,,,,,,,,
9.341667175292969,,,,,,,,,,,,,,,-0.8146744,-0.7200089,0.01194763,-0.3426437,-0.365921,-0.4654846,-0.5266266,-0.8301926,-0.5856209,-0.6473694,-0.5815048,-0.757515,-0.5237389,-0.7326736,-0.4221878,-0.7952347,-5.591385,-3.210823,-0.5182571,-0.9794769,-1.757584,-0.78508,-1.069534,-0.8074112,-0.8849411,-0.8518066
9.350000381469727,,,,,,,,,,,,,,,-0.8224869,-0.7121964,0.01097107,-0.3514328,-0.3590851,-0.4693909,-0.5217438,-0.8321457,-0.5865974,-0.6512756,-0.5775986,-0.7536087,-0.5198326,-0.7365799,-0.4270706,-0.7981644,-5.591385,-3.193245,-0.5221634,-0.9697113,-1.752701,-0.778244,-1.067581,-0.8093643,-0.8849411,-0.8518066
9.358332633972168,,,,,,,,,,,,,,,-0.8302994,-0.7014542,0.005111694,-0.3631516,-0.3512726,-0.4742737,-0.5188141,-0.8311691,-0.5865974,-0.6542053,-0.5727158,-0.74189,-0.5139732,-0.7326736,-0.43293,-0.7971878,-5.595291,-3.172737,-0.5280228,-0.9521332,-1.750748,-0.7665253,-1.064651,-0.8083878,-0.8849411,-0.8479004
9.366666666666667,1.0,-122.0,6.0,-44.0,-1.0,-220.0,-3.0,-1402.0,0.0,-2679.0,-2.0,-225.0,0.0,-1016.0,,,,,,,,,,,,,,,,,,,,,,,,,,
9.366666793823242,,,,,,,,,,,,,,,-0.8361588,-0.6887589,-0.002700806,-0.3758469,-0.3434601,-0.4801331,-0.516861,-0.8321457,-0.5846443,-0.6581116,-0.5668564,-0.7252884,-0.510067,-0.7209549,-0.4368362,-0.7932816,-5.591385,-3.151253,-0.5299759,-0.9326019,-1.749771,-0.7548065,-1.065628,-0.8074112,-0.8849411,-0.8400879
9.375,,,,,,,,,,,,,,,-0.8381119,-0.6760635,-0.01148987,-0.3895187,-0.3395538,-0.4879456,-0.5149078,-0.8360519,-0.5826912,-0.6649475,-0.5629501,-0.7057571,-0.5071373,-0.7014236,-0.4397659,-0.7854691,-5.583572,-3.128792,-0.5329056,-0.9111176,-1.751724,-0.746994,-1.067581,-0.8035049,-0.8810349,-0.8273926
9.383333206176758,,,,,,,,,,,,,,,-0.840065,-0.668251,-0.02223206,-0.4080734,-0.3366241,-0.4928284,-0.5129547,-0.8438644,-0.5807381,-0.67276,-0.5590439,-0.6832962,-0.5061607,-0.6779861,-0.4426956,-0.7747269,-5.57576,-3.108284,-0.5348587,-0.8935394,-1.756607,-0.7411346,-1.072464,-0.7986221,-0.8800583,-0.8146973
9.391667366027832,,,,,,,,,,,,,,,-0.8420181,-0.6633682,-0.02906799,-0.4227219,-0.3336945,-0.4947815,-0.5129547,-0.8546066,-0.5787849,-0.6805725,-0.5561142,-0.6676712,-0.5090904,-0.651619,-0.4446487,-0.7659378,-5.566971,-3.092659,-0.5329056,-0.878891,-1.76149,-0.7333221,-1.073441,-0.7956924,-0.8790817,-0.8039551
9.399999618530273,,,,,,,,,,,,,,,-0.8429947,-0.668251,-0.03297424,-0.4344406,-0.334671,-0.4938049,-0.5158844,-0.8721848,-0.5778084,-0.6913147,-0.5551376,-0.656929,-0.5120201,-0.6281815,-0.4466019,-0.7571487,-5.560135,-3.081917,-0.5309525,-0.8661957,-1.769302,-0.7294159,-1.074417,-0.7927628,-0.8751755,-0.7941895
9.4,1.0,-125.0,6.0,-50.0,0.0,-220.0,-3.0,-1406.0,-1.0,-2690.0,-2.0,-223.0,0.0,-1025.0,,,,,,,,,,,,,,,,,,,,,,,,,,
9.408332824707031,,,,,,,,,,,,,,,-0.8439713,-0.675087,-0.03297424,-0.4442062,-0.334671,-0.4918518,-0.5178375,-0.891716,-0.5797615,-0.7020569,-0.5541611,-0.6530228,-0.518856,-0.6076736,-0.4495316,-0.7522659,-5.551346,-3.079964,-0.5299759,-0.863266,-1.776138,-0.7274628,-1.073441,-0.7908096,-0.876152,-0.7912598
9.416666984558105,,,,,,,,,,,,,,,-0.8469009,-0.6848526,-0.03004456,-0.4490891,-0.3356476,-0.486969,-0.5188141,-0.9141769,-0.5817146,-0.7137756,-0.5561142,-0.6588821,-0.525692,-0.5959549,-0.4514847,-0.7503128,-5.552322,-3.084846,-0.531929,-0.8642426,-1.783951,-0.7245331,-1.066605,-0.7937393,-0.8781052,-0.7932129
9.425000190734863,,,,,,,,,,,,,,,-0.8508072,-0.6975479,-0.02418518,-0.4520187,-0.3376007,-0.4801331,-0.5217438,-0.9356613,-0.5865974,-0.7245178,-0.5590439,-0.6686478,-0.534481,-0.5930252,-0.4514847,-0.7483597,-5.558182,-3.096565,-0.531929,-0.8691254,-1.79274,-0.7186737,-1.056839,-0.7986221,-0.8839645,-0.7971191
9.433333333333334,1.0,-129.0,5.0,-56.0,0.0,-223.0,-2.0,-1407.0,-1.0,-2698.0,-2.0,-227.0,-1.0,-1032.0,,,,,,,,,,,,,,,,,,,,,,,,,,
9.433333396911621,,,,,,,,,,,,,,,-0.8566666,-0.7053604,-0.01539612,-0.4500656,-0.3395538,-0.4732971,-0.5246735,-0.9512863,-0.5914803,-0.73526,-0.5658798,-0.67939,-0.5442467,-0.5940018,-0.448555,-0.7483597,-5.571854,-3.114143,-0.5358353,-0.8779144,-1.802505,-0.7128143,-1.04805,-0.8035049,-0.8898239,-0.7961426
9.441666603088379,,,,,,,,,,,,,,,-0.8635025,-0.7112198,-0.006607056,-0.4422531,-0.3434601,-0.4684143,-0.52565,-0.9590988,-0.5983162,-0.7450256,-0.5727158,-0.6911087,-0.5530357,-0.6008377,-0.4456253,-0.7503128,-5.591385,-3.134651,-0.5416946,-0.8896332,-1.810318,-0.7059784,-1.037308,-0.8113174,-0.8976364,-0.7922363
9.449999809265137,,,,,,,,,,,,,,,-0.8654556,-0.7141495,0.001205444,-0.4334641,-0.3483429,-0.4654846,-0.5266266,-0.9620285,-0.6022224,-0.7547913,-0.5824814,-0.7018509,-0.5598717,-0.6125565,-0.4378128,-0.7512894,-5.615799,-3.154182,-0.5465775,-0.9033051,-1.819107,-0.6991425,-1.028519,-0.8181534,-0.9083786,-0.786377
9.458333015441895,,,,,,,,,,,,,,,-0.8674088,-0.7161026,0.008041382,-0.4256516,-0.3551788,-0.4664612,-0.5295563,-0.9561691,-0.6071053,-0.7606506,-0.592247,-0.7077103,-0.5618248,-0.6232986,-0.4251175,-0.7532425,-5.642166,-3.172737,-0.5534134,-0.9189301,-1.830826,-0.6942596,-1.024612,-0.8240128,-0.9171677,-0.7766113
9.466666666666667,1.0,-129.0,4.0,-59.0,0.0,-225.0,-2.0,-1407.0,-1.0,-2705.0,-2.0,-230.0,-1.0,-1037.0,,,,,,,,,,,,,,,,,,,,,,,,,,
9.466667175292969,,,,,,,,,,,,,,,-0.8664322,-0.7170792,0.006088257,-0.4168625,-0.3629913,-0.471344,-0.5305328,-0.9434738,-0.6110115,-0.7655334,-0.6029892,-0.7116165,-0.5608482,-0.6330643,-0.4114456,-0.7542191,-5.665604,-3.188362,-0.5592728,-0.9355316,-1.836685,-0.6952362,-1.027542,-0.8288956,-0.9240036,-0.7668457
9.475000381469727,,,,,,,,,,,,,,,-0.8635025,-0.7209854,0.003158569,-0.40905,-0.3717804,-0.4762268,-0.5334625,-0.9288254,-0.6158943,-0.7674866,-0.6088486,-0.7125931,-0.5549889,-0.6408768,-0.3919144,-0.7571487,-5.688065,-3.200081,-0.5612259,-0.9531097,-1.838638,-0.6981659,-1.032425,-0.8328018,-0.9269333,-0.7580566
9.483332633972168,,,,,,,,,,,,,,,-0.8625259,-0.7297745,-0.003677368,-0.4022141,-0.3786163,-0.4850159,-0.5354156,-0.9083176,-0.618824,-0.7674866,-0.6127548,-0.7145462,-0.5461998,-0.6467361,-0.3743362,-0.761055,-5.705643,-3.210823,-0.563179,-0.9736176,-1.836685,-0.7020721,-1.041214,-0.8328018,-0.9288864,-0.755127
9.491666793823242,,,,,,,,,,,,,,,-0.8595963,-0.7385635,-0.01344299,-0.3944016,-0.3844757,-0.4967346,-0.5393219,-0.8897629,-0.6207771,-0.7655334,-0.6117783,-0.719429,-0.5364342,-0.6496658,-0.3577347,-0.7659378,-5.714432,-3.217659,-0.5622025,-0.9941254,-1.827896,-0.7098846,-1.053909,-0.827919,-0.9288864,-0.7590332
9.5,0.0,-130.0,4.0,-55.0,-1.0,-228.0,-3.0,-1410.0,-1.0,-2713.0,-2.0,-234.0,-1.0,-1041.0,-0.8586197,-0.7483292,-0.02125549,-0.3895187,-0.3874054,-0.5104065,-0.5422516,-0.8721848,-0.6217537,-0.7655334,-0.6049423,-0.7252884,-0.525692,-0.6477127,-0.3460159,-0.7688675,-5.718338,-3.221565,-0.5582962,-1.01268,-1.815201,-0.7186737,-1.065628,-0.8210831,-0.923027,-0.7687988
9.508333206176758,,,,,,,,,,,,,,,-0.8586197,-0.7580948,-0.02906799,-0.3875656,-0.3834991,-0.5221252,-0.5461578,-0.8555832,-0.6217537,-0.7645569,-0.5971298,-0.7340775,-0.518856,-0.6438065,-0.3382034,-0.7717972,-5.719315,-3.227425,-0.5553665,-1.028305,-1.803482,-0.72258,-1.074417,-0.812294,-0.9191208,-0.7834473
9.516667366027832,,,,,,,,,,,,,,,-0.8605728,-0.7610245,-0.03102112,-0.3856125,-0.3776398,-0.533844,-0.5490875,-0.8409348,-0.6178474,-0.7606506,-0.5883408,-0.7438431,-0.5110435,-0.6369705,-0.3362503,-0.7727737,-5.718338,-3.232307,-0.5504837,-1.041,-1.78688,-0.7235565,-1.085159,-0.8005753,-0.9152145,-0.802002
9.524999618530273,,,,,,,,,,,,,,,-0.8605728,-0.7610245,-0.02906799,-0.3826828,-0.3708038,-0.5436096,-0.5539703,-0.8282394,-0.6119881,-0.7567444,-0.5815048,-0.7545853,-0.5081139,-0.629158,-0.3430862,-0.7688675,-5.717361,-3.238167,-0.5465775,-1.049789,-1.775162,-0.7264862,-1.092972,-0.7869034,-0.9122849,-0.8205566
9.533332824707031,,,,,,,,,,,,,,,-0.8586197,-0.7551651,-0.02418518,-0.3797531,-0.3629913,-0.5475159,-0.5559235,-0.8204269,-0.6041756,-0.7518616,-0.5785751,-0.7643509,-0.5042076,-0.6154861,-0.3499222,-0.7659378,-5.715408,-3.245979,-0.5416946,-1.054672,-1.766373,-0.7274628,-1.097855,-0.7732315,-0.9103317,-0.8361816
9.533333333333333,0.0,-129.0,4.0,-51.0,-1.0,-230.0,-3.0,-1416.0,-1.0,-2718.0,-2.0,-237.0,0.0,-1039.0,,,,,,,,,,,,,,,,,,,,,,,,,,
9.541666984558105,,,,,,,,,,,,,,,-0.85569,-0.7444229,-0.01539612,-0.3758469,-0.357132,-0.5465393,-0.5569,-0.8165207,-0.5953865,-0.7440491,-0.5795517,-0.7721634,-0.5003014,-0.6027908,-0.3626175,-0.7600784,-5.715408,-3.255745,-0.5368118,-1.054672,-1.760513,-0.7284393,-1.099808,-0.7605362,-0.914238,-0.8498535
9.550000190734863,,,,,,,,,,,,,,,-0.8498306,-0.7317276,-0.005630493,-0.3738937,-0.3532257,-0.5426331,-0.5569,-0.8155441,-0.5885506,-0.7342834,-0.5854111,-0.7789993,-0.4963951,-0.5930252,-0.3753128,-0.7532425,-5.711502,-3.264534,-0.5299759,-1.051743,-1.757584,-0.731369,-1.102737,-0.749794,-0.9191208,-0.857666
9.558333396911621,,,,,,,,,,,,,,,-0.8439713,-0.7209854,0.003158569,-0.3738937,-0.3551788,-0.5328674,-0.5529938,-0.8155441,-0.5846443,-0.7215881,-0.5932236,-0.7829056,-0.4915123,-0.5842361,-0.3841019,-0.7493362,-5.713455,-3.272346,-0.5221634,-1.049789,-1.75856,-0.738205,-1.102737,-0.7410049,-0.9269333,-0.8586426
9.566666603088379,,,,,,,,,,,,,,,-0.8390884,-0.7112198,0.01390076,-0.3768234,-0.3581085,-0.5240784,-0.5461578,-0.8155441,-0.5856209,-0.7118225,-0.6010361,-0.7848587,-0.487606,-0.5813065,-0.3909378,-0.74543,-5.712479,-3.279182,-0.5143509,-1.044907,-1.759537,-0.746994,-1.101761,-0.7331924,-0.9357224,-0.8557129
9.566666666666666,0.0,-127.0,4.0,-47.0,-1.0,-235.0,-2.0,-1421.0,0.0,-2723.0,-2.0,-236.0,0.0,-1036.0,,,,,,,,,,,,,,,,,,,,,,,,,,
9.574999809265137,,,,,,,,,,,,,,,-0.8332291,-0.7053604,0.01878357,-0.3846359,-0.3639679,-0.5191956,-0.5383453,-0.8174973,-0.5895271,-0.7020569,-0.6127548,-0.7838821,-0.4827232,-0.5852127,-0.3919144,-0.7405472,-5.708572,-3.281136,-0.5065384,-1.038071,-1.76442,-0.7557831,-1.097855,-0.7253799,-0.9474411,-0.848877
9.583333015441895,,,,,,,,,,,,,,,-0.8322525,-0.7053604,0.02366638,-0.3953781,-0.3698273,-0.518219,-0.5285797,-0.8194504,-0.5983162,-0.6961975,-0.6195908,-0.781929,-0.478817,-0.5940018,-0.3919144,-0.7385941,-5.706619,-3.279182,-0.5036087,-1.031235,-1.769302,-0.7645721,-1.091995,-0.718544,-0.954277,-0.8381348
9.591667175292969,,,,,,,,,,,,,,,-0.8332291,-0.706337,0.02366638,-0.40905,-0.3747101,-0.5211487,-0.5188141,-0.8223801,-0.6090584,-0.6942444,-0.6264267,-0.7770462,-0.4768639,-0.6076736,-0.3899612,-0.7395706,-5.705643,-3.272346,-0.5045853,-1.022446,-1.776138,-0.7733612,-1.080276,-0.7156143,-0.9620895,-0.8244629
9.6,0.0,-127.0,4.0,-42.0,-1.0,-241.0,-1.0,-1425.0,0.0,-2730.0,-2.0,-233.0,-1.0,-1038.0,,,,,,,,,,,,,,,,,,,,,,,,,,
9.600000381469727,,,,,,,,,,,,,,,-0.8371353,-0.7131729,0.02268982,-0.4217453,-0.3766632,-0.5270081,-0.5110016,-0.8262863,-0.6198006,-0.6932678,-0.6293564,-0.7721634,-0.4778404,-0.6262283,-0.386055,-0.7425003,-5.707596,-3.263557,-0.5104446,-1.011703,-1.781998,-0.7792206,-1.066605,-0.7126846,-0.9630661,-0.8098145
9.608332633972168,,,,,,,,,,,,,,,-0.8439713,-0.7200089,0.01976013,-0.4295578,-0.3756866,-0.533844,-0.501236,-0.8331223,-0.6266365,-0.6952209,-0.6303329,-0.7672806,-0.478817,-0.6477127,-0.3821487,-0.7493362,-5.70369,-3.254768,-0.5202103,-1.001938,-1.791763,-0.7821503,-1.052933,-0.7078018,-0.9630661,-0.7980957
9.616666793823242,,,,,,,,,,,,,,,-0.8517838,-0.7239151,0.01292419,-0.4295578,-0.3756866,-0.5377502,-0.4963531,-0.8409348,-0.6315193,-0.6971741,-0.6293564,-0.7623978,-0.4836998,-0.6682205,-0.3811722,-0.7561722,-5.702713,-3.246956,-0.5338821,-0.9911957,-1.79567,-0.7831268,-1.037308,-0.7058487,-0.9591599,-0.7873535
9.625,,,,,,,,,,,,,,,-0.8586197,-0.7239151,0.005111694,-0.4227219,-0.3747101,-0.5348206,-0.4963531,-0.8516769,-0.6305428,-0.7001038,-0.6254501,-0.7594681,-0.4885826,-0.6848221,-0.3811722,-0.7630081,-5.694901,-3.242073,-0.5446243,-0.9814301,-1.801529,-0.7841034,-1.023636,-0.7107315,-0.9523239,-0.7824707
9.633333206176758,,,,,,,,,,,,,,,-0.8644791,-0.7200089,-0.001724243,-0.4070969,-0.3747101,-0.5260315,-0.4983063,-0.8663254,-0.6295662,-0.7030334,-0.6205673,-0.7565384,-0.4924889,-0.698494,-0.3801956,-0.7717972,-5.687088,-3.241096,-0.5592728,-0.9755707,-1.805435,-0.7831268,-1.01387,-0.7175674,-0.945488,-0.7805176
9.633333333333333,0.0,-129.0,4.0,-39.0,-1.0,-243.0,-1.0,-1429.0,0.0,-2737.0,-3.0,-230.0,-1.0,-1042.0,,,,,,,,,,,,,,,,,,,,,,,,,,
9.641667366027832,,,,,,,,,,,,,,,-0.8693619,-0.7131729,-0.01051331,-0.3865891,-0.3786163,-0.5104065,-0.5041656,-0.8799973,-0.6256599,-0.7049866,-0.6147079,-0.7555618,-0.4983482,-0.7082596,-0.3821487,-0.7786331,-5.676346,-3.24012,-0.5670853,-0.9755707,-1.805435,-0.7831268,-1.010941,-0.7273331,-0.938652,-0.7824707
9.649999618530273,,,,,,,,,,,,,,,-0.8703384,-0.7024307,-0.01637268,-0.3660812,-0.3854523,-0.4908752,-0.5119781,-0.8936691,-0.6207771,-0.7098694,-0.6039658,-0.757515,-0.5051842,-0.7111893,-0.3811722,-0.7835159,-5.665604,-3.23719,-0.5729446,-0.9794769,-1.807388,-0.7841034,-1.015823,-0.7429581,-0.9318161,-0.7873535
9.658332824707031,,,,,,,,,,,,,,,-0.8674088,-0.6926651,-0.01832581,-0.34655,-0.3981476,-0.4703674,-0.5197906,-0.9053879,-0.618824,-0.7176819,-0.5971298,-0.7594681,-0.510067,-0.7082596,-0.3792191,-0.7864456,-5.659744,-3.232307,-0.5758743,-0.9863129,-1.806412,-0.7860565,-1.025589,-0.7615128,-0.923027,-0.7941895
9.666666666666666,1.0,-132.0,4.0,-37.0,-1.0,-244.0,-1.0,-1432.0,-1.0,-2749.0,-2.0,-231.0,-2.0,-1045.0,,,,,,,,,,,,,,,,,,,,,,,,,,
9.666666984558105,,,,,,,,,,,,,,,-0.8605728,-0.6828995,-0.01930237,-0.3348312,-0.4098663,-0.4527893,-0.52565,-0.9161301,-0.6178474,-0.7274475,-0.5912704,-0.7633743,-0.5139732,-0.7004471,-0.3792191,-0.7854691,-5.656815,-3.223518,-0.5778275,-0.9990082,-1.805435,-0.78508,-1.041214,-0.7820206,-0.9181442,-0.8000488
9.675000190734863,,,,,,,,,,,,,,,-0.8537369,-0.6770401,-0.01930237,-0.3319016,-0.4206085,-0.4430237,-0.5315094,-0.9200363,-0.6178474,-0.7381897,-0.5883408,-0.7682571,-0.5169029,-0.6926346,-0.3772659,-0.7844925,-5.660721,-3.209846,-0.578804,-1.018539,-1.808365,-0.7831268,-1.062698,-0.8044815,-0.9122849,-0.8039551
9.683333396911621,,,,,,,,,,,,,,,-0.8429947,-0.6770401,-0.01539612,-0.3367844,-0.4303741,-0.4391174,-0.5354156,-0.9190598,-0.6198006,-0.7479553,-0.5873642,-0.7760696,-0.5227623,-0.682869,-0.3762894,-0.7805862,-5.67244,-3.193245,-0.578804,-1.039047,-1.812271,-0.7801971,-1.083206,-0.8259659,-0.907402,-0.802002
9.691666603088379,,,,,,,,,,,,,,,-0.8312759,-0.6799698,-0.01246643,-0.34655,-0.4333038,-0.4430237,-0.5383453,-0.9151535,-0.6207771,-0.7557678,-0.5932236,-0.7829056,-0.5266685,-0.6740799,-0.3753128,-0.7717972,-5.685135,-3.178596,-0.5817337,-1.060532,-1.817154,-0.7704315,-1.101761,-0.8425674,-0.9025192,-0.7980957
9.699999809265137,,,,,,,,,,,,,,,-0.8224869,-0.6877823,-0.009536743,-0.3602219,-0.4323273,-0.4527893,-0.5383453,-0.907341,-0.6198006,-0.7577209,-0.6029892,-0.7907181,-0.5315514,-0.6701736,-0.3753128,-0.7600784,-5.699783,-3.164925,-0.58564,-1.082016,-1.824966,-0.7606659,-1.118362,-0.8542862,-0.8976364,-0.7922363
9.7,1.0,-135.0,4.0,-32.0,-1.0,-244.0,-1.0,-1434.0,-1.0,-2761.0,-2.0,-235.0,-2.0,-1048.0,,,,,,,,,,,,,,,,,,,,,,,,,,
9.708333015441895,,,,,,,,,,,,,,,-0.8127213,-0.699501,-0.007583618,-0.3758469,-0.4254913,-0.4645081,-0.5383453,-0.8975754,-0.6168709,-0.7557678,-0.6166611,-0.797554,-0.5335045,-0.6721268,-0.3762894,-0.7512894,-5.711502,-3.156136,-0.5875931,-1.102524,-1.831802,-0.75383,-1.129105,-0.8630753,-0.8976364,-0.7873535
9.716667175292969,,,,,,,,,,,,,,,-0.8058853,-0.7141495,-0.007583618,-0.3875656,-0.419632,-0.4723206,-0.5393219,-0.8887863,-0.6129646,-0.7489319,-0.6313095,-0.80439,-0.5354576,-0.6789627,-0.3792191,-0.7434769,-5.720291,-3.152229,-0.5924759,-1.116196,-1.841568,-0.746994,-1.134964,-0.8679581,-0.8995895,-0.7854004
9.725000381469727,,,,,,,,,,,,,,,-0.8049088,-0.7278214,-0.008560181,-0.3944016,-0.412796,-0.4762268,-0.5363922,-0.8809738,-0.6071053,-0.73526,-0.6449814,-0.8141556,-0.5354576,-0.6887283,-0.3831253,-0.7366409,-5.724197,-3.150276,-0.594429,-1.122055,-1.848404,-0.7450409,-1.133011,-0.8699112,-0.9015427,-0.7854004
9.733332633972168,,,,,,,,,,,,,,,-0.8068619,-0.7424698,-0.009536743,-0.3992844,-0.4069366,-0.4742737,-0.5315094,-0.8780441,-0.6002693,-0.719635,-0.6557236,-0.8239212,-0.5325279,-0.6994705,-0.386055,-0.7346878,-5.724197,-3.153206,-0.5905228,-1.123032,-1.857193,-0.746994,-1.127151,-0.8689346,-0.9103317,-0.7902832
9.733333333333333,1.0,-135.0,4.0,-29.0,0.0,-245.0,0.0,-1437.0,-1.0,-2774.0,-3.0,-241.0,-2.0,-1053.0,,,,,,,,,,,,,,,,,,,,,,,,,,
9.741666793823242,,,,,,,,,,,,,,,-0.8117447,-0.7571182,-0.01148987,-0.4022141,-0.4059601,-0.4703674,-0.5266266,-0.8751144,-0.5934334,-0.7049866,-0.6625595,-0.8317337,-0.5286217,-0.7111893,-0.3899612,-0.7356644,-5.724197,-3.157112,-0.5846634,-1.120102,-1.861099,-0.7528534,-1.117386,-0.8669815,-0.9200974,-0.8010254
9.75,,,,,,,,,,,,,,,-0.8166275,-0.768837,-0.01148987,-0.3992844,-0.4059601,-0.4625549,-0.5197906,-0.8721848,-0.587574,-0.6913147,-0.6635361,-0.8405228,-0.5208092,-0.7190018,-0.3919144,-0.7366409,-5.722244,-3.158089,-0.5797806,-1.113266,-1.866959,-0.7635956,-1.105667,-0.8630753,-0.9308395,-0.8117676
9.758333206176758,,,,,,,,,,,,,,,-0.8263931,-0.7805557,-0.01148987,-0.3944016,-0.4088898,-0.4537659,-0.5129547,-0.8682785,-0.5836678,-0.6795959,-0.6606064,-0.8502884,-0.5129967,-0.7238846,-0.3938675,-0.7395706,-5.720291,-3.161995,-0.5739212,-1.105453,-1.867935,-0.7743378,-1.096878,-0.8572159,-0.9445114,-0.8234863
9.766666666666667,1.0,-133.0,3.0,-33.0,0.0,-246.0,0.0,-1440.0,-1.0,-2788.0,-3.0,-244.0,-2.0,-1059.0,,,,,,,,,,,,,,,,,,,,,,,,,,
9.766667366027832,,,,,,,,,,,,,,,-0.8351822,-0.7903214,-0.01148987,-0.3895187,-0.412796,-0.4527893,-0.5070953,-0.8614426,-0.5807381,-0.6737366,-0.6537704,-0.8590775,-0.5090904,-0.7219315,-0.3938675,-0.7405472,-5.717361,-3.165901,-0.5680618,-1.101547,-1.867935,-0.7860565,-1.091019,-0.8494034,-0.9562302,-0.8361816
9.774999618530273,,,,,,,,,,,,,,,-0.8420181,-0.7991104,-0.01051331,-0.3846359,-0.4157257,-0.4615784,-0.501236,-0.8536301,-0.5787849,-0.6708069,-0.6430283,-0.8639603,-0.5071373,-0.7160721,-0.3938675,-0.7395706,-5.715408,-3.171761,-0.5641556,-1.098618,-1.865982,-0.793869,-1.088089,-0.8376846,-0.9640427,-0.8498535
9.783332824707031,,,,,,,,,,,,,,,-0.8478775,-0.8078995,-0.01148987,-0.3797531,-0.419632,-0.4732971,-0.5002594,-0.8438644,-0.5778084,-0.6717834,-0.6352158,-0.8649368,-0.5071373,-0.7102127,-0.3928909,-0.7376175,-5.712479,-3.178596,-0.5622025,-1.096664,-1.862076,-0.800705,-1.089066,-0.8230362,-0.9679489,-0.864502
9.791666984558105,,,,,,,,,,,,,,,-0.8517838,-0.8166885,-0.01441956,-0.3768234,-0.4206085,-0.4908752,-0.5002594,-0.8331223,-0.5739021,-0.6747131,-0.6274033,-0.8639603,-0.510067,-0.7014236,-0.3948441,-0.7366409,-5.706619,-3.187386,-0.5651321,-1.095688,-1.860123,-0.8055878,-1.091019,-0.8064346,-0.969902,-0.8811035
9.8,1.0,-130.0,3.0,-38.0,-1.0,-245.0,0.0,-1444.0,-1.0,-2797.0,-2.0,-245.0,-2.0,-1063.0,,,,,,,,,,,,,,,,,,,,,,,,,,
9.800000190734863,,,,,,,,,,,,,,,-0.8537369,-0.8264542,-0.01832581,-0.3758469,-0.4186554,-0.5123596,-0.5051422,-0.8243332,-0.5729256,-0.6795959,-0.6205673,-0.8561478,-0.5139732,-0.6955643,-0.3997269,-0.7385941,-5.70369,-3.198128,-0.5661087,-1.094711,-1.861099,-0.809494,-1.095901,-0.7898331,-0.9718552,-0.8977051
9.808333396911621,,,,,,,,,,,,,,,-0.8517838,-0.8391495,-0.02223206,-0.3748703,-0.4167023,-0.5299377,-0.5110016,-0.8204269,-0.5709724,-0.6835022,-0.6156845,-0.8483353,-0.5208092,-0.6906815,-0.4055862,-0.7434769,-5.698807,-3.210823,-0.5641556,-1.092758,-1.862076,-0.8104706,-1.098831,-0.7771378,-0.969902,-0.9123535
9.816666603088379,,,,,,,,,,,,,,,-0.8478775,-0.8479385,-0.02711487,-0.3748703,-0.4118195,-0.5455627,-0.5178375,-0.8214035,-0.5670662,-0.688385,-0.6117783,-0.8414993,-0.5237389,-0.6877518,-0.4133987,-0.7512894,-5.698807,-3.225471,-0.563179,-1.090805,-1.864029,-0.8104706,-1.098831,-0.7693253,-0.9669724,-0.9230957
9.824999809265137,,,,,,,,,,,,,,,-0.840065,-0.855751,-0.03102112,-0.3778,-0.4059601,-0.5543518,-0.5246735,-0.8282394,-0.5641365,-0.6952209,-0.607872,-0.83564,-0.5276451,-0.6867752,-0.4212112,-0.761055,-5.702713,-3.23719,-0.5592728,-1.092758,-1.867935,-0.8075409,-1.098831,-0.7673721,-0.9669724,-0.927002
9.833333015441895,,,,,,,,,,,,,,,-0.8312759,-0.8645401,-0.03492737,-0.3787766,-0.4001007,-0.5553284,-0.5295563,-0.8389816,-0.5621834,-0.7020569,-0.6039658,-0.8327103,-0.5305748,-0.6877518,-0.4280472,-0.7737503,-5.708572,-3.246956,-0.55439,-1.096664,-1.869888,-0.8036346,-1.095901,-0.7722549,-0.9689255,-0.9230957
9.833333333333334,1.0,-129.0,3.0,-41.0,-1.0,-247.0,-1.0,-1453.0,-1.0,-2801.0,-2.0,-248.0,-2.0,-1067.0,,,,,,,,,,,,,,,,,,,,,,,,,,
9.841667175292969,,,,,,,,,,,,,,,-0.8224869,-0.8703995,-0.03492737,-0.3768234,-0.3952179,-0.549469,-0.5354156,-0.8497238,-0.5592537,-0.7079163,-0.5990829,-0.8317337,-0.5325279,-0.6906815,-0.4319534,-0.7864456,-5.718338,-3.256721,-0.5553665,-1.100571,-1.873795,-0.793869,-1.094925,-0.7829971,-0.969902,-0.9123535
9.850000381469727,,,,,,,,,,,,,,,-0.8146744,-0.871376,-0.03102112,-0.3758469,-0.3922882,-0.5377502,-0.5373688,-0.8594894,-0.5582771,-0.7157288,-0.5951767,-0.8336868,-0.5364342,-0.6945877,-0.43293,-0.7971878,-5.731033,-3.262581,-0.5563431,-1.107407,-1.873795,-0.7841034,-1.093948,-0.8005753,-0.969902,-0.8977051
9.858332633972168,,,,,,,,,,,,,,,-0.8097916,-0.871376,-0.02711487,-0.3768234,-0.3922882,-0.5250549,-0.5373688,-0.8682785,-0.5582771,-0.7274475,-0.5932236,-0.8346634,-0.5393639,-0.7024002,-0.4309769,-0.8069534,-5.748611,-3.267464,-0.5582962,-1.117172,-1.871841,-0.7723846,-1.093948,-0.8171768,-0.9718552,-0.8840332
9.866666666666667,2.0,-129.0,4.0,-38.0,0.0,-245.0,-2.0,-1464.0,0.0,-2805.0,-2.0,-251.0,-2.0,-1074.0,,,,,,,,,,,,,,,,,,,,,,,,,,
9.866666793823242,,,,,,,,,,,,,,,-0.808815,-0.8674698,-0.02125549,-0.3758469,-0.3961945,-0.5143127,-0.5373688,-0.8721848,-0.5592537,-0.7381897,-0.5912704,-0.8336868,-0.5403404,-0.7150955,-0.4270706,-0.8157425,-5.758377,-3.275276,-0.5680618,-1.126938,-1.867935,-0.7616425,-1.096878,-0.8318253,-0.9718552,-0.873291
9.875,,,,,,,,,,,,,,,-0.8117447,-0.862587,-0.01539612,-0.3748703,-0.4020538,-0.5065002,-0.5334625,-0.8712082,-0.5621834,-0.7460022,-0.592247,-0.828804,-0.5403404,-0.7287674,-0.4212112,-0.8216019,-5.769119,-3.285042,-0.5827103,-1.130844,-1.862076,-0.75383,-1.097855,-0.8425674,-0.9708786,-0.8684082
9.883333206176758,,,,,,,,,,,,,,,-0.8205338,-0.855751,-0.009536743,-0.3738937,-0.4098663,-0.5035706,-0.5315094,-0.8663254,-0.5651131,-0.7518616,-0.5951767,-0.8190384,-0.5383873,-0.7482986,-0.4163284,-0.8274612,-5.776932,-3.301643,-0.5983353,-1.133774,-1.856216,-0.7509003,-1.103714,-0.8513565,-0.9738083,-0.8684082
9.891667366027832,,,,,,,,,,,,,,,-0.8263931,-0.8450089,-0.004653931,-0.3738937,-0.4167023,-0.5074768,-0.5295563,-0.860466,-0.5699959,-0.7538147,-0.6010361,-0.80439,-0.5335045,-0.7649002,-0.4104691,-0.8323441,-5.782791,-3.320198,-0.6149368,-1.136703,-1.85231,-0.7528534,-1.10762,-0.8581924,-0.9728317,-0.8723145
9.899999618530273,,,,,,,,,,,,,,,-0.8312759,-0.8303604,0.0002288818,-0.3738937,-0.4225616,-0.5152893,-0.52565,-0.8575363,-0.5739021,-0.750885,-0.6068954,-0.7897415,-0.5266685,-0.7795486,-0.4065628,-0.8352737,-5.783768,-3.341682,-0.6266556,-1.135727,-1.846451,-0.7587128,-1.111526,-0.8611221,-0.9738083,-0.8771973
9.9,2.0,-130.0,3.0,-34.0,0.0,-243.0,-3.0,-1470.0,0.0,-2810.0,-1.0,-251.0,-1.0,-1079.0,,,,,,,,,,,,,,,,,,,,,,,,,,
9.908332824707031,,,,,,,,,,,,,,,-0.8371353,-0.815712,0.003158569,-0.3729172,-0.4264679,-0.5260315,-0.52565,-0.8565598,-0.5787849,-0.7440491,-0.6127548,-0.7760696,-0.518856,-0.7893143,-0.4007034,-0.8372269,-5.782791,-3.36512,-0.6393509,-1.131821,-1.842545,-0.7684784,-1.115433,-0.8640518,-0.9757614,-0.880127
9.916666984558105,,,,,,,,,,,,,,,-0.8371353,-0.7981339,0.004135132,-0.3719406,-0.428421,-0.5377502,-0.52565,-0.8614426,-0.5817146,-0.7362366,-0.6156845,-0.7653275,-0.5120201,-0.7902908,-0.3958206,-0.8352737,-5.779861,-3.384651,-0.6471634,-1.125961,-1.843521,-0.7821503,-1.118362,-0.8660049,-0.9777145,-0.8762207
9.925000190734863,,,,,,,,,,,,,,,-0.8371353,-0.7805557,0.003158569,-0.3729172,-0.4264679,-0.5484924,-0.5276031,-0.8682785,-0.5856209,-0.7274475,-0.6166611,-0.7604446,-0.5090904,-0.7844315,-0.3919144,-0.8294144,-5.774979,-3.400276,-0.6461868,-1.119125,-1.847427,-0.7958221,-1.121292,-0.8660049,-0.976738,-0.8703613
9.933333333333334,2.0,-131.0,3.0,-32.0,0.0,-243.0,-3.0,-1475.0,0.0,-2815.0,-1.0,-251.0,-2.0,-1084.0,,,,,,,,,,,,,,,,,,,,,,,,,,
9.933333396911621,,,,,,,,,,,,,,,-0.8351822,-0.7659073,0.0002288818,-0.3778,-0.4254913,-0.5543518,-0.5315094,-0.8770676,-0.5895271,-0.7186584,-0.6166611,-0.7623978,-0.5110435,-0.7736893,-0.3889847,-0.8206253,-5.773026,-3.410042,-0.6432571,-1.111313,-1.853287,-0.8114471,-1.126175,-0.8669815,-0.976738,-0.8605957
9.941666603088379,,,,,,,,,,,,,,,-0.8351822,-0.7502823,-0.005630493,-0.3865891,-0.4254913,-0.5553284,-0.5354156,-0.8819504,-0.5934334,-0.7137756,-0.6156845,-0.7672806,-0.5139732,-0.7619705,-0.3880081,-0.8059769,-5.772049,-3.412971,-0.6334915,-1.100571,-1.860123,-0.8290253,-1.132034,-0.8650284,-0.9757614,-0.8469238
9.949999809265137,,,,,,,,,,,,,,,-0.8332291,-0.7356339,-0.01344299,-0.3973312,-0.4254913,-0.5553284,-0.5393219,-0.8839035,-0.5953865,-0.7108459,-0.6147079,-0.7770462,-0.5217857,-0.754158,-0.3889847,-0.7893753,-5.775955,-3.408089,-0.6237259,-1.088852,-1.865005,-0.8436737,-1.13887,-0.8572159,-0.9738083,-0.8312988
9.958333015441895,,,,,,,,,,,,,,,-0.8342056,-0.7248917,-0.02320862,-0.4080734,-0.428421,-0.5543518,-0.5422516,-0.8799973,-0.5992928,-0.7049866,-0.6127548,-0.7848587,-0.5295982,-0.7512283,-0.3928909,-0.7727737,-5.777908,-3.3993,-0.6090775,-1.07225,-1.868912,-0.8553925,-1.14473,-0.8474503,-0.9738083,-0.8205566
9.966666666666667,2.0,-134.0,3.0,-29.0,0.0,-245.0,-3.0,-1480.0,0.0,-2822.0,-1.0,-248.0,-2.0,-1086.0,,,,,,,,,,,,,,,,,,,,,,,,,,
9.966667175292969,,,,,,,,,,,,,,,-0.8361588,-0.7170792,-0.03297424,-0.4207687,-0.4342804,-0.5523987,-0.5451813,-0.8673019,-0.6012459,-0.6971741,-0.6127548,-0.7897415,-0.5374107,-0.7570877,-0.3977737,-0.7571487,-5.781815,-3.385628,-0.5983353,-1.056625,-1.866959,-0.8641815,-1.153519,-0.8347549,-0.9757614,-0.8137207
9.975000381469727,,,,,,,,,,,,,,,-0.8381119,-0.7112198,-0.04176331,-0.4324875,-0.4381866,-0.5514221,-0.5432281,-0.8526535,-0.6022224,-0.6835022,-0.6127548,-0.7926712,-0.5442467,-0.769783,-0.4055862,-0.74543,-5.783768,-3.366096,-0.5827103,-1.040024,-1.862076,-0.8680878,-1.159378,-0.8201065,-0.9777145,-0.8098145
9.983332633972168,,,,,,,,,,,,,,,-0.8371353,-0.7053604,-0.04566956,-0.4432297,-0.4430695,-0.5523987,-0.5422516,-0.8370285,-0.6041756,-0.6659241,-0.6137314,-0.7946243,-0.5481529,-0.785408,-0.4114456,-0.7405472,-5.784744,-3.348518,-0.570015,-1.025375,-1.856216,-0.8671112,-1.161331,-0.8054581,-0.9825974,-0.8146973
9.991666793823242,,,,,,,,,,,,,,,-0.8361588,-0.7053604,-0.04469299,-0.4481125,-0.4469757,-0.5533752,-0.541275,-0.8194504,-0.6022224,-0.6444397,-0.6098251,-0.7956009,-0.550106,-0.801033,-0.4153519,-0.7425003,-5.784744,-3.33094,-0.5563431,-1.011703,-1.847427,-0.8622284,-1.163284,-0.7908096,-0.9865036,-0.826416
10.0,1.0,-137.0,3.0,-30.0,0.0,-248.0,-3.0,-1483.0,0.0,-2829.0,0.0,-250.0,-2.0,-1092.0,-0.8332291,-0.706337,-0.03981018,-0.4490891,-0.4469757,-0.5533752,-0.5373688,-0.8077316,-0.5983162,-0.6200256,-0.6088486,-0.797554,-0.5520592,-0.8117752,-0.4143753,-0.7503128,-5.783768,-3.317268,-0.5446243,-1.001938,-1.839615,-0.8553925,-1.158401,-0.7790909,-0.9913864,-0.8439941
10.008330345153809,,,,,,,,,,,,,,,-0.8302994,-0.7121964,-0.03004456,-0.4481125,-0.4469757,-0.5504456,-0.5383453,-0.7989426,-0.5914803,-0.5995178,-0.6068954,-0.8053665,-0.5520592,-0.8215408,-0.4114456,-0.7639847,-5.777908,-3.308479,-0.5329056,-0.9960785,-1.836685,-0.8485565,-1.152542,-0.7722549,-0.9962692,-0.8664551
10.016670227050781,,,,,,,,,,,,,,,-0.8283463,-0.7190323,-0.02027893,-0.4471359,-0.444046,-0.5436096,-0.5373688,-0.7930832,-0.5846443,-0.5848694,-0.607872,-0.8190384,-0.5530357,-0.823494,-0.4055862,-0.7796097,-5.773026,-3.303596,-0.52314,-0.9960785,-1.838638,-0.8446503,-1.142776,-0.7693253,-0.9991989,-0.8918457
10.024999618530273,,,,,,,,,,,,,,,-0.8283463,-0.7258682,-0.01148987,-0.4461594,-0.4420929,-0.533844,-0.5383453,-0.7930832,-0.5797615,-0.57901,-0.6088486,-0.8327103,-0.5520592,-0.8186111,-0.3997269,-0.7913284,-5.770096,-3.30555,-0.5153275,-0.9990082,-1.843521,-0.8436737,-1.133011,-0.7732315,-1.001152,-0.9182129
10.033329963684082,,,,,,,,,,,,,,,-0.8342056,-0.7317276,-0.006607056,-0.4451828,-0.4372101,-0.5221252,-0.5393219,-0.7969894,-0.5739021,-0.5809631,-0.6147079,-0.8463821,-0.5491295,-0.8107986,-0.3938675,-0.7991409,-5.768143,-3.308479,-0.5123978,-1.002914,-1.850357,-0.8426971,-1.124222,-0.7829971,-1.000175,-0.9416504
10.033333333333333,1.0,-139.0,3.0,-31.0,0.0,-247.0,-2.0,-1483.0,0.0,-2838.0,0.0,-252.0,-2.0,-1099.0,,,,,,,,,,,,,,,,,,,,,,,,,,
10.041669845581055,,,,,,,,,,,,,,,-0.8420181,-0.7346573,-0.003677368,-0.4403,-0.4333038,-0.5104065,-0.5393219,-0.8038254,-0.5709724,-0.5887756,-0.6195908,-0.8571243,-0.5461998,-0.8000565,-0.3899612,-0.8040237,-5.76619,-3.311409,-0.5123978,-1.004868,-1.861099,-0.840744,-1.112503,-0.7986221,-1.000175,-0.9602051
10.050000190734863,,,,,,,,,,,,,,,-0.8547134,-0.7356339,-0.004653931,-0.4383469,-0.428421,-0.4957581,-0.5393219,-0.8116379,-0.5699959,-0.5995178,-0.6264267,-0.8610306,-0.5422935,-0.7902908,-0.3880081,-0.8020706,-5.764236,-3.315315,-0.5172806,-1.007797,-1.871841,-0.8378143,-1.104691,-0.8152237,-0.9972458,-0.9768066
10.058329582214355,,,,,,,,,,,,,,,-0.871315,-0.7356339,-0.008560181,-0.4373703,-0.4235382,-0.4820862,-0.5373688,-0.8223801,-0.5729256,-0.61026,-0.6332626,-0.8551712,-0.5374107,-0.7795486,-0.3899612,-0.7932816,-5.764236,-3.318245,-0.5250931,-1.00975,-1.88063,-0.831955,-1.095901,-0.8347549,-0.9952927,-0.9855957
10.066666666666666,0.0,-140.0,2.0,-33.0,0.0,-247.0,-1.0,-1483.0,0.0,-2849.0,0.0,-251.0,-2.0,-1105.0,,,,,,,,,,,,,,,,,,,,,,,,,,
10.066670417785645,,,,,,,,,,,,,,,-0.88694,-0.7356339,-0.01246643,-0.4344406,-0.4186554,-0.471344,-0.5354156,-0.8331223,-0.5778084,-0.6180725,-0.6371689,-0.844429,-0.5315514,-0.7736893,-0.3928909,-0.7796097,-5.765213,-3.317268,-0.5329056,-1.008774,-1.892349,-0.8241425,-1.088089,-0.8503799,-0.9913864,-0.9885254
10.074999809265137,,,,,,,,,,,,,,,-0.8976822,-0.737587,-0.01832581,-0.4305344,-0.4108429,-0.4645081,-0.5354156,-0.8419113,-0.5817146,-0.6210022,-0.6400986,-0.8278275,-0.525692,-0.7707596,-0.3967972,-0.7649612,-5.765213,-3.314339,-0.5436478,-1.006821,-1.901138,-0.8124237,-1.0793,-0.8581924,-0.9874802,-0.9875488
10.083330154418945,,,,,,,,,,,,,,,-0.9064713,-0.7434464,-0.02320862,-0.4266281,-0.404007,-0.4625549,-0.5334625,-0.8497238,-0.5856209,-0.6200256,-0.6381454,-0.8063431,-0.5217857,-0.7727127,-0.4007034,-0.7522659,-5.769119,-3.310432,-0.5485306,-1.005844,-1.907974,-0.800705,-1.071487,-0.8611221,-0.9825974,-0.9816895
10.091670036315918,,,,,,,,,,,,,,,-0.9094009,-0.753212,-0.02711487,-0.4227219,-0.397171,-0.4654846,-0.5354156,-0.8526535,-0.587574,-0.6170959,-0.6371689,-0.7838821,-0.5169029,-0.7815018,-0.4036331,-0.7434769,-5.775955,-3.303596,-0.5485306,-1.007797,-1.913834,-0.7919159,-1.066605,-0.8562393,-0.9786911,-0.9729004
10.1,0.0,-141.0,2.0,-29.0,0.0,-246.0,-2.0,-1487.0,0.0,-2859.0,0.0,-253.0,-2.0,-1107.0,,,,,,,,,,,,,,,,,,,,,,,,,,
10.100000381469727,,,,,,,,,,,,,,,-0.9094009,-0.7668839,-0.03102112,-0.4197922,-0.3913116,-0.4742737,-0.5334625,-0.8546066,-0.5895271,-0.6112366,-0.6322861,-0.7604446,-0.5149498,-0.7941971,-0.4065628,-0.7395706,-5.781815,-3.294807,-0.5446243,-1.011703,-1.921646,-0.7841034,-1.062698,-0.8464737,-0.9718552,-0.9611816
10.108329772949219,,,,,,,,,,,,,,,-0.9015884,-0.7805557,-0.03492737,-0.4178391,-0.3893585,-0.4898987,-0.5334625,-0.8565598,-0.5924568,-0.6044006,-0.6264267,-0.7399368,-0.5159264,-0.8059158,-0.4055862,-0.7425003,-5.792557,-3.282112,-0.538765,-1.017563,-1.926529,-0.778244,-1.062698,-0.8328018,-0.9640427,-0.951416
10.116669654846191,,,,,,,,,,,,,,,-0.8957291,-0.793251,-0.03688049,-0.4158859,-0.3893585,-0.5104065,-0.532486,-0.8555832,-0.5924568,-0.6034241,-0.6195908,-0.7233353,-0.5159264,-0.8176346,-0.4065628,-0.7522659,-5.806229,-3.26844,-0.5329056,-1.027328,-1.930435,-0.7762909,-1.069534,-0.8181534,-0.954277,-0.9416504
10.125,,,,,,,,,,,,,,,-0.8888931,-0.8010635,-0.03785706,-0.4158859,-0.3922882,-0.5328674,-0.5315094,-0.8565598,-0.5944099,-0.6053772,-0.6098251,-0.7145462,-0.5169029,-0.8283768,-0.4055862,-0.7669144,-5.815994,-3.254768,-0.5289993,-1.039047,-1.934341,-0.7743378,-1.077347,-0.8044815,-0.9445114,-0.9348145
10.133330345153809,,,,,,,,,,,,,,,-0.8820572,-0.8059464,-0.03688049,-0.4168625,-0.4001007,-0.5572815,-0.5315094,-0.8575363,-0.5953865,-0.61026,-0.6020126,-0.71064,-0.5208092,-0.8400955,-0.4055862,-0.7864456,-5.827713,-3.241096,-0.5250931,-1.048813,-1.938248,-0.7733612,-1.088089,-0.7908096,-0.9308395,-0.9328613
10.133333333333333,0.0,-139.0,2.0,-21.0,0.0,-245.0,-2.0,-1493.0,0.0,-2871.0,-1.0,-259.0,-1.0,-1107.0,,,,,,,,,,,,,,,,,,,,,,,,,,
10.141670227050781,,,,,,,,,,,,,,,-0.8771744,-0.8049698,-0.03492737,-0.4217453,-0.4079132,-0.5777893,-0.532486,-0.8575363,-0.5992928,-0.6170959,-0.5951767,-0.71064,-0.5247154,-0.8459549,-0.4075394,-0.8030472,-5.837479,-3.232307,-0.5241165,-1.057602,-1.939224,-0.7743378,-1.100784,-0.781044,-0.9210739,-0.9367676
10.149999618530273,,,,,,,,,,,,,,,-0.8722916,-0.7991104,-0.03199768,-0.4276047,-0.4157257,-0.5973206,-0.5344391,-0.8565598,-0.603199,-0.6268616,-0.5902939,-0.7184525,-0.5286217,-0.8498611,-0.4104691,-0.8157425,-5.846268,-3.231331,-0.5241165,-1.065414,-1.938248,-0.7792206,-1.112503,-0.7732315,-0.9103317,-0.9455566
10.158329963684082,,,,,,,,,,,,,,,-0.8693619,-0.7922745,-0.02906799,-0.4315109,-0.4225616,-0.611969,-0.5383453,-0.8555832,-0.6061287,-0.6376038,-0.5893173,-0.7340775,-0.5315514,-0.8518143,-0.4114456,-0.8225784,-5.849197,-3.236214,-0.5260696,-1.067368,-1.931412,-0.7821503,-1.119339,-0.7663956,-0.9025192,-0.958252
10.166666666666666,0.0,-135.0,1.0,-17.0,0.0,-244.0,-2.0,-1497.0,0.0,-2881.0,-1.0,-267.0,-1.0,-1106.0,,,,,,,,,,,,,,,,,,,,,,,,,,
10.166669845581055,,,,,,,,,,,,,,,-0.8674088,-0.7854385,-0.02906799,-0.4344406,-0.4264679,-0.6188049,-0.5422516,-0.8526535,-0.6051521,-0.6454163,-0.5912704,-0.7487259,-0.5383873,-0.8508377,-0.4133987,-0.8255081,-5.853104,-3.246956,-0.5270462,-1.067368,-1.924576,-0.7860565,-1.119339,-0.7595596,-0.9015427,-0.9758301
10.175000190734863,,,,,,,,,,,,,,,-0.8644791,-0.7805557,-0.03492737,-0.4373703,-0.428421,-0.6197815,-0.548111,-0.8497238,-0.6041756,-0.6502991,-0.5990829,-0.7614212,-0.5442467,-0.8508377,-0.4143753,-0.823555,-5.85408,-3.265511,-0.5260696,-1.065414,-1.91481,-0.7899628,-1.118362,-0.7527237,-0.9034958,-0.9934082
10.183329582214355,,,,,,,,,,,,,,,-0.8644791,-0.777626,-0.03883362,-0.4383469,-0.428421,-0.6168518,-0.5539703,-0.8467941,-0.6012459,-0.6532288,-0.6117783,-0.7760696,-0.5481529,-0.8488846,-0.4143753,-0.8186722,-5.85701,-3.282112,-0.5250931,-1.063461,-1.899185,-0.793869,-1.109573,-0.7468643,-0.9083786,-1.01001
10.191670417785645,,,,,,,,,,,,,,,-0.8625259,-0.7786026,-0.04664612,-0.4363937,-0.4254913,-0.6109924,-0.5598297,-0.8458176,-0.5963631,-0.6512756,-0.6225204,-0.7848587,-0.550106,-0.8449783,-0.4124222,-0.8128128,-5.861893,-3.29969,-0.5250931,-1.062485,-1.894302,-0.7958221,-1.097855,-0.7400284,-0.9152145,-1.023682
10.199999809265137,,,,,,,,,,,,,,,-0.8595963,-0.7815323,-0.05836487,-0.4344406,-0.4206085,-0.6031799,-0.5656891,-0.8487473,-0.5885506,-0.6493225,-0.6352158,-0.788765,-0.5540123,-0.8400955,-0.4124222,-0.80793,-5.868729,-3.315315,-0.5289993,-1.063461,-1.88942,-0.793869,-1.084183,-0.734169,-0.9249802,-1.036377
10.2,0.0,-134.0,1.0,-17.0,-1.0,-243.0,-2.0,-1499.0,0.0,-2890.0,-2.0,-271.0,-1.0,-1107.0,,,,,,,,,,,,,,,,,,,,,,,,,,
10.208330154418945,,,,,,,,,,,,,,,-0.8595963,-0.784462,-0.06715393,-0.4305344,-0.4167023,-0.596344,-0.5715485,-0.8526535,-0.5826912,-0.6473694,-0.6410751,-0.7897415,-0.5549889,-0.8332596,-0.4104691,-0.8040237,-5.877518,-3.327034,-0.5338821,-1.069321,-1.888443,-0.7909393,-1.071487,-0.7292862,-0.9376755,-1.044189
10.216670036315918,,,,,,,,,,,,,,,-0.8586197,-0.7893448,-0.07496643,-0.4285812,-0.4108429,-0.596344,-0.5774078,-0.8555832,-0.5768318,-0.6463928,-0.6469345,-0.7916946,-0.5540123,-0.8274002,-0.4104691,-0.8020706,-5.887283,-3.335823,-0.5407181,-1.076157,-1.897232,-0.7860565,-1.061722,-0.7244034,-0.9493942,-1.051025
10.225000381469727,,,,,,,,,,,,,,,-0.8586197,-0.7961807,-0.07887268,-0.4295578,-0.4049835,-0.6002502,-0.5813141,-0.8575363,-0.571949,-0.6454163,-0.6479111,-0.7926712,-0.5510826,-0.8225174,-0.4104691,-0.8001175,-5.898026,-3.340706,-0.5465775,-1.084946,-1.910904,-0.7762909,-1.054886,-0.7195206,-0.9591599,-1.053955
10.233329772949219,,,,,,,,,,,,,,,-0.8576431,-0.8010635,-0.07691956,-0.4305344,-0.4010773,-0.6100159,-0.5822906,-0.8594894,-0.5690193,-0.6424866,-0.6469345,-0.7956009,-0.5481529,-0.8147049,-0.4104691,-0.7971878,-5.909744,-3.343636,-0.5495071,-1.093735,-1.927505,-0.7684784,-1.05098,-0.7136612,-0.9679489,-1.052002
10.233333333333333,0.0,-135.0,1.0,-21.0,-2.0,-245.0,-3.0,-1500.0,0.0,-2897.0,-2.0,-273.0,-1.0,-1111.0,,,,,,,,,,,,,,,,,,,,,,,,,,
10.241669654846191,,,,,,,,,,,,,,,-0.8595963,-0.8069229,-0.07106018,-0.4285812,-0.397171,-0.6227112,-0.5822906,-0.8575363,-0.5699959,-0.6424866,-0.6430283,-0.8024368,-0.5442467,-0.807869,-0.4104691,-0.7962112,-5.917557,-3.347542,-0.5504837,-1.101547,-1.941177,-0.7684784,-1.052933,-0.7068253,-0.9786911,-1.046143
10.25,,,,,,,,,,,,,,,-0.8635025,-0.8147354,-0.06324768,-0.4256516,-0.3942413,-0.6363831,-0.579361,-0.8565598,-0.571949,-0.6405334,-0.6381454,-0.8092728,-0.5403404,-0.801033,-0.4124222,-0.7932816,-5.92244,-3.349495,-0.5465775,-1.102524,-1.956802,-0.7704315,-1.055862,-0.7009659,-0.9845505,-1.034424
10.258330345153809,,,,,,,,,,,,,,,-0.8664322,-0.8254776,-0.05250549,-0.4188156,-0.3932648,-0.6451721,-0.5735016,-0.8555832,-0.5787849,-0.6356506,-0.6361923,-0.8151321,-0.5383873,-0.7951736,-0.4143753,-0.7913284,-5.920486,-3.349495,-0.5358353,-1.098618,-1.968521,-0.7772675,-1.060745,-0.6951065,-0.9884567,-1.019775
10.266666666666667,0.0,-133.0,1.0,-27.0,-2.0,-249.0,-3.0,-1500.0,0.0,-2908.0,-3.0,-271.0,-1.0,-1115.0,,,,,,,,,,,,,,,,,,,,,,,,,,
10.266670227050781,,,,,,,,,,,,,,,-0.8703384,-0.8381729,-0.03981018,-0.4100266,-0.3922882,-0.6510315,-0.5666656,-0.8536301,-0.5856209,-0.6317444,-0.6352158,-0.8219681,-0.5383873,-0.7863846,-0.417305,-0.7893753,-5.914627,-3.347542,-0.5241165,-1.092758,-1.973404,-0.7880096,-1.071487,-0.6921768,-0.9904099,-1.000244
10.274999618530273,,,,,,,,,,,,,,,-0.8761978,-0.8528214,-0.02809143,-0.3983078,-0.3913116,-0.6510315,-0.5598297,-0.8546066,-0.5963631,-0.6317444,-0.6371689,-0.8258743,-0.5393639,-0.7805252,-0.4192581,-0.7883987,-5.902908,-3.342659,-0.5114212,-1.07811,-1.979263,-0.8036346,-1.0793,-0.6892471,-0.9904099,-0.982666
10.283329963684082,,,,,,,,,,,,,,,-0.8810806,-0.8664932,-0.01930237,-0.3875656,-0.3922882,-0.6451721,-0.5549469,-0.8575363,-0.6061287,-0.6307678,-0.639122,-0.8258743,-0.5442467,-0.7756424,-0.4212112,-0.7903519,-5.890213,-3.332893,-0.4987259,-1.061508,-1.97731,-0.8212128,-1.088089,-0.6902237,-0.9894333,-0.9680176
10.291669845581055,,,,,,,,,,,,,,,-0.8859634,-0.8801651,-0.01734924,-0.3787766,-0.3903351,-0.6354065,-0.5500641,-0.8614426,-0.6110115,-0.6327209,-0.6440048,-0.8219681,-0.5520592,-0.7707596,-0.4231644,-0.7932816,-5.874588,-3.322151,-0.4889603,-1.04393,-1.978287,-0.8348846,-1.098831,-0.6960831,-0.9865036,-0.9572754
10.3,0.0,-134.0,1.0,-36.0,-2.0,-252.0,-3.0,-1497.0,0.0,-2918.0,-3.0,-269.0,-1.0,-1120.0,,,,,,,,,,,,,,,,,,,,,,,,,,
10.300000190734863,,,,,,,,,,,,,,,-0.8918228,-0.8899307,-0.01539612,-0.3729172,-0.3913116,-0.6236877,-0.5490875,-0.8653488,-0.6158943,-0.6405334,-0.6479111,-0.820015,-0.5598717,-0.7678299,-0.4241409,-0.7971878,-5.857986,-3.310432,-0.4870071,-1.025375,-1.97438,-0.8466034,-1.11055,-0.7068253,-0.9835739,-0.9523926
10.308329582214355,,,,,,,,,,,,,,,-0.8957291,-0.8948135,-0.01637268,-0.3709641,-0.3913116,-0.6158752,-0.5490875,-0.8712082,-0.6158943,-0.6473694,-0.6527939,-0.8190384,-0.5637779,-0.7688065,-0.4212112,-0.8040237,-5.842361,-3.294807,-0.49189,-1.00975,-1.969498,-0.8544159,-1.120316,-0.7214737,-0.9757614,-0.951416
10.316670417785645,,,,,,,,,,,,,,,-0.8996353,-0.893837,-0.01930237,-0.3719406,-0.3913116,-0.6061096,-0.5529938,-0.8741379,-0.6119881,-0.6532288,-0.6557236,-0.8190384,-0.5637779,-0.7736893,-0.4182816,-0.8128128,-5.82869,-3.279182,-0.500679,-0.9960785,-1.963638,-0.8573456,-1.127151,-0.7390518,-0.9669724,-0.9533691
10.324999809265137,,,,,,,,,,,,,,,-0.9054947,-0.8889542,-0.02418518,-0.3758469,-0.3903351,-0.5973206,-0.5549469,-0.8780441,-0.603199,-0.6600647,-0.6567001,-0.820015,-0.5608482,-0.7815018,-0.4153519,-0.8225784,-5.816971,-3.266487,-0.5192337,-0.9892426,-1.952896,-0.856369,-1.132034,-0.7615128,-0.9601364,-0.9543457
10.333330154418945,,,,,,,,,,,,,,,-0.9074478,-0.8791885,-0.02711487,-0.3817062,-0.3913116,-0.5904846,-0.5588531,-0.8799973,-0.5934334,-0.6649475,-0.6537704,-0.8209915,-0.5520592,-0.792244,-0.4114456,-0.8352737,-5.805252,-3.252815,-0.5377884,-0.9911957,-1.944107,-0.8514862,-1.135941,-0.7820206,-0.9523239,-0.9523926
10.333333333333334,0.0,-136.0,2.0,-46.0,-1.0,-254.0,-3.0,-1493.0,0.0,-2929.0,-3.0,-266.0,-1.0,-1123.0,,,,,,,,,,,,,,,,,,,,,,,,,,
10.341670036315918,,,,,,,,,,,,,,,-0.9084244,-0.8684464,-0.03102112,-0.3895187,-0.3903351,-0.5856018,-0.5627594,-0.8809738,-0.5836678,-0.6688538,-0.6508408,-0.8209915,-0.5403404,-0.8049393,-0.4104691,-0.8489456,-5.801346,-3.242073,-0.563179,-0.9970551,-1.936295,-0.8456268,-1.133011,-0.8035049,-0.9445114,-0.9475098
10.350000381469727,,,,,,,,,,,,,,,-0.9103775,-0.8577042,-0.03199768,-0.3983078,-0.3903351,-0.5846252,-0.5686188,-0.8799973,-0.5758553,-0.6698303,-0.6449814,-0.8190384,-0.5276451,-0.8156815,-0.4104691,-0.8596878,-5.798416,-3.236214,-0.5846634,-1.00975,-1.927505,-0.8378143,-1.129105,-0.8220596,-0.938652,-0.9387207
10.358329772949219,,,,,,,,,,,,,,,-0.9094009,-0.8459854,-0.03492737,-0.4070969,-0.3913116,-0.5856018,-0.5715485,-0.8780441,-0.5699959,-0.6708069,-0.6371689,-0.8151321,-0.5159264,-0.8215408,-0.4124222,-0.87043,-5.801346,-3.235237,-0.6071243,-1.026352,-1.92067,-0.831955,-1.117386,-0.8376846,-0.9376755,-0.9289551
10.366666666666667,0.0,-137.0,2.0,-52.0,0.0,-254.0,-3.0,-1497.0,0.0,-2936.0,-3.0,-267.0,-1.0,-1125.0,,,,,,,,,,,,,,,,,,,,,,,,,,
10.366669654846191,,,,,,,,,,,,,,,-0.9074478,-0.8342667,-0.03688049,-0.4139328,-0.3932648,-0.5885315,-0.5764313,-0.8770676,-0.5680428,-0.67276,-0.6283798,-0.8102493,-0.510067,-0.823494,-0.417305,-0.8792191,-5.812088,-3.239143,-0.6266556,-1.045883,-1.91481,-0.8300018,-1.106644,-0.8474503,-0.9425583,-0.9191895
10.375,,,,,,,,,,,,,,,-0.9045181,-0.8225479,-0.03688049,-0.4207687,-0.3961945,-0.5934143,-0.5783844,-0.876091,-0.5680428,-0.6737366,-0.6195908,-0.8073196,-0.5090904,-0.8195877,-0.4251175,-0.8841019,-5.826736,-3.245979,-0.6383743,-1.062485,-1.915787,-0.8280487,-1.094925,-0.8513565,-0.9474411,-0.911377
10.383330345153809,,,,,,,,,,,,,,,-0.8976822,-0.8118057,-0.03981018,-0.4266281,-0.4020538,-0.6002502,-0.5783844,-0.8751144,-0.5729256,-0.67276,-0.6117783,-0.8063431,-0.510067,-0.8088455,-0.4309769,-0.8841019,-5.840408,-3.252815,-0.6403275,-1.076157,-1.91774,-0.8280487,-1.085159,-0.8523331,-0.9562302,-0.9094238
10.391670227050781,,,,,,,,,,,,,,,-0.8898697,-0.8039932,-0.03981018,-0.4285812,-0.4079132,-0.6080627,-0.5774078,-0.8770676,-0.5758553,-0.6717834,-0.6059189,-0.8073196,-0.5169029,-0.7941971,-0.4368362,-0.8792191,-5.85994,-3.259651,-0.641304,-1.084946,-1.921646,-0.8309784,-1.077347,-0.8484268,-0.9640427,-0.9104004
10.399999618530273,,,,,,,,,,,,,,,-0.8840103,-0.7981339,-0.03883362,-0.4276047,-0.4137726,-0.6100159,-0.5744781,-0.8819504,-0.5846443,-0.6698303,-0.6029892,-0.8112259,-0.5208092,-0.7805252,-0.4417191,-0.8723831,-5.876541,-3.262581,-0.6315384,-1.088852,-1.932388,-0.8368378,-1.071487,-0.8367081,-0.9728317,-0.9133301
10.4,0.0,-139.0,2.0,-54.0,0.0,-252.0,-4.0,-1504.0,0.0,-2937.0,-3.0,-269.0,-1.0,-1126.0,,,,,,,,,,,,,,,,,,,,,,,,,,
10.408329963684082,,,,,,,,,,,,,,,-0.8752213,-0.7942276,-0.03785706,-0.4276047,-0.419632,-0.6080627,-0.5715485,-0.8868332,-0.5895271,-0.6669006,-0.6049423,-0.8209915,-0.5266685,-0.7717361,-0.4436722,-0.8645706,-5.890213,-3.262581,-0.6188431,-1.090805,-1.94313,-0.8397675,-1.070511,-0.8220596,-0.9806442,-0.9172363
10.416669845581055,,,,,,,,,,,,,,,-0.8683853,-0.7961807,-0.03492737,-0.4266281,-0.4254913,-0.6041565,-0.5676422,-0.8946457,-0.5944099,-0.6669006,-0.6098251,-0.8327103,-0.5286217,-0.7668533,-0.4426956,-0.854805,-5.899002,-3.257698,-0.6051712,-1.091782,-1.958755,-0.840744,-1.073441,-0.8064346,-0.9845505,-0.9191895
10.425000190734863,,,,,,,,,,,,,,,-0.8605728,-0.7991104,-0.03102112,-0.4256516,-0.4274445,-0.596344,-0.5656891,-0.9014816,-0.6022224,-0.6669006,-0.6166611,-0.8473587,-0.5286217,-0.769783,-0.4387894,-0.8440628,-5.908768,-3.253792,-0.5885696,-1.093735,-1.971451,-0.8417206,-1.078323,-0.7878799,-0.9865036,-0.9172363
10.433329582214355,,,,,,,,,,,,,,,-0.85569,-0.8030167,-0.02809143,-0.4256516,-0.4274445,-0.5865784,-0.5647125,-0.907341,-0.6061287,-0.6688538,-0.6244736,-0.8620071,-0.5295982,-0.7785721,-0.43293,-0.8342972,-5.910721,-3.254768,-0.5748978,-1.096664,-1.987076,-0.8417206,-1.087112,-0.7712784,-0.9835739,-0.9104004
10.433333333333334,0.0,-143.0,2.0,-51.0,0.0,-250.0,-4.0,-1511.0,0.0,-2943.0,-3.0,-275.0,-1.0,-1129.0,,,,,,,,,,,,,,,,,,,,,,,,,,
10.441670417785645,,,,,,,,,,,,,,,-0.8537369,-0.808876,-0.02613831,-0.4256516,-0.4254913,-0.5738831,-0.5627594,-0.9092941,-0.6090584,-0.6737366,-0.6293564,-0.8766556,-0.5305748,-0.7912674,-0.4270706,-0.8264847,-5.912674,-3.260628,-0.5622025,-1.104477,-1.993912,-0.840744,-1.094925,-0.7566299,-0.9806442,-0.9016113
10.449999809265137,,,,,,,,,,,,,,,-0.8537369,-0.8108292,-0.02516174,-0.424675,-0.419632,-0.5602112,-0.5598297,-0.907341,-0.6100349,-0.6854553,-0.6303329,-0.8883743,-0.534481,-0.8059158,-0.4212112,-0.8216019,-5.912674,-3.272346,-0.5524368,-1.114243,-1.998795,-0.8397675,-1.105667,-0.7449112,-0.976738,-0.8918457
10.458330154418945,,,,,,,,,,,,,,,-0.85569,-0.8098526,-0.02223206,-0.4236984,-0.4137726,-0.5455627,-0.5578766,-0.9024582,-0.6080818,-0.6991272,-0.6303329,-0.89814,-0.5422935,-0.8195877,-0.4153519,-0.8186722,-5.909744,-3.286995,-0.5446243,-1.123032,-2.001724,-0.840744,-1.118362,-0.7390518,-0.9708786,-0.8811035
10.466666666666667,0.0,-147.0,2.0,-49.0,0.0,-248.0,-4.0,-1519.0,0.0,-2954.0,-2.0,-279.0,-1.0,-1130.0,,,,,,,,,,,,,,,,,,,,,,,,,,
10.466670036315918,,,,,,,,,,,,,,,-0.8586197,-0.8039932,-0.01832581,-0.4178391,-0.404007,-0.5318909,-0.5559235,-0.8926926,-0.6051521,-0.7147522,-0.6274033,-0.9049759,-0.5520592,-0.8283768,-0.4124222,-0.8196487,-5.909744,-3.304573,-0.5377884,-1.127914,-2.001724,-0.8417206,-1.128128,-0.7380753,-0.9669724,-0.8752441
10.475000381469727,,,,,,,,,,,,,,,-0.8595963,-0.7961807,-0.01246643,-0.4139328,-0.397171,-0.5191956,-0.5529938,-0.8799973,-0.6022224,-0.7313538,-0.6225204,-0.9049759,-0.5647545,-0.832283,-0.4104691,-0.8216019,-5.904861,-3.320198,-0.5329056,-1.126938,-1.994888,-0.8456268,-1.140823,-0.7419815,-0.9669724,-0.8771973
10.483329772949219,,,,,,,,,,,,,,,-0.8586197,-0.7854385,-0.006607056,-0.4080734,-0.3922882,-0.5055237,-0.5490875,-0.8692551,-0.5983162,-0.7450256,-0.6186142,-0.8991165,-0.5754967,-0.8274002,-0.4104691,-0.8245316,-5.899979,-3.332893,-0.5280228,-1.118149,-1.990005,-0.8495331,-1.142776,-0.7458878,-0.9679489,-0.8879395
10.491669654846191,,,,,,,,,,,,,,,-0.8576431,-0.7737198,0.003158569,-0.4031906,-0.3864288,-0.4918518,-0.5510406,-0.860466,-0.5953865,-0.7557678,-0.6166611,-0.8883743,-0.5862389,-0.8186111,-0.4114456,-0.8274612,-5.899002,-3.340706,-0.5250931,-1.107407,-1.987076,-0.8534393,-1.14473,-0.7527237,-0.9728317,-0.9025879
10.5,0.0,-150.0,2.0,-50.0,0.0,-250.0,-4.0,-1527.0,0.0,-2963.0,-2.0,-277.0,-1.0,-1134.0,-0.8547134,-0.7649307,0.01194763,-0.4012375,-0.3864288,-0.4801331,-0.5549469,-0.8536301,-0.5953865,-0.7606506,-0.6205673,-0.8747025,-0.5930748,-0.8068924,-0.4143753,-0.8303909,-5.899002,-3.341682,-0.5192337,-1.093735,-1.98317,-0.8534393,-1.142776,-0.7595596,-0.9786911,-0.9211426
10.508330345153809,,,,,,,,,,,,,,,-0.8508072,-0.7600479,0.01878357,-0.4022141,-0.3913116,-0.4762268,-0.5608063,-0.8516769,-0.5983162,-0.7577209,-0.6244736,-0.8590775,-0.596981,-0.7932205,-0.4153519,-0.8313675,-5.899979,-3.338753,-0.5143509,-1.080063,-1.979263,-0.8495331,-1.133011,-0.7673721,-0.9835739,-0.9387207
10.516670227050781,,,,,,,,,,,,,,,-0.8488541,-0.7571182,0.02268982,-0.4031906,-0.3981476,-0.4762268,-0.5695953,-0.8536301,-0.6002693,-0.7469788,-0.6332626,-0.8375931,-0.5999107,-0.7775955,-0.4153519,-0.8303909,-5.908768,-3.335823,-0.5084915,-1.071274,-1.97438,-0.8417206,-1.120316,-0.7742081,-0.9865036,-0.951416
10.524999618530273,,,,,,,,,,,,,,,-0.8469009,-0.7590714,0.02366638,-0.4061203,-0.4079132,-0.4811096,-0.5774078,-0.8585129,-0.6041756,-0.7294006,-0.6410751,-0.8180618,-0.596981,-0.7688065,-0.4133987,-0.8294144,-5.921463,-3.331917,-0.5026321,-1.068344,-1.971451,-0.8300018,-1.10762,-0.7771378,-0.985527,-0.9572754
10.533329963684082,,,,,,,,,,,,,,,-0.8478775,-0.7659073,0.02171326,-0.4100266,-0.4176788,-0.4928284,-0.5861969,-0.8653488,-0.603199,-0.7079163,-0.6508408,-0.7985306,-0.5960045,-0.7658768,-0.4094925,-0.8274612,-5.938065,-3.328011,-0.4938431,-1.071274,-1.969498,-0.8134003,-1.096878,-0.7781143,-0.9835739,-0.9553223
10.533333333333333,0.0,-151.0,2.0,-51.0,0.0,-255.0,-5.0,-1536.0,0.0,-2971.0,-2.0,-277.0,-1.0,-1142.0,,,,,,,,,,,,,,,,,,,,,,,,,,
10.541669845581055,,,,,,,,,,,,,,,-0.8537369,-0.7786026,0.01683044,-0.4080734,-0.4264679,-0.5123596,-0.5920563,-0.876091,-0.6022224,-0.6854553,-0.6576767,-0.781929,-0.5940514,-0.7678299,-0.4065628,-0.8274612,-5.95369,-3.323128,-0.4899368,-1.082016,-1.968521,-0.7977753,-1.090042,-0.7781143,-0.9757614,-0.9455566
10.550000190734863,,,,,,,,,,,,,,,-0.8625259,-0.793251,0.01194763,-0.4022141,-0.4303741,-0.5328674,-0.5969391,-0.8858566,-0.5992928,-0.6649475,-0.6635361,-0.7682571,-0.5930748,-0.7727127,-0.4026566,-0.8294144,-5.972244,-3.323128,-0.4870071,-1.097641,-1.967545,-0.7841034,-1.089066,-0.7790909,-0.9679489,-0.9309082
10.558329582214355,,,,,,,,,,,,,,,-0.8703384,-0.808876,0.008041382,-0.3914719,-0.4323273,-0.5582581,-0.5969391,-0.8936691,-0.5934334,-0.6493225,-0.6645126,-0.7584915,-0.5920982,-0.7775955,-0.4007034,-0.8313675,-5.988846,-3.322151,-0.4909134,-1.113266,-1.969498,-0.7723846,-1.091995,-0.7771378,-0.961113,-0.9123535
10.566666666666666,0.0,-153.0,1.0,-46.0,0.0,-258.0,-5.0,-1546.0,0.0,-2985.0,-3.0,-278.0,-1.0,-1147.0,,,,,,,,,,,,,,,,,,,,,,,,,,
10.566670417785645,,,,,,,,,,,,,,,-0.8791275,-0.8274307,0.003158569,-0.3768234,-0.4274445,-0.5816956,-0.5910797,-0.9024582,-0.5905037,-0.6376038,-0.6645126,-0.7497025,-0.5911217,-0.7795486,-0.4007034,-0.8372269,-6.000565,-3.317268,-0.4977493,-1.130844,-1.971451,-0.7684784,-1.097855,-0.7732315,-0.9581833,-0.895752
10.574999809265137,,,,,,,,,,,,,,,-0.88694,-0.8450089,0.003158569,-0.3592453,-0.419632,-0.6012268,-0.5842438,-0.9102707,-0.5885506,-0.6336975,-0.6606064,-0.7428665,-0.588192,-0.7775955,-0.4026566,-0.8430862,-6.005447,-3.312386,-0.5114212,-1.146469,-1.975357,-0.7704315,-1.102737,-0.7693253,-0.9533005,-0.8811035
10.583330154418945,,,,,,,,,,,,,,,-0.8908463,-0.8577042,0.003158569,-0.3387375,-0.4118195,-0.6139221,-0.5764313,-0.9151535,-0.5865974,-0.6336975,-0.654747,-0.735054,-0.5852623,-0.7688065,-0.4075394,-0.8479691,-6.007401,-3.306526,-0.5309525,-1.157211,-1.982193,-0.7762909,-1.108597,-0.7644424,-0.9503708,-0.8713379
10.591670036315918,,,,,,,,,,,,,,,-0.8908463,-0.8664932,0.006088257,-0.3221359,-0.4030304,-0.6207581,-0.5695953,-0.9132004,-0.5924568,-0.6356506,-0.6469345,-0.7282181,-0.5823326,-0.7531815,-0.4163284,-0.854805,-6.005447,-3.298714,-0.5485306,-1.164047,-1.990982,-0.7831268,-1.108597,-0.7595596,-0.9484177,-0.8654785
10.6,0.0,-152.0,2.0,-40.0,0.0,-260.0,-4.0,-1552.0,0.0,-2999.0,-3.0,-275.0,-2.0,-1151.0,,,,,,,,,,,,,,,,,,,,,,,,,,
10.600000381469727,,,,,,,,,,,,,,,-0.8879166,-0.8694229,0.01097107,-0.3065109,-0.3961945,-0.6178284,-0.563736,-0.9102707,-0.6022224,-0.6424866,-0.6410751,-0.7223587,-0.5774498,-0.7336502,-0.4251175,-0.8587112,-5.999588,-3.288948,-0.5680618,-1.166,-2.000748,-0.7899628,-1.10762,-0.7566299,-0.9474411,-0.8654785
10.608329772949219,,,,,,,,,,,,,,,-0.8801041,-0.8664932,0.01487732,-0.2947922,-0.3903351,-0.6080627,-0.5598297,-0.9044113,-0.6119881,-0.6522522,-0.6332626,-0.7184525,-0.5735435,-0.7180252,-0.4348831,-0.8606644,-5.992752,-3.281136,-0.5817337,-1.159164,-2.015396,-0.7958221,-1.101761,-0.7527237,-0.9425583,-0.8703613
10.616669654846191,,,,,,,,,,,,,,,-0.8732681,-0.8606339,0.01976013,-0.2869797,-0.3854523,-0.5943909,-0.5588531,-0.8936691,-0.6246834,-0.6590881,-0.6274033,-0.7155228,-0.572567,-0.7043533,-0.4446487,-0.8616409,-5.986893,-3.275276,-0.5875931,-1.148422,-2.031998,-0.800705,-1.096878,-0.7488174,-0.9396286,-0.8771973
10.625,,,,,,,,,,,,,,,-0.8644791,-0.8528214,0.02171326,-0.2820969,-0.3825226,-0.5768127,-0.5598297,-0.8819504,-0.6373787,-0.6669006,-0.6254501,-0.7174759,-0.572567,-0.6994705,-0.4563675,-0.8596878,-5.980057,-3.27137,-0.5846634,-1.135727,-2.050552,-0.8055878,-1.090042,-0.7488174,-0.938652,-0.888916
10.633330345153809,,,,,,,,,,,,,,,-0.8566666,-0.8450089,0.02464294,-0.2811203,-0.3805695,-0.5611877,-0.5627594,-0.8692551,-0.650074,-0.6747131,-0.6254501,-0.7213821,-0.5745201,-0.7004471,-0.46418,-0.8577347,-5.976151,-3.273323,-0.5768509,-1.119125,-2.069107,-0.8104706,-1.086136,-0.7517471,-0.9406052,-0.9016113
10.633333333333333,0.0,-152.0,2.0,-38.0,-1.0,-260.0,-4.0,-1555.0,0.0,-3010.0,-3.0,-271.0,-2.0,-1152.0,,,,,,,,,,,,,,,,,,,,,,,,,,
10.641670227050781,,,,,,,,,,,,,,,-0.8537369,-0.8381729,0.02561951,-0.2791672,-0.3795929,-0.5465393,-0.563736,-0.8546066,-0.6598396,-0.6815491,-0.6283798,-0.7252884,-0.5764732,-0.7063065,-0.4710159,-0.8557816,-5.975174,-3.282112,-0.5661087,-1.1035,-2.078873,-0.81633,-1.084183,-0.7556534,-0.945488,-0.9133301
10.649999618530273,,,,,,,,,,,,,,,-0.8517838,-0.8362198,0.02757263,-0.2801437,-0.3805695,-0.533844,-0.5647125,-0.8399582,-0.6627693,-0.688385,-0.6322861,-0.7311478,-0.5774498,-0.714119,-0.4739456,-0.8508987,-5.976151,-3.296761,-0.5504837,-1.090805,-2.087662,-0.8231659,-1.088089,-0.7595596,-0.954277,-0.9260254
10.658329963684082,,,,,,,,,,,,,,,-0.8547134,-0.840126,0.02659607,-0.28405,-0.381546,-0.5279846,-0.563736,-0.8262863,-0.6627693,-0.6952209,-0.6371689,-0.7399368,-0.5764732,-0.7219315,-0.4719925,-0.8460159,-5.97908,-3.311409,-0.5348587,-1.081039,-2.090591,-0.8280487,-1.090042,-0.7624893,-0.9689255,-0.935791
10.666666666666666,0.0,-152.0,3.0,-37.0,-1.0,-259.0,-4.0,-1556.0,0.0,-3018.0,-3.0,-269.0,-2.0,-1153.0,,,,,,,,,,,,,,,,,,,,,,,,,,
10.666669845581055,,,,,,,,,,,,,,,-0.8605728,-0.8450089,0.02464294,-0.2879562,-0.3834991,-0.5221252,-0.5598297,-0.8116379,-0.6569099,-0.7020569,-0.639122,-0.7487259,-0.5735435,-0.7258377,-0.4690628,-0.8421097,-5.981033,-3.33094,-0.5250931,-1.077133,-2.087662,-0.8300018,-1.092972,-0.7673721,-0.9816208,-0.942627
10.675000190734863,,,,,,,,,,,,,,,-0.8683853,-0.8489151,0.02366638,-0.2928391,-0.3874054,-0.518219,-0.5569,-0.7969894,-0.6490974,-0.7088928,-0.639122,-0.7584915,-0.5667076,-0.7238846,-0.4622269,-0.8362503,-5.98494,-3.351448,-0.5172806,-1.076157,-2.078873,-0.8270721,-1.097855,-0.7751846,-0.9991989,-0.9465332
10.683329582214355,,,,,,,,,,,,,,,-0.8732681,-0.8547745,0.01878357,-0.2977219,-0.3922882,-0.5143127,-0.5539703,-0.7842941,-0.6403084,-0.7127991,-0.6361923,-0.7711868,-0.556942,-0.7190018,-0.4534378,-0.8274612,-5.988846,-3.366096,-0.516304,-1.079086,-2.07106,-0.8182831,-1.104691,-0.7829971,-1.012871,-0.9465332
10.691670417785645,,,,,,,,,,,,,,,-0.8801041,-0.8577042,0.01292419,-0.3016281,-0.3952179,-0.5074768,-0.5510406,-0.7735519,-0.6315193,-0.7157288,-0.6283798,-0.7858353,-0.5491295,-0.7111893,-0.4446487,-0.8176956,-5.990799,-3.374886,-0.5182571,-1.089828,-2.067154,-0.8065643,-1.112503,-0.7947159,-1.02459,-0.942627
10.699999809265137,,,,,,,,,,,,,,,-0.8830338,-0.8586807,0.006088257,-0.3035812,-0.3981476,-0.4996643,-0.5500641,-0.7686691,-0.6237068,-0.7147522,-0.6186142,-0.7985306,-0.5403404,-0.7014236,-0.4378128,-0.8020706,-5.992752,-3.374886,-0.5260696,-1.102524,-2.065201,-0.7928925,-1.118362,-0.8054581,-1.029472,-0.9328613
10.7,0.0,-150.0,4.0,-38.0,-1.0,-256.0,-4.0,-1559.0,0.0,-3028.0,-2.0,-271.0,-2.0,-1153.0,,,,,,,,,,,,,,,,,,,,,,,,,,
10.708330154418945,,,,,,,,,,,,,,,-0.8820572,-0.8586807,-0.001724243,-0.3055344,-0.4020538,-0.4938049,-0.5529938,-0.7686691,-0.6198006,-0.7088928,-0.6088486,-0.8082962,-0.534481,-0.6926346,-0.4339066,-0.7844925,-5.998611,-3.366096,-0.5368118,-1.119125,-2.070084,-0.7811737,-1.126175,-0.8162003,-1.029472,-0.9191895
10.716670036315918,,,,,,,,,,,,,,,-0.8781509,-0.8567276,-0.007583618,-0.3026047,-0.4030304,-0.4898987,-0.5569,-0.7725754,-0.6207771,-0.7001038,-0.6010361,-0.8141556,-0.5325279,-0.6848221,-0.4309769,-0.7639847,-6.002518,-3.353401,-0.547554,-1.138657,-2.080826,-0.7714081,-1.129105,-0.8249893,-1.02166,-0.9025879
10.725000381469727,,,,,,,,,,,,,,,-0.8752213,-0.8537979,-0.01344299,-0.2986984,-0.4069366,-0.4859924,-0.5608063,-0.7842941,-0.6227303,-0.6874084,-0.5961533,-0.813179,-0.5335045,-0.6799393,-0.4309769,-0.7425003,-6.009354,-3.335823,-0.5622025,-1.157211,-2.091568,-0.7665253,-1.131058,-0.827919,-1.007011,-0.8840332
10.733329772949219,,,,,,,,,,,,,,,-0.8683853,-0.8508682,-0.01637268,-0.2947922,-0.4108429,-0.486969,-0.5647125,-0.7999191,-0.6285896,-0.6717834,-0.5942001,-0.8073196,-0.5383873,-0.6789627,-0.4319534,-0.7200394,-6.01619,-3.316292,-0.5729446,-1.174789,-2.101334,-0.7675018,-1.133011,-0.827919,-0.9894333,-0.8654785
10.733333333333333,0.0,-150.0,4.0,-39.0,0.0,-255.0,-4.0,-1563.0,0.0,-3037.0,-2.0,-276.0,-1.0,-1153.0,,,,,,,,,,,,,,,,,,,,,,,,,,
10.741669654846191,,,,,,,,,,,,,,,-0.8654556,-0.8459854,-0.01832581,-0.2889328,-0.4147491,-0.4918518,-0.5695953,-0.8184738,-0.6334724,-0.6581116,-0.5961533,-0.7985306,-0.5491295,-0.6770096,-0.4378128,-0.7024612,-6.023026,-3.300667,-0.5807571,-1.188461,-2.10817,-0.769455,-1.131058,-0.8240128,-0.9708786,-0.848877
10.75,,,,,,,,,,,,,,,-0.8654556,-0.8381729,-0.01930237,-0.2830734,-0.4186554,-0.4977112,-0.5754547,-0.8370285,-0.6403084,-0.6473694,-0.6029892,-0.7868118,-0.5618248,-0.6770096,-0.4426956,-0.6897659,-6.029861,-3.286995,-0.5875931,-1.195297,-2.110123,-0.7714081,-1.129105,-0.8171768,-0.954277,-0.8352051
10.758330345153809,,,,,,,,,,,,,,,-0.8683853,-0.8274307,-0.02027893,-0.2801437,-0.4215851,-0.5055237,-0.5803375,-0.8536301,-0.6451912,-0.6385803,-0.6088486,-0.7711868,-0.5774498,-0.6779861,-0.4495316,-0.6819534,-6.036697,-3.282112,-0.5914993,-1.194321,-2.110123,-0.7743378,-1.128128,-0.8113174,-0.9406052,-0.826416
10.766666666666667,0.0,-152.0,4.0,-41.0,0.0,-252.0,-3.0,-1568.0,-1.0,-3043.0,-2.0,-280.0,0.0,-1156.0,,,,,,,,,,,,,,,,,,,,,,,,,,
10.766670227050781,,,,,,,,,,,,,,,-0.8732681,-0.8166885,-0.02125549,-0.2781906,-0.4245148,-0.5123596,-0.5861969,-0.8682785,-0.650074,-0.6317444,-0.6156845,-0.757515,-0.5920982,-0.6799393,-0.4573441,-0.6819534,-6.037674,-3.284065,-0.594429,-1.188461,-2.103287,-0.778244,-1.126175,-0.8074112,-0.9308395,-0.8215332
10.774999618530273,,,,,,,,,,,,,,,-0.8810806,-0.8039932,-0.02223206,-0.2801437,-0.4264679,-0.518219,-0.5930328,-0.8809738,-0.6530037,-0.6268616,-0.6215439,-0.7448196,-0.6057701,-0.682869,-0.4632034,-0.6887894,-6.036697,-3.286995,-0.594429,-1.176743,-2.094498,-0.778244,-1.127151,-0.8054581,-0.9269333,-0.8225098
10.783329963684082,,,,,,,,,,,,,,,-0.8898697,-0.7903214,-0.02516174,-0.2850266,-0.4254913,-0.5221252,-0.5998688,-0.8897629,-0.6578865,-0.6229553,-0.6264267,-0.735054,-0.6145592,-0.6877518,-0.4651566,-0.6995316,-6.037674,-3.289925,-0.5905228,-1.162094,-2.087662,-0.7772675,-1.126175,-0.8064346,-0.9308395,-0.8254395
10.791669845581055,,,,,,,,,,,,,,,-0.8967056,-0.777626,-0.02613831,-0.2918625,-0.4245148,-0.5221252,-0.603775,-0.8936691,-0.6608162,-0.6190491,-0.6293564,-0.7252884,-0.6174889,-0.6945877,-0.4680862,-0.71418,-6.037674,-3.294807,-0.5905228,-1.146469,-2.083755,-0.7762909,-1.124222,-0.8103409,-0.9376755,-0.8293457
10.8,0.0,-155.0,5.0,-41.0,0.0,-254.0,-3.0,-1572.0,-1.0,-3047.0,-2.0,-282.0,0.0,-1164.0,,,,,,,,,,,,,,,,,,,,,,,,,,
10.800000190734863,,,,,,,,,,,,,,,-0.9035416,-0.7717667,-0.02711487,-0.2986984,-0.4225616,-0.5211487,-0.6076813,-0.8975754,-0.6666756,-0.6141663,-0.6352158,-0.719429,-0.6155357,-0.6994705,-0.46418,-0.7317581,-6.036697,-3.294807,-0.58564,-1.130844,-2.081802,-0.7733612,-1.117386,-0.812294,-0.9484177,-0.833252
10.808329582214355,,,,,,,,,,,,,,,-0.9064713,-0.7698135,-0.02711487,-0.3026047,-0.419632,-0.5172424,-0.6076813,-0.8995285,-0.6705818,-0.6073303,-0.6400986,-0.7155228,-0.6086998,-0.7063065,-0.4583206,-0.7473831,-6.036697,-3.293831,-0.5807571,-1.113266,-2.084732,-0.769455,-1.11348,-0.8162003,-0.9591599,-0.8381348
10.816670417785645,,,,,,,,,,,,,,,-0.9074478,-0.7698135,-0.02418518,-0.3026047,-0.4206085,-0.5074768,-0.603775,-0.9005051,-0.6744881,-0.6004944,-0.6469345,-0.7155228,-0.5950279,-0.7102127,-0.4524612,-0.7600784,-6.038651,-3.290901,-0.5748978,-1.097641,-2.087662,-0.7655487,-1.10762,-0.8210831,-0.9738083,-0.8410645
10.824999809265137,,,,,,,,,,,,,,,-0.9045181,-0.7717667,-0.02027893,-0.2967453,-0.4225616,-0.4967346,-0.5998688,-0.8995285,-0.6774178,-0.594635,-0.6557236,-0.7174759,-0.581356,-0.7121658,-0.4456253,-0.7669144,-6.042557,-3.286995,-0.5661087,-1.079086,-2.091568,-0.762619,-1.100784,-0.8220596,-0.9894333,-0.842041
10.833330154418945,,,,,,,,,,,,,,,-0.9006119,-0.7746964,-0.01734924,-0.28405,-0.4274445,-0.4879456,-0.5930328,-0.8946457,-0.6783943,-0.5907288,-0.6645126,-0.7213821,-0.5667076,-0.7131424,-0.4407425,-0.7717972,-6.04451,-3.284065,-0.5592728,-1.062485,-2.093521,-0.7577362,-1.096878,-0.8230362,-1.006035,-0.842041
10.833333333333334,0.0,-155.0,5.0,-40.0,-1.0,-261.0,-3.0,-1575.0,-1.0,-3048.0,-2.0,-287.0,0.0,-1171.0,,,,,,,,,,,,,,,,,,,,,,,,,,
10.841670036315918,,,,,,,,,,,,,,,-0.8986588,-0.7795792,-0.01441956,-0.2654953,-0.4313507,-0.4781799,-0.5871735,-0.8887863,-0.6793709,-0.5917053,-0.6713486,-0.7272415,-0.5549889,-0.7111893,-0.4368362,-0.7708206,-6.051346,-3.286995,-0.5534134,-1.042953,-2.090591,-0.7518768,-1.093948,-0.8230362,-1.023613,-0.8430176
10.850000381469727,,,,,,,,,,,,,,,-0.8967056,-0.784462,-0.01539612,-0.2488937,-0.4372101,-0.4703674,-0.5822906,-0.8799973,-0.6764412,-0.5926819,-0.6752548,-0.7340775,-0.5442467,-0.7082596,-0.4358597,-0.7630081,-6.056229,-3.289925,-0.547554,-1.023422,-2.086685,-0.7479706,-1.091995,-0.8191299,-1.040215,-0.8410645
10.858329772949219,,,,,,,,,,,,,,,-0.8937759,-0.7873917,-0.01637268,-0.2352219,-0.4411163,-0.4693909,-0.579361,-0.8682785,-0.6715584,-0.5956116,-0.6752548,-0.7428665,-0.5403404,-0.7033768,-0.4339066,-0.7551956,-6.059158,-3.293831,-0.5465775,-1.007797,-2.080826,-0.7450409,-1.091019,-0.8142471,-1.054863,-0.8381348
10.866666666666667,0.0,-153.0,5.0,-39.0,-1.0,-267.0,-3.0,-1579.0,0.0,-3052.0,-2.0,-288.0,0.0,-1174.0,,,,,,,,,,,,,,,,,,,,,,,,,,
10.866669654846191,,,,,,,,,,,,,,,-0.8947525,-0.7883682,-0.02223206,-0.2235031,-0.4430695,-0.4752502,-0.579361,-0.8555832,-0.6676521,-0.6004944,-0.6733017,-0.7516556,-0.541317,-0.7004471,-0.4339066,-0.7512894,-6.063065,-3.295784,-0.5485306,-0.9941254,-2.073013,-0.7411346,-1.089066,-0.8074112,-1.066582,-0.8342285
10.875,,,,,,,,,,,,,,,-0.8957291,-0.7873917,-0.02906799,-0.2186203,-0.444046,-0.486969,-0.5783844,-0.8428879,-0.6637459,-0.6083069,-0.6693954,-0.757515,-0.5461998,-0.7004471,-0.4309769,-0.7493362,-6.068924,-3.297737,-0.55439,-0.9863129,-2.06813,-0.7401581,-1.083206,-0.7995987,-1.075371,-0.8283691
10.883330345153809,,,,,,,,,,,,,,,-0.8976822,-0.7873917,-0.03785706,-0.2186203,-0.444046,-0.5045471,-0.5803375,-0.8282394,-0.6588631,-0.6112366,-0.6654892,-0.7623978,-0.556942,-0.7024002,-0.4270706,-0.7522659,-6.07283,-3.297737,-0.5602493,-0.988266,-2.066177,-0.7430878,-1.074417,-0.7908096,-1.077324,-0.8215332
10.891670227050781,,,,,,,,,,,,,,,-0.9015884,-0.7883682,-0.04273987,-0.22155,-0.4430695,-0.5231018,-0.5852203,-0.8184738,-0.6569099,-0.6141663,-0.6635361,-0.7633743,-0.5706139,-0.7082596,-0.4231644,-0.7620316,-6.073807,-3.294807,-0.5651321,-0.9960785,-2.065201,-0.746994,-1.066605,-0.7820206,-1.073418,-0.8127441
10.899999618530273,,,,,,,,,,,,,,,-0.9064713,-0.7883682,-0.04566956,-0.2235031,-0.4420929,-0.5406799,-0.5901031,-0.8106613,-0.6559334,-0.6141663,-0.6615829,-0.7604446,-0.5862389,-0.7180252,-0.4192581,-0.7776566,-6.074783,-3.288948,-0.5690384,-1.011703,-2.06813,-0.7518768,-1.058792,-0.7742081,-1.063652,-0.802002
10.9,0.0,-149.0,4.0,-35.0,-1.0,-272.0,-3.0,-1584.0,0.0,-3058.0,-2.0,-287.0,0.0,-1177.0,,,,,,,,,,,,,,,,,,,,,,,,,,
10.908329963684082,,,,,,,,,,,,,,,-0.9103775,-0.7873917,-0.04664612,-0.22155,-0.4411163,-0.5572815,-0.594986,-0.8048019,-0.6578865,-0.6122131,-0.6645126,-0.7526321,-0.6018639,-0.7316971,-0.4133987,-0.7942581,-6.076736,-3.285042,-0.5719681,-1.032211,-2.073013,-0.7577362,-1.054886,-0.7663956,-1.050957,-0.7902832
10.916669845581055,,,,,,,,,,,,,,,-0.9152603,-0.7864151,-0.04566956,-0.2176437,-0.4420929,-0.5680237,-0.5979156,-0.8038254,-0.6578865,-0.6092834,-0.6654892,-0.7428665,-0.6145592,-0.7482986,-0.4104691,-0.8089066,-6.074783,-3.282112,-0.5739212,-1.055649,-2.07692,-0.762619,-1.057816,-0.7566299,-1.035332,-0.7805176
10.925000190734863,,,,,,,,,,,,,,,-0.9211197,-0.7893448,-0.04566956,-0.2117844,-0.4411163,-0.5768127,-0.5998688,-0.8038254,-0.6627693,-0.6053772,-0.6684189,-0.7311478,-0.6253014,-0.7658768,-0.4036331,-0.8245316,-6.074783,-3.277229,-0.570015,-1.079086,-2.080826,-0.7645721,-1.065628,-0.7458878,-1.020683,-0.7727051
10.933329582214355,,,,,,,,,,,,,,,-0.9269791,-0.7942276,-0.04566956,-0.2069016,-0.4401398,-0.580719,-0.5998688,-0.8057785,-0.6627693,-0.6004944,-0.6674423,-0.7204056,-0.6301842,-0.7805252,-0.40168,-0.8372269,-6.074783,-3.272346,-0.5670853,-1.102524,-2.081802,-0.762619,-1.0793,-0.7380753,-1.006035,-0.7687988
10.933333333333334,0.0,-146.0,5.0,-32.0,-1.0,-273.0,-4.0,-1588.0,0.0,-3065.0,-2.0,-290.0,0.0,-1178.0,,,,,,,,,,,,,,,,,,,,,,,,,,
10.941670417785645,,,,,,,,,,,,,,,-0.9328384,-0.800087,-0.04957581,-0.2039719,-0.4411163,-0.5875549,-0.5959625,-0.8096848,-0.6617928,-0.5995178,-0.6645126,-0.7174759,-0.6311607,-0.7932205,-0.4007034,-0.8450394,-6.073807,-3.267464,-0.5622025,-1.117172,-2.078873,-0.7567596,-1.098831,-0.7292862,-0.9962692,-0.7717285
10.949999809265137,,,,,,,,,,,,,,,-0.9357681,-0.8069229,-0.05348206,-0.2039719,-0.4401398,-0.5934143,-0.5891266,-0.8116379,-0.6588631,-0.5995178,-0.6625595,-0.7174759,-0.628231,-0.7981033,-0.3987503,-0.8479691,-6.073807,-3.259651,-0.5573196,-1.125961,-2.075943,-0.746994,-1.115433,-0.7204971,-0.9874802,-0.779541
10.958330154418945,,,,,,,,,,,,,,,-0.9357681,-0.8118057,-0.05934143,-0.2069016,-0.4391632,-0.5982971,-0.5803375,-0.813591,-0.6549568,-0.5995178,-0.6567001,-0.7213821,-0.6213951,-0.7981033,-0.4007034,-0.8508987,-6.073807,-3.247932,-0.5504837,-1.125961,-2.069107,-0.7323456,-1.133987,-0.7156143,-0.9865036,-0.7971191
10.966666666666667,0.0,-145.0,4.0,-30.0,-1.0,-274.0,-4.0,-1593.0,0.0,-3072.0,-3.0,-290.0,0.0,-1178.0,,,,,,,,,,,,,,,,,,,,,,,,,,
10.966670036315918,,,,,,,,,,,,,,,-0.9347916,-0.8176651,-0.06422424,-0.2137375,-0.4372101,-0.6022034,-0.5705719,-0.8155441,-0.6481209,-0.6034241,-0.6537704,-0.7282181,-0.6165123,-0.7951736,-0.4036331,-0.8518753,-6.07576,-3.235237,-0.5485306,-1.119125,-2.063248,-0.7186737,-1.145706,-0.7146378,-0.9874802,-0.8186035
10.975000381469727,,,,,,,,,,,,,,,-0.9299088,-0.8196182,-0.06520081,-0.2195969,-0.4342804,-0.6061096,-0.563736,-0.8155441,-0.6412849,-0.6044006,-0.6488876,-0.7360306,-0.6086998,-0.7863846,-0.4114456,-0.8508987,-6.073807,-3.221565,-0.547554,-1.10936,-2.058365,-0.706955,-1.151566,-0.7136612,-0.9913864,-0.8439941
10.983329772949219,,,,,,,,,,,,,,,-0.9250259,-0.8166885,-0.06324768,-0.2244797,-0.4333038,-0.6070862,-0.5569,-0.8116379,-0.6334724,-0.6073303,-0.6488876,-0.7438431,-0.6057701,-0.776619,-0.4182816,-0.8518753,-6.069901,-3.206917,-0.5553665,-1.096664,-2.054459,-0.6971893,-1.154495,-0.7117081,-0.9962692,-0.8684082
10.991669654846191,,,,,,,,,,,,,,,-0.9211197,-0.8098526,-0.05934143,-0.2313156,-0.4313507,-0.6070862,-0.5539703,-0.8067551,-0.6305428,-0.6112366,-0.6498642,-0.7457962,-0.6047935,-0.7707596,-0.4270706,-0.8538284,-6.068924,-3.194221,-0.5622025,-1.084946,-2.053482,-0.6932831,-1.151566,-0.7097549,-1.000175,-0.8898926
11.0,0.0,-145.0,4.0,-28.0,0.0,-276.0,-4.0,-1597.0,0.0,-3082.0,-3.0,-290.0,0.0,-1181.0,-0.9142838,-0.800087,-0.05152893,-0.2361984,-0.4264679,-0.6041565,-0.5529938,-0.7999191,-0.6276131,-0.6141663,-0.6527939,-0.7438431,-0.6047935,-0.7678299,-0.4348831,-0.8508987,-6.067947,-3.183479,-0.5729446,-1.073227,-2.058365,-0.6952362,-1.146683,-0.7068253,-1.005058,-0.9025879
11.008330345153809,,,,,,,,,,,,,,,-0.9113541,-0.7893448,-0.04273987,-0.2401047,-0.4264679,-0.5982971,-0.5559235,-0.7891769,-0.6285896,-0.6200256,-0.6557236,-0.7409134,-0.6057701,-0.7639236,-0.4407425,-0.8499222,-6.064041,-3.179573,-0.5836868,-1.069321,-2.064224,-0.7050018,-1.1418,-0.7038956,-1.007988,-0.9064941
11.016670227050781,,,,,,,,,,,,,,,-0.9094009,-0.7805557,-0.03590393,-0.2430344,-0.4245148,-0.5914612,-0.5598297,-0.7755051,-0.6334724,-0.625885,-0.6576767,-0.7370071,-0.6077232,-0.7639236,-0.4466019,-0.8469925,-6.061111,-3.18055,-0.5895462,-1.067368,-2.073013,-0.7186737,-1.137894,-0.7009659,-1.009941,-0.904541
11.024999618530273,,,,,,,,,,,,,,,-0.9064713,-0.7746964,-0.02711487,-0.2440109,-0.4254913,-0.5856018,-0.5656891,-0.7618332,-0.6403084,-0.6317444,-0.6576767,-0.735054,-0.6086998,-0.7649002,-0.448555,-0.8430862,-6.061111,-3.185432,-0.5905228,-1.066391,-2.086685,-0.7372284,-1.134964,-0.6999893,-1.011894,-0.895752
11.033329963684082,,,,,,,,,,,,,,,-0.9035416,-0.7746964,-0.02418518,-0.2410812,-0.4245148,-0.5777893,-0.5705719,-0.7491379,-0.6481209,-0.6366272,-0.6567001,-0.7360306,-0.6086998,-0.7668533,-0.448555,-0.8362503,-6.062088,-3.198128,-0.5895462,-1.063461,-2.095474,-0.7567596,-1.134964,-0.7019424,-1.010918,-0.8850098
11.033333333333333,1.0,-149.0,4.0,-30.0,0.0,-277.0,-4.0,-1600.0,0.0,-3091.0,-3.0,-290.0,0.0,-1188.0,,,,,,,,,,,,,,,,,,,,,,,,,,
11.041669845581055,,,,,,,,,,,,,,,-0.8996353,-0.7795792,-0.02223206,-0.2361984,-0.4254913,-0.5690002,-0.5735016,-0.7383957,-0.6549568,-0.6405334,-0.6527939,-0.74189,-0.6077232,-0.7707596,-0.4456253,-0.8284378,-6.064041,-3.214729,-0.5827103,-1.058578,-2.106216,-0.7733612,-1.137894,-0.7078018,-1.011894,-0.8742676
11.050000190734863,,,,,,,,,,,,,,,-0.8947525,-0.7893448,-0.02125549,-0.2254562,-0.4254913,-0.5592346,-0.5783844,-0.7325363,-0.6647224,-0.6444397,-0.6469345,-0.7497025,-0.6067467,-0.776619,-0.4407425,-0.823555,-6.068924,-3.234261,-0.5729446,-1.049789,-2.114029,-0.7880096,-1.1418,-0.7195206,-1.013847,-0.8664551
11.058329582214355,,,,,,,,,,,,,,,-0.8879166,-0.8010635,-0.02320862,-0.2166672,-0.4274445,-0.5514221,-0.5803375,-0.7305832,-0.6715584,-0.6454163,-0.6400986,-0.7584915,-0.603817,-0.7873611,-0.4387894,-0.8196487,-6.077713,-3.256721,-0.5661087,-1.037094,-2.117935,-0.7977753,-1.145706,-0.7312393,-1.011894,-0.8635254
11.066666666666666,1.0,-153.0,3.0,-33.0,0.0,-277.0,-3.0,-1606.0,0.0,-3095.0,-2.0,-290.0,0.0,-1195.0,,,,,,,,,,,,,,,,,,,,,,,,,,
11.066670417785645,,,,,,,,,,,,,,,-0.8830338,-0.8127823,-0.02711487,-0.2088547,-0.4303741,-0.5445862,-0.5832672,-0.7335129,-0.6754646,-0.6444397,-0.6332626,-0.7672806,-0.6018639,-0.8000565,-0.4368362,-0.8186722,-6.086502,-3.278206,-0.5592728,-1.023422,-2.118912,-0.800705,-1.153519,-0.7400284,-1.012871,-0.8625488
11.074999809265137,,,,,,,,,,,,,,,-0.8771744,-0.8225479,-0.03102112,-0.2039719,-0.4342804,-0.5357971,-0.5842438,-0.7413254,-0.6754646,-0.6424866,-0.6293564,-0.7721634,-0.5989342,-0.8107986,-0.4358597,-0.8216019,-6.095291,-3.297737,-0.5553665,-1.010727,-2.114029,-0.7977753,-1.160355,-0.7419815,-1.012871,-0.8615723
11.083330154418945,,,,,,,,,,,,,,,-0.8732681,-0.831337,-0.03883362,-0.2039719,-0.4401398,-0.5279846,-0.5852203,-0.7520676,-0.6725349,-0.6395569,-0.6244736,-0.7702103,-0.596981,-0.8215408,-0.4358597,-0.8284378,-6.106033,-3.311409,-0.55439,-0.9990082,-2.109146,-0.7909393,-1.17012,-0.7390518,-1.014824,-0.8615723
11.091670036315918,,,,,,,,,,,,,,,-0.8703384,-0.8381729,-0.04664612,-0.2108078,-0.4469757,-0.5221252,-0.5822906,-0.7618332,-0.6647224,-0.6356506,-0.6274033,-0.7643509,-0.5979576,-0.8244705,-0.4358597,-0.8362503,-6.115799,-3.318245,-0.5534134,-0.9921722,-2.10231,-0.7831268,-1.178909,-0.7292862,-1.01873,-0.857666
11.1,1.0,-153.0,3.0,-36.0,0.0,-278.0,-3.0,-1614.0,0.0,-3104.0,-2.0,-289.0,0.0,-1201.0,,,,,,,,,,,,,,,,,,,,,,,,,,
11.100000381469727,,,,,,,,,,,,,,,-0.8683853,-0.8420792,-0.05445862,-0.2195969,-0.4518585,-0.5162659,-0.5803375,-0.7715988,-0.6559334,-0.6288147,-0.6293564,-0.7555618,-0.5979576,-0.8186111,-0.4358597,-0.8421097,-6.119705,-3.319221,-0.5504837,-0.9892426,-2.090591,-0.7762909,-1.184769,-0.7107315,-1.02166,-0.8518066
11.108329772949219,,,,,,,,,,,,,,,-0.8703384,-0.8459854,-0.06227112,-0.2293625,-0.459671,-0.5113831,-0.5764313,-0.7755051,-0.6432381,-0.6190491,-0.6352158,-0.7438431,-0.6018639,-0.8049393,-0.4358597,-0.8489456,-6.121658,-3.314339,-0.5504837,-0.9911957,-2.082779,-0.7762909,-1.192581,-0.6843643,-1.027519,-0.8459473
11.116669654846191,,,,,,,,,,,,,,,-0.8732681,-0.8479385,-0.06910706,-0.237175,-0.4635773,-0.5113831,-0.5715485,-0.7774582,-0.6285896,-0.6034241,-0.6440048,-0.7311478,-0.6018639,-0.7844315,-0.43293,-0.8508987,-6.120682,-3.303596,-0.5495071,-0.9960785,-2.075943,-0.778244,-1.193558,-0.6579971,-1.031425,-0.8391113
11.125,,,,,,,,,,,,,,,-0.8742447,-0.8508682,-0.07398987,-0.237175,-0.4655304,-0.5143127,-0.5666656,-0.7755051,-0.6158943,-0.5848694,-0.6508408,-0.7204056,-0.6047935,-0.7590408,-0.4319534,-0.8469925,-6.115799,-3.286018,-0.5495071,-1.003891,-2.073013,-0.78508,-1.191605,-0.6326065,-1.034355,-0.8322754
11.133330345153809,,,,,,,,,,,,,,,-0.8801041,-0.8518448,-0.07789612,-0.2303391,-0.466507,-0.518219,-0.5627594,-0.7686691,-0.6071053,-0.5682678,-0.6596298,-0.71064,-0.6057701,-0.7316971,-0.4300003,-0.8401566,-6.111893,-3.269417,-0.5553665,-1.014633,-2.074966,-0.7977753,-1.185745,-0.6101456,-1.034355,-0.8293457
11.133333333333333,0.0,-153.0,3.0,-39.0,0.0,-280.0,-2.0,-1623.0,0.0,-3112.0,-2.0,-289.0,0.0,-1204.0,,,,,,,,,,,,,,,,,,,,,,,,,,
11.141670227050781,,,,,,,,,,,,,,,-0.8849869,-0.8528214,-0.07887268,-0.2186203,-0.4635773,-0.5270081,-0.5588531,-0.7579269,-0.6012459,-0.5526428,-0.6664658,-0.703804,-0.6028404,-0.7111893,-0.4309769,-0.8264847,-6.10701,-3.253792,-0.5592728,-1.026352,-2.078873,-0.8114471,-1.175003,-0.5945206,-1.028496,-0.8293457
11.149999618530273,,,,,,,,,,,,,,,-0.8888931,-0.8528214,-0.07496643,-0.2020187,-0.4616241,-0.5387268,-0.5549469,-0.7471848,-0.6002693,-0.5409241,-0.6713486,-0.6979446,-0.5979576,-0.6965408,-0.4339066,-0.8089066,-6.105057,-3.238167,-0.5670853,-1.039047,-2.085709,-0.8260956,-1.162308,-0.5857315,-1.017754,-0.8303223
11.158329963684082,,,,,,,,,,,,,,,-0.8937759,-0.8518448,-0.07301331,-0.1815109,-0.4567413,-0.5523987,-0.5529938,-0.735466,-0.6022224,-0.5360413,-0.6742783,-0.688179,-0.5940514,-0.691658,-0.4397659,-0.7952347,-6.10408,-3.226448,-0.578804,-1.055649,-2.091568,-0.8368378,-1.151566,-0.5818253,-1.000175,-0.8322754
11.166666666666666,0.0,-154.0,3.0,-37.0,0.0,-280.0,-2.0,-1633.0,0.0,-3120.0,-1.0,-289.0,0.0,-1203.0,,,,,,,,,,,,,,,,,,,,,,,,,,
11.166669845581055,,,,,,,,,,,,,,,-0.8937759,-0.8489151,-0.06910706,-0.1649094,-0.4518585,-0.5631409,-0.5510406,-0.7257004,-0.6061287,-0.5379944,-0.6772079,-0.67939,-0.5891685,-0.6965408,-0.4456253,-0.7844925,-6.108963,-3.213753,-0.58564,-1.070297,-2.09938,-0.8417206,-1.143753,-0.5857315,-0.985527,-0.8361816
11.175000190734863,,,,,,,,,,,,,,,-0.8927994,-0.8459854,-0.06617737,-0.1522141,-0.4489288,-0.5748596,-0.5539703,-0.7178879,-0.6149178,-0.5428772,-0.6811142,-0.6696243,-0.5862389,-0.7102127,-0.4524612,-0.7796097,-6.114822,-3.201057,-0.5963821,-1.081039,-2.103287,-0.8426971,-1.139847,-0.5974503,-0.9640427,-0.8410645
11.183329582214355,,,,,,,,,,,,,,,-0.88694,-0.8411026,-0.06324768,-0.1444016,-0.4450226,-0.5846252,-0.5569,-0.7139816,-0.6217537,-0.5516663,-0.6840439,-0.6598587,-0.5842857,-0.7268143,-0.4573441,-0.7796097,-6.122635,-3.187386,-0.5983353,-1.089828,-2.104263,-0.8368378,-1.14473,-0.6160049,-0.9484177,-0.8449707
11.191670417785645,,,,,,,,,,,,,,,-0.8801041,-0.8352432,-0.06129456,-0.1453781,-0.4411163,-0.5914612,-0.5627594,-0.7149582,-0.6276131,-0.5624084,-0.6889267,-0.6510696,-0.5862389,-0.745369,-0.4612503,-0.7864456,-6.128494,-3.171761,-0.5963821,-1.094711,-2.103287,-0.8309784,-1.155472,-0.6413956,-0.9357224,-0.8469238
11.199999809265137,,,,,,,,,,,,,,,-0.8683853,-0.8284073,-0.06031799,-0.1522141,-0.4391632,-0.5973206,-0.5715485,-0.7208176,-0.6305428,-0.5692444,-0.6947861,-0.6452103,-0.5872154,-0.7649002,-0.4632034,-0.7971878,-6.137283,-3.156136,-0.5924759,-1.095688,-2.10231,-0.8241425,-1.172073,-0.6697159,-0.9249802,-0.848877
11.2,0.0,-156.0,4.0,-36.0,0.0,-278.0,-2.0,-1640.0,0.0,-3126.0,-1.0,-290.0,0.0,-1201.0,,,,,,,,,,,,,,,,,,,,,,,,,,
11.208330154418945,,,,,,,,,,,,,,,-0.8566666,-0.8215714,-0.05738831,-0.1629562,-0.4372101,-0.6012268,-0.5803375,-0.7296066,-0.6324959,-0.5760803,-0.6996689,-0.6422806,-0.5920982,-0.7805252,-0.4622269,-0.8108597,-6.143143,-3.142464,-0.5836868,-1.092758,-2.101334,-0.8134003,-1.190628,-0.6990128,-0.9240036,-0.8508301
11.216670036315918,,,,,,,,,,,,,,,-0.8469009,-0.8137589,-0.05836487,-0.1766281,-0.435257,-0.6031799,-0.5861969,-0.7423019,-0.6315193,-0.5799866,-0.7065048,-0.6422806,-0.5989342,-0.792244,-0.4602737,-0.823555,-6.148026,-3.131721,-0.5739212,-1.087875,-2.10231,-0.8065643,-1.209183,-0.7292862,-0.9269333,-0.8469238
11.225000381469727,,,,,,,,,,,,,,,-0.8410416,-0.8049698,-0.05738831,-0.1893234,-0.4362335,-0.6022034,-0.5930328,-0.7559738,-0.6295662,-0.5838928,-0.7084579,-0.6442337,-0.6057701,-0.7990799,-0.4583206,-0.8303909,-6.154861,-3.129768,-0.5680618,-1.082016,-2.103287,-0.8046112,-1.223831,-0.7546768,-0.9357224,-0.8400879
11.233329772949219,,,,,,,,,,,,,,,-0.8390884,-0.7961807,-0.05641174,-0.2020187,-0.4372101,-0.6022034,-0.5979156,-0.766716,-0.6276131,-0.5877991,-0.7123642,-0.64814,-0.6106529,-0.8049393,-0.4583206,-0.8362503,-6.162674,-3.137581,-0.5651321,-1.080063,-2.110123,-0.8016815,-1.233597,-0.7732315,-0.9474411,-0.8303223
11.233333333333333,0.0,-160.0,4.0,-34.0,0.0,-273.0,-2.0,-1642.0,0.0,-3136.0,0.0,-292.0,-1.0,-1203.0,,,,,,,,,,,,,,,,,,,,,,,,,,
11.241669654846191,,,,,,,,,,,,,,,-0.8420181,-0.7883682,-0.05543518,-0.2088547,-0.4411163,-0.6012268,-0.5979156,-0.7764816,-0.6276131,-0.5926819,-0.7143173,-0.6520462,-0.6145592,-0.8068924,-0.4563675,-0.8382034,-6.168533,-3.153206,-0.5670853,-1.080063,-2.117935,-0.7987518,-1.23555,-0.7829971,-0.9601364,-0.8195801
11.25,,,,,,,,,,,,,,,-0.8498306,-0.7825089,-0.05348206,-0.2127609,-0.4469757,-0.5982971,-0.5988922,-0.782341,-0.6295662,-0.5995178,-0.7133408,-0.6539993,-0.6184654,-0.807869,-0.4563675,-0.8362503,-6.174393,-3.17762,-0.5690384,-1.07811,-2.128677,-0.7977753,-1.233597,-0.7849503,-0.976738,-0.8068848
11.258330345153809,,,,,,,,,,,,,,,-0.8625259,-0.7805557,-0.05348206,-0.2166672,-0.4547882,-0.5943909,-0.5988922,-0.7852707,-0.6324959,-0.6053772,-0.7113876,-0.6539993,-0.6204185,-0.8107986,-0.4544144,-0.8333206,-6.186111,-3.20594,-0.5817337,-1.077133,-2.13942,-0.7967987,-1.228714,-0.7790909,-0.9904099,-0.7971191
11.266666666666667,0.0,-162.0,4.0,-32.0,0.0,-272.0,-2.0,-1643.0,0.0,-3146.0,0.0,-292.0,-1.0,-1205.0,,,,,,,,,,,,,,,,,,,,,,,,,,
11.266670227050781,,,,,,,,,,,,,,,-0.8742447,-0.7805557,-0.05055237,-0.2156906,-0.4626007,-0.5904846,-0.5988922,-0.7842941,-0.6373787,-0.6092834,-0.7074814,-0.6579056,-0.6204185,-0.8137283,-0.4544144,-0.8255081,-6.189041,-3.235237,-0.5905228,-1.077133,-2.150162,-0.793869,-1.219925,-0.7673721,-1.007011,-0.7902832
11.274999618530273,,,,,,,,,,,,,,,-0.8859634,-0.784462,-0.04859924,-0.2117844,-0.4704132,-0.5856018,-0.5979156,-0.7842941,-0.6442146,-0.6092834,-0.701622,-0.6657181,-0.6165123,-0.8156815,-0.4534378,-0.8167191,-6.191971,-3.261604,-0.601265,-1.077133,-2.158951,-0.793869,-1.209183,-0.7546768,-1.019707,-0.7873535
11.283329963684082,,,,,,,,,,,,,,,-0.8967056,-0.7903214,-0.04664612,-0.2108078,-0.4801788,-0.5797424,-0.5979156,-0.7842941,-0.650074,-0.6053772,-0.6957626,-0.6735306,-0.6165123,-0.816658,-0.4534378,-0.8069534,-6.191971,-3.281136,-0.6110306,-1.076157,-2.172623,-0.793869,-1.20137,-0.7380753,-1.029472,-0.7912598
11.291669845581055,,,,,,,,,,,,,,,-0.9035416,-0.7971573,-0.04469299,-0.2117844,-0.4870148,-0.5758362,-0.5979156,-0.7852707,-0.6549568,-0.5975647,-0.6918564,-0.688179,-0.6135826,-0.8156815,-0.4514847,-0.7981644,-6.189041,-3.294807,-0.6149368,-1.074203,-2.182388,-0.793869,-1.191605,-0.7244034,-1.040215,-0.8000488
11.3,0.0,-163.0,3.0,-31.0,-1.0,-275.0,-2.0,-1645.0,0.0,-3154.0,0.0,-289.0,-1.0,-1210.0,,,,,,,,,,,,,,,,,,,,,,,,,,
11.300000190734863,,,,,,,,,,,,,,,-0.9074478,-0.8020401,-0.04176331,-0.2117844,-0.4918976,-0.5719299,-0.5959625,-0.7901535,-0.6598396,-0.5829163,-0.6889267,-0.7057571,-0.612606,-0.8107986,-0.4534378,-0.7913284,-6.183182,-3.301643,-0.6178665,-1.071274,-2.190201,-0.7967987,-1.183792,-0.7136612,-1.044121,-0.8098145
11.308329582214355,,,,,,,,,,,,,,,-0.9084244,-0.8039932,-0.03981018,-0.2147141,-0.4938507,-0.5670471,-0.594986,-0.7999191,-0.6637459,-0.5663147,-0.6889267,-0.7213821,-0.612606,-0.8029861,-0.4544144,-0.7874222,-6.179276,-3.300667,-0.6149368,-1.068344,-2.198013,-0.7997284,-1.177933,-0.7058487,-1.049004,-0.8205566
11.316670417785645,,,,,,,,,,,,,,,-0.9074478,-0.8049698,-0.03688049,-0.2225266,-0.4967804,-0.5611877,-0.594986,-0.8106613,-0.6676521,-0.5487366,-0.6918564,-0.7360306,-0.6165123,-0.7941971,-0.4563675,-0.7874222,-6.174393,-3.294807,-0.6129837,-1.066391,-2.203873,-0.8026581,-1.172073,-0.7038956,-1.04705,-0.8293457
11.324999809265137,,,,,,,,,,,,,,,-0.9035416,-0.8049698,-0.03590393,-0.2342453,-0.4948273,-0.5563049,-0.5959625,-0.8223801,-0.6715584,-0.5331116,-0.6977158,-0.7457962,-0.6204185,-0.7834549,-0.4583206,-0.7913284,-6.173416,-3.286018,-0.6129837,-1.063461,-2.208755,-0.8016815,-1.17012,-0.7078018,-1.045097,-0.8352051
11.333330154418945,,,,,,,,,,,,,,,-0.9045181,-0.8059464,-0.03492737,-0.2459641,-0.4918976,-0.5514221,-0.6008453,-0.8370285,-0.6783943,-0.5204163,-0.7055283,-0.7487259,-0.6253014,-0.7717361,-0.4592972,-0.7971878,-6.173416,-3.276253,-0.6081009,-1.061508,-2.208755,-0.7958221,-1.172073,-0.718544,-1.040215,-0.8400879
11.333333333333334,0.0,-162.0,2.0,-33.0,-1.0,-279.0,-2.0,-1652.0,0.0,-3161.0,0.0,-287.0,0.0,-1214.0,,,,,,,,,,,,,,,,,,,,,,,,,,
11.341670036315918,,,,,,,,,,,,,,,-0.9054947,-0.8098526,-0.03785706,-0.2586594,-0.4870148,-0.5484924,-0.6057281,-0.8477707,-0.6842537,-0.5126038,-0.7123642,-0.7457962,-0.6311607,-0.7590408,-0.4602737,-0.8040237,-6.174393,-3.26844,-0.6071243,-1.060532,-2.210709,-0.7870331,-1.175003,-0.7322159,-1.035332,-0.8391113
11.350000381469727,,,,,,,,,,,,,,,-0.9074478,-0.8137589,-0.04078674,-0.2713547,-0.482132,-0.5475159,-0.6145172,-0.8536301,-0.6881599,-0.5116272,-0.7152939,-0.7379837,-0.6360435,-0.7512283,-0.4602737,-0.8089066,-6.177322,-3.262581,-0.6081009,-1.060532,-2.208755,-0.7733612,-1.182816,-0.7488174,-1.029472,-0.8361816
11.358329772949219,,,,,,,,,,,,,,,-0.9123306,-0.8196182,-0.04664612,-0.2820969,-0.4762726,-0.5523987,-0.6233063,-0.8555832,-0.6920662,-0.51651,-0.7182236,-0.7282181,-0.6370201,-0.7482986,-0.4602737,-0.8108597,-6.179276,-3.259651,-0.6081009,-1.061508,-2.210709,-0.7557831,-1.190628,-0.7673721,-1.025566,-0.8361816
11.366666666666667,0.0,-159.0,3.0,-36.0,-1.0,-283.0,-2.0,-1658.0,0.0,-3167.0,0.0,-288.0,0.0,-1214.0,,,,,,,,,,,,,,,,,,,,,,,,,,
11.366669654846191,,,,,,,,,,,,,,,-0.91819,-0.8254776,-0.05445862,-0.2928391,-0.4704132,-0.5611877,-0.6311188,-0.8507004,-0.6930428,-0.5272522,-0.7182236,-0.7204056,-0.635067,-0.745369,-0.4602737,-0.8108597,-6.183182,-3.257698,-0.6090775,-1.063461,-2.212662,-0.7372284,-1.198441,-0.7839737,-1.02459,-0.8381348
11.375,,,,,,,,,,,,,,,-0.9260025,-0.8284073,-0.06129456,-0.3016281,-0.4674835,-0.5748596,-0.6379547,-0.8399582,-0.6920662,-0.5438538,-0.717247,-0.7125931,-0.6321373,-0.7473221,-0.4632034,-0.8089066,-6.186111,-3.255745,-0.6071243,-1.063461,-2.215591,-0.7196503,-1.2043,-0.8005753,-1.023613,-0.8430176
11.383330345153809,,,,,,,,,,,,,,,-0.9318619,-0.8323135,-0.06910706,-0.3094406,-0.4655304,-0.5914612,-0.641861,-0.8243332,-0.6891365,-0.5643616,-0.7152939,-0.7086868,-0.6243248,-0.7512283,-0.4671097,-0.8030472,-6.190994,-3.251839,-0.6090775,-1.060532,-2.219498,-0.7059784,-1.20723,-0.8113174,-1.02166,-0.8527832
11.391670227050781,,,,,,,,,,,,,,,-0.9377213,-0.8362198,-0.07301331,-0.3143234,-0.4616241,-0.6061096,-0.6457672,-0.8057785,-0.6862068,-0.5838928,-0.7133408,-0.7077103,-0.6135826,-0.754158,-0.4710159,-0.7962112,-6.19783,-3.248909,-0.6051712,-1.054672,-2.220474,-0.6962128,-1.205276,-0.8171768,-1.02459,-0.864502
11.399999618530273,,,,,,,,,,,,,,,-0.9416275,-0.8391495,-0.07691956,-0.3192062,-0.459671,-0.6178284,-0.6477203,-0.7882004,-0.6832771,-0.6034241,-0.7133408,-0.7086868,-0.6028404,-0.7580643,-0.4758987,-0.7903519,-6.210526,-3.245003,-0.6022415,-1.042953,-2.217545,-0.69133,-1.203323,-0.8201065,-1.025566,-0.8762207
11.4,0.0,-160.0,4.0,-34.0,-1.0,-286.0,-2.0,-1662.0,0.0,-3177.0,0.0,-289.0,0.0,-1216.0,,,,,,,,,,,,,,,,,,,,,,,,,,
11.408329963684082,,,,,,,,,,,,,,,-0.9455338,-0.8440323,-0.07691956,-0.3240891,-0.4557648,-0.6236877,-0.65065,-0.7676926,-0.6823006,-0.6219788,-0.7133408,-0.7077103,-0.5920982,-0.7619705,-0.4807816,-0.7854691,-6.226151,-3.239143,-0.5993118,-1.027328,-2.211685,-0.6952362,-1.20137,-0.8162003,-1.025566,-0.8840332
11.416669845581055,,,,,,,,,,,,,,,-0.9474869,-0.8508682,-0.07398987,-0.3279953,-0.4518585,-0.6227112,-0.6516266,-0.7481613,-0.6842537,-0.6346741,-0.7133408,-0.7077103,-0.5823326,-0.7629471,-0.4827347,-0.7825394,-6.242752,-3.228401,-0.5924759,-1.01268,-2.198013,-0.7040253,-1.199417,-0.812294,-1.030449,-0.8869629
11.425000190734863,,,,,,,,,,,,,,,-0.9474869,-0.8586807,-0.07301331,-0.3260422,-0.4469757,-0.6178284,-0.6535797,-0.7325363,-0.6881599,-0.6405334,-0.7143173,-0.7086868,-0.5774498,-0.7639236,-0.4837112,-0.7815628,-6.261307,-3.217659,-0.5866165,-1.000961,-2.180435,-0.7186737,-1.203323,-0.8064346,-1.031425,-0.8820801
11.433329582214355,,,,,,,,,,,,,,,-0.9474869,-0.8655167,-0.07106018,-0.3240891,-0.444046,-0.6100159,-0.6535797,-0.719841,-0.696949,-0.6444397,-0.7133408,-0.7096634,-0.5774498,-0.7649002,-0.4807816,-0.7844925,-6.274002,-3.20594,-0.5836868,-0.9911957,-2.16481,-0.738205,-1.210159,-0.7995987,-1.034355,-0.8674316
11.433333333333334,0.0,-159.0,5.0,-30.0,-2.0,-287.0,-2.0,-1663.0,0.0,-3188.0,0.0,-288.0,0.0,-1217.0,,,,,,,,,,,,,,,,,,,,,,,,,,
11.441670417785645,,,,,,,,,,,,,,,-0.9465103,-0.8723526,-0.07008362,-0.3221359,-0.4420929,-0.6041565,-0.6526031,-0.7120285,-0.7037849,-0.6454163,-0.7133408,-0.7116165,-0.5823326,-0.7639236,-0.4758987,-0.7913284,-6.284744,-3.194221,-0.578804,-0.9863129,-2.144302,-0.7606659,-1.218948,-0.7908096,-1.038261,-0.8459473
11.449999809265137,,,,,,,,,,,,,,,-0.9455338,-0.8791885,-0.07008362,-0.3172531,-0.4411163,-0.5992737,-0.6486969,-0.7100754,-0.7086678,-0.6424866,-0.7123642,-0.7135696,-0.5901451,-0.7649002,-0.4710159,-0.7981644,-6.29158,-3.182503,-0.5778275,-0.9872894,-2.13063,-0.7831268,-1.228714,-0.7839737,-1.044121,-0.8215332
11.458330154418945,,,,,,,,,,,,,,,-0.9504166,-0.8821182,-0.06813049,-0.3094406,-0.4420929,-0.5953674,-0.6438141,-0.7130051,-0.712574,-0.64151,-0.7123642,-0.7164993,-0.5989342,-0.7668533,-0.4661331,-0.8040237,-6.29158,-3.171761,-0.5748978,-0.9921722,-2.122818,-0.800705,-1.237503,-0.7771378,-1.048027,-0.7980957
11.466666666666667,0.0,-157.0,5.0,-27.0,-2.0,-286.0,-2.0,-1664.0,0.0,-3201.0,0.0,-288.0,-1.0,-1218.0,,,,,,,,,,,,,,,,,,,,,,,,,,
11.466670036315918,,,,,,,,,,,,,,,-0.9523697,-0.8830948,-0.06715393,-0.2986984,-0.444046,-0.5953674,-0.6360016,-0.719841,-0.7096443,-0.6444397,-0.7123642,-0.7204056,-0.6106529,-0.7688065,-0.4612503,-0.8108597,-6.287674,-3.163948,-0.5768509,-0.9960785,-2.121841,-0.8143768,-1.242386,-0.7693253,-1.05584,-0.7756348
11.475000381469727,,,,,,,,,,,,,,,-0.9601822,-0.8821182,-0.06520081,-0.28405,-0.4469757,-0.5992737,-0.6281891,-0.7315598,-0.7067146,-0.6463928,-0.7133408,-0.7243118,-0.6174889,-0.7727127,-0.4602737,-0.8176956,-6.283768,-3.162971,-0.5778275,-1.000961,-2.122818,-0.8221893,-1.242386,-0.7644424,-1.061699,-0.7600098
11.483329772949219,,,,,,,,,,,,,,,-0.9699478,-0.8801651,-0.05934143,-0.2615891,-0.4499054,-0.6022034,-0.6233063,-0.7481613,-0.7018318,-0.6502991,-0.7143173,-0.7233353,-0.6204185,-0.776619,-0.4583206,-0.823555,-6.275955,-3.169807,-0.578804,-1.002914,-2.131607,-0.8241425,-1.23848,-0.7615128,-1.067558,-0.7521973
11.491669654846191,,,,,,,,,,,,,,,-0.9777603,-0.8801651,-0.05445862,-0.2401047,-0.4518585,-0.6080627,-0.6194,-0.7618332,-0.6940193,-0.6532288,-0.7133408,-0.719429,-0.6204185,-0.7834549,-0.4592972,-0.8303909,-6.274979,-3.179573,-0.5807571,-1.005844,-2.13942,-0.8212128,-1.229691,-0.7605362,-1.073418,-0.7512207
11.5,0.0,-158.0,5.0,-27.0,-2.0,-282.0,-1.0,-1665.0,0.0,-3214.0,0.0,-289.0,-1.0,-1216.0,-0.9875259,-0.8791885,-0.04762268,-0.2166672,-0.4547882,-0.6129456,-0.6164703,-0.7735519,-0.6871834,-0.6561584,-0.7143173,-0.7145462,-0.6174889,-0.7932205,-0.4622269,-0.83918,-6.271072,-3.190315,-0.5797806,-1.011703,-2.150162,-0.8153534,-1.220901,-0.7644424,-1.074394,-0.7600098
11.508330345153809,,,,,,,,,,,,,,,-0.9933853,-0.8801651,-0.03883362,-0.1981125,-0.4577179,-0.6168518,-0.6135406,-0.7842941,-0.6832771,-0.6561584,-0.7143173,-0.7086868,-0.612606,-0.8039627,-0.4632034,-0.8499222,-6.270096,-3.203011,-0.578804,-1.021469,-2.159927,-0.8114471,-1.212112,-0.7722549,-1.072441,-0.7746582
11.516670227050781,,,,,,,,,,,,,,,-0.9972916,-0.8840714,-0.03199768,-0.1844406,-0.4577179,-0.6207581,-0.6125641,-0.7930832,-0.6793709,-0.6522522,-0.7113876,-0.7028275,-0.6057701,-0.8156815,-0.4651566,-0.8645706,-6.269119,-3.217659,-0.5768509,-1.037094,-2.169693,-0.8104706,-1.2043,-0.781044,-1.069511,-0.7912598
11.524999618530273,,,,,,,,,,,,,,,-0.9972916,-0.8860245,-0.02809143,-0.1795578,-0.4606476,-0.6227112,-0.6076813,-0.7989426,-0.6783943,-0.6483459,-0.7113876,-0.6998978,-0.6028404,-0.8254471,-0.4651566,-0.8792191,-6.267166,-3.227425,-0.5768509,-1.059555,-2.178482,-0.8143768,-1.202347,-0.7927628,-1.062675,-0.810791
11.533329963684082,,,,,,,,,,,,,,,-0.9953384,-0.8899307,-0.02418518,-0.1834641,-0.4635773,-0.6246643,-0.603775,-0.8077316,-0.6803474,-0.6424866,-0.7094345,-0.7008743,-0.596981,-0.8332596,-0.4622269,-0.8919144,-6.262283,-3.235237,-0.5739212,-1.083969,-2.187271,-0.8260956,-1.20137,-0.8035049,-1.050957,-0.8293457
11.533333333333333,0.0,-163.0,5.0,-28.0,-2.0,-280.0,-1.0,-1675.0,0.0,-3222.0,0.0,-294.0,-1.0,-1216.0,,,,,,,,,,,,,,,,,,,,,,,,,,
11.541669845581055,,,,,,,,,,,,,,,-0.9914322,-0.893837,-0.02223206,-0.1922531,-0.4655304,-0.6285706,-0.5988922,-0.8155441,-0.6823006,-0.6376038,-0.7074814,-0.7057571,-0.5950279,-0.8381424,-0.4583206,-0.90168,-6.257401,-3.239143,-0.5729446,-1.108383,-2.19606,-0.8387909,-1.203323,-0.8113174,-1.045097,-0.8479004
11.550000190734863,,,,,,,,,,,,,,,-0.9875259,-0.8957901,-0.02027893,-0.2029953,-0.4674835,-0.6305237,-0.594986,-0.8253098,-0.6823006,-0.6317444,-0.7065048,-0.7145462,-0.5920982,-0.839119,-0.4524612,-0.9046097,-6.255447,-3.242073,-0.5709915,-1.129868,-2.203873,-0.8524628,-1.208206,-0.8171768,-1.036308,-0.8615723
11.558329582214355,,,,,,,,,,,,,,,-0.9826431,-0.8957901,-0.02027893,-0.2127609,-0.4694366,-0.6334534,-0.58815,-0.8360519,-0.6823006,-0.6307678,-0.7065048,-0.726265,-0.5920982,-0.8352127,-0.4436722,-0.9026566,-6.249588,-3.24305,-0.5729446,-1.142563,-2.210709,-0.8661346,-1.212112,-0.8191299,-1.030449,-0.8713379
11.566666666666666,0.0,-163.0,5.0,-30.0,-1.0,-278.0,-2.0,-1685.0,0.0,-3225.0,0.0,-301.0,-1.0,-1219.0,,,,,,,,,,,,,,,,,,,,,,,,,,
11.566670417785645,,,,,,,,,,,,,,,-0.98069,-0.8957901,-0.02125549,-0.2186203,-0.4723663,-0.6412659,-0.5861969,-0.8467941,-0.6793709,-0.6278381,-0.7074814,-0.7360306,-0.5920982,-0.8274002,-0.4368362,-0.8958206,-6.249588,-3.242073,-0.5748978,-1.145493,-2.211685,-0.8739471,-1.212112,-0.8181534,-1.028496,-0.8752441
11.574999809265137,,,,,,,,,,,,,,,-0.9787369,-0.8957901,-0.02125549,-0.2205734,-0.4733429,-0.6471252,-0.5852203,-0.8555832,-0.6783943,-0.6239319,-0.7074814,-0.7409134,-0.5901451,-0.8195877,-0.4309769,-0.8841019,-6.251541,-3.239143,-0.5807571,-1.142563,-2.214615,-0.8768768,-1.210159,-0.8171768,-1.025566,-0.8752441
11.583330154418945,,,,,,,,,,,,,,,-0.9767838,-0.8967667,-0.02223206,-0.2195969,-0.4704132,-0.6520081,-0.5852203,-0.8594894,-0.6735115,-0.6190491,-0.7084579,-0.7438431,-0.5901451,-0.8127518,-0.4260941,-0.8743362,-6.252518,-3.235237,-0.5866165,-1.132797,-2.215591,-0.8739471,-1.208206,-0.8162003,-1.025566,-0.8723145
11.591670036315918,,,,,,,,,,,,,,,-0.9748306,-0.8996964,-0.02516174,-0.2186203,-0.466507,-0.658844,-0.5842438,-0.8594894,-0.6686287,-0.6112366,-0.7074814,-0.7399368,-0.5911217,-0.8068924,-0.4270706,-0.8655472,-6.254471,-3.227425,-0.5963821,-1.118149,-2.215591,-0.8651581,-1.202347,-0.8152237,-1.027519,-0.864502
11.6,0.0,-163.0,5.0,-31.0,-1.0,-278.0,-2.0,-1688.0,0.0,-3229.0,0.0,-303.0,0.0,-1228.0,,,,,,,,,,,,,,,,,,,,,,,,,,
11.600000381469727,,,,,,,,,,,,,,,-0.9748306,-0.9036026,-0.02711487,-0.2176437,-0.4606476,-0.6607971,-0.5852203,-0.860466,-0.6637459,-0.6004944,-0.7084579,-0.7291946,-0.5901451,-0.801033,-0.4280472,-0.8577347,-6.255447,-3.217659,-0.6051712,-1.1035,-2.215591,-0.8514862,-1.196487,-0.8171768,-1.032402,-0.8547363
11.608329772949219,,,,,,,,,,,,,,,-0.9748306,-0.9075089,-0.03102112,-0.2186203,-0.4518585,-0.6598206,-0.5852203,-0.8594894,-0.6608162,-0.5887756,-0.7065048,-0.7164993,-0.5901451,-0.7951736,-0.4290237,-0.8508987,-6.255447,-3.204964,-0.6139603,-1.087875,-2.217545,-0.8397675,-1.190628,-0.8171768,-1.037285,-0.8439941
11.616669654846191,,,,,,,,,,,,,,,-0.9758072,-0.9133682,-0.03785706,-0.2235031,-0.4450226,-0.6568909,-0.5842438,-0.8585129,-0.6559334,-0.5780334,-0.7035751,-0.703804,-0.5901451,-0.7932205,-0.4348831,-0.8479691,-6.253494,-3.189339,-0.6198196,-1.07518,-2.216568,-0.831955,-1.185745,-0.8162003,-1.042168,-0.8312988
11.625,,,,,,,,,,,,,,,-0.9797134,-0.9192276,-0.04273987,-0.2293625,-0.4381866,-0.6500549,-0.5852203,-0.860466,-0.6569099,-0.5711975,-0.7045517,-0.6901321,-0.5911217,-0.7941971,-0.4397659,-0.8479691,-6.248611,-3.175667,-0.6247025,-1.064438,-2.219498,-0.8241425,-1.180862,-0.8162003,-1.048027,-0.8234863
11.633330345153809,,,,,,,,,,,,,,,-0.9836197,-0.9241104,-0.04566956,-0.2322922,-0.4313507,-0.6422424,-0.5861969,-0.8633957,-0.6598396,-0.5692444,-0.7035751,-0.67939,-0.5920982,-0.7981033,-0.4446487,-0.8450394,-6.247635,-3.163948,-0.6295853,-1.053696,-2.218521,-0.8192596,-1.178909,-0.8132706,-1.049004,-0.817627
11.633333333333333,0.0,-165.0,5.0,-29.0,-1.0,-278.0,-2.0,-1690.0,0.0,-3238.0,-1.0,-304.0,0.0,-1239.0,,,,,,,,,,,,,,,,,,,,,,,,,,
11.641670227050781,,,,,,,,,,,,,,,-0.9885025,-0.9299698,-0.04859924,-0.2342453,-0.4264679,-0.6363831,-0.5891266,-0.8663254,-0.665699,-0.5741272,-0.7045517,-0.6764603,-0.5940514,-0.8068924,-0.4524612,-0.8440628,-6.247635,-3.154182,-0.632515,-1.045883,-2.212662,-0.8153534,-1.179886,-0.8064346,-1.048027,-0.810791
11.649999618530273,,,,,,,,,,,,,,,-0.9933853,-0.933876,-0.05152893,-0.2303391,-0.4274445,-0.6295471,-0.5930328,-0.8653488,-0.6725349,-0.5838928,-0.7074814,-0.67939,-0.5979576,-0.8186111,-0.4573441,-0.8450394,-6.250565,-3.150276,-0.6364212,-1.039047,-2.206802,-0.8134003,-1.179886,-0.8005753,-1.043144,-0.8098145
11.658329963684082,,,,,,,,,,,,,,,-0.996315,-0.940712,-0.05250549,-0.2254562,-0.4333038,-0.6227112,-0.6027985,-0.8643723,-0.6852303,-0.5965881,-0.7113876,-0.6862259,-0.603817,-0.8332596,-0.4622269,-0.8469925,-6.252518,-3.150276,-0.6373978,-1.035141,-2.198013,-0.8134003,-1.180862,-0.7956924,-1.033379,-0.8117676
11.666666666666666,0.0,-166.0,5.0,-28.0,-1.0,-278.0,-2.0,-1697.0,0.0,-3245.0,-1.0,-302.0,-1.0,-1248.0,,,,,,,,,,,,,,,,,,,,,,,,,,
11.666669845581055,,,,,,,,,,,,,,,-0.996315,-0.9465714,-0.05152893,-0.2205734,-0.4372101,-0.6178284,-0.6135406,-0.8585129,-0.6949959,-0.61026,-0.7152939,-0.695015,-0.6106529,-0.847908,-0.4661331,-0.8518753,-6.258377,-3.155159,-0.6383743,-1.033188,-2.19313,-0.8134003,-1.184769,-0.7937393,-1.022636,-0.8137207
11.675000190734863,,,,,,,,,,,,,,,-0.9953384,-0.9524307,-0.04859924,-0.2195969,-0.4450226,-0.611969,-0.6252594,-0.8497238,-0.7057381,-0.6190491,-0.7192001,-0.7067337,-0.6174889,-0.8615799,-0.4710159,-0.8596878,-6.261307,-3.164925,-0.6364212,-1.035141,-2.188248,-0.8134003,-1.188675,-0.7956924,-1.010918,-0.8195801
11.683329582214355,,,,,,,,,,,,,,,-0.9904556,-0.956337,-0.04762268,-0.2205734,-0.4538116,-0.6070862,-0.6360016,-0.8419113,-0.7164803,-0.6229553,-0.7221298,-0.7174759,-0.6253014,-0.8723221,-0.4719925,-0.8675003,-6.26326,-3.176643,-0.632515,-1.039047,-2.183365,-0.81633,-1.195511,-0.8015518,-1.002129,-0.826416
11.691670417785645,,,,,,,,,,,,,,,-0.9826431,-0.9592667,-0.04469299,-0.2254562,-0.4616241,-0.6041565,-0.6477203,-0.8350754,-0.7262459,-0.6190491,-0.7231064,-0.7243118,-0.6311607,-0.8772049,-0.4710159,-0.8733597,-6.26326,-3.188362,-0.6247025,-1.04393,-2.187271,-0.8212128,-1.20137,-0.8074112,-1.001152,-0.8303223
11.699999809265137,,,,,,,,,,,,,,,-0.9758072,-0.956337,-0.04273987,-0.237175,-0.4684601,-0.6012268,-0.6535797,-0.8262863,-0.7330818,-0.6092834,-0.7231064,-0.7291946,-0.6321373,-0.8762283,-0.4700394,-0.8801956,-6.26326,-3.199104,-0.6178665,-1.048813,-2.19313,-0.8280487,-1.210159,-0.812294,-1.000175,-0.8342285
11.7,0.0,-164.0,5.0,-29.0,-1.0,-278.0,-2.0,-1705.0,0.0,-3257.0,-1.0,-301.0,-1.0,-1257.0,,,,,,,,,,,,,,,,,,,,,,,,,,
11.708330154418945,,,,,,,,,,,,,,,-0.9699478,-0.9534073,-0.04273987,-0.2498703,-0.4723663,-0.6002502,-0.6565094,-0.8204269,-0.7369881,-0.5956116,-0.7201767,-0.7340775,-0.6331139,-0.8674393,-0.4700394,-0.886055,-6.26033,-3.209846,-0.610054,-1.054672,-2.205826,-0.8378143,-1.217972,-0.8132706,-1.006035,-0.8400879
11.716670036315918,,,,,,,,,,,,,,,-0.9640884,-0.949501,-0.04469299,-0.2586594,-0.4733429,-0.6031799,-0.6535797,-0.8184738,-0.7399178,-0.5809631,-0.7162704,-0.7360306,-0.6321373,-0.8537674,-0.4700394,-0.8909378,-6.259354,-3.218636,-0.6051712,-1.061508,-2.219498,-0.84758,-1.226761,-0.8093643,-1.014824,-0.8449707
11.725000381469727,,,,,,,,,,,,,,,-0.9582291,-0.9426651,-0.04664612,-0.2645187,-0.4704132,-0.6090393,-0.6477203,-0.8165207,-0.7399178,-0.5682678,-0.7104111,-0.7370071,-0.628231,-0.8352127,-0.4700394,-0.8977737,-6.259354,-3.222542,-0.6032181,-1.069321,-2.234146,-0.8583221,-1.234573,-0.8005753,-1.026543,-0.848877
11.733329772949219,,,,,,,,,,,,,,,-0.9572525,-0.9328995,-0.05152893,-0.268425,-0.4655304,-0.6158752,-0.6369781,-0.8155441,-0.7379646,-0.5575256,-0.7035751,-0.7389603,-0.6233482,-0.8127518,-0.4719925,-0.9065628,-6.261307,-3.220589,-0.6032181,-1.080063,-2.248795,-0.8700409,-1.240433,-0.7859268,-1.036308,-0.8557129
11.733333333333333,0.0,-163.0,4.0,-25.0,-1.0,-278.0,-2.0,-1711.0,-1.0,-3264.0,-1.0,-303.0,-2.0,-1264.0,,,,,,,,,,,,,,,,,,,,,,,,,,
11.741669654846191,,,,,,,,,,,,,,,-0.9592056,-0.9231339,-0.05836487,-0.2713547,-0.4616241,-0.6246643,-0.626236,-0.8165207,-0.7340584,-0.5526428,-0.6967392,-0.7399368,-0.6184654,-0.7902908,-0.4739456,-0.9182816,-6.265213,-3.217659,-0.6022415,-1.094711,-2.259537,-0.8817596,-1.244339,-0.7732315,-1.045097,-0.864502
11.75,,,,,,,,,,,,,,,-0.9611588,-0.9123917,-0.06617737,-0.2733078,-0.4567413,-0.6324768,-0.6184235,-0.8165207,-0.7262459,-0.5516663,-0.6908798,-0.7409134,-0.6135826,-0.7658768,-0.4758987,-0.93293,-6.270096,-3.215706,-0.6061478,-1.110336,-2.267349,-0.8905487,-1.247269,-0.7624893,-1.053886,-0.8762207
11.758330345153809,,,,,,,,,,,,,,,-0.965065,-0.9006729,-0.07203674,-0.2742844,-0.4538116,-0.6373596,-0.6115875,-0.8184738,-0.7174568,-0.5545959,-0.685997,-0.74189,-0.6086998,-0.7482986,-0.4768753,-0.948555,-6.274979,-3.212776,-0.6081009,-1.125961,-2.266373,-0.8954315,-1.252151,-0.7546768,-1.059746,-0.8879395
11.766666666666667,0.0,-163.0,4.0,-22.0,-1.0,-279.0,-2.0,-1718.0,-1.0,-3267.0,-1.0,-304.0,-3.0,-1269.0,,,,,,,,,,,,,,,,,,,,,,,,,,
11.766670227050781,,,,,,,,,,,,,,,-0.9699478,-0.8889542,-0.07887268,-0.2791672,-0.450882,-0.6383362,-0.6057281,-0.8233566,-0.7096443,-0.5614319,-0.6850204,-0.74189,-0.603817,-0.7346268,-0.4778519,-0.9622269,-6.275955,-3.2118,-0.6061478,-1.14061,-2.26149,-0.8954315,-1.257034,-0.7468643,-1.062675,-0.8977051
11.774999618530273,,,,,,,,,,,,,,,-0.9738541,-0.8791885,-0.08375549,-0.2850266,-0.4489288,-0.6334534,-0.6018219,-0.8272629,-0.6998787,-0.5672913,-0.685997,-0.7409134,-0.5979576,-0.7277908,-0.4768753,-0.9710159,-6.276932,-3.2118,-0.6041946,-1.152328,-2.252701,-0.8905487,-1.259964,-0.7429581,-1.064629,-0.9055176
11.783329963684082,,,,,,,,,,,,,,,-0.9767838,-0.8703995,-0.08766174,-0.2947922,-0.4469757,-0.6266174,-0.6008453,-0.8311691,-0.6959724,-0.5741272,-0.6908798,-0.7399368,-0.5911217,-0.7268143,-0.4768753,-0.9749222,-6.270096,-3.215706,-0.5973587,-1.156235,-2.238052,-0.8827362,-1.26387,-0.7390518,-1.064629,-0.9064941
11.791669845581055,,,,,,,,,,,,,,,-0.9767838,-0.8674698,-0.08863831,-0.3074875,-0.444046,-0.6158752,-0.5998688,-0.8331223,-0.6920662,-0.5799866,-0.6977158,-0.7399368,-0.5862389,-0.7287674,-0.4749222,-0.9739456,-6.261307,-3.222542,-0.5885696,-1.155258,-2.220474,-0.8690643,-1.26973,-0.7331924,-1.063652,-0.9016113
11.8,0.0,-165.0,4.0,-19.0,0.0,-279.0,-2.0,-1724.0,0.0,-3272.0,-1.0,-307.0,-3.0,-1269.0,,,,,,,,,,,,,,,,,,,,,,,,,,
11.800000190734863,,,,,,,,,,,,,,,-0.9748306,-0.8703995,-0.08863831,-0.3201828,-0.4411163,-0.6031799,-0.5998688,-0.8321457,-0.6940193,-0.5848694,-0.7045517,-0.74189,-0.581356,-0.7316971,-0.4749222,-0.9680862,-6.248611,-3.233284,-0.5807571,-1.152328,-2.202896,-0.8524628,-1.273636,-0.7253799,-1.062675,-0.8918457
11.808329582214355,,,,,,,,,,,,,,,-0.9719009,-0.878212,-0.08863831,-0.3319016,-0.4391632,-0.5934143,-0.6027985,-0.8272629,-0.6979256,-0.5887756,-0.7104111,-0.7438431,-0.5803795,-0.7326736,-0.4739456,-0.9583206,-6.233963,-3.24305,-0.570015,-1.146469,-2.183365,-0.8397675,-1.278519,-0.7195206,-1.059746,-0.8762207
11.816670417785645,,,,,,,,,,,,,,,-0.9670181,-0.8909073,-0.08375549,-0.3406906,-0.435257,-0.5865784,-0.6086578,-0.8214035,-0.7047615,-0.5907288,-0.7143173,-0.7457962,-0.5794029,-0.7336502,-0.4719925,-0.9466019,-6.224197,-3.253792,-0.5602493,-1.136703,-2.168716,-0.8270721,-1.279495,-0.7126846,-1.058769,-0.8566895
11.824999809265137,,,,,,,,,,,,,,,-0.9640884,-0.9065323,-0.07789612,-0.3485031,-0.4323273,-0.5856018,-0.6154938,-0.8155441,-0.7115974,-0.5917053,-0.7162704,-0.7477493,-0.581356,-0.7336502,-0.4690628,-0.9387894,-6.216385,-3.262581,-0.5553665,-1.126938,-2.153091,-0.8192596,-1.280472,-0.7068253,-1.056816,-0.8352051
11.833330154418945,,,,,,,,,,,,,,,-0.9621353,-0.9260635,-0.07008362,-0.3524094,-0.4333038,-0.5904846,-0.6272125,-0.8126144,-0.7184334,-0.5907288,-0.7143173,-0.7516556,-0.5842857,-0.7346268,-0.46418,-0.9300003,-6.212479,-3.269417,-0.5465775,-1.118149,-2.144302,-0.8143768,-1.280472,-0.7068253,-1.056816,-0.817627
11.833333333333334,0.0,-166.0,3.0,-17.0,0.0,-282.0,-2.0,-1730.0,0.0,-3276.0,-1.0,-310.0,-2.0,-1268.0,,,,,,,,,,,,,,,,,,,,,,,,,,
11.841670036315918,,,,,,,,,,,,,,,-0.9611588,-0.9446182,-0.06227112,-0.3524094,-0.4362335,-0.5973206,-0.6408844,-0.8126144,-0.7242928,-0.5858459,-0.7133408,-0.7536087,-0.588192,-0.7365799,-0.4563675,-0.9241409,-6.215408,-3.2743,-0.5436478,-1.111313,-2.13649,-0.8124237,-1.279495,-0.7117081,-1.059746,-0.8049316
11.850000381469727,,,,,,,,,,,,,,,-0.9631119,-0.9602432,-0.05445862,-0.3504562,-0.4411163,-0.6051331,-0.6545563,-0.8155441,-0.7272224,-0.5780334,-0.7084579,-0.757515,-0.5940514,-0.738533,-0.4475784,-0.9212112,-6.221268,-3.273323,-0.5407181,-1.108383,-2.132584,-0.8134003,-1.275589,-0.7156143,-1.065605,-0.7941895
11.858329772949219,,,,,,,,,,,,,,,-0.9660416,-0.9690323,-0.04664612,-0.34655,-0.4499054,-0.611969,-0.6652985,-0.8233566,-0.7291756,-0.5672913,-0.7035751,-0.7614212,-0.5979576,-0.7434158,-0.4378128,-0.9182816,-6.232986,-3.26844,-0.5377884,-1.107407,-2.134537,-0.8143768,-1.273636,-0.7224503,-1.071465,-0.7912598
11.866666666666667,0.0,-165.0,3.0,-16.0,-1.0,-288.0,-3.0,-1734.0,0.0,-3281.0,-1.0,-310.0,-2.0,-1270.0,,,,,,,,,,,,,,,,,,,,,,,,,,
11.866669654846191,,,,,,,,,,,,,,,-0.9699478,-0.9700089,-0.04176331,-0.3445969,-0.4577179,-0.6168518,-0.673111,-0.8311691,-0.7291756,-0.5545959,-0.6986923,-0.7682571,-0.603817,-0.7492752,-0.4280472,-0.9153519,-6.251541,-3.260628,-0.5338821,-1.110336,-2.138443,-0.8153534,-1.267776,-0.7322159,-1.082207,-0.7961426
11.875,,,,,,,,,,,,,,,-0.9728775,-0.9631729,-0.03688049,-0.3406906,-0.466507,-0.6197815,-0.6789703,-0.8350754,-0.7272224,-0.5399475,-0.6928329,-0.7789993,-0.6067467,-0.7502518,-0.4202347,-0.9114456,-6.265213,-3.247932,-0.531929,-1.115219,-2.143326,-0.8182831,-1.264847,-0.7410049,-1.095879,-0.802002
11.883330345153809,,,,,,,,,,,,,,,-0.9728775,-0.9485245,-0.03199768,-0.3358078,-0.4801788,-0.6188049,-0.6819,-0.8380051,-0.7272224,-0.5262756,-0.6899033,-0.7877884,-0.6086998,-0.7482986,-0.4163284,-0.9046097,-6.283768,-3.235237,-0.5289993,-1.122055,-2.147232,-0.8192596,-1.259964,-0.7478409,-1.113457,-0.8117676
11.891670227050781,,,,,,,,,,,,,,,-0.9719009,-0.9309464,-0.02906799,-0.3328781,-0.4879913,-0.6168518,-0.6809235,-0.8370285,-0.7262459,-0.5155334,-0.6879501,-0.7956009,-0.6116295,-0.7414627,-0.4163284,-0.8958206,-6.300369,-3.223518,-0.5309525,-1.130844,-2.155045,-0.8202362,-1.258987,-0.7546768,-1.126152,-0.8234863
11.899999618530273,,,,,,,,,,,,,,,-0.9670181,-0.9114151,-0.02418518,-0.3289719,-0.4958038,-0.6158752,-0.6789703,-0.8282394,-0.7272224,-0.5086975,-0.6869736,-0.7995071,-0.612606,-0.7336502,-0.4202347,-0.886055,-6.315018,-3.213753,-0.538765,-1.13475,-2.16481,-0.8212128,-1.256058,-0.7585831,-1.138847,-0.8322754
11.9,0.0,-163.0,3.0,-17.0,-1.0,-295.0,-2.0,-1740.0,0.0,-3286.0,0.0,-309.0,-2.0,-1271.0,,,,,,,,,,,,,,,,,,,,,,,,,,
11.908329963684082,,,,,,,,,,,,,,,-0.9621353,-0.8948135,-0.01930237,-0.3260422,-0.5006866,-0.6158752,-0.6750641,-0.8214035,-0.728199,-0.5047913,-0.6879501,-0.7985306,-0.6116295,-0.7238846,-0.4280472,-0.8782425,-6.329666,-3.206917,-0.5485306,-1.13475,-2.17067,-0.8241425,-1.258011,-0.7576065,-1.14959,-0.8381348
11.916669845581055,,,,,,,,,,,,,,,-0.9552994,-0.8801651,-0.01246643,-0.3231125,-0.506546,-0.6139221,-0.673111,-0.8155441,-0.728199,-0.5028381,-0.6928329,-0.7926712,-0.6096764,-0.7170486,-0.4378128,-0.8694534,-6.342361,-3.206917,-0.5690384,-1.132797,-2.177505,-0.8270721,-1.262894,-0.7537003,-1.154472,-0.8410645
11.925000190734863,,,,,,,,,,,,,,,-0.94944,-0.8703995,-0.007583618,-0.3211594,-0.5055695,-0.6100159,-0.6701813,-0.8106613,-0.7321053,-0.5028381,-0.6986923,-0.7809525,-0.6077232,-0.7121658,-0.4475784,-0.8616409,-6.352127,-3.2118,-0.5905228,-1.128891,-2.188248,-0.8290253,-1.260941,-0.7478409,-1.154472,-0.842041
11.933329582214355,,,,,,,,,,,,,,,-0.9455338,-0.8655167,-0.003677368,-0.3201828,-0.5026398,-0.6051331,-0.6672516,-0.8077316,-0.7330818,-0.5028381,-0.7035751,-0.7653275,-0.6047935,-0.7111893,-0.4592972,-0.8538284,-6.360916,-3.217659,-0.6120071,-1.121078,-2.19606,-0.831955,-1.262894,-0.7429581,-1.148613,-0.842041
11.933333333333334,0.0,-163.0,4.0,-21.0,-1.0,-298.0,-2.0,-1746.0,0.0,-3291.0,0.0,-312.0,-3.0,-1270.0,,,,,,,,,,,,,,,,,,,,,,,,,,
11.941670417785645,,,,,,,,,,,,,,,-0.9396744,-0.862587,-0.0007476807,-0.3211594,-0.4938507,-0.5992737,-0.6643219,-0.8087082,-0.7340584,-0.500885,-0.7074814,-0.7497025,-0.6018639,-0.7150955,-0.4661331,-0.8469925,-6.368729,-3.222542,-0.6286087,-1.114243,-2.205826,-0.8358612,-1.258987,-0.7370987,-1.138847,-0.8391113
11.949999809265137,,,,,,,,,,,,,,,-0.9386978,-0.8616104,-0.002700806,-0.3211594,-0.4850616,-0.5934143,-0.6623688,-0.8116379,-0.7340584,-0.4979553,-0.7084579,-0.735054,-0.5989342,-0.7219315,-0.4700394,-0.8411331,-6.370682,-3.225471,-0.6432571,-1.10643,-2.213638,-0.8417206,-1.252151,-0.734169,-1.127129,-0.8361816
11.958330154418945,,,,,,,,,,,,,,,-0.9396744,-0.8586807,-0.005630493,-0.3192062,-0.4723663,-0.5885315,-0.6604156,-0.8126144,-0.7330818,-0.4950256,-0.7104111,-0.7213821,-0.5989342,-0.7316971,-0.4719925,-0.8333206,-6.367752,-3.223518,-0.6491165,-1.100571,-2.218521,-0.8466034,-1.242386,-0.7390518,-1.111504,-0.8381348
11.966666666666667,0.0,-165.0,4.0,-27.0,0.0,-301.0,-2.0,-1753.0,0.0,-3298.0,-1.0,-316.0,-3.0,-1271.0,,,,,,,,,,,,,,,,,,,,,,,,,,
11.966670036315918,,,,,,,,,,,,,,,-0.9416275,-0.8567276,-0.01246643,-0.3153,-0.4547882,-0.5875549,-0.6604156,-0.8145676,-0.7311287,-0.4901428,-0.7094345,-0.7145462,-0.5989342,-0.7424393,-0.4700394,-0.8255081,-6.356033,-3.218636,-0.6500931,-1.096664,-2.219498,-0.8495331,-1.230667,-0.7458878,-1.098808,-0.8410645
11.975000381469727,,,,,,,,,,,,,,,-0.9474869,-0.8567276,-0.01930237,-0.3084641,-0.4430695,-0.5904846,-0.6633453,-0.8145676,-0.7311287,-0.4872131,-0.7065048,-0.7125931,-0.6028404,-0.754158,-0.4700394,-0.8186722,-6.344315,-3.2118,-0.6471634,-1.094711,-2.218521,-0.8534393,-1.219925,-0.7546768,-1.088066,-0.8439941
11.983329772949219,,,,,,,,,,,,,,,-0.9533463,-0.8537979,-0.02613831,-0.2967453,-0.4333038,-0.5973206,-0.6682281,-0.8126144,-0.7301521,-0.4872131,-0.7035751,-0.7135696,-0.603817,-0.7658768,-0.4671097,-0.8128128,-6.32869,-3.207893,-0.6432571,-1.093735,-2.219498,-0.8544159,-1.213089,-0.7644424,-1.082207,-0.8498535
11.991669654846191,,,,,,,,,,,,,,,-0.9582291,-0.8508682,-0.03199768,-0.2850266,-0.4245148,-0.6070862,-0.6701813,-0.8106613,-0.7311287,-0.4911194,-0.701622,-0.7184525,-0.6077232,-0.7795486,-0.4671097,-0.80793,-6.312088,-3.209846,-0.6393509,-1.092758,-2.217545,-0.8505096,-1.212112,-0.7703018,-1.080254,-0.8537598
12.0,0.0,-166.0,4.0,-32.0,0.0,-305.0,-2.0,-1754.0,0.0,-3298.0,-1.0,-318.0,-3.0,-1276.0,-0.965065,-0.8479385,-0.03785706,-0.2694016,-0.4215851,-0.6168518,-0.6740875,-0.8096848,-0.7330818,-0.4960022,-0.7006454,-0.7282181,-0.6106529,-0.7932205,-0.4690628,-0.80793,-6.298416,-3.217659,-0.632515,-1.096664,-2.217545,-0.8426971,-1.216995,-0.7703018,-1.083183,-0.8566895
12.008330345153809,,,,,,,,,,,,,,,-0.9679947,-0.8440323,-0.04078674,-0.2547531,-0.4235382,-0.6236877,-0.6779938,-0.8106613,-0.7340584,-0.5047913,-0.7025986,-0.7409134,-0.6145592,-0.807869,-0.4719925,-0.8108597,-6.295486,-3.234261,-0.6276321,-1.1035,-2.220474,-0.8290253,-1.226761,-0.7634659,-1.090996,-0.8596191
12.016670227050781,,,,,,,,,,,,,,,-0.9728775,-0.8411026,-0.04371643,-0.2420578,-0.4264679,-0.6266174,-0.6779938,-0.8165207,-0.7340584,-0.5194397,-0.7055283,-0.7536087,-0.6184654,-0.8244705,-0.4778519,-0.8176956,-6.29744,-3.252815,-0.6227493,-1.113266,-2.228287,-0.8134003,-1.240433,-0.7546768,-1.095879,-0.8586426
12.024999618530273,,,,,,,,,,,,,,,-0.9738541,-0.8381729,-0.04566956,-0.2322922,-0.4303741,-0.6217346,-0.6760406,-0.8253098,-0.7350349,-0.5340881,-0.7104111,-0.766304,-0.6233482,-0.8400955,-0.4817581,-0.8274612,-6.305252,-3.270393,-0.6188431,-1.125961,-2.237076,-0.800705,-1.257034,-0.7410049,-1.103691,-0.8547363
12.033329963684082,,,,,,,,,,,,,,,-0.9748306,-0.8342667,-0.04762268,-0.2264328,-0.4362335,-0.611969,-0.6721344,-0.8399582,-0.7330818,-0.5487366,-0.7182236,-0.7789993,-0.628231,-0.8537674,-0.4866409,-0.83918,-6.321854,-3.283089,-0.6129837,-1.13768,-2.243912,-0.793869,-1.274612,-0.7273331,-1.104668,-0.8498535
12.033333333333333,0.0,-169.0,4.0,-36.0,0.0,-306.0,-1.0,-1752.0,-1.0,-3302.0,-2.0,-319.0,-2.0,-1283.0,,,,,,,,,,,,,,,,,,,,,,,,,,
12.041669845581055,,,,,,,,,,,,,,,-0.9767838,-0.8293839,-0.05152893,-0.2274094,-0.4411163,-0.5953674,-0.6682281,-0.8555832,-0.7301521,-0.5653381,-0.7260361,-0.7868118,-0.6331139,-0.8654861,-0.4925003,-0.8499222,-6.340408,-3.288948,-0.6120071,-1.149399,-2.251724,-0.793869,-1.284378,-0.7165909,-1.097832,-0.842041
12.050000190734863,,,,,,,,,,,,,,,-0.98069,-0.824501,-0.05543518,-0.2293625,-0.4450226,-0.5738831,-0.6643219,-0.8712082,-0.7291756,-0.5780334,-0.7299423,-0.7916946,-0.6379967,-0.8732986,-0.4964066,-0.8606644,-6.35994,-3.286995,-0.6149368,-1.157211,-2.256607,-0.7987518,-1.290237,-0.7058487,-1.089043,-0.8312988
12.058329582214355,,,,,,,,,,,,,,,-0.9855728,-0.8215714,-0.05836487,-0.2342453,-0.4499054,-0.5523987,-0.6613922,-0.8829269,-0.7242928,-0.5838928,-0.7318954,-0.7946243,-0.6409264,-0.8752518,-0.4973831,-0.8665237,-6.382401,-3.279182,-0.6188431,-1.161118,-2.254654,-0.8114471,-1.292191,-0.702919,-1.076347,-0.8205566
12.066666666666666,0.0,-173.0,4.0,-36.0,0.0,-308.0,-1.0,-1749.0,-1.0,-3308.0,-2.0,-320.0,-2.0,-1292.0,,,,,,,,,,,,,,,,,,,,,,,,,,
12.066670417785645,,,,,,,,,,,,,,,-0.9904556,-0.8196182,-0.06129456,-0.2391281,-0.4538116,-0.533844,-0.6594391,-0.8907394,-0.7194099,-0.5858459,-0.7309189,-0.7916946,-0.643856,-0.8732986,-0.4973831,-0.8675003,-6.398026,-3.26844,-0.6276321,-1.162094,-2.254654,-0.8339081,-1.287308,-0.702919,-1.063652,-0.8098145
12.074999809265137,,,,,,,,,,,,,,,-0.9972916,-0.8176651,-0.06422424,-0.2420578,-0.4577179,-0.5231018,-0.6594391,-0.891716,-0.7155037,-0.5829163,-0.7250595,-0.7868118,-0.643856,-0.8674393,-0.49543,-0.8655472,-6.410721,-3.257698,-0.6373978,-1.158188,-2.248795,-0.8553925,-1.282425,-0.7038956,-1.051933,-0.8000488
12.083330154418945,,,,,,,,,,,,,,,-1.000221,-0.815712,-0.06324768,-0.2440109,-0.4606476,-0.518219,-0.6594391,-0.8878098,-0.7096443,-0.5751038,-0.717247,-0.7809525,-0.6448326,-0.8596268,-0.4934769,-0.8606644,-6.417557,-3.251839,-0.6442337,-1.152328,-2.244888,-0.8739471,-1.278519,-0.7078018,-1.043144,-0.7941895
12.091670036315918,,,,,,,,,,,,,,,-1.000221,-0.8166885,-0.06031799,-0.2440109,-0.4645538,-0.5231018,-0.6594391,-0.8809738,-0.7028084,-0.5643616,-0.7074814,-0.7741165,-0.6419029,-0.8527908,-0.4885941,-0.8557816,-6.417557,-3.247932,-0.6442337,-1.146469,-2.242935,-0.8885956,-1.276566,-0.7126846,-1.042168,-0.7912598
12.1,0.0,-173.0,4.0,-35.0,0.0,-312.0,-1.0,-1746.0,-1.0,-3315.0,-2.0,-322.0,-2.0,-1300.0,,,,,,,,,,,,,,,,,,,,,,,,,,
12.100000381469727,,,,,,,,,,,,,,,-0.9992447,-0.8176651,-0.05543518,-0.2420578,-0.4684601,-0.533844,-0.6623688,-0.8712082,-0.6979256,-0.5536194,-0.6986923,-0.7692337,-0.6409264,-0.8469315,-0.4846878,-0.8518753,-6.415604,-3.246956,-0.6422806,-1.14061,-2.240005,-0.8954315,-1.279495,-0.7165909,-1.046074,-0.7932129
12.108329772949219,,,,,,,,,,,,,,,-0.996315,-0.8176651,-0.04957581,-0.2391281,-0.4733429,-0.549469,-0.6652985,-0.860466,-0.6910896,-0.5438538,-0.6918564,-0.7633743,-0.6419029,-0.8400955,-0.479805,-0.8508987,-6.406815,-3.247932,-0.6354446,-1.133774,-2.239029,-0.8934784,-1.284378,-0.7214737,-1.054863,-0.7971191
12.116669654846191,,,,,,,,,,,,,,,-0.9885025,-0.8176651,-0.04371643,-0.2381516,-0.475296,-0.5660706,-0.6652985,-0.8546066,-0.6871834,-0.5360413,-0.6899033,-0.7604446,-0.6419029,-0.8352127,-0.4788284,-0.8557816,-6.395096,-3.246956,-0.6247025,-1.128891,-2.234146,-0.8837128,-1.292191,-0.7263565,-1.067558,-0.7980957
12.125,,,,,,,,,,,,,,,-0.9816666,-0.8176651,-0.04078674,-0.237175,-0.4811554,-0.5797424,-0.6692047,-0.8487473,-0.6842537,-0.5340881,-0.6928329,-0.757515,-0.6409264,-0.832283,-0.479805,-0.8626175,-6.387283,-3.24305,-0.6178665,-1.123032,-2.23024,-0.8700409,-1.296097,-0.7331924,-1.0783,-0.8000488
12.133330345153809,,,,,,,,,,,,,,,-0.9758072,-0.8176651,-0.03981018,-0.2352219,-0.4860382,-0.5914612,-0.6721344,-0.844841,-0.6803474,-0.5331116,-0.6996689,-0.7536087,-0.6389732,-0.8293533,-0.4817581,-0.8723831,-6.378494,-3.236214,-0.61689,-1.117172,-2.22731,-0.8534393,-1.29512,-0.7410049,-1.086113,-0.8010254
12.133333333333333,0.0,-174.0,4.0,-38.0,0.0,-314.0,-2.0,-1747.0,-1.0,-3327.0,-2.0,-325.0,-2.0,-1310.0,,,,,,,,,,,,,,,,,,,,,,,,,,
12.141670227050781,,,,,,,,,,,,,,,-0.9728775,-0.8196182,-0.04176331,-0.2361984,-0.4928741,-0.596344,-0.6750641,-0.844841,-0.6793709,-0.5350647,-0.7094345,-0.7477493,-0.6340904,-0.8283768,-0.4866409,-0.8850784,-6.372635,-3.229378,-0.6207962,-1.110336,-2.223404,-0.8358612,-1.288284,-0.7537003,-1.092949,-0.7990723
12.149999618530273,,,,,,,,,,,,,,,-0.9679947,-0.824501,-0.04469299,-0.2361984,-0.4967804,-0.5953674,-0.6799469,-0.844841,-0.6832771,-0.5389709,-0.7192001,-0.7399368,-0.6253014,-0.8274002,-0.4885941,-0.8938675,-6.368729,-3.226448,-0.625679,-1.107407,-2.223404,-0.8221893,-1.278519,-0.7663956,-1.094902,-0.7971191
12.158329963684082,,,,,,,,,,,,,,,-0.9679947,-0.8323135,-0.05152893,-0.2352219,-0.5026398,-0.5895081,-0.6819,-0.8428879,-0.6862068,-0.5428772,-0.7299423,-0.7301712,-0.6165123,-0.8264236,-0.4934769,-0.9007034,-6.367752,-3.225471,-0.6334915,-1.104477,-2.228287,-0.8134003,-1.26387,-0.7790909,-1.092949,-0.7941895
12.166666666666666,0.0,-176.0,4.0,-44.0,0.0,-315.0,-2.0,-1749.0,-1.0,-3340.0,-2.0,-325.0,-2.0,-1316.0,,,,,,,,,,,,,,,,,,,,,,,,,,
12.166669845581055,,,,,,,,,,,,,,,-0.9640884,-0.8450089,-0.05641174,-0.2313156,-0.5045929,-0.5787659,-0.6828766,-0.8409348,-0.6901131,-0.54776,-0.7387314,-0.726265,-0.6047935,-0.8254471,-0.49543,-0.90168,-6.371658,-3.227425,-0.641304,-1.1035,-2.237076,-0.809494,-1.243362,-0.7898331,-1.08709,-0.7902832
12.175000190734863,,,,,,,,,,,,,,,-0.9621353,-0.8586807,-0.06129456,-0.2244797,-0.506546,-0.5690002,-0.6828766,-0.8380051,-0.6979256,-0.5516663,-0.7445908,-0.7252884,-0.5930748,-0.8225174,-0.4925003,-0.8967972,-6.374588,-3.232307,-0.6432571,-1.105453,-2.247818,-0.8104706,-1.226761,-0.7995987,-1.082207,-0.786377
12.183329582214355,,,,,,,,,,,,,,,-0.9592056,-0.8733292,-0.06520081,-0.2166672,-0.5045929,-0.5563049,-0.6819,-0.8350754,-0.7057381,-0.5545959,-0.7465439,-0.7301712,-0.5842857,-0.8186111,-0.4846878,-0.8850784,-6.383377,-3.23719,-0.6373978,-1.112289,-2.25856,-0.8153534,-1.20723,-0.8044815,-1.076347,-0.7834473
12.191670417785645,,,,,,,,,,,,,,,-0.9552994,-0.8889542,-0.06715393,-0.2078781,-0.5006866,-0.5445862,-0.6809235,-0.8321457,-0.7174568,-0.5555725,-0.7475204,-0.7438431,-0.5774498,-0.8107986,-0.4788284,-0.8694534,-6.39119,-3.24305,-0.6305618,-1.119125,-2.269302,-0.8231659,-1.190628,-0.8035049,-1.072441,-0.7785645
12.199999809265137,,,,,,,,,,,,,,,-0.9533463,-0.9006729,-0.06617737,-0.1981125,-0.4958038,-0.5348206,-0.6779938,-0.8272629,-0.7272224,-0.5565491,-0.7426376,-0.7594681,-0.5754967,-0.801033,-0.4700394,-0.854805,-6.400955,-3.246956,-0.6198196,-1.126938,-2.270279,-0.8309784,-1.176956,-0.7976456,-1.069511,-0.7736816
12.2,-1.0,-181.0,3.0,-50.0,0.0,-314.0,-2.0,-1756.0,0.0,-3351.0,-2.0,-323.0,-2.0,-1317.0,,,,,,,,,,,,,,,,,,,,,,,,,,
12.208330154418945,,,,,,,,,,,,,,,-0.9513931,-0.9075089,-0.06324768,-0.1903,-0.4889679,-0.5289612,-0.6760406,-0.8262863,-0.7340584,-0.5565491,-0.7397079,-0.7770462,-0.5784264,-0.7873611,-0.4661331,-0.8401566,-6.412674,-3.248909,-0.6139603,-1.133774,-2.272232,-0.8397675,-1.166214,-0.7878799,-1.066582,-0.7697754
12.216670036315918,,,,,,,,,,,,,,,-0.9513931,-0.9075089,-0.05934143,-0.1844406,-0.4811554,-0.5250549,-0.6750641,-0.8262863,-0.7389412,-0.5555725,-0.7367783,-0.7936478,-0.581356,-0.7756424,-0.46418,-0.8303909,-6.421463,-3.249886,-0.6081009,-1.136703,-2.272232,-0.8505096,-1.158401,-0.7761612,-1.064629,-0.7687988
12.225000381469727,,,,,,,,,,,,,,,-0.9523697,-0.9016495,-0.05445862,-0.1824875,-0.4772491,-0.5250549,-0.6789703,-0.8272629,-0.7408943,-0.5536194,-0.7309189,-0.80439,-0.5872154,-0.7658768,-0.46418,-0.8264847,-6.431229,-3.252815,-0.6061478,-1.13768,-2.270279,-0.8602753,-1.155472,-0.7624893,-1.064629,-0.7687988
12.233329772949219,,,,,,,,,,,,,,,-0.9543228,-0.8879776,-0.04859924,-0.1824875,-0.4694366,-0.5270081,-0.6819,-0.8282394,-0.7379646,-0.5526428,-0.7279892,-0.8102493,-0.5950279,-0.7570877,-0.4671097,-0.8274612,-6.434158,-3.257698,-0.610054,-1.136703,-2.273209,-0.8671112,-1.156448,-0.7478409,-1.062675,-0.7687988
12.233333333333333,-1.0,-189.0,3.0,-54.0,0.0,-310.0,-2.0,-1763.0,0.0,-3362.0,-2.0,-320.0,-3.0,-1319.0,,,,,,,,,,,,,,,,,,,,,,,,,,
12.241669654846191,,,,,,,,,,,,,,,-0.9543228,-0.8684464,-0.04273987,-0.1863937,-0.4645538,-0.5299377,-0.6858063,-0.8331223,-0.7301521,-0.5565491,-0.7240829,-0.8082962,-0.5999107,-0.7522049,-0.4729691,-0.8294144,-6.439041,-3.264534,-0.6120071,-1.133774,-2.278091,-0.8739471,-1.166214,-0.7351456,-1.062675,-0.7697754
12.25,,,,,,,,,,,,,,,-0.9543228,-0.846962,-0.03883362,-0.1903,-0.4635773,-0.5348206,-0.6906891,-0.8360519,-0.7233162,-0.5604553,-0.7231064,-0.8014603,-0.6067467,-0.7522049,-0.4788284,-0.8294144,-6.442947,-3.272346,-0.6178665,-1.129868,-2.28688,-0.8807831,-1.176956,-0.7273331,-1.062675,-0.7717285
12.258330345153809,,,,,,,,,,,,,,,-0.9533463,-0.8215714,-0.03590393,-0.1961594,-0.4626007,-0.5426331,-0.6945953,-0.8399582,-0.712574,-0.5624084,-0.7192001,-0.7916946,-0.612606,-0.754158,-0.4837112,-0.8284378,-6.440018,-3.280159,-0.6207962,-1.128891,-2.297623,-0.8846893,-1.191605,-0.7244034,-1.063652,-0.7717285
12.266666666666667,-1.0,-195.0,4.0,-56.0,0.0,-309.0,-2.0,-1766.0,0.0,-3371.0,-2.0,-321.0,-3.0,-1323.0,,,,,,,,,,,,,,,,,,,,,,,,,,
12.266670227050781,,,,,,,,,,,,,,,-0.9523697,-0.7991104,-0.03004456,-0.2010422,-0.4635773,-0.549469,-0.6965485,-0.8458176,-0.7037849,-0.5672913,-0.717247,-0.7809525,-0.6165123,-0.7580643,-0.4885941,-0.8216019,-6.441971,-3.286018,-0.6237259,-1.130844,-2.308365,-0.8846893,-1.205276,-0.7253799,-1.068535,-0.7668457
12.274999618530273,,,,,,,,,,,,,,,-0.9513931,-0.7805557,-0.02613831,-0.2078781,-0.4674835,-0.5572815,-0.697525,-0.8507004,-0.6979256,-0.5702209,-0.7123642,-0.7692337,-0.6213951,-0.7649002,-0.4925003,-0.8098831,-6.436111,-3.290901,-0.625679,-1.133774,-2.315201,-0.8827362,-1.219925,-0.7331924,-1.073418,-0.7600098
12.283329963684082,,,,,,,,,,,,,,,-0.9523697,-0.768837,-0.02418518,-0.2156906,-0.4733429,-0.5631409,-0.6945953,-0.8546066,-0.6940193,-0.5702209,-0.7084579,-0.7614212,-0.6272545,-0.7717361,-0.4934769,-0.7981644,-6.433182,-3.293831,-0.6305618,-1.13768,-2.317154,-0.8768768,-1.229691,-0.7429581,-1.077324,-0.7492676
12.291669845581055,,,,,,,,,,,,,,,-0.9552994,-0.7639542,-0.02125549,-0.2235031,-0.4792023,-0.5699768,-0.6897125,-0.8555832,-0.6920662,-0.5692444,-0.7065048,-0.7555618,-0.6292076,-0.776619,-0.4934769,-0.7893753,-6.428299,-3.289925,-0.6383743,-1.14061,-2.313248,-0.8651581,-1.233597,-0.7546768,-1.08123,-0.7375488
12.3,-1.0,-196.0,4.0,-57.0,-1.0,-308.0,-3.0,-1769.0,0.0,-3379.0,-2.0,-323.0,-2.0,-1323.0,,,,,,,,,,,,,,,,,,,,,,,,,,
12.300000190734863,,,,,,,,,,,,,,,-0.9621353,-0.7659073,-0.01930237,-0.2352219,-0.4879913,-0.5758362,-0.6848297,-0.8526535,-0.6910896,-0.5643616,-0.7035751,-0.750679,-0.6321373,-0.7805252,-0.4895706,-0.7844925,-6.42244,-3.282112,-0.6442337,-1.142563,-2.306412,-0.8514862,-1.236526,-0.7624893,-1.08416,-0.7248535
12.308329582214355,,,,,,,,,,,,,,,-0.9699478,-0.7727432,-0.01930237,-0.2459641,-0.4948273,-0.5777893,-0.6779938,-0.8467941,-0.6959724,-0.5565491,-0.6996689,-0.7477493,-0.6321373,-0.7834549,-0.4885941,-0.7835159,-6.420486,-3.27137,-0.6491165,-1.142563,-2.299576,-0.8368378,-1.23262,-0.765419,-1.085136,-0.7141113
12.316670417785645,,,,,,,,,,,,,,,-0.9777603,-0.7825089,-0.01930237,-0.2547531,-0.5016632,-0.5797424,-0.6701813,-0.8380051,-0.7008553,-0.5467834,-0.6957626,-0.7457962,-0.6301842,-0.785408,-0.4856644,-0.7883987,-6.420486,-3.259651,-0.6530228,-1.142563,-2.294693,-0.8202362,-1.228714,-0.7644424,-1.08709,-0.7033691
12.324999809265137,,,,,,,,,,,,,,,-0.9885025,-0.793251,-0.02027893,-0.2606125,-0.506546,-0.5816956,-0.6633453,-0.8272629,-0.7067146,-0.5360413,-0.6899033,-0.7428665,-0.6262779,-0.7834549,-0.4817581,-0.7991409,-6.423416,-3.242073,-0.6510696,-1.142563,-2.28981,-0.8036346,-1.224808,-0.7556534,-1.08416,-0.6975098
12.333330154418945,,,,,,,,,,,,,,,-0.996315,-0.8030167,-0.02125549,-0.2586594,-0.5084991,-0.5826721,-0.6584625,-0.8214035,-0.7145271,-0.5272522,-0.6869736,-0.7389603,-0.6213951,-0.7795486,-0.4807816,-0.8098831,-6.425369,-3.226448,-0.6471634,-1.143539,-2.291763,-0.7899628,-1.219925,-0.7458878,-1.0783,-0.6955566
12.333333333333334,0.0,-198.0,4.0,-58.0,-1.0,-309.0,-3.0,-1773.0,0.0,-3387.0,-2.0,-324.0,-2.0,-1322.0,,,,,,,,,,,,,,,,,,,,,,,,,,
12.341670036315918,,,,,,,,,,,,,,,-1.002174,-0.8098526,-0.02223206,-0.2528,-0.5094757,-0.5865784,-0.6545563,-0.8184738,-0.7262459,-0.5155334,-0.6830673,-0.7360306,-0.6174889,-0.7746658,-0.479805,-0.8186722,-6.431229,-3.2118,-0.6315384,-1.145493,-2.298599,-0.7792206,-1.218948,-0.7351456,-1.072441,-0.6965332
12.350000381469727,,,,,,,,,,,,,,,-1.005104,-0.8127823,-0.02223206,-0.2410812,-0.5143585,-0.5904846,-0.6516266,-0.8194504,-0.7350349,-0.5067444,-0.6791611,-0.7311478,-0.6135826,-0.7668533,-0.4827347,-0.8245316,-6.439041,-3.196175,-0.6178665,-1.151352,-2.309341,-0.7665253,-1.219925,-0.7244034,-1.066582,-0.6984863
12.358329772949219,,,,,,,,,,,,,,,-1.005104,-0.8118057,-0.02125549,-0.2235031,-0.5143585,-0.596344,-0.6477203,-0.8233566,-0.743824,-0.5018616,-0.6752548,-0.726265,-0.6106529,-0.7580643,-0.4856644,-0.8274612,-6.442947,-3.183479,-0.6071243,-1.156235,-2.320084,-0.75383,-1.225784,-0.718544,-1.056816,-0.7004395
12.366666666666667,0.0,-201.0,5.0,-60.0,-1.0,-314.0,-4.0,-1776.0,0.0,-3395.0,-1.0,-326.0,-1.0,-1319.0,,,,,,,,,,,,,,,,,,,,,,,,,,
12.366669654846191,,,,,,,,,,,,,,,-1.002174,-0.8078995,-0.02027893,-0.2088547,-0.5153351,-0.6012268,-0.6447906,-0.8282394,-0.7477303,-0.4989319,-0.6742783,-0.7213821,-0.6086998,-0.7482986,-0.4895706,-0.8294144,-6.449783,-3.176643,-0.5993118,-1.160141,-2.330826,-0.7421112,-1.233597,-0.7214737,-1.048027,-0.7033691
12.375,,,,,,,,,,,,,,,-0.9982681,-0.8010635,-0.02027893,-0.1961594,-0.5163116,-0.6070862,-0.6408844,-0.8311691,-0.7516365,-0.4989319,-0.6752548,-0.7184525,-0.6086998,-0.738533,-0.4944534,-0.8323441,-6.45369,-3.175667,-0.6022415,-1.160141,-2.336685,-0.7303925,-1.240433,-0.7292862,-1.042168,-0.7062988
12.383330345153809,,,,,,,,,,,,,,,-0.9943619,-0.7903214,-0.01930237,-0.1873703,-0.5192413,-0.6090393,-0.6379547,-0.8272629,-0.7477303,-0.5018616,-0.6772079,-0.7135696,-0.6077232,-0.7316971,-0.4993362,-0.8372269,-6.456619,-3.178596,-0.610054,-1.155258,-2.341568,-0.7196503,-1.251175,-0.7390518,-1.035332,-0.7072754
12.391670227050781,,,,,,,,,,,,,,,-0.9914322,-0.7795792,-0.01930237,-0.1873703,-0.5202179,-0.6070862,-0.6360016,-0.8184738,-0.7418709,-0.5047913,-0.6820908,-0.7086868,-0.6086998,-0.7258377,-0.5032425,-0.8440628,-6.459549,-3.183479,-0.625679,-1.144516,-2.341568,-0.7137909,-1.259964,-0.7556534,-1.030449,-0.7102051
12.399999618530273,,,,,,,,,,,,,,,-0.9885025,-0.768837,-0.02027893,-0.1951828,-0.5211945,-0.6012268,-0.6330719,-0.8077316,-0.7330818,-0.5057678,-0.6899033,-0.7067337,-0.6096764,-0.7209549,-0.5051956,-0.854805,-6.456619,-3.191292,-0.6422806,-1.132797,-2.338638,-0.7147675,-1.2668,-0.7722549,-1.029472,-0.717041
12.4,0.0,-201.0,5.0,-60.0,-1.0,-317.0,-4.0,-1778.0,0.0,-3401.0,-1.0,-328.0,-2.0,-1319.0,,,,,,,,,,,,,,,,,,,,,,,,,,
12.408329963684082,,,,,,,,,,,,,,,-0.9885025,-0.762001,-0.02027893,-0.205925,-0.5192413,-0.5895081,-0.6320953,-0.797966,-0.7242928,-0.5047913,-0.701622,-0.7057571,-0.612606,-0.7180252,-0.5081253,-0.8635941,-6.455643,-3.198128,-0.6579056,-1.118149,-2.333755,-0.72258,-1.268753,-0.7839737,-1.027519,-0.7268066
12.416669845581055,,,,,,,,,,,,,,,-0.9885025,-0.7600479,-0.01930237,-0.2186203,-0.5172882,-0.5729065,-0.6330719,-0.7862473,-0.712574,-0.4999084,-0.7152939,-0.7057571,-0.6155357,-0.7150955,-0.5100784,-0.8714066,-6.451736,-3.201057,-0.6647415,-1.1035,-2.32692,-0.7391815,-1.268753,-0.7898331,-1.027519,-0.7385254
12.425000190734863,,,,,,,,,,,,,,,-0.9904556,-0.7629776,-0.01637268,-0.2342453,-0.5124054,-0.5543518,-0.6379547,-0.7813644,-0.7047615,-0.4920959,-0.7279892,-0.7096634,-0.619442,-0.7150955,-0.511055,-0.8743362,-6.443924,-3.202034,-0.663765,-1.091782,-2.32106,-0.7577362,-1.268753,-0.7908096,-1.029472,-0.7570801
12.433329582214355,,,,,,,,,,,,,,,-0.9943619,-0.7727432,-0.01246643,-0.2488937,-0.5075226,-0.533844,-0.6408844,-0.782341,-0.6998787,-0.4842834,-0.7426376,-0.7174759,-0.6243248,-0.7160721,-0.5149612,-0.8714066,-6.439041,-3.200081,-0.6530228,-1.082016,-2.316177,-0.7801971,-1.265823,-0.7849503,-1.028496,-0.7746582
12.433333333333334,-1.0,-201.0,5.0,-54.0,-1.0,-319.0,-4.0,-1778.0,0.0,-3411.0,0.0,-329.0,-2.0,-1320.0,,,,,,,,,,,,,,,,,,,,,,,,,,
12.441670417785645,,,,,,,,,,,,,,,-0.996315,-0.7854385,-0.007583618,-0.2606125,-0.5036163,-0.5143127,-0.6447906,-0.7862473,-0.6989021,-0.4735413,-0.7543564,-0.7272415,-0.6301842,-0.714119,-0.5159378,-0.8635941,-6.436111,-3.193245,-0.6354446,-1.080063,-2.313248,-0.800705,-1.264847,-0.7751846,-1.031425,-0.7902832
12.449999809265137,,,,,,,,,,,,,,,-0.9982681,-0.8020401,-0.004653931,-0.268425,-0.4987335,-0.4977112,-0.6457672,-0.7930832,-0.6998787,-0.4667053,-0.7650986,-0.74189,-0.635067,-0.714119,-0.5139847,-0.8499222,-6.432205,-3.187386,-0.6139603,-1.083969,-2.313248,-0.81633,-1.265823,-0.7634659,-1.030449,-0.8039551
12.458330154418945,,,,,,,,,,,,,,,-0.996315,-0.8196182,-0.001724243,-0.2733078,-0.4938507,-0.486969,-0.6457672,-0.8008957,-0.7037849,-0.4627991,-0.7738876,-0.7536087,-0.6389732,-0.714119,-0.511055,-0.8352737,-6.431229,-3.183479,-0.594429,-1.093735,-2.316177,-0.8280487,-1.2668,-0.7556534,-1.033379,-0.8117676
12.466666666666667,-1.0,-204.0,5.0,-50.0,-1.0,-316.0,-4.0,-1780.0,0.0,-3425.0,0.0,-329.0,-2.0,-1320.0,,,,,,,,,,,,,,,,,,,,,,,,,,
12.466670036315918,,,,,,,,,,,,,,,-0.9953384,-0.831337,-0.001724243,-0.2742844,-0.490921,-0.4830627,-0.641861,-0.8067551,-0.7086678,-0.4588928,-0.7758408,-0.7643509,-0.6419029,-0.714119,-0.5091019,-0.8216019,-6.434158,-3.183479,-0.5729446,-1.111313,-2.322037,-0.8329315,-1.270706,-0.749794,-1.038261,-0.8127441
12.475000381469727,,,,,,,,,,,,,,,-0.9914322,-0.8391495,-0.003677368,-0.2723312,-0.4879913,-0.4840393,-0.6369781,-0.8096848,-0.712574,-0.4588928,-0.7758408,-0.7721634,-0.6419029,-0.7121658,-0.5042191,-0.80793,-6.432205,-3.188362,-0.5592728,-1.131821,-2.331802,-0.831955,-1.272659,-0.7488174,-1.041191,-0.8049316
12.483329772949219,,,,,,,,,,,,,,,-0.9855728,-0.840126,-0.007583618,-0.2635422,-0.4860382,-0.4889221,-0.6311188,-0.8116379,-0.7164803,-0.4579163,-0.7729111,-0.7780228,-0.6409264,-0.7092361,-0.5003128,-0.8001175,-6.432205,-3.199104,-0.5485306,-1.153305,-2.338638,-0.8260956,-1.277542,-0.7566299,-1.043144,-0.7932129
12.491669654846191,,,,,,,,,,,,,,,-0.98069,-0.8342667,-0.01344299,-0.2537766,-0.4850616,-0.4977112,-0.6281891,-0.8106613,-0.7194099,-0.4549866,-0.7690048,-0.7780228,-0.6389732,-0.7043533,-0.4973831,-0.7952347,-6.430252,-3.210823,-0.5426712,-1.173813,-2.350357,-0.8182831,-1.277542,-0.7683487,-1.046074,-0.7814941
12.5,0.0,-207.0,5.0,-48.0,-1.0,-314.0,-4.0,-1787.0,0.0,-3436.0,0.0,-332.0,-2.0,-1320.0,-0.9787369,-0.8274307,-0.02027893,-0.2440109,-0.4850616,-0.5084534,-0.6233063,-0.8087082,-0.7242928,-0.4510803,-0.7602158,-0.7741165,-0.6379967,-0.7004471,-0.4983597,-0.7952347,-6.427322,-3.220589,-0.5416946,-1.189438,-2.359146,-0.809494,-1.275589,-0.781044,-1.050957,-0.7678223
12.508330345153809,,,,,,,,,,,,,,,-0.9767838,-0.8225479,-0.02613831,-0.2313156,-0.4870148,-0.5162659,-0.6223297,-0.8057785,-0.728199,-0.4442444,-0.7514267,-0.7711868,-0.6370201,-0.6994705,-0.4993362,-0.7962112,-6.425369,-3.228401,-0.5436478,-1.199203,-2.369888,-0.8036346,-1.272659,-0.796669,-1.04998,-0.755127
12.516670227050781,,,,,,,,,,,,,,,-0.9777603,-0.8176651,-0.03004456,-0.2205734,-0.4889679,-0.5240784,-0.6223297,-0.8008957,-0.7311287,-0.438385,-0.7406845,-0.7682571,-0.6389732,-0.6994705,-0.5042191,-0.7981644,-6.429276,-3.232307,-0.5495071,-1.204086,-2.377701,-0.7997284,-1.262894,-0.8113174,-1.048027,-0.7453613
12.524999618530273,,,,,,,,,,,,,,,-0.9845963,-0.8147354,-0.03297424,-0.2108078,-0.4918976,-0.5289612,-0.6223297,-0.7969894,-0.7389412,-0.4325256,-0.7309189,-0.766304,-0.6419029,-0.7014236,-0.5061722,-0.8001175,-6.436111,-3.230354,-0.5563431,-1.204086,-2.384537,-0.800705,-1.253128,-0.8210831,-1.046074,-0.7404785
12.533329963684082,,,,,,,,,,,,,,,-0.9943619,-0.815712,-0.03297424,-0.2029953,-0.4958038,-0.5318909,-0.6252594,-0.7930832,-0.7457771,-0.4305725,-0.7231064,-0.766304,-0.6477623,-0.7092361,-0.5120316,-0.7981644,-6.451736,-3.225471,-0.5661087,-1.20018,-2.38942,-0.8055878,-1.242386,-0.8259659,-1.044121,-0.7365723
12.533333333333333,0.0,-210.0,5.0,-50.0,-1.0,-318.0,-4.0,-1793.0,0.0,-3447.0,-1.0,-337.0,-2.0,-1321.0,,,,,,,,,,,,,,,,,,,,,,,,,,
12.541669845581055,,,,,,,,,,,,,,,-1.000221,-0.815712,-0.03492737,-0.1951828,-0.4987335,-0.5357971,-0.6252594,-0.7891769,-0.7506599,-0.4305725,-0.717247,-0.7672806,-0.6536217,-0.7190018,-0.5130081,-0.7942581,-6.463455,-3.218636,-0.5729446,-1.196274,-2.392349,-0.8143768,-1.228714,-0.8259659,-1.045097,-0.7336426
12.550000190734863,,,,,,,,,,,,,,,-1.008034,-0.8147354,-0.03297424,-0.1903,-0.5006866,-0.5357971,-0.6252594,-0.7842941,-0.7545662,-0.4335022,-0.7133408,-0.7721634,-0.6585045,-0.7316971,-0.5149612,-0.7883987,-6.47908,-3.210823,-0.5807571,-1.192368,-2.392349,-0.8241425,-1.217972,-0.8220596,-1.050957,-0.7307129
12.558329582214355,,,,,,,,,,,,,,,-1.012917,-0.8098526,-0.03492737,-0.1873703,-0.5026398,-0.533844,-0.6242828,-0.7813644,-0.7555428,-0.4413147,-0.7133408,-0.7780228,-0.6604576,-0.745369,-0.5159378,-0.7796097,-6.493729,-3.203987,-0.5836868,-1.187485,-2.391373,-0.8329315,-1.2043,-0.8142471,-1.059746,-0.723877
12.566666666666666,0.0,-211.0,4.0,-50.0,-1.0,-322.0,-4.0,-1802.0,0.0,-3454.0,-1.0,-341.0,-1.0,-1322.0,,,,,,,,,,,,,,,,,,,,,,,,,,
12.566670417785645,,,,,,,,,,,,,,,-1.01487,-0.800087,-0.03590393,-0.1854172,-0.4997101,-0.5299377,-0.6242828,-0.7794113,-0.7545662,-0.4471741,-0.7152939,-0.7809525,-0.6624107,-0.7600174,-0.5178909,-0.7727737,-6.500565,-3.201057,-0.5885696,-1.179672,-2.392349,-0.8426971,-1.191605,-0.8054581,-1.074394,-0.717041
12.574999809265137,,,,,,,,,,,,,,,-1.013893,-0.7864151,-0.03883362,-0.1854172,-0.4958038,-0.5231018,-0.6252594,-0.7803879,-0.7487068,-0.4510803,-0.7182236,-0.7858353,-0.6604576,-0.7736893,-0.5178909,-0.7649612,-6.504471,-3.199104,-0.5924759,-1.169907,-2.392349,-0.8505096,-1.178909,-0.796669,-1.08709,-0.7102051
12.583330154418945,,,,,,,,,,,,,,,-1.009987,-0.7737198,-0.04176331,-0.1854172,-0.4928741,-0.5152893,-0.626236,-0.782341,-0.7448006,-0.4549866,-0.7201767,-0.7907181,-0.6585045,-0.785408,-0.5198441,-0.7620316,-6.507401,-3.196175,-0.5993118,-1.159164,-2.394302,-0.8553925,-1.17012,-0.7908096,-1.104668,-0.7062988
12.591670036315918,,,,,,,,,,,,,,,-1.005104,-0.762001,-0.04664612,-0.1893234,-0.4879913,-0.5074768,-0.6291656,-0.7852707,-0.7408943,-0.4559631,-0.7192001,-0.7936478,-0.6536217,-0.7961502,-0.5188675,-0.7620316,-6.505447,-3.190315,-0.6041946,-1.148422,-2.398209,-0.8622284,-1.161331,-0.7869034,-1.117363,-0.7033691
12.6,0.0,-212.0,4.0,-48.0,-1.0,-326.0,-4.0,-1811.0,0.0,-3462.0,-1.0,-344.0,-1.0,-1324.0,,,,,,,,,,,,,,,,,,,,,,,,,,
12.600000381469727,,,,,,,,,,,,,,,-1.000221,-0.7522354,-0.04762268,-0.1990891,-0.482132,-0.5016174,-0.6340485,-0.7921066,-0.7408943,-0.4579163,-0.7182236,-0.7985306,-0.650692,-0.8020096,-0.5149612,-0.7669144,-6.505447,-3.179573,-0.6139603,-1.136703,-2.404068,-0.8680878,-1.157425,-0.7849503,-1.125175,-0.7062988
12.608329772949219,,,,,,,,,,,,,,,-0.996315,-0.7444229,-0.04859924,-0.2069016,-0.4792023,-0.4957581,-0.641861,-0.7989426,-0.743824,-0.4618225,-0.7143173,-0.8034134,-0.6467857,-0.8039627,-0.5091019,-0.7737503,-6.509354,-3.164925,-0.6266556,-1.127914,-2.407974,-0.871994,-1.163284,-0.7869034,-1.128105,-0.7150879
12.616669654846191,,,,,,,,,,,,,,,-0.9953384,-0.7405167,-0.04859924,-0.2186203,-0.4762726,-0.4967346,-0.6496735,-0.8018723,-0.7487068,-0.4676819,-0.7094345,-0.8034134,-0.6448326,-0.801033,-0.5012894,-0.7796097,-6.512283,-3.148323,-0.6403275,-1.119125,-2.413834,-0.8729706,-1.174026,-0.7898331,-1.128105,-0.7248535
12.625,,,,,,,,,,,,,,,-0.996315,-0.7385635,-0.04664612,-0.2352219,-0.4772491,-0.5045471,-0.6584625,-0.8038254,-0.7555428,-0.4784241,-0.7035751,-0.80439,-0.643856,-0.7951736,-0.4905472,-0.7864456,-6.520096,-3.131721,-0.6510696,-1.113266,-2.41188,-0.8739471,-1.190628,-0.7937393,-1.125175,-0.7365723
12.633330345153809,,,,,,,,,,,,,,,-0.996315,-0.7385635,-0.04371643,-0.2508469,-0.4782257,-0.5143127,-0.6672516,-0.7999191,-0.7623787,-0.4920959,-0.7025986,-0.8034134,-0.6419029,-0.7863846,-0.4817581,-0.7903519,-6.527908,-3.117073,-0.6608353,-1.111313,-2.406021,-0.871994,-1.210159,-0.7995987,-1.120293,-0.7473145
12.633333333333333,0.0,-211.0,3.0,-46.0,-1.0,-329.0,-4.0,-1819.0,0.0,-3470.0,0.0,-347.0,0.0,-1328.0,,,,,,,,,,,,,,,,,,,,,,,,,,
12.641670227050781,,,,,,,,,,,,,,,-0.9992447,-0.7424698,-0.03981018,-0.2674484,-0.482132,-0.5279846,-0.673111,-0.7911301,-0.7662849,-0.5067444,-0.7025986,-0.7995071,-0.643856,-0.7756424,-0.4768753,-0.7932816,-6.536697,-3.108284,-0.6666946,-1.108383,-2.394302,-0.8680878,-1.228714,-0.8035049,-1.117363,-0.7590332
12.649999618530273,,,,,,,,,,,,,,,-1.001198,-0.7483292,-0.03785706,-0.28405,-0.4860382,-0.5426331,-0.6789703,-0.7764816,-0.7672615,-0.5194397,-0.7084579,-0.7946243,-0.6458092,-0.7639236,-0.4719925,-0.7932816,-6.54158,-3.103401,-0.6715775,-1.102524,-2.378677,-0.8641815,-1.245316,-0.8083878,-1.114433,-0.7687988
12.658329963684082,,,,,,,,,,,,,,,-1.002174,-0.7600479,-0.03590393,-0.2967453,-0.4899445,-0.5563049,-0.6819,-0.7608566,-0.7633553,-0.5272522,-0.717247,-0.7868118,-0.6487389,-0.7531815,-0.4758987,-0.792305,-6.546463,-3.104378,-0.672554,-1.095688,-2.360123,-0.8573456,-1.257034,-0.8152237,-1.11541,-0.7766113
12.666666666666666,0.0,-205.0,3.0,-44.0,-1.0,-329.0,-4.0,-1826.0,-1.0,-3479.0,0.0,-349.0,0.0,-1335.0,,,,,,,,,,,,,,,,,,,,,,,,,,
12.666669845581055,,,,,,,,,,,,,,,-1.001198,-0.7717667,-0.03785706,-0.3074875,-0.4958038,-0.5670471,-0.6828766,-0.7462082,-0.7574959,-0.5292053,-0.7270126,-0.7770462,-0.6536217,-0.7443924,-0.479805,-0.792305,-6.548416,-3.108284,-0.6735306,-1.088852,-2.342545,-0.8514862,-1.259964,-0.8191299,-1.11834,-0.7814941
12.675000190734863,,,,,,,,,,,,,,,-1.001198,-0.7864151,-0.03688049,-0.3182297,-0.5006866,-0.5758362,-0.6809235,-0.7315598,-0.7496834,-0.5252991,-0.7377548,-0.7653275,-0.6575279,-0.7395096,-0.4846878,-0.792305,-6.552322,-3.113167,-0.6715775,-1.081039,-2.325943,-0.84758,-1.258987,-0.8220596,-1.123222,-0.7854004
12.683329582214355,,,,,,,,,,,,,,,-1.001198,-0.8039932,-0.03883362,-0.3250656,-0.506546,-0.5816956,-0.6779938,-0.7247238,-0.7428474,-0.5145569,-0.7465439,-0.7536087,-0.6633873,-0.7365799,-0.4895706,-0.7932816,-6.554276,-3.120979,-0.6696243,-1.07518,-2.319107,-0.8436737,-1.257034,-0.8249893,-1.129082,-0.7883301
12.691670417785645,,,,,,,,,,,,,,,-1.004128,-0.815712,-0.03785706,-0.3279953,-0.5084991,-0.5846252,-0.6740875,-0.7266769,-0.7350349,-0.5018616,-0.7524033,-0.74189,-0.6682701,-0.738533,-0.4934769,-0.7952347,-6.556229,-3.128792,-0.6676712,-1.070297,-2.315201,-0.8378143,-1.255081,-0.827919,-1.138847,-0.7893066
12.699999809265137,,,,,,,,,,,,,,,-1.004128,-0.8254776,-0.03688049,-0.3260422,-0.5094757,-0.5797424,-0.6701813,-0.7344894,-0.7272224,-0.48526,-0.7543564,-0.7311478,-0.6731529,-0.7424393,-0.4944534,-0.7971878,-6.557205,-3.135628,-0.663765,-1.070297,-2.31813,-0.8290253,-1.254105,-0.8298721,-1.148613,-0.7893066
12.7,0.0,-196.0,4.0,-39.0,-1.0,-330.0,-4.0,-1831.0,-1.0,-3488.0,0.0,-349.0,-1.0,-1341.0,,,,,,,,,,,,,,,,,,,,,,,,,,
12.708330154418945,,,,,,,,,,,,,,,-1.006081,-0.831337,-0.03785706,-0.3192062,-0.5094757,-0.5748596,-0.6672516,-0.7432785,-0.7203865,-0.4686584,-0.7543564,-0.7233353,-0.675106,-0.7482986,-0.4925003,-0.7962112,-6.558182,-3.145393,-0.6608353,-1.07518,-2.325943,-0.8182831,-1.256058,-0.8308487,-1.157402,-0.786377
12.716670036315918,,,,,,,,,,,,,,,-1.009987,-0.8323135,-0.03492737,-0.3074875,-0.506546,-0.5680237,-0.6633453,-0.7530441,-0.712574,-0.4530334,-0.7504501,-0.7184525,-0.6760826,-0.7551346,-0.4866409,-0.7932816,-6.557205,-3.155159,-0.6530228,-1.084946,-2.334732,-0.8085175,-1.258987,-0.8308487,-1.163261,-0.7834473
12.725000381469727,,,,,,,,,,,,,,,-1.013893,-0.8303604,-0.03199768,-0.2928391,-0.5006866,-0.5582581,-0.6584625,-0.7598801,-0.7076912,-0.438385,-0.7475204,-0.7204056,-0.6760826,-0.7629471,-0.4827347,-0.7883987,-6.557205,-3.163948,-0.64814,-1.096664,-2.343521,-0.7987518,-1.264847,-0.8288956,-1.168144,-0.7814941
12.733329772949219,,,,,,,,,,,,,,,-1.016823,-0.8284073,-0.02906799,-0.2742844,-0.4938507,-0.5475159,-0.6545563,-0.7637863,-0.7028084,-0.4247131,-0.7406845,-0.7291946,-0.6741295,-0.769783,-0.4807816,-0.7815628,-6.553299,-3.173714,-0.6432571,-1.10936,-2.350357,-0.7909393,-1.270706,-0.8240128,-1.170097,-0.779541
12.733333333333333,0.0,-188.0,4.0,-33.0,-2.0,-334.0,-4.0,-1836.0,-1.0,-3494.0,0.0,-346.0,-1.0,-1345.0,,,,,,,,,,,,,,,,,,,,,,,,,,
12.741669654846191,,,,,,,,,,,,,,,-1.019753,-0.824501,-0.02906799,-0.2576828,-0.4850616,-0.5377502,-0.65065,-0.7628098,-0.6998787,-0.4149475,-0.7309189,-0.7409134,-0.6731529,-0.7746658,-0.4788284,-0.7747269,-6.548416,-3.179573,-0.6354446,-1.121078,-2.357193,-0.7860565,-1.275589,-0.8181534,-1.171074,-0.7805176
12.75,,,,,,,,,,,,,,,-1.025612,-0.8215714,-0.02711487,-0.2449875,-0.4792023,-0.5299377,-0.6477203,-0.7598801,-0.6998787,-0.4090881,-0.7231064,-0.7565384,-0.6711998,-0.776619,-0.4768753,-0.7678909,-6.545486,-3.182503,-0.6286087,-1.131821,-2.364029,-0.7860565,-1.280472,-0.8113174,-1.171074,-0.7814941
12.758330345153809,,,,,,,,,,,,,,,-1.029518,-0.8225479,-0.02613831,-0.2381516,-0.4733429,-0.5211487,-0.6467438,-0.7569504,-0.7028084,-0.4081116,-0.7152939,-0.7741165,-0.6692467,-0.7775955,-0.4778519,-0.7639847,-6.539627,-3.183479,-0.6237259,-1.13768,-2.371841,-0.7889862,-1.286331,-0.8035049,-1.167168,-0.7834473
12.766666666666667,0.0,-184.0,4.0,-30.0,-2.0,-340.0,-4.0,-1840.0,0.0,-3498.0,0.0,-341.0,-1.0,-1345.0,,,,,,,,,,,,,,,,,,,,,,,,,,
12.766670227050781,,,,,,,,,,,,,,,-1.034401,-0.824501,-0.02418518,-0.2361984,-0.4723663,-0.5133362,-0.6467438,-0.7549973,-0.7106209,-0.4110413,-0.7074814,-0.7936478,-0.6702232,-0.7746658,-0.4768753,-0.7659378,-6.533768,-3.183479,-0.6188431,-1.139633,-2.381607,-0.7967987,-1.29512,-0.796669,-1.164238,-0.786377
12.774999618530273,,,,,,,,,,,,,,,-1.035378,-0.8274307,-0.02516174,-0.2410812,-0.4704132,-0.502594,-0.6496735,-0.7569504,-0.7194099,-0.4169006,-0.701622,-0.8112259,-0.6682701,-0.7668533,-0.4749222,-0.7727737,-6.524002,-3.182503,-0.6188431,-1.136703,-2.393326,-0.8065643,-1.304886,-0.7947159,-1.159355,-0.7873535
12.783329963684082,,,,,,,,,,,,,,,-1.036354,-0.8323135,-0.02613831,-0.2459641,-0.4762726,-0.4908752,-0.6545563,-0.7608566,-0.7330818,-0.4276428,-0.6977158,-0.8278275,-0.6711998,-0.7590408,-0.4739456,-0.7825394,-6.51619,-3.183479,-0.6178665,-1.132797,-2.408951,-0.8153534,-1.314651,-0.796669,-1.161308,-0.786377
12.791669845581055,,,,,,,,,,,,,,,-1.036354,-0.8381729,-0.03004456,-0.2498703,-0.482132,-0.4811096,-0.6613922,-0.7647629,-0.7448006,-0.4393616,-0.6986923,-0.8405228,-0.6731529,-0.7502518,-0.4729691,-0.7962112,-6.512283,-3.185432,-0.6227493,-1.127914,-2.427505,-0.8290253,-1.324417,-0.8015518,-1.158379,-0.7834473
12.8,0.0,-183.0,4.0,-33.0,-2.0,-344.0,-4.0,-1840.0,0.0,-3503.0,-1.0,-335.0,-1.0,-1347.0,,,,,,,,,,,,,,,,,,,,,,,,,,
12.800000190734863,,,,,,,,,,,,,,,-1.036354,-0.8440323,-0.03297424,-0.2537766,-0.4889679,-0.4742737,-0.6672516,-0.7676926,-0.7555428,-0.4481506,-0.701622,-0.8483353,-0.675106,-0.7414627,-0.4719925,-0.8098831,-6.511307,-3.189339,-0.6286087,-1.126938,-2.44313,-0.8436737,-1.33223,-0.812294,-1.157402,-0.7785645
12.808329582214355,,,,,,,,,,,,,,,-1.039284,-0.8479385,-0.04078674,-0.2547531,-0.4928741,-0.4723206,-0.673111,-0.7715988,-0.7633553,-0.4549866,-0.7065048,-0.8541946,-0.6799889,-0.7365799,-0.4739456,-0.823555,-6.517166,-3.193245,-0.6373978,-1.128891,-2.462662,-0.8583221,-1.339066,-0.8259659,-1.160332,-0.7687988
12.816670417785645,,,,,,,,,,,,,,,-1.04026,-0.8498917,-0.04664612,-0.2508469,-0.4948273,-0.4742737,-0.6760406,-0.7755051,-0.7692146,-0.4608459,-0.7123642,-0.8571243,-0.6858482,-0.7375565,-0.479805,-0.8372269,-6.529861,-3.197151,-0.6452103,-1.13475,-2.47438,-0.871994,-1.338089,-0.8415909,-1.164238,-0.7561035
12.824999809265137,,,,,,,,,,,,,,,-1.042213,-0.8508682,-0.05543518,-0.2459641,-0.4928741,-0.4801331,-0.6750641,-0.7774582,-0.7711678,-0.4667053,-0.7201767,-0.8590775,-0.6887779,-0.7424393,-0.4895706,-0.8489456,-6.545486,-3.201057,-0.6549759,-1.142563,-2.487076,-0.8846893,-1.333206,-0.8562393,-1.168144,-0.7443848
12.833330154418945,,,,,,,,,,,,,,,-1.04612,-0.8508682,-0.06422424,-0.2420578,-0.4889679,-0.4898987,-0.673111,-0.7794113,-0.7692146,-0.4754944,-0.7260361,-0.8590775,-0.690731,-0.7551346,-0.5003128,-0.8587112,-6.565018,-3.204964,-0.6608353,-1.152328,-2.494888,-0.894455,-1.324417,-0.8689346,-1.17498,-0.7346191
12.833333333333334,0.0,-186.0,4.0,-37.0,-1.0,-346.0,-4.0,-1840.0,0.0,-3512.0,0.0,-332.0,-1.0,-1347.0,,,,,,,,,,,,,,,,,,,,,,,,,,
12.841670036315918,,,,,,,,,,,,,,,-1.050026,-0.8489151,-0.06813049,-0.2410812,-0.4840851,-0.4967346,-0.6692047,-0.7803879,-0.7662849,-0.4891663,-0.7318954,-0.8590775,-0.690731,-0.769783,-0.511055,-0.8655472,-6.582596,-3.2118,-0.6657181,-1.158188,-2.501724,-0.9012909,-1.315628,-0.8796768,-1.18084,-0.7268066
12.850000381469727,,,,,,,,,,,,,,,-1.052956,-0.8440323,-0.07301331,-0.2420578,-0.4792023,-0.502594,-0.6633453,-0.7803879,-0.7614021,-0.5067444,-0.7397079,-0.860054,-0.6868248,-0.7893143,-0.5217972,-0.8694534,-6.597244,-3.219612,-0.6676712,-1.161118,-2.50563,-0.9012909,-1.307816,-0.8845596,-1.186699,-0.7219238
12.858329772949219,,,,,,,,,,,,,,,-1.054909,-0.8371964,-0.07496643,-0.2459641,-0.4772491,-0.502594,-0.657486,-0.7803879,-0.7555428,-0.5292053,-0.7416611,-0.8639603,-0.6780357,-0.807869,-0.5305862,-0.8723831,-6.60701,-3.228401,-0.6657181,-1.163071,-2.507584,-0.8934784,-1.301956,-0.8865128,-1.188652,-0.7199707
12.866666666666667,0.0,-191.0,3.0,-44.0,-1.0,-350.0,-4.0,-1838.0,0.0,-3518.0,0.0,-332.0,-1.0,-1347.0,,,,,,,,,,,,,,,,,,,,,,,,,,
12.866669654846191,,,,,,,,,,,,,,,-1.054909,-0.8264542,-0.07691956,-0.2508469,-0.4811554,-0.4996643,-0.65065,-0.7794113,-0.7487068,-0.5526428,-0.7445908,-0.8678665,-0.6702232,-0.823494,-0.5364456,-0.8733597,-6.613846,-3.23719,-0.6608353,-1.162094,-2.509537,-0.8798065,-1.300003,-0.8855362,-1.187675,-0.7199707
12.875,,,,,,,,,,,,,,,-1.052956,-0.815712,-0.07301331,-0.2547531,-0.4870148,-0.4977112,-0.6447906,-0.7764816,-0.7389412,-0.5741272,-0.7445908,-0.8717728,-0.6614342,-0.8381424,-0.5374222,-0.87043,-6.614822,-3.242073,-0.6549759,-1.158188,-2.50856,-0.863205,-1.301956,-0.8796768,-1.183769,-0.7219238
12.883330345153809,,,,,,,,,,,,,,,-1.051003,-0.8049698,-0.06715393,-0.2567062,-0.4958038,-0.4977112,-0.6438141,-0.7735519,-0.7301521,-0.5897522,-0.7436142,-0.875679,-0.6555748,-0.847908,-0.5364456,-0.8665237,-6.610916,-3.242073,-0.6442337,-1.153305,-2.50563,-0.8436737,-1.308792,-0.8708878,-1.174004,-0.723877
12.891670227050781,,,,,,,,,,,,,,,-1.048073,-0.7942276,-0.06129456,-0.2567062,-0.5045929,-0.502594,-0.6438141,-0.7735519,-0.7203865,-0.5975647,-0.7406845,-0.8786087,-0.650692,-0.8518143,-0.5315628,-0.8626175,-6.603104,-3.234261,-0.6334915,-1.147446,-2.500748,-0.825119,-1.318558,-0.8640518,-1.168144,-0.7268066
12.899999618530273,,,,,,,,,,,,,,,-1.04319,-0.7873917,-0.05445862,-0.2557297,-0.5114288,-0.5104065,-0.6486969,-0.7755051,-0.712574,-0.594635,-0.7397079,-0.882515,-0.6477623,-0.8518143,-0.5237503,-0.8567581,-6.593338,-3.221565,-0.6247025,-1.141586,-2.494888,-0.8104706,-1.327347,-0.8572159,-1.161308,-0.7316895
12.9,0.0,-192.0,3.0,-52.0,0.0,-354.0,-3.0,-1843.0,0.0,-3519.0,-1.0,-336.0,-1.0,-1352.0,,,,,,,,,,,,,,,,,,,,,,,,,,
12.908329963684082,,,,,,,,,,,,,,,-1.038307,-0.7834854,-0.04664612,-0.2508469,-0.5163116,-0.5191956,-0.6555328,-0.7774582,-0.7086678,-0.5848694,-0.7397079,-0.8864212,-0.6526451,-0.8498611,-0.5178909,-0.8508987,-6.582596,-3.203987,-0.6188431,-1.136703,-2.490005,-0.8026581,-1.333206,-0.8484268,-1.156425,-0.7365723
12.916669845581055,,,,,,,,,,,,,,,-1.031471,-0.7854385,-0.04078674,-0.2469406,-0.5143585,-0.5289612,-0.6633453,-0.7813644,-0.7086678,-0.5692444,-0.7416611,-0.8903275,-0.6575279,-0.8430252,-0.5120316,-0.8479691,-6.569901,-3.189339,-0.6159134,-1.129868,-2.485123,-0.8016815,-1.339066,-0.8396378,-1.154472,-0.7443848
12.925000190734863,,,,,,,,,,,,,,,-1.022682,-0.793251,-0.03297424,-0.2449875,-0.5084991,-0.5367737,-0.6721344,-0.7862473,-0.7135506,-0.5506897,-0.7445908,-0.8942337,-0.6624107,-0.8352127,-0.5042191,-0.8460159,-6.557205,-3.181526,-0.61689,-1.122055,-2.482193,-0.8046112,-1.340042,-0.8298721,-1.154472,-0.7580566
12.933329582214355,,,,,,,,,,,,,,,-1.017799,-0.8030167,-0.03004456,-0.2440109,-0.5026398,-0.5357971,-0.6809235,-0.7891769,-0.7203865,-0.5370178,-0.7504501,-0.8991165,-0.6692467,-0.823494,-0.4964066,-0.8430862,-6.548416,-3.178596,-0.6237259,-1.116196,-2.479263,-0.8114471,-1.339066,-0.8220596,-1.156425,-0.7697754
12.933333333333334,0.0,-191.0,3.0,-55.0,0.0,-358.0,-3.0,-1848.0,0.0,-3527.0,-1.0,-339.0,-1.0,-1359.0,,,,,,,,,,,,,,,,,,,,,,,,,,
12.941670417785645,,,,,,,,,,,,,,,-1.013893,-0.8137589,-0.02809143,-0.2469406,-0.497757,-0.5279846,-0.6858063,-0.7891769,-0.7311287,-0.5272522,-0.7563095,-0.9039993,-0.675106,-0.8107986,-0.4885941,-0.8382034,-6.54451,-3.185432,-0.6354446,-1.114243,-2.476334,-0.8182831,-1.333206,-0.8152237,-1.153496,-0.7814941
12.949999809265137,,,,,,,,,,,,,,,-1.012917,-0.8254776,-0.02906799,-0.2528,-0.4938507,-0.518219,-0.6867828,-0.7833176,-0.7418709,-0.5233459,-0.7631454,-0.9059525,-0.6780357,-0.8000565,-0.4807816,-0.8333206,-6.545486,-3.199104,-0.6500931,-1.115219,-2.472427,-0.8182831,-1.325394,-0.8083878,-1.148613,-0.7932129
12.958330154418945,,,,,,,,,,,,,,,-1.012917,-0.8371964,-0.03102112,-0.2606125,-0.4889679,-0.5065002,-0.6858063,-0.7774582,-0.7516365,-0.5262756,-0.7690048,-0.9049759,-0.6799889,-0.7912674,-0.4729691,-0.8274612,-6.550369,-3.213753,-0.6627884,-1.123032,-2.466568,-0.8124237,-1.316605,-0.8044815,-1.136894,-0.8039551
12.966666666666667,0.0,-191.0,3.0,-55.0,0.0,-358.0,-3.0,-1852.0,0.0,-3536.0,-1.0,-341.0,0.0,-1365.0,,,,,,,,,,,,,,,,,,,,,,,,,,
12.966670036315918,,,,,,,,,,,,,,,-1.01487,-0.846962,-0.03297424,-0.2703781,-0.4879913,-0.4928284,-0.6848297,-0.7715988,-0.7614021,-0.5350647,-0.7719345,-0.89814,-0.681942,-0.7863846,-0.4680862,-0.8225784,-6.557205,-3.224495,-0.67939,-1.13768,-2.458755,-0.8046112,-1.305862,-0.8025284,-1.127129,-0.8098145
12.975000381469727,,,,,,,,,,,,,,,-1.017799,-0.855751,-0.03688049,-0.2820969,-0.4870148,-0.4840393,-0.6828766,-0.766716,-0.7701912,-0.5458069,-0.7729111,-0.8903275,-0.6809654,-0.7873611,-0.4671097,-0.8186722,-6.561111,-3.232307,-0.6920853,-1.155258,-2.447037,-0.793869,-1.297073,-0.8035049,-1.114433,-0.8166504
12.983329772949219,,,,,,,,,,,,,,,-1.018776,-0.8606339,-0.04078674,-0.2918625,-0.4840851,-0.4801331,-0.6828766,-0.7686691,-0.7770271,-0.5575256,-0.7729111,-0.8805618,-0.6790123,-0.7961502,-0.4671097,-0.8186722,-6.566971,-3.234261,-0.7028275,-1.174789,-2.438248,-0.7821503,-1.286331,-0.8093643,-1.106621,-0.8234863
12.991669654846191,,,,,,,,,,,,,,,-1.018776,-0.8635635,-0.03981018,-0.3026047,-0.4801788,-0.4830627,-0.6848297,-0.7735519,-0.7799568,-0.5672913,-0.7699814,-0.8678665,-0.6760826,-0.8107986,-0.4719925,-0.8206253,-6.57283,-3.234261,-0.7125931,-1.195297,-2.432388,-0.7733612,-1.275589,-0.8152237,-1.101738,-0.8293457
13.0,0.0,-190.0,3.0,-53.0,0.0,-359.0,-3.0,-1856.0,0.0,-3548.0,-1.0,-343.0,-1.0,-1368.0,-1.017799,-0.8655167,-0.03688049,-0.3094406,-0.475296,-0.4928284,-0.6877594,-0.782341,-0.7809334,-0.5721741,-0.7670517,-0.8551712,-0.6741295,-0.8283768,-0.4778519,-0.823555,-6.57576,-3.236214,-0.7174759,-1.214828,-2.428482,-0.7704315,-1.26973,-0.8220596,-1.104668,-0.8342285
13.008330345153809,,,,,,,,,,,,,,,-1.015846,-0.8655167,-0.03199768,-0.3133469,-0.4684601,-0.5065002,-0.6945953,-0.7969894,-0.7799568,-0.5760803,-0.7631454,-0.8473587,-0.6721764,-0.847908,-0.4876175,-0.8284378,-6.579666,-3.24305,-0.7223587,-1.23143,-2.430435,-0.7743378,-1.26387,-0.8298721,-1.111504,-0.8400879
13.016670227050781,,,,,,,,,,,,,,,-1.01487,-0.8635635,-0.02711487,-0.3172531,-0.4626007,-0.5211487,-0.7014313,-0.8096848,-0.775074,-0.5770569,-0.7582626,-0.8434525,-0.6702232,-0.8625565,-0.4964066,-0.8342972,-6.590408,-3.253792,-0.7243118,-1.243149,-2.434341,-0.7860565,-1.260941,-0.8357315,-1.123222,-0.8430176
13.024999618530273,,,,,,,,,,,,,,,-1.015846,-0.8577042,-0.02125549,-0.3172531,-0.4577179,-0.5357971,-0.7092438,-0.8174973,-0.7692146,-0.5741272,-0.7563095,-0.844429,-0.6692467,-0.8752518,-0.5032425,-0.8382034,-6.60408,-3.26844,-0.7243118,-1.250961,-2.44313,-0.8026581,-1.258011,-0.8386612,-1.135918,-0.8449707
13.033329963684082,,,,,,,,,,,,,,,-1.018776,-0.8489151,-0.01832581,-0.3182297,-0.4547882,-0.5484924,-0.7160797,-0.8204269,-0.7623787,-0.5711975,-0.7553329,-0.8493118,-0.6682701,-0.8811111,-0.5091019,-0.8411331,-6.623611,-3.287971,-0.7233353,-1.255844,-2.453873,-0.8241425,-1.254105,-0.8425674,-1.14959,-0.8449707
13.033333333333333,0.0,-189.0,3.0,-52.0,0.0,-360.0,-3.0,-1862.0,0.0,-3564.0,0.0,-347.0,-1.0,-1369.0,,,,,,,,,,,,,,,,,,,,,,,,,,
13.041669845581055,,,,,,,,,,,,,,,-1.025612,-0.8420792,-0.01832581,-0.3221359,-0.4518585,-0.5572815,-0.7238922,-0.8184738,-0.7574959,-0.5702209,-0.7563095,-0.8590775,-0.6682701,-0.8820877,-0.511055,-0.8460159,-6.645096,-3.308479,-0.7204056,-1.260727,-2.467545,-0.8466034,-1.250198,-0.843544,-1.160332,-0.8459473
13.050000190734863,,,,,,,,,,,,,,,-1.033424,-0.8391495,-0.02027893,-0.3260422,-0.4528351,-0.5592346,-0.7307281,-0.8116379,-0.7535896,-0.5682678,-0.7572861,-0.8698196,-0.6672935,-0.8820877,-0.511055,-0.8538284,-6.667557,-3.326057,-0.7155228,-1.266586,-2.48024,-0.8671112,-1.244339,-0.843544,-1.165215,-0.8498535
13.058329582214355,,,,,,,,,,,,,,,-1.042213,-0.840126,-0.02711487,-0.3348312,-0.4547882,-0.5533752,-0.7365875,-0.8018723,-0.7506599,-0.5663147,-0.7572861,-0.8815384,-0.6682701,-0.879158,-0.511055,-0.8606644,-6.683182,-3.338753,-0.7116165,-1.272446,-2.490005,-0.8837128,-1.242386,-0.8415909,-1.168144,-0.8547363
13.066666666666666,0.0,-191.0,4.0,-51.0,0.0,-359.0,-3.0,-1870.0,0.0,-3577.0,0.0,-355.0,-1.0,-1369.0,,,,,,,,,,,,,,,,,,,,,,,,,,
13.066670417785645,,,,,,,,,,,,,,,-1.049049,-0.846962,-0.03590393,-0.34655,-0.4577179,-0.5436096,-0.7414703,-0.7901535,-0.7526131,-0.5663147,-0.7572861,-0.8922806,-0.6682701,-0.8762283,-0.511055,-0.8684769,-6.694901,-3.346565,-0.7067337,-1.279282,-2.498795,-0.8954315,-1.23848,-0.8396378,-1.166191,-0.864502
13.074999809265137,,,,,,,,,,,,,,,-1.052956,-0.8606339,-0.04469299,-0.3572922,-0.4606476,-0.5299377,-0.7434235,-0.7794113,-0.7555428,-0.5682678,-0.7572861,-0.89814,-0.6653404,-0.8742752,-0.5100784,-0.8762894,-6.702713,-3.347542,-0.7028275,-1.285141,-2.507584,-0.8983612,-1.237503,-0.8386612,-1.164238,-0.880127
13.083330154418945,,,,,,,,,,,,,,,-1.052956,-0.8791885,-0.05250549,-0.3680344,-0.4645538,-0.5143127,-0.7424469,-0.7745285,-0.7574959,-0.5731506,-0.7553329,-0.8991165,-0.6624107,-0.8732986,-0.5100784,-0.8841019,-6.70369,-3.342659,-0.6979446,-1.291,-2.51442,-0.8934784,-1.23848,-0.8367081,-1.159355,-0.8947754
13.091670036315918,,,,,,,,,,,,,,,-1.051003,-0.9016495,-0.05641174,-0.3748703,-0.4684601,-0.4996643,-0.7375641,-0.7725754,-0.7604256,-0.5799866,-0.7533798,-0.89814,-0.659481,-0.870369,-0.511055,-0.8870316,-6.70076,-3.332893,-0.6940384,-1.29686,-2.515396,-0.8837128,-1.239456,-0.8347549,-1.154472,-0.9084473
13.1,0.0,-192.0,4.0,-53.0,0.0,-358.0,-3.0,-1875.0,0.0,-3587.0,0.0,-360.0,-1.0,-1365.0,,,,,,,,,,,,,,,,,,,,,,,,,,
13.100000381469727,,,,,,,,,,,,,,,-1.045143,-0.918251,-0.05738831,-0.3787766,-0.4684601,-0.4918518,-0.7307281,-0.7774582,-0.7614021,-0.5868225,-0.7524033,-0.8961868,-0.6555748,-0.8625565,-0.5120316,-0.886055,-6.693924,-3.321175,-0.6930618,-1.29686,-2.515396,-0.8690643,-1.245316,-0.8308487,-1.148613,-0.9182129
13.108329772949219,,,,,,,,,,,,,,,-1.038307,-0.9270401,-0.05543518,-0.3797531,-0.4684601,-0.4889221,-0.7160797,-0.7862473,-0.7623787,-0.594635,-0.7504501,-0.8922806,-0.6536217,-0.8508377,-0.5100784,-0.8831253,-6.691971,-3.304573,-0.6901321,-1.29393,-2.51442,-0.8534393,-1.251175,-0.8288956,-1.14666,-0.9221191
13.116669654846191,,,,,,,,,,,,,,,-1.030495,-0.9280167,-0.04859924,-0.3787766,-0.4655304,-0.4908752,-0.7033844,-0.797966,-0.7604256,-0.5985413,-0.7494736,-0.8893509,-0.6497154,-0.8361893,-0.5081253,-0.8743362,-6.690018,-3.284065,-0.688179,-1.289047,-2.510513,-0.8417206,-1.254105,-0.8288956,-1.14373,-0.9191895
13.125,,,,,,,,,,,,,,,-1.023659,-0.9221573,-0.04176331,-0.3748703,-0.4655304,-0.4947815,-0.688736,-0.8106613,-0.759449,-0.5985413,-0.7494736,-0.891304,-0.6487389,-0.816658,-0.5061722,-0.8645706,-6.689041,-3.267464,-0.6852493,-1.282211,-2.503677,-0.8368378,-1.258011,-0.8288956,-1.141777,-0.9123535
13.133330345153809,,,,,,,,,,,,,,,-1.016823,-0.9084854,-0.03297424,-0.3719406,-0.4655304,-0.5016174,-0.6760406,-0.8243332,-0.7545662,-0.594635,-0.748497,-0.8971634,-0.650692,-0.7941971,-0.5032425,-0.8518753,-6.690994,-3.251839,-0.6852493,-1.273422,-2.497818,-0.840744,-1.257034,-0.8308487,-1.136894,-0.9025879
13.133333333333333,0.0,-196.0,4.0,-54.0,0.0,-355.0,-2.0,-1876.0,0.0,-3594.0,0.0,-361.0,-1.0,-1364.0,,,,,,,,,,,,,,,,,,,,,,,,,,
13.141670227050781,,,,,,,,,,,,,,,-1.01194,-0.8948135,-0.02516174,-0.3690109,-0.4684601,-0.5074768,-0.6682281,-0.8360519,-0.7496834,-0.5809631,-0.7455673,-0.9079056,-0.6526451,-0.7727127,-0.4993362,-0.8411331,-6.693924,-3.235237,-0.6842728,-1.264633,-2.489029,-0.8466034,-1.255081,-0.8318253,-1.136894,-0.8908691
13.149999618530273,,,,,,,,,,,,,,,-1.00901,-0.8840714,-0.02223206,-0.3670578,-0.475296,-0.5133362,-0.6633453,-0.8438644,-0.7457771,-0.5614319,-0.7426376,-0.9186478,-0.6575279,-0.7561111,-0.4973831,-0.8303909,-6.692947,-3.224495,-0.6813431,-1.257797,-2.48317,-0.8573456,-1.252151,-0.8347549,-1.136894,-0.8820801
13.158329963684082,,,,,,,,,,,,,,,-1.006081,-0.8762589,-0.02027893,-0.3660812,-0.4850616,-0.518219,-0.6623688,-0.8477707,-0.7418709,-0.5409241,-0.7397079,-0.92939,-0.6643639,-0.7424393,-0.49543,-0.8206253,-6.696854,-3.217659,-0.6823196,-1.250961,-2.48024,-0.8700409,-1.245316,-0.8376846,-1.136894,-0.8762207
13.166666666666666,0.0,-200.0,5.0,-55.0,0.0,-353.0,-2.0,-1877.0,0.0,-3600.0,0.0,-362.0,-1.0,-1367.0,,,,,,,,,,,,,,,,,,,,,,,,,,
13.166669845581055,,,,,,,,,,,,,,,-1.005104,-0.8752823,-0.02125549,-0.3651047,-0.4938507,-0.5231018,-0.6623688,-0.8497238,-0.7379646,-0.5213928,-0.7377548,-0.9362259,-0.6711998,-0.738533,-0.4964066,-0.8147659,-6.70076,-3.213753,-0.6842728,-1.244125,-2.482193,-0.8817596,-1.237503,-0.8376846,-1.135918,-0.8752441
13.175000190734863,,,,,,,,,,,,,,,-1.003151,-0.8791885,-0.02516174,-0.3641281,-0.5026398,-0.5279846,-0.6643219,-0.8497238,-0.7330818,-0.5038147,-0.7387314,-0.9401321,-0.6780357,-0.7424393,-0.5003128,-0.8069534,-6.70369,-3.213753,-0.6891556,-1.239243,-2.487076,-0.8905487,-1.228714,-0.8357315,-1.136894,-0.8762207
13.183329582214355,,,,,,,,,,,,,,,-1.001198,-0.8850479,-0.03102112,-0.3641281,-0.5114288,-0.5309143,-0.666275,-0.8467941,-0.7291756,-0.4940491,-0.7416611,-0.9430618,-0.6878014,-0.7531815,-0.5061722,-0.8010941,-6.705643,-3.214729,-0.6940384,-1.235336,-2.496841,-0.8964081,-1.221878,-0.8308487,-1.136894,-0.8762207
13.191670417785645,,,,,,,,,,,,,,,-1.000221,-0.8899307,-0.03883362,-0.3641281,-0.5153351,-0.533844,-0.6652985,-0.8438644,-0.7262459,-0.4930725,-0.748497,-0.9391556,-0.6956139,-0.7639236,-0.5120316,-0.7971878,-6.706619,-3.218636,-0.7008743,-1.23143,-2.50856,-0.8993378,-1.212112,-0.8259659,-1.135918,-0.8742676
13.199999809265137,,,,,,,,,,,,,,,-0.9992447,-0.8948135,-0.04371643,-0.3641281,-0.5153351,-0.5328674,-0.6633453,-0.8409348,-0.7242928,-0.500885,-0.7553329,-0.9352493,-0.7024498,-0.7785721,-0.5217972,-0.7942581,-6.705643,-3.223518,-0.7096634,-1.223618,-2.522232,-0.903244,-1.20723,-0.8201065,-1.133965,-0.8693848
13.2,0.0,-205.0,5.0,-54.0,0.0,-357.0,-3.0,-1878.0,-1.0,-3607.0,0.0,-361.0,-1.0,-1373.0,,,,,,,,,,,,,,,,,,,,,,,,,,
13.208330154418945,,,,,,,,,,,,,,,-0.9972916,-0.8967667,-0.04664612,-0.3631516,-0.5094757,-0.5270081,-0.6604156,-0.8399582,-0.7203865,-0.5135803,-0.7621689,-0.9323196,-0.7073326,-0.7941971,-0.5315628,-0.7932816,-6.70076,-3.227425,-0.7223587,-1.214828,-2.533951,-0.9071503,-1.2043,-0.8132706,-1.132011,-0.8605957
13.216670036315918,,,,,,,,,,,,,,,-0.996315,-0.8967667,-0.04957581,-0.362175,-0.5026398,-0.518219,-0.6594391,-0.8389816,-0.7194099,-0.5292053,-0.7680283,-0.9284134,-0.7112389,-0.8029861,-0.542305,-0.7913284,-6.694901,-3.233284,-0.735054,-1.202133,-2.54274,-0.91008,-1.20723,-0.8093643,-1.129082,-0.8498535
13.225000381469727,,,,,,,,,,,,,,,-0.9972916,-0.8948135,-0.05152893,-0.3641281,-0.4918976,-0.5074768,-0.6604156,-0.8399582,-0.7194099,-0.5409241,-0.7709579,-0.9235306,-0.7161217,-0.807869,-0.5510941,-0.7913284,-6.690994,-3.23719,-0.7497025,-1.190414,-2.548599,-0.9110565,-1.215042,-0.8074112,-1.126152,-0.8361816
13.233329772949219,,,,,,,,,,,,,,,-0.9992447,-0.8899307,-0.05250549,-0.3660812,-0.482132,-0.4986877,-0.6623688,-0.8409348,-0.7203865,-0.54776,-0.7699814,-0.9157181,-0.7180748,-0.8098221,-0.5550003,-0.792305,-6.690018,-3.241096,-0.7623978,-1.182602,-2.552505,-0.9091034,-1.223831,-0.8113174,-1.124199,-0.8234863
13.233333333333333,0.0,-207.0,4.0,-53.0,0.0,-360.0,-3.0,-1879.0,-1.0,-3618.0,-1.0,-355.0,-1.0,-1382.0,,,,,,,,,,,,,,,,,,,,,,,,,,
13.241669654846191,,,,,,,,,,,,,,,-1.002174,-0.887001,-0.05250549,-0.3690109,-0.4733429,-0.4947815,-0.6682281,-0.8419113,-0.7252693,-0.54776,-0.7670517,-0.9049759,-0.7170982,-0.8107986,-0.5589066,-0.7893753,-6.693924,-3.24305,-0.7741165,-1.176743,-2.549576,-0.9051971,-1.236526,-0.8210831,-1.120293,-0.8137207
13.25,,,,,,,,,,,,,,,-1.010963,-0.8821182,-0.05348206,-0.3719406,-0.466507,-0.4967346,-0.6750641,-0.8419113,-0.7311287,-0.5409241,-0.7611923,-0.8903275,-0.7190514,-0.8098221,-0.55793,-0.7854691,-6.706619,-3.246956,-0.7809525,-1.174789,-2.543716,-0.9012909,-1.251175,-0.8318253,-1.11541,-0.8068848
13.258330345153809,,,,,,,,,,,,,,,-1.018776,-0.8772354,-0.05445862,-0.3729172,-0.4616241,-0.5055237,-0.6838531,-0.8380051,-0.7350349,-0.5301819,-0.7563095,-0.8747025,-0.7200279,-0.8107986,-0.5530472,-0.7805862,-6.723221,-3.251839,-0.7838821,-1.178696,-2.535904,-0.8954315,-1.259964,-0.8474503,-1.11248,-0.8029785
13.266666666666667,0.0,-205.0,4.0,-51.0,0.0,-361.0,-3.0,-1881.0,0.0,-3628.0,-1.0,-353.0,0.0,-1387.0,,,,,,,,,,,,,,,,,,,,,,,,,,
13.266670227050781,,,,,,,,,,,,,,,-1.030495,-0.871376,-0.05641174,-0.3719406,-0.459671,-0.5191956,-0.6906891,-0.8321457,-0.7418709,-0.51651,-0.7524033,-0.860054,-0.7180748,-0.8147049,-0.5462112,-0.7708206,-6.744705,-3.252815,-0.781929,-1.189438,-2.527115,-0.887619,-1.262894,-0.8630753,-1.111504,-0.8010254
13.274999618530273,,,,,,,,,,,,,,,-1.041237,-0.8645401,-0.05836487,-0.3680344,-0.4606476,-0.5377502,-0.6945953,-0.8223801,-0.7496834,-0.5038147,-0.7514267,-0.8483353,-0.7161217,-0.8205643,-0.5383987,-0.7561722,-6.767166,-3.254768,-0.7750931,-1.202133,-2.519302,-0.8807831,-1.265823,-0.8796768,-1.110527,-0.8010254
13.283329963684082,,,,,,,,,,,,,,,-1.051003,-0.8537979,-0.06129456,-0.3592453,-0.459671,-0.5582581,-0.6965485,-0.8106613,-0.7545662,-0.4969788,-0.7533798,-0.8424759,-0.7141685,-0.8274002,-0.52668,-0.7415237,-6.789627,-3.257698,-0.766304,-1.213852,-2.513443,-0.8759003,-1.261917,-0.8923721,-1.110527,-0.8010254
13.291669845581055,,,,,,,,,,,,,,,-1.058815,-0.8420792,-0.06324768,-0.3445969,-0.459671,-0.5758362,-0.6936188,-0.8008957,-0.759449,-0.4969788,-0.7592392,-0.8414993,-0.7102623,-0.8361893,-0.5178909,-0.7268753,-6.807205,-3.258675,-0.7565384,-1.223618,-2.50856,-0.8710175,-1.259964,-0.9001846,-1.113457,-0.8000488
13.3,0.0,-202.0,4.0,-48.0,0.0,-360.0,-3.0,-1884.0,0.0,-3638.0,-1.0,-357.0,0.0,-1392.0,,,,,,,,,,,,,,,,,,,,,,,,,,
13.300000190734863,,,,,,,,,,,,,,,-1.065651,-0.8293839,-0.06520081,-0.3250656,-0.459671,-0.5895081,-0.6936188,-0.7930832,-0.7623787,-0.4999084,-0.7680283,-0.8473587,-0.7073326,-0.8430252,-0.511055,-0.71418,-6.821854,-3.257698,-0.750679,-1.229477,-2.50563,-0.8680878,-1.258011,-0.9050674,-1.11834,-0.8000488
13.308329582214355,,,,,,,,,,,,,,,-1.068581,-0.815712,-0.06617737,-0.3035812,-0.459671,-0.596344,-0.6906891,-0.7842941,-0.7653084,-0.5057678,-0.779747,-0.8571243,-0.7053795,-0.8469315,-0.5042191,-0.7053909,-6.832596,-3.254768,-0.7457962,-1.233383,-2.507584,-0.8612518,-1.258011,-0.9079971,-1.121269,-0.8000488
13.316670417785645,,,,,,,,,,,,,,,-1.07444,-0.8049698,-0.06715393,-0.2820969,-0.459671,-0.6012268,-0.688736,-0.7813644,-0.7653084,-0.5135803,-0.7914658,-0.86689,-0.7044029,-0.8449783,-0.4983597,-0.7005081,-6.837479,-3.248909,-0.7457962,-1.23143,-2.509537,-0.8524628,-1.260941,-0.9079971,-1.126152,-0.7980957
13.324999809265137,,,,,,,,,,,,,,,-1.07737,-0.800087,-0.06715393,-0.2596359,-0.4606476,-0.6022034,-0.6897125,-0.7803879,-0.7653084,-0.5223694,-0.8002548,-0.8786087,-0.7044029,-0.8430252,-0.49543,-0.6995316,-6.843338,-3.244026,-0.7477493,-1.223618,-2.51442,-0.8417206,-1.267776,-0.9040909,-1.128105,-0.8000488
13.333330154418945,,,,,,,,,,,,,,,-1.078346,-0.7991104,-0.06422424,-0.2391281,-0.4635773,-0.6002502,-0.6897125,-0.782341,-0.7614021,-0.5262756,-0.8080673,-0.8873978,-0.7044029,-0.8410721,-0.4944534,-0.7044144,-6.844315,-3.239143,-0.7516556,-1.213852,-2.519302,-0.8280487,-1.277542,-0.9001846,-1.130058,-0.8039551
13.333333333333334,0.0,-199.0,4.0,-45.0,0.0,-361.0,-2.0,-1890.0,0.0,-3648.0,-1.0,-362.0,0.0,-1397.0,,,,,,,,,,,,,,,,,,,,,,,,,,
13.341670036315918,,,,,,,,,,,,,,,-1.081276,-0.8049698,-0.06227112,-0.2205734,-0.4684601,-0.596344,-0.6906891,-0.7852707,-0.759449,-0.5262756,-0.810997,-0.891304,-0.7083092,-0.8371658,-0.4944534,-0.7132034,-6.843338,-3.235237,-0.7545853,-1.202133,-2.522232,-0.8124237,-1.287308,-0.8953018,-1.132011,-0.810791
13.350000381469727,,,,,,,,,,,,,,,-1.083229,-0.8137589,-0.05836487,-0.2078781,-0.4743195,-0.5914612,-0.6897125,-0.7930832,-0.7584724,-0.5243225,-0.8119736,-0.8932571,-0.7112389,-0.8332596,-0.4964066,-0.7288284,-6.847244,-3.231331,-0.7565384,-1.193344,-2.526138,-0.7967987,-1.29512,-0.8894424,-1.133965,-0.817627
13.358329772949219,,,,,,,,,,,,,,,-1.083229,-0.8235245,-0.05641174,-0.1981125,-0.4801788,-0.5856018,-0.688736,-0.7999191,-0.7565193,-0.5213928,-0.8100204,-0.8952103,-0.7092857,-0.8293533,-0.5003128,-0.7464066,-6.844315,-3.228401,-0.7555618,-1.186508,-2.530045,-0.7811737,-1.300003,-0.8884659,-1.137871,-0.8244629
13.366666666666667,0.0,-197.0,4.0,-43.0,0.0,-365.0,-3.0,-1895.0,0.0,-3659.0,-1.0,-362.0,0.0,-1399.0,,,,,,,,,,,,,,,,,,,,,,,,,,
13.366669654846191,,,,,,,,,,,,,,,-1.083229,-0.8323135,-0.05445862,-0.1922531,-0.482132,-0.5768127,-0.6867828,-0.8087082,-0.7584724,-0.51651,-0.8061142,-0.8952103,-0.7073326,-0.832283,-0.5061722,-0.7639847,-6.842361,-3.224495,-0.7497025,-1.180649,-2.531021,-0.7675018,-1.303909,-0.8894424,-1.139824,-0.826416
13.375,,,,,,,,,,,,,,,-1.082253,-0.8381729,-0.05641174,-0.1922531,-0.482132,-0.5670471,-0.6838531,-0.8165207,-0.7604256,-0.5126038,-0.8012314,-0.8922806,-0.7034264,-0.8342361,-0.5120316,-0.7844925,-6.840408,-3.220589,-0.74189,-1.179672,-2.533951,-0.7596893,-1.303909,-0.890419,-1.14666,-0.8225098
13.383330345153809,,,,,,,,,,,,,,,-1.076393,-0.8381729,-0.05934143,-0.1942062,-0.4801788,-0.5543518,-0.6789703,-0.8223801,-0.7633553,-0.5126038,-0.7983017,-0.8883743,-0.6995201,-0.8361893,-0.5198441,-0.8040237,-6.834549,-3.215706,-0.7331009,-1.184555,-2.538834,-0.7548065,-1.300003,-0.8953018,-1.150566,-0.8146973
13.391670227050781,,,,,,,,,,,,,,,-1.070534,-0.8323135,-0.06422424,-0.2020187,-0.475296,-0.5426331,-0.6740875,-0.8253098,-0.7653084,-0.5174866,-0.795372,-0.8854446,-0.6956139,-0.8410721,-0.52668,-0.8225784,-6.831619,-3.204964,-0.7233353,-1.191391,-2.543716,-0.75383,-1.294144,-0.9011612,-1.152519,-0.8000488
13.399999618530273,,,,,,,,,,,,,,,-1.059792,-0.8225479,-0.07106018,-0.2147141,-0.4674835,-0.5289612,-0.6701813,-0.8253098,-0.7662849,-0.5262756,-0.7943954,-0.8795853,-0.6956139,-0.8469315,-0.5325394,-0.8362503,-6.826736,-3.192268,-0.7125931,-1.198227,-2.547623,-0.7587128,-1.290237,-0.906044,-1.154472,-0.7834473
13.4,0.0,-198.0,5.0,-40.0,0.0,-370.0,-3.0,-1899.0,0.0,-3667.0,-1.0,-361.0,-1.0,-1402.0,,,,,,,,,,,,,,,,,,,,,,,,,,
13.408329963684082,,,,,,,,,,,,,,,-1.049049,-0.8137589,-0.07887268,-0.2313156,-0.4616241,-0.5191956,-0.666275,-0.8204269,-0.7614021,-0.5399475,-0.7963486,-0.8717728,-0.6985435,-0.8537674,-0.5383987,-0.8469925,-6.821854,-3.179573,-0.703804,-1.201157,-2.555435,-0.7655487,-1.284378,-0.9070206,-1.156425,-0.7687988
13.416669845581055,,,,,,,,,,,,,,,-1.038307,-0.8078995,-0.07984924,-0.2508469,-0.459671,-0.5143127,-0.6623688,-0.8145676,-0.7584724,-0.5575256,-0.8012314,-0.8610306,-0.7034264,-0.8586502,-0.5413284,-0.8538284,-6.815994,-3.168831,-0.6989212,-1.20018,-2.559341,-0.7704315,-1.285355,-0.906044,-1.159355,-0.7561035
13.425000190734863,,,,,,,,,,,,,,,-1.025612,-0.8030167,-0.07887268,-0.268425,-0.459671,-0.5133362,-0.6584625,-0.8077316,-0.7535896,-0.5760803,-0.8070908,-0.8483353,-0.7092857,-0.8615799,-0.5432816,-0.8557816,-6.815018,-3.158089,-0.6959915,-1.195297,-2.562271,-0.7772675,-1.287308,-0.9001846,-1.160332,-0.748291
13.433329582214355,,,,,,,,,,,,,,,-1.016823,-0.8030167,-0.07496643,-0.2850266,-0.4635773,-0.518219,-0.6535797,-0.8028488,-0.7467537,-0.5926819,-0.8139267,-0.8375931,-0.7170982,-0.8606033,-0.5442581,-0.8508987,-6.815994,-3.150276,-0.6969681,-1.186508,-2.564224,-0.7821503,-1.293167,-0.890419,-1.162285,-0.7473145
13.433333333333334,0.0,-200.0,5.0,-38.0,0.0,-372.0,-3.0,-1901.0,0.0,-3673.0,-2.0,-361.0,-1.0,-1405.0,,,,,,,,,,,,,,,,,,,,,,,,,,
13.441670417785645,,,,,,,,,,,,,,,-1.00901,-0.8078995,-0.07106018,-0.2977219,-0.4733429,-0.5299377,-0.6496735,-0.8008957,-0.7428474,-0.6073303,-0.8217392,-0.8258743,-0.7200279,-0.854744,-0.5413284,-0.8430862,-6.815994,-3.145393,-0.6989212,-1.173813,-2.565201,-0.7860565,-1.301956,-0.8787003,-1.164238,-0.748291
13.449999809265137,,,,,,,,,,,,,,,-1.005104,-0.815712,-0.06520081,-0.3016281,-0.4811554,-0.5465393,-0.6467438,-0.7999191,-0.7448006,-0.6161194,-0.8295517,-0.8141556,-0.7200279,-0.8459549,-0.5403519,-0.8342972,-6.819901,-3.144417,-0.703804,-1.159164,-2.563248,-0.7880096,-1.310745,-0.8669815,-1.163261,-0.755127
13.458330154418945,,,,,,,,,,,,,,,-1.003151,-0.824501,-0.06227112,-0.3006516,-0.4899445,-0.5631409,-0.6447906,-0.797966,-0.7477303,-0.6190491,-0.8344345,-0.8053665,-0.7161217,-0.8352127,-0.5374222,-0.8245316,-6.817947,-3.145393,-0.7096634,-1.146469,-2.564224,-0.7880096,-1.319534,-0.8542862,-1.159355,-0.7658691
13.466666666666667,0.0,-202.0,6.0,-38.0,-1.0,-372.0,-4.0,-1901.0,0.0,-3676.0,-2.0,-364.0,-1.0,-1408.0,,,,,,,,,,,,,,,,,,,,,,,,,,
13.466670036315918,,,,,,,,,,,,,,,-1.004128,-0.831337,-0.06422424,-0.2947922,-0.4967804,-0.5816956,-0.6447906,-0.7940598,-0.7555428,-0.6122131,-0.8373642,-0.797554,-0.7092857,-0.8186111,-0.5325394,-0.8157425,-6.821854,-3.14637,-0.7145462,-1.13768,-2.564224,-0.7870331,-1.32637,-0.8396378,-1.151543,-0.7775879
13.475000381469727,,,,,,,,,,,,,,,-1.008034,-0.8362198,-0.06715393,-0.2850266,-0.5026398,-0.5973206,-0.6438141,-0.7882004,-0.7653084,-0.5985413,-0.8373642,-0.7897415,-0.7024498,-0.8059158,-0.5305862,-0.8089066,-6.824783,-3.147346,-0.7223587,-1.129868,-2.564224,-0.7831268,-1.3293,-0.827919,-1.141777,-0.7922363
13.483329772949219,,,,,,,,,,,,,,,-1.013893,-0.8381729,-0.07398987,-0.2733078,-0.5036163,-0.6080627,-0.6457672,-0.7813644,-0.7740974,-0.5819397,-0.8334579,-0.7848587,-0.6956139,-0.801033,-0.5257034,-0.80793,-6.819901,-3.147346,-0.726265,-1.125961,-2.564224,-0.7762909,-1.330276,-0.8191299,-1.129082,-0.8059082
13.491669654846191,,,,,,,,,,,,,,,-1.017799,-0.8362198,-0.08180237,-0.2664719,-0.5026398,-0.6129456,-0.6486969,-0.7745285,-0.7809334,-0.5624084,-0.8275986,-0.7789993,-0.6917076,-0.801033,-0.5217972,-0.8108597,-6.818924,-3.1493,-0.7282181,-1.124008,-2.564224,-0.7675018,-1.328323,-0.8113174,-1.117363,-0.8156738
13.5,0.0,-206.0,6.0,-37.0,-1.0,-364.0,-4.0,-1906.0,0.0,-3678.0,-2.0,-366.0,-2.0,-1411.0,-1.022682,-0.8342667,-0.08766174,-0.2645187,-0.5016632,-0.611969,-0.65065,-0.766716,-0.7848396,-0.5438538,-0.8168564,-0.7721634,-0.6897545,-0.8059158,-0.5198441,-0.8147659,-6.814041,-3.152229,-0.726265,-1.123032,-2.563248,-0.7548065,-1.325394,-0.8054581,-1.108574,-0.8195801
13.508330345153809,,,,,,,,,,,,,,,-1.026588,-0.831337,-0.09059143,-0.2664719,-0.4987335,-0.6051331,-0.6526031,-0.7647629,-0.7828865,-0.5272522,-0.8090439,-0.7692337,-0.6887779,-0.8156815,-0.5169144,-0.8186722,-6.806229,-3.155159,-0.7223587,-1.124008,-2.560318,-0.7411346,-1.318558,-0.7995987,-1.100761,-0.817627
13.516670227050781,,,,,,,,,,,,,,,-1.028542,-0.8284073,-0.09059143,-0.2733078,-0.4967804,-0.5934143,-0.6535797,-0.7686691,-0.775074,-0.5145569,-0.8002548,-0.7682571,-0.6887779,-0.8293533,-0.5178909,-0.8206253,-6.800369,-3.159065,-0.7155228,-1.126938,-2.553482,-0.7264862,-1.308792,-0.7947159,-1.097832,-0.8078613
13.524999618530273,,,,,,,,,,,,,,,-1.029518,-0.8303604,-0.08668518,-0.2830734,-0.4938507,-0.5768127,-0.6555328,-0.7764816,-0.7662849,-0.5086975,-0.7943954,-0.7672806,-0.6887779,-0.8430252,-0.5208206,-0.8196487,-6.79451,-3.162971,-0.7077103,-1.130844,-2.546646,-0.715744,-1.30098,-0.7898331,-1.101738,-0.7922363
13.533329963684082,,,,,,,,,,,,,,,-1.030495,-0.8352432,-0.08082581,-0.2899094,-0.4928741,-0.5621643,-0.6565094,-0.7891769,-0.7545662,-0.5077209,-0.7904892,-0.7692337,-0.6887779,-0.8527908,-0.5247269,-0.8176956,-6.785721,-3.165901,-0.6998978,-1.133774,-2.541763,-0.7079315,-1.291214,-0.7878799,-1.107597,-0.7736816
13.533333333333333,0.0,-208.0,6.0,-36.0,-1.0,-327.0,-4.0,-1913.0,0.0,-3676.0,-2.0,-365.0,-2.0,-1413.0,,,,,,,,,,,,,,,,,,,,,,,,,,
13.541669845581055,,,,,,,,,,,,,,,-1.032448,-0.8371964,-0.07203674,-0.2918625,-0.4899445,-0.5475159,-0.657486,-0.7999191,-0.7467537,-0.5106506,-0.7885361,-0.7702103,-0.6868248,-0.8566971,-0.5286331,-0.8157425,-6.782791,-3.168831,-0.695015,-1.14061,-2.533951,-0.7040253,-1.282425,-0.7869034,-1.11834,-0.7541504
13.550000190734863,,,,,,,,,,,,,,,-1.033424,-0.8381729,-0.06617737,-0.2899094,-0.4879913,-0.5367737,-0.6594391,-0.8067551,-0.7418709,-0.5135803,-0.7895126,-0.7711868,-0.6829185,-0.8566971,-0.5344925,-0.8137894,-6.784744,-3.170784,-0.6911087,-1.148422,-2.528091,-0.706955,-1.274612,-0.7859268,-1.131035,-0.739502
13.558329582214355,,,,,,,,,,,,,,,-1.038307,-0.8362198,-0.06129456,-0.2830734,-0.4870148,-0.5328674,-0.6613922,-0.8087082,-0.7408943,-0.5194397,-0.7904892,-0.7721634,-0.681942,-0.8537674,-0.5383987,-0.8147659,-6.792557,-3.168831,-0.6911087,-1.154282,-2.528091,-0.7128143,-1.270706,-0.7859268,-1.148613,-0.7316895
13.566666666666666,0.0,-213.0,7.0,-34.0,-1.0,-308.0,-4.0,-1919.0,0.0,-3680.0,-1.0,-365.0,-2.0,-1413.0,,,,,,,,,,,,,,,,,,,,,,,,,,
13.566670417785645,,,,,,,,,,,,,,,-1.04319,-0.8303604,-0.05641174,-0.2723312,-0.4870148,-0.5348206,-0.6623688,-0.8057785,-0.7457771,-0.5223694,-0.7914658,-0.7702103,-0.6829185,-0.847908,-0.5383987,-0.8225784,-6.807205,-3.165901,-0.6911087,-1.158188,-2.530045,-0.7167206,-1.26973,-0.7878799,-1.163261,-0.7268066
13.574999809265137,,,,,,,,,,,,,,,-1.049049,-0.8205948,-0.05543518,-0.2615891,-0.4870148,-0.5426331,-0.6643219,-0.797966,-0.7545662,-0.5233459,-0.7924423,-0.7682571,-0.6848717,-0.8430252,-0.5383987,-0.8342972,-6.832596,-3.164925,-0.6930618,-1.162094,-2.533951,-0.7235565,-1.270706,-0.7908096,-1.176933,-0.7287598
13.583330154418945,,,,,,,,,,,,,,,-1.055885,-0.8069229,-0.05738831,-0.2537766,-0.4870148,-0.5514221,-0.6682281,-0.7891769,-0.7662849,-0.5233459,-0.7934189,-0.7653275,-0.6878014,-0.8400955,-0.5354691,-0.8479691,-6.858963,-3.161995,-0.6959915,-1.163071,-2.54274,-0.7323456,-1.270706,-0.7927628,-1.190605,-0.732666
13.591670036315918,,,,,,,,,,,,,,,-1.057838,-0.7922745,-0.06031799,-0.2508469,-0.4889679,-0.5592346,-0.6721344,-0.7784348,-0.7780037,-0.5213928,-0.7943954,-0.7604446,-0.690731,-0.839119,-0.5315628,-0.8665237,-6.89119,-3.161018,-0.695015,-1.160141,-2.551529,-0.7391815,-1.26973,-0.7937393,-1.199394,-0.7385254
13.6,0.0,-219.0,7.0,-36.0,-2.0,-306.0,-4.0,-1922.0,0.0,-3689.0,-1.0,-367.0,-2.0,-1414.0,,,,,,,,,,,,,,,,,,,,,,,,,,
13.600000381469727,,,,,,,,,,,,,,,-1.061745,-0.7786026,-0.06422424,-0.2537766,-0.490921,-0.5631409,-0.6779938,-0.7725754,-0.7877693,-0.5174866,-0.795372,-0.7594681,-0.6946373,-0.8430252,-0.5296097,-0.8850784,-6.917557,-3.161018,-0.6979446,-1.154282,-2.558365,-0.7421112,-1.265823,-0.796669,-1.208183,-0.7463379
13.608329772949219,,,,,,,,,,,,,,,-1.061745,-0.768837,-0.06813049,-0.2606125,-0.4889679,-0.5631409,-0.6848297,-0.7706223,-0.7955818,-0.5145569,-0.795372,-0.7594681,-0.6946373,-0.8488846,-0.52668,-0.9036331,-6.939041,-3.163948,-0.6969681,-1.151352,-2.565201,-0.7440643,-1.261917,-0.7976456,-1.20916,-0.7502441
13.616669654846191,,,,,,,,,,,,,,,-1.060768,-0.7649307,-0.07008362,-0.2703781,-0.4889679,-0.5553284,-0.6916656,-0.7725754,-0.7975349,-0.5126038,-0.7973251,-0.7604446,-0.697567,-0.8527908,-0.5257034,-0.917305,-6.95369,-3.172737,-0.6989212,-1.149399,-2.572037,-0.7440643,-1.256058,-0.8005753,-1.210136,-0.755127
13.625,,,,,,,,,,,,,,,-1.057838,-0.7639542,-0.07106018,-0.2801437,-0.4879913,-0.5436096,-0.6985016,-0.7745285,-0.7985115,-0.5086975,-0.7983017,-0.7633743,-0.7004967,-0.8557205,-0.5237503,-0.9260941,-6.957596,-3.182503,-0.6969681,-1.147446,-2.577896,-0.7430878,-1.250198,-0.8064346,-1.20623,-0.7561035
13.633330345153809,,,,,,,,,,,,,,,-1.055885,-0.7649307,-0.07008362,-0.28405,-0.4879913,-0.5289612,-0.7014313,-0.7784348,-0.7946053,-0.5038147,-0.8012314,-0.7672806,-0.7044029,-0.854744,-0.5217972,-0.9300003,-6.95369,-3.196175,-0.6989212,-1.147446,-2.583755,-0.7411346,-1.244339,-0.8113174,-1.202324,-0.7580566
13.633333333333333,0.0,-220.0,6.0,-36.0,-2.0,-313.0,-4.0,-1928.0,0.0,-3699.0,-2.0,-369.0,-2.0,-1418.0,,,,,,,,,,,,,,,,,,,,,,,,,,
13.641670227050781,,,,,,,,,,,,,,,-1.052956,-0.7678604,-0.06715393,-0.2860031,-0.4899445,-0.5152893,-0.7014313,-0.7803879,-0.7916756,-0.4989319,-0.8012314,-0.7711868,-0.7083092,-0.8518143,-0.5227737,-0.9290237,-6.944901,-3.213753,-0.7018509,-1.150375,-2.588638,-0.7401581,-1.242386,-0.8152237,-1.199394,-0.7609863
13.649999618530273,,,,,,,,,,,,,,,-1.050026,-0.7707901,-0.06324768,-0.2860031,-0.4928741,-0.5065002,-0.7004547,-0.7813644,-0.7887459,-0.4930725,-0.8041611,-0.7780228,-0.7112389,-0.8449783,-0.5227737,-0.9231644,-6.935135,-3.229378,-0.703804,-1.151352,-2.596451,-0.7391815,-1.247269,-0.8191299,-1.195488,-0.763916
13.658329963684082,,,,,,,,,,,,,,,-1.048073,-0.7698135,-0.05836487,-0.2801437,-0.4997101,-0.502594,-0.6965485,-0.7813644,-0.7877693,-0.4833069,-0.8031845,-0.7829056,-0.7151451,-0.8332596,-0.5247269,-0.9133987,-6.926346,-3.241096,-0.7096634,-1.150375,-2.603287,-0.738205,-1.252151,-0.8240128,-1.193535,-0.7678223
13.666666666666666,0.0,-217.0,6.0,-38.0,-2.0,-325.0,-5.0,-1933.0,0.0,-3709.0,-2.0,-372.0,-1.0,-1422.0,,,,,,,,,,,,,,,,,,,,,,,,,,
13.666669845581055,,,,,,,,,,,,,,,-1.045143,-0.768837,-0.05445862,-0.2713547,-0.5075226,-0.5035706,-0.6926422,-0.782341,-0.7897224,-0.4725647,-0.8022079,-0.7858353,-0.7180748,-0.8225174,-0.5276566,-0.90168,-6.921463,-3.249886,-0.7164993,-1.149399,-2.613052,-0.7391815,-1.258987,-0.8269424,-1.191582,-0.7746582
13.675000190734863,,,,,,,,,,,,,,,-1.044167,-0.768837,-0.05055237,-0.2664719,-0.5163116,-0.5113831,-0.6936188,-0.7833176,-0.7926521,-0.4637756,-0.8022079,-0.7897415,-0.7180748,-0.8127518,-0.5344925,-0.8870316,-6.917557,-3.252815,-0.7282181,-1.145493,-2.618912,-0.7401581,-1.2668,-0.8259659,-1.192558,-0.7844238
13.683329582214355,,,,,,,,,,,,,,,-1.042213,-0.7717667,-0.04762268,-0.2664719,-0.5241241,-0.5221252,-0.6926422,-0.7852707,-0.7946053,-0.4579163,-0.7992783,-0.7946243,-0.7180748,-0.8039627,-0.5432816,-0.8762894,-6.912674,-3.246956,-0.7379837,-1.139633,-2.626724,-0.738205,-1.274612,-0.8240128,-1.192558,-0.7941895
13.691670417785645,,,,,,,,,,,,,,,-1.045143,-0.7786026,-0.04469299,-0.2733078,-0.5299835,-0.5357971,-0.6965485,-0.7891769,-0.7975349,-0.4559631,-0.7924423,-0.7985306,-0.7170982,-0.7971268,-0.5520706,-0.8684769,-6.907791,-3.241096,-0.7477493,-1.133774,-2.632584,-0.731369,-1.282425,-0.8201065,-1.192558,-0.8059082
13.699999809265137,,,,,,,,,,,,,,,-1.04612,-0.7893448,-0.04176331,-0.2869797,-0.5329132,-0.5514221,-0.7014313,-0.7891769,-0.7965584,-0.4588928,-0.7875595,-0.80439,-0.7141685,-0.7941971,-0.5608597,-0.8606644,-6.907791,-3.230354,-0.7555618,-1.130844,-2.635513,-0.7245331,-1.293167,-0.8162003,-1.191582,-0.8156738
13.7,0.0,-214.0,6.0,-40.0,-3.0,-336.0,-5.0,-1939.0,0.0,-3722.0,-2.0,-371.0,-1.0,-1427.0,,,,,,,,,,,,,,,,,,,,,,,,,,
13.708330154418945,,,,,,,,,,,,,,,-1.051003,-0.8049698,-0.03688049,-0.3045578,-0.5329132,-0.5641174,-0.7063141,-0.7911301,-0.7926521,-0.4647522,-0.7826767,-0.8092728,-0.7122154,-0.7932205,-0.5696487,-0.8567581,-6.906815,-3.213753,-0.7604446,-1.129868,-2.632584,-0.715744,-1.30098,-0.812294,-1.190605,-0.8234863
13.716670036315918,,,,,,,,,,,,,,,-1.053932,-0.8196182,-0.03102112,-0.3279953,-0.5329132,-0.5738831,-0.7092438,-0.7901535,-0.7867928,-0.4745178,-0.7787704,-0.813179,-0.7092857,-0.7912674,-0.5784378,-0.8577347,-6.906815,-3.197151,-0.7584915,-1.129868,-2.628677,-0.7040253,-1.309769,-0.8083878,-1.189629,-0.8312988
13.725000381469727,,,,,,,,,,,,,,,-1.057838,-0.8352432,-0.02613831,-0.3533859,-0.5299835,-0.5846252,-0.7111969,-0.7842941,-0.7799568,-0.4872131,-0.7758408,-0.820015,-0.706356,-0.7893143,-0.5842972,-0.8616409,-6.909744,-3.182503,-0.7565384,-1.131821,-2.616959,-0.6942596,-1.319534,-0.8054581,-1.193535,-0.8381348
13.733329772949219,,,,,,,,,,,,,,,-1.059792,-0.8459854,-0.02125549,-0.3748703,-0.5270538,-0.5914612,-0.7121735,-0.7784348,-0.7760506,-0.4989319,-0.7777939,-0.8239212,-0.7014732,-0.785408,-0.5872269,-0.87043,-6.913651,-3.168831,-0.7526321,-1.135727,-2.603287,-0.684494,-1.328323,-0.8044815,-1.199394,-0.8400879
13.733333333333333,0.0,-212.0,5.0,-39.0,-3.0,-348.0,-5.0,-1946.0,0.0,-3737.0,-2.0,-367.0,-1.0,-1431.0,,,,,,,,,,,,,,,,,,,,,,,,,,
13.741669654846191,,,,,,,,,,,,,,,-1.060768,-0.8518448,-0.01539612,-0.3885422,-0.5260773,-0.5973206,-0.7111969,-0.7725754,-0.7721443,-0.5126038,-0.7826767,-0.8278275,-0.6965904,-0.7834549,-0.58918,-0.8821487,-6.91951,-3.158089,-0.7516556,-1.138657,-2.590591,-0.6786346,-1.335159,-0.8044815,-1.211113,-0.8400879
13.75,,,,,,,,,,,,,,,-1.058815,-0.8547745,-0.01246643,-0.3953781,-0.5260773,-0.6041565,-0.7102203,-0.7676926,-0.7731209,-0.5243225,-0.7904892,-0.8297806,-0.6917076,-0.7824783,-0.5901566,-0.8967972,-6.924393,-3.155159,-0.750679,-1.139633,-2.574966,-0.6776581,-1.340042,-0.8064346,-1.225761,-0.833252
13.758330345153809,,,,,,,,,,,,,,,-1.056862,-0.855751,-0.01051331,-0.393425,-0.5280304,-0.611969,-0.7082672,-0.7637863,-0.7740974,-0.5331116,-0.7992783,-0.828804,-0.6858482,-0.7815018,-0.5911331,-0.9085159,-6.927322,-3.161018,-0.7545853,-1.138657,-2.563248,-0.6796112,-1.341995,-0.8093643,-1.242363,-0.8244629
13.766666666666667,0.0,-211.0,6.0,-36.0,-3.0,-358.0,-5.0,-1949.0,0.0,-3747.0,-2.0,-365.0,-1.0,-1435.0,,,,,,,,,,,,,,,,,,,,,,,,,,
13.766670227050781,,,,,,,,,,,,,,,-1.052956,-0.8537979,-0.009536743,-0.3846359,-0.5299835,-0.6207581,-0.7072906,-0.7608566,-0.7780037,-0.5419006,-0.8061142,-0.8268509,-0.6809654,-0.7863846,-0.5911331,-0.9182816,-6.927322,-3.173714,-0.7643509,-1.13475,-2.557388,-0.6884003,-1.343948,-0.8132706,-1.257011,-0.8127441
13.774999618530273,,,,,,,,,,,,,,,-1.052956,-0.8518448,-0.01344299,-0.3709641,-0.5338898,-0.6305237,-0.704361,-0.7598801,-0.7780037,-0.54776,-0.8139267,-0.8258743,-0.6780357,-0.7932205,-0.5911331,-0.9231644,-6.925369,-3.193245,-0.7741165,-1.129868,-2.555435,-0.7010956,-1.341995,-0.8191299,-1.269707,-0.7941895
13.783329963684082,,,,,,,,,,,,,,,-1.054909,-0.8489151,-0.02027893,-0.3543625,-0.537796,-0.6402893,-0.7014313,-0.7598801,-0.7819099,-0.5506897,-0.8168564,-0.8239212,-0.6780357,-0.8000565,-0.5921097,-0.9231644,-6.926346,-3.216682,-0.7829056,-1.125961,-2.561295,-0.7176971,-1.339066,-0.8298721,-1.277519,-0.7746582
13.791669845581055,,,,,,,,,,,,,,,-1.057838,-0.8479385,-0.02711487,-0.3406906,-0.5417023,-0.6481018,-0.697525,-0.7598801,-0.7828865,-0.5516663,-0.8197861,-0.8229446,-0.6780357,-0.8098221,-0.5940628,-0.917305,-6.925369,-3.242073,-0.7926712,-1.124008,-2.572037,-0.738205,-1.336136,-0.8425674,-1.276543,-0.7570801
13.8,0.0,-209.0,6.0,-33.0,-2.0,-367.0,-5.0,-1954.0,0.0,-3757.0,-2.0,-367.0,-1.0,-1440.0,,,,,,,,,,,,,,,,,,,,,,,,,,
13.800000190734863,,,,,,,,,,,,,,,-1.061745,-0.8450089,-0.03883362,-0.3319016,-0.5436554,-0.6529846,-0.6945953,-0.7618332,-0.7838631,-0.5497131,-0.8197861,-0.8229446,-0.6780357,-0.8156815,-0.5940628,-0.9075394,-6.927322,-3.266487,-0.7995071,-1.126938,-2.582779,-0.7567596,-1.334183,-0.8552628,-1.270683,-0.7404785
13.808329582214355,,,,,,,,,,,,,,,-1.065651,-0.8391495,-0.04957581,-0.3270187,-0.544632,-0.6549377,-0.6906891,-0.7637863,-0.7838631,-0.5458069,-0.8149033,-0.8248978,-0.6799889,-0.816658,-0.5930862,-0.8977737,-6.929276,-3.286018,-0.797554,-1.132797,-2.593521,-0.7772675,-1.330276,-0.8708878,-1.256035,-0.7307129
13.816670417785645,,,,,,,,,,,,,,,-1.07151,-0.8293839,-0.06031799,-0.3260422,-0.5456085,-0.6549377,-0.688736,-0.7637863,-0.7877693,-0.5428772,-0.8119736,-0.828804,-0.681942,-0.8137283,-0.5911331,-0.8880081,-6.934158,-3.303596,-0.7985306,-1.142563,-2.600357,-0.7928925,-1.327347,-0.8845596,-1.242363,-0.7258301
13.824999809265137,,,,,,,,,,,,,,,-1.073463,-0.8186417,-0.07008362,-0.3260422,-0.544632,-0.6520081,-0.6877594,-0.7628098,-0.7897224,-0.5409241,-0.8090439,-0.8366165,-0.6848717,-0.807869,-0.5862503,-0.8811722,-6.939041,-3.314339,-0.7907181,-1.153305,-2.606216,-0.8016815,-1.325394,-0.8933487,-1.225761,-0.7258301
13.833330154418945,,,,,,,,,,,,,,,-1.07444,-0.8069229,-0.07887268,-0.3270187,-0.5417023,-0.6481018,-0.6877594,-0.7657394,-0.7926521,-0.5409241,-0.8061142,-0.8434525,-0.6887779,-0.7990799,-0.5813675,-0.8782425,-6.941971,-3.318245,-0.781929,-1.164047,-2.60817,-0.8046112,-1.323441,-0.8972549,-1.211113,-0.7316895
13.833333333333334,0.0,-206.0,6.0,-33.0,-2.0,-375.0,-5.0,-1962.0,0.0,-3767.0,-2.0,-368.0,0.0,-1443.0,,,,,,,,,,,,,,,,,,,,,,,,,,
13.841670036315918,,,,,,,,,,,,,,,-1.072487,-0.7942276,-0.08375549,-0.3289719,-0.537796,-0.6441956,-0.6897125,-0.7676926,-0.7926521,-0.5458069,-0.8051376,-0.8493118,-0.6936607,-0.7912674,-0.5764847,-0.8782425,-6.948807,-3.318245,-0.7692337,-1.174789,-2.610123,-0.8036346,-1.322464,-0.8962784,-1.198418,-0.7385254
13.850000381469727,,,,,,,,,,,,,,,-1.070534,-0.7825089,-0.08473206,-0.3319016,-0.5358429,-0.6422424,-0.688736,-0.7715988,-0.790699,-0.5526428,-0.8080673,-0.8541946,-0.6985435,-0.7863846,-0.5706253,-0.8801956,-6.959549,-3.315315,-0.7565384,-1.181625,-2.609146,-0.7987518,-1.320511,-0.8923721,-1.192558,-0.7473145
13.858329772949219,,,,,,,,,,,,,,,-1.065651,-0.7756729,-0.08473206,-0.3319016,-0.5329132,-0.643219,-0.6897125,-0.7784348,-0.7877693,-0.5614319,-0.8119736,-0.8541946,-0.7044029,-0.7873611,-0.5657425,-0.8821487,-6.966385,-3.306526,-0.7438431,-1.184555,-2.610123,-0.793869,-1.318558,-0.8865128,-1.190605,-0.7600098
13.866666666666667,0.0,-204.0,6.0,-34.0,-1.0,-379.0,-5.0,-1964.0,0.0,-3772.0,-1.0,-368.0,0.0,-1444.0,,,,,,,,,,,,,,,,,,,,,,,,,,
13.866669654846191,,,,,,,,,,,,,,,-1.063698,-0.7737198,-0.08277893,-0.330925,-0.5319366,-0.6451721,-0.6877594,-0.7891769,-0.7809334,-0.5721741,-0.8197861,-0.851265,-0.7102623,-0.7961502,-0.5628128,-0.8801956,-6.981033,-3.298714,-0.735054,-1.186508,-2.610123,-0.7928925,-1.318558,-0.8826065,-1.193535,-0.770752
13.875,,,,,,,,,,,,,,,-1.059792,-0.777626,-0.07496643,-0.3299484,-0.5338898,-0.6471252,-0.6858063,-0.7969894,-0.775074,-0.5799866,-0.8275986,-0.8424759,-0.7170982,-0.8059158,-0.5589066,-0.8772659,-6.995682,-3.293831,-0.7272415,-1.187485,-2.610123,-0.7958221,-1.319534,-0.8816299,-1.199394,-0.7824707
13.883330345153809,,,,,,,,,,,,,,,-1.057838,-0.7873917,-0.06813049,-0.3279953,-0.5358429,-0.6500549,-0.6838531,-0.8028488,-0.7662849,-0.5848694,-0.8305283,-0.8297806,-0.7210045,-0.8147049,-0.5550003,-0.8714066,-7.009354,-3.287971,-0.7243118,-1.187485,-2.613052,-0.8046112,-1.320511,-0.8835831,-1.207207,-0.7961426
13.891670227050781,,,,,,,,,,,,,,,-1.056862,-0.800087,-0.05836487,-0.3250656,-0.5417023,-0.6500549,-0.6828766,-0.8096848,-0.7604256,-0.5877991,-0.8324814,-0.8151321,-0.7268639,-0.823494,-0.5520706,-0.8626175,-7.019119,-3.286018,-0.7252884,-1.187485,-2.615005,-0.8212128,-1.325394,-0.8855362,-1.215996,-0.8078613
13.899999618530273,,,,,,,,,,,,,,,-1.056862,-0.8137589,-0.04859924,-0.3240891,-0.5495148,-0.6461487,-0.6819,-0.8126144,-0.7535896,-0.5897522,-0.8305283,-0.8024368,-0.7317467,-0.8274002,-0.5462112,-0.8499222,-7.023026,-3.288948,-0.726265,-1.185532,-2.615005,-0.8397675,-1.327347,-0.8884659,-1.223808,-0.8166504
13.9,0.0,-207.0,6.0,-34.0,-1.0,-379.0,-5.0,-1963.0,0.0,-3778.0,-1.0,-368.0,0.0,-1446.0,,,,,,,,,,,,,,,,,,,,,,,,,,
13.908329963684082,,,,,,,,,,,,,,,-1.055885,-0.8293839,-0.03981018,-0.3260422,-0.560257,-0.6383362,-0.6858063,-0.8116379,-0.7516365,-0.5897522,-0.8246689,-0.7936478,-0.7356529,-0.8244705,-0.542305,-0.83918,-7.024002,-3.291878,-0.735054,-1.181625,-2.616959,-0.8583221,-1.335159,-0.8884659,-1.227715,-0.8205566
13.916669845581055,,,,,,,,,,,,,,,-1.056862,-0.8450089,-0.03199768,-0.3289719,-0.5700226,-0.6266174,-0.6897125,-0.8077316,-0.7496834,-0.5887756,-0.8139267,-0.788765,-0.7385826,-0.8205643,-0.5393753,-0.8313675,-7.014236,-3.294807,-0.7448196,-1.176743,-2.618912,-0.8739471,-1.340042,-0.8845596,-1.226738,-0.8186035
13.925000190734863,,,,,,,,,,,,,,,-1.060768,-0.8547745,-0.03004456,-0.3348312,-0.5788116,-0.6090393,-0.6955719,-0.8057785,-0.7487068,-0.5877991,-0.8022079,-0.788765,-0.7415123,-0.8117752,-0.5364456,-0.8274612,-7.003494,-3.294807,-0.7536087,-1.170883,-2.621841,-0.8837128,-1.341019,-0.8777237,-1.221855,-0.810791
13.933329582214355,,,,,,,,,,,,,,,-1.066628,-0.8616104,-0.03102112,-0.3416672,-0.5856476,-0.5934143,-0.7033844,-0.8067551,-0.7506599,-0.5897522,-0.7934189,-0.7946243,-0.7454185,-0.8029861,-0.5364456,-0.8274612,-6.992752,-3.291878,-0.7623978,-1.163071,-2.622818,-0.8895721,-1.343948,-0.8669815,-1.21209,-0.7941895
13.933333333333334,0.0,-212.0,6.0,-34.0,-1.0,-382.0,-4.0,-1966.0,0.0,-3785.0,-1.0,-368.0,-1.0,-1452.0,,,,,,,,,,,,,,,,,,,,,,,,,,
13.941670417785645,,,,,,,,,,,,,,,-1.076393,-0.8664932,-0.03785706,-0.3485031,-0.591507,-0.5768127,-0.7102203,-0.8067551,-0.7526131,-0.5907288,-0.7885361,-0.80439,-0.7483482,-0.7961502,-0.5383987,-0.8303909,-6.982986,-3.285042,-0.7682571,-1.158188,-2.618912,-0.8885956,-1.341995,-0.8581924,-1.2033,-0.7756348
13.949999809265137,,,,,,,,,,,,,,,-1.085182,-0.8664932,-0.04566956,-0.3533859,-0.5934601,-0.5641174,-0.7160797,-0.8106613,-0.7565193,-0.5897522,-0.7885361,-0.8180618,-0.7483482,-0.7902908,-0.542305,-0.8382034,-6.978104,-3.272346,-0.7692337,-1.152328,-2.615982,-0.8807831,-1.339066,-0.8542862,-1.187675,-0.755127
13.958330154418945,,,,,,,,,,,,,,,-1.094948,-0.862587,-0.05445862,-0.3543625,-0.5924835,-0.5572815,-0.7238922,-0.8155441,-0.7604256,-0.5868225,-0.7934189,-0.8307571,-0.7503014,-0.7844315,-0.5442581,-0.8469925,-6.977127,-3.257698,-0.766304,-1.151352,-2.610123,-0.871994,-1.339066,-0.8572159,-1.17205,-0.7365723
13.966666666666667,0.0,-217.0,5.0,-35.0,-1.0,-385.0,-4.0,-1970.0,0.0,-3790.0,-1.0,-369.0,-1.0,-1456.0,,,,,,,,,,,,,,,,,,,,,,,,,,
13.966670036315918,,,,,,,,,,,,,,,-1.103737,-0.855751,-0.06227112,-0.3524094,-0.5895538,-0.5563049,-0.7268219,-0.8184738,-0.7633553,-0.5809631,-0.8031845,-0.8424759,-0.7512779,-0.7805252,-0.5462112,-0.8587112,-6.982986,-3.241096,-0.7584915,-1.154282,-2.609146,-0.8651581,-1.337112,-0.8679581,-1.163261,-0.723877
13.975000381469727,,,,,,,,,,,,,,,-1.113503,-0.8508682,-0.06715393,-0.3485031,-0.5836945,-0.5611877,-0.7268219,-0.8204269,-0.7692146,-0.5711975,-0.8119736,-0.8551712,-0.7503014,-0.776619,-0.5471878,-0.8723831,-6.993729,-3.224495,-0.7448196,-1.158188,-2.607193,-0.856369,-1.335159,-0.8855362,-1.152519,-0.7150879
13.983329772949219,,,,,,,,,,,,,,,-1.115456,-0.8450089,-0.06910706,-0.3426437,-0.5749054,-0.5719299,-0.7258453,-0.8194504,-0.775074,-0.5585022,-0.8217392,-0.8698196,-0.7512779,-0.7727127,-0.5442581,-0.8831253,-7.004471,-3.2118,-0.7291946,-1.162094,-2.609146,-0.8524628,-1.336136,-0.9070206,-1.145683,-0.7150879
13.991669654846191,,,,,,,,,,,,,,,-1.114479,-0.840126,-0.06910706,-0.3387375,-0.5680695,-0.5856018,-0.7180328,-0.8165207,-0.7780037,-0.5419006,-0.8285751,-0.8815384,-0.7512779,-0.769783,-0.542305,-0.8919144,-7.019119,-3.203011,-0.71064,-1.16893,-2.614029,-0.8534393,-1.338089,-0.9285049,-1.138847,-0.7199707
14.0,0.0,-219.0,5.0,-37.0,-1.0,-388.0,-3.0,-1973.0,0.0,-3796.0,-1.0,-373.0,-1.0,-1459.0,-1.10862,-0.840126,-0.06324768,-0.3348312,-0.5592804,-0.6002502,-0.7082672,-0.8096848,-0.7819099,-0.5233459,-0.8315048,-0.8932571,-0.7522545,-0.7658768,-0.5374222,-0.9026566,-7.030838,-3.196175,-0.695015,-1.17186,-2.621841,-0.8583221,-1.339066,-0.9441299,-1.133965,-0.7307129
14.008330345153809,,,,,,,,,,,,,,,-1.104713,-0.8420792,-0.05836487,-0.3348312,-0.5524445,-0.6148987,-0.6965485,-0.8038254,-0.7838631,-0.5038147,-0.8305283,-0.9030228,-0.7522545,-0.7668533,-0.5315628,-0.9124222,-7.04158,-3.194221,-0.6823196,-1.17186,-2.631607,-0.8671112,-1.336136,-0.9519424,-1.129082,-0.7443848
14.016670227050781,,,,,,,,,,,,,,,-1.098854,-0.8450089,-0.05250549,-0.3377609,-0.5485382,-0.6266174,-0.6828766,-0.8018723,-0.7867928,-0.4862366,-0.8256454,-0.9108353,-0.7512779,-0.7717361,-0.5296097,-0.9212112,-7.048416,-3.198128,-0.672554,-1.17186,-2.63942,-0.8778534,-1.333206,-0.9519424,-1.126152,-0.7600098
14.024999618530273,,,,,,,,,,,,,,,-1.094948,-0.846962,-0.04664612,-0.3436203,-0.5465851,-0.6334534,-0.6682281,-0.8018723,-0.7877693,-0.4706116,-0.8197861,-0.9157181,-0.7493248,-0.776619,-0.5296097,-0.9280472,-7.053299,-3.20594,-0.6676712,-1.169907,-2.647232,-0.8895721,-1.327347,-0.9441299,-1.125175,-0.7766113
14.033329963684082,,,,,,,,,,,,,,,-1.090065,-0.8479385,-0.04273987,-0.3514328,-0.5465851,-0.6373596,-0.657486,-0.8018723,-0.7867928,-0.4579163,-0.8129501,-0.9157181,-0.744442,-0.7844315,-0.5315628,-0.9378128,-7.060135,-3.214729,-0.6706009,-1.167953,-2.653091,-0.8983612,-1.325394,-0.9314346,-1.123222,-0.7912598
14.033333333333333,0.0,-222.0,5.0,-38.0,-2.0,-392.0,-2.0,-1975.0,0.0,-3806.0,-1.0,-381.0,-2.0,-1463.0,,,,,,,,,,,,,,,,,,,,,,,,,,
14.041669845581055,,,,,,,,,,,,,,,-1.088112,-0.8459854,-0.04078674,-0.3611984,-0.5475616,-0.6363831,-0.6486969,-0.8048019,-0.7838631,-0.4471741,-0.8070908,-0.9127884,-0.737606,-0.7951736,-0.5344925,-0.9456253,-7.062088,-3.222542,-0.6774368,-1.166,-2.656998,-0.9051971,-1.324417,-0.9177628,-1.127129,-0.8088379
14.050000190734863,,,,,,,,,,,,,,,-1.087135,-0.8430557,-0.04176331,-0.3690109,-0.5485382,-0.6344299,-0.6438141,-0.8087082,-0.7789803,-0.4403381,-0.8041611,-0.906929,-0.7307701,-0.8039627,-0.5374222,-0.9524612,-7.066971,-3.231331,-0.6891556,-1.169907,-2.66188,-0.9071503,-1.322464,-0.9031143,-1.132988,-0.826416
14.058329582214355,,,,,,,,,,,,,,,-1.084206,-0.840126,-0.04469299,-0.3778,-0.5475616,-0.6285706,-0.641861,-0.8106613,-0.775074,-0.4374084,-0.8022079,-0.9020462,-0.721981,-0.8088455,-0.5403519,-0.9573441,-7.07283,-3.239143,-0.7008743,-1.175766,-2.66774,-0.9042206,-1.32637,-0.8953018,-1.14373,-0.8410645
14.066666666666666,0.0,-222.0,5.0,-39.0,-2.0,-395.0,-2.0,-1978.0,0.0,-3813.0,-2.0,-388.0,-2.0,-1465.0,,,,,,,,,,,,,,,,,,,,,,,,,,
14.066670417785645,,,,,,,,,,,,,,,-1.080299,-0.840126,-0.04957581,-0.3846359,-0.5475616,-0.6188049,-0.6438141,-0.8116379,-0.7721443,-0.4393616,-0.8012314,-0.89814,-0.7151451,-0.8107986,-0.5442581,-0.9632034,-7.077713,-3.246956,-0.7096634,-1.181625,-2.669693,-0.8964081,-1.3293,-0.8923721,-1.157402,-0.8547363
14.074999809265137,,,,,,,,,,,,,,,-1.076393,-0.8411026,-0.05152893,-0.3846359,-0.5465851,-0.611969,-0.6428375,-0.8145676,-0.7692146,-0.4422913,-0.8041611,-0.8971634,-0.7092857,-0.8088455,-0.5452347,-0.9680862,-7.084549,-3.253792,-0.7174759,-1.186508,-2.67067,-0.8846893,-1.333206,-0.8943253,-1.169121,-0.8684082
14.083330154418945,,,,,,,,,,,,,,,-1.07151,-0.8450089,-0.05738831,-0.3817062,-0.5465851,-0.6070862,-0.6467438,-0.8145676,-0.7692146,-0.4481506,-0.8070908,-0.8991165,-0.706356,-0.8049393,-0.5462112,-0.9719925,-7.093338,-3.261604,-0.7213821,-1.192368,-2.671646,-0.8729706,-1.338089,-0.8962784,-1.181816,-0.880127
14.091670036315918,,,,,,,,,,,,,,,-1.066628,-0.8537979,-0.06031799,-0.3748703,-0.5495148,-0.6031799,-0.6467438,-0.8155441,-0.7692146,-0.4559631,-0.810997,-0.9059525,-0.706356,-0.8000565,-0.5471878,-0.979805,-7.100174,-3.269417,-0.7223587,-1.195297,-2.67067,-0.8612518,-1.340042,-0.9011612,-1.196465,-0.8879395
14.1,0.0,-221.0,4.0,-39.0,-2.0,-400.0,-2.0,-1982.0,0.0,-3818.0,-2.0,-391.0,-2.0,-1467.0,,,,,,,,,,,,,,,,,,,,,,,,,,
14.100000381469727,,,,,,,,,,,,,,,-1.064674,-0.8635635,-0.06227112,-0.3651047,-0.553421,-0.6041565,-0.6467438,-0.8184738,-0.7721443,-0.4667053,-0.8119736,-0.9127884,-0.7083092,-0.7951736,-0.5462112,-0.9866409,-7.10408,-3.277229,-0.719429,-1.193344,-2.666763,-0.8485565,-1.341019,-0.9050674,-1.204277,-0.8918457
14.108329772949219,,,,,,,,,,,,,,,-1.062721,-0.8703995,-0.06324768,-0.3494797,-0.560257,-0.6090393,-0.6477203,-0.8214035,-0.7780037,-0.4784241,-0.8149033,-0.9186478,-0.713192,-0.792244,-0.5471878,-0.9905472,-7.110916,-3.286018,-0.7174759,-1.190414,-2.66481,-0.8397675,-1.342972,-0.9079971,-1.211113,-0.895752
14.116669654846191,,,,,,,,,,,,,,,-1.061745,-0.8762589,-0.06324768,-0.3338547,-0.5661163,-0.6178284,-0.6477203,-0.8233566,-0.7809334,-0.4911194,-0.8178329,-0.922554,-0.7180748,-0.7902908,-0.5462112,-0.9944534,-7.115799,-3.291878,-0.7125931,-1.187485,-2.658951,-0.831955,-1.342972,-0.9119034,-1.218925,-0.9006348
14.125,,,,,,,,,,,,,,,-1.062721,-0.8772354,-0.06227112,-0.3192062,-0.5739288,-0.6285706,-0.6477203,-0.8253098,-0.7848396,-0.5057678,-0.8227158,-0.9264603,-0.7229576,-0.7902908,-0.5452347,-0.9934769,-7.121658,-3.293831,-0.7116165,-1.185532,-2.656021,-0.8241425,-1.345901,-0.9158096,-1.223808,-0.904541
14.133330345153809,,,,,,,,,,,,,,,-1.057838,-0.8733292,-0.06227112,-0.3035812,-0.5797882,-0.6373596,-0.6496735,-0.8282394,-0.7887459,-0.5213928,-0.826622,-0.9274368,-0.728817,-0.7912674,-0.5403519,-0.9856644,-7.125565,-3.288948,-0.7077103,-1.185532,-2.654068,-0.81633,-1.347855,-0.921669,-1.227715,-0.9074707
14.133333333333333,0.0,-219.0,4.0,-40.0,-1.0,-405.0,-3.0,-1985.0,0.0,-3820.0,-1.0,-392.0,-2.0,-1470.0,,,,,,,,,,,,,,,,,,,,,,,,,,
14.141670227050781,,,,,,,,,,,,,,,-1.052956,-0.8664932,-0.06324768,-0.2908859,-0.5827179,-0.6451721,-0.6516266,-0.8350754,-0.7936287,-0.5360413,-0.8315048,-0.9284134,-0.7327232,-0.7893143,-0.5374222,-0.9710159,-7.124588,-3.282112,-0.7047806,-1.190414,-2.655045,-0.8065643,-1.354691,-0.9265518,-1.228691,-0.911377
14.149999618530273,,,,,,,,,,,,,,,-1.047096,-0.8567276,-0.06422424,-0.28405,-0.584671,-0.6500549,-0.6535797,-0.8438644,-0.7975349,-0.5497131,-0.8363876,-0.9284134,-0.7336998,-0.7834549,-0.5354691,-0.9514847,-7.122635,-3.26844,-0.6979446,-1.19725,-2.657974,-0.7958221,-1.36055,-0.9324112,-1.228691,-0.9152832
14.158329963684082,,,,,,,,,,,,,,,-1.036354,-0.8459854,-0.06422424,-0.2801437,-0.5866241,-0.6490784,-0.6545563,-0.8555832,-0.7985115,-0.5614319,-0.8393173,-0.9254837,-0.7317467,-0.7756424,-0.5325394,-0.9300003,-7.119705,-3.249886,-0.6901321,-1.204086,-2.659927,-0.78508,-1.367386,-0.9412003,-1.222832,-0.9172363
14.166666666666666,0.0,-216.0,5.0,-40.0,-1.0,-408.0,-2.0,-1986.0,0.0,-3821.0,0.0,-393.0,-2.0,-1473.0,,,,,,,,,,,,,,,,,,,,,,,,,,
14.166669845581055,,,,,,,,,,,,,,,-1.025612,-0.8362198,-0.06422424,-0.2801437,-0.5866241,-0.6461487,-0.6545563,-0.8712082,-0.8014412,-0.5672913,-0.8402939,-0.9206009,-0.7278404,-0.7658768,-0.5325394,-0.9085159,-7.110916,-3.234261,-0.6813431,-1.212875,-2.665787,-0.7762909,-1.379105,-0.9490128,-1.217949,-0.9172363
14.175000190734863,,,,,,,,,,,,,,,-1.017799,-0.8264542,-0.06520081,-0.28405,-0.5856476,-0.6422424,-0.6545563,-0.8858566,-0.7994881,-0.5672913,-0.8393173,-0.913765,-0.7200279,-0.7551346,-0.5364456,-0.8889847,-7.101151,-3.216682,-0.6735306,-1.219711,-2.669693,-0.769455,-1.385941,-0.9548721,-1.21209,-0.9133301
14.183329582214355,,,,,,,,,,,,,,,-1.01194,-0.8186417,-0.06422424,-0.2908859,-0.584671,-0.6383362,-0.6545563,-0.8985519,-0.7985115,-0.5614319,-0.8354111,-0.9049759,-0.7112389,-0.7434158,-0.542305,-0.8782425,-7.088455,-3.202034,-0.6666946,-1.224594,-2.67067,-0.7675018,-1.393753,-0.9617081,-1.208183,-0.9064941
14.191670417785645,,,,,,,,,,,,,,,-1.009987,-0.8137589,-0.06227112,-0.2986984,-0.5827179,-0.6373596,-0.657486,-0.907341,-0.7965584,-0.5526428,-0.8295517,-0.8932571,-0.7044029,-0.7356033,-0.5520706,-0.8753128,-7.07576,-3.194221,-0.6627884,-1.227524,-2.67067,-0.769455,-1.401566,-0.968544,-1.20623,-0.8967285
14.199999809265137,,,,,,,,,,,,,,,-1.013893,-0.8108292,-0.06129456,-0.3065109,-0.5788116,-0.6373596,-0.6594391,-0.9102707,-0.7936287,-0.5458069,-0.8227158,-0.8815384,-0.6965904,-0.7346268,-0.5618362,-0.8811722,-7.061111,-3.191292,-0.6618118,-1.229477,-2.669693,-0.7762909,-1.404495,-0.9724503,-1.205254,-0.8840332
14.2,0.0,-214.0,5.0,-42.0,-1.0,-409.0,-2.0,-1990.0,0.0,-3829.0,0.0,-394.0,-1.0,-1475.0,,,,,,,,,,,,,,,,,,,,,,,,,,
14.208330154418945,,,,,,,,,,,,,,,-1.019753,-0.8108292,-0.06129456,-0.3153,-0.5729523,-0.6383362,-0.666275,-0.9063644,-0.7926521,-0.5399475,-0.8168564,-0.8727493,-0.6917076,-0.7375565,-0.573555,-0.8938675,-7.053299,-3.195198,-0.6647415,-1.23436,-2.668716,-0.7841034,-1.409378,-0.9763565,-1.208183,-0.8703613
14.216670036315918,,,,,,,,,,,,,,,-1.030495,-0.8137589,-0.06324768,-0.3260422,-0.5670929,-0.643219,-0.6721344,-0.8975754,-0.7936287,-0.5409241,-0.8129501,-0.8688431,-0.6868248,-0.745369,-0.5833206,-0.9104691,-7.04451,-3.20594,-0.6676712,-1.240219,-2.666763,-0.7919159,-1.411331,-0.9792862,-1.213066,-0.8547363
14.225000381469727,,,,,,,,,,,,,,,-1.04319,-0.8166885,-0.06617737,-0.3348312,-0.560257,-0.6500549,-0.6809235,-0.8878098,-0.7965584,-0.5458069,-0.8119736,-0.86689,-0.6868248,-0.7570877,-0.5901566,-0.9270706,-7.039627,-3.222542,-0.6745071,-1.247055,-2.665787,-0.7987518,-1.413284,-0.9783096,-1.217949,-0.8391113
14.233329772949219,,,,,,,,,,,,,,,-1.053932,-0.8215714,-0.07203674,-0.3436203,-0.553421,-0.6568909,-0.688736,-0.8780441,-0.8024178,-0.5565491,-0.8139267,-0.8678665,-0.6887779,-0.7707596,-0.5969925,-0.9426956,-7.042557,-3.24012,-0.6803665,-1.256821,-2.668716,-0.8075409,-1.413284,-0.9753799,-1.219902,-0.8293457
14.233333333333333,0.0,-214.0,6.0,-42.0,-2.0,-412.0,-2.0,-1996.0,0.0,-3839.0,0.0,-396.0,-1.0,-1478.0,,,,,,,,,,,,,,,,,,,,,,,,,,
14.241669654846191,,,,,,,,,,,,,,,-1.065651,-0.8284073,-0.07984924,-0.3514328,-0.5514679,-0.6627502,-0.6955719,-0.8682785,-0.8082771,-0.5721741,-0.8178329,-0.8737259,-0.6926842,-0.7844315,-0.5989456,-0.9534378,-7.04451,-3.258675,-0.6852493,-1.266586,-2.67067,-0.8153534,-1.410355,-0.9714737,-1.220879,-0.8273926
14.25,,,,,,,,,,,,,,,-1.076393,-0.8362198,-0.08570862,-0.3592453,-0.5524445,-0.6734924,-0.6985016,-0.8614426,-0.8141365,-0.5858459,-0.8227158,-0.8795853,-0.7004967,-0.7951736,-0.5989456,-0.9612503,-7.051346,-3.276253,-0.6920853,-1.273422,-2.673599,-0.8270721,-1.411331,-0.9646378,-1.220879,-0.8322754
14.258330345153809,,,,,,,,,,,,,,,-1.083229,-0.8420792,-0.09254456,-0.3631516,-0.5563507,-0.6842346,-0.7014313,-0.8575363,-0.8180428,-0.5956116,-0.8275986,-0.8834915,-0.7083092,-0.8020096,-0.5960159,-0.9632034,-7.058182,-3.293831,-0.6969681,-1.278305,-2.675552,-0.8417206,-1.407425,-0.9538956,-1.218925,-0.8439941
14.266666666666667,0.0,-213.0,6.0,-40.0,-2.0,-413.0,-3.0,-2000.0,0.0,-3848.0,0.0,-399.0,-1.0,-1481.0,,,,,,,,,,,,,,,,,,,,,,,,,,
14.266670227050781,,,,,,,,,,,,,,,-1.089088,-0.846962,-0.09645081,-0.3660812,-0.5612335,-0.6959534,-0.7004547,-0.8536301,-0.8199959,-0.6004944,-0.8305283,-0.8893509,-0.7151451,-0.8088455,-0.5930862,-0.9602737,-7.066971,-3.306526,-0.703804,-1.282211,-2.678482,-0.8534393,-1.406448,-0.9441299,-1.216972,-0.8625488
14.274999618530273,,,,,,,,,,,,,,,-1.092018,-0.8518448,-0.1003571,-0.3680344,-0.5670929,-0.7096252,-0.6994781,-0.8536301,-0.8170662,-0.5975647,-0.8295517,-0.8971634,-0.721981,-0.8117752,-0.58918,-0.9563675,-7.079666,-3.315315,-0.7077103,-1.286118,-2.677505,-0.8641815,-1.396683,-0.9353409,-1.217949,-0.8850098
14.283329963684082,,,,,,,,,,,,,,,-1.090065,-0.8567276,-0.09938049,-0.3690109,-0.5709991,-0.7193909,-0.6985016,-0.8555832,-0.8121834,-0.5897522,-0.8295517,-0.906929,-0.728817,-0.8107986,-0.5852737,-0.9505081,-7.090408,-3.324104,-0.7116165,-1.289047,-2.679459,-0.8729706,-1.389847,-0.9294815,-1.220879,-0.9064941
14.291669845581055,,,,,,,,,,,,,,,-1.090065,-0.8635635,-0.09742737,-0.3709641,-0.5739288,-0.7242737,-0.697525,-0.8614426,-0.8082771,-0.5780334,-0.8256454,-0.9166946,-0.7327232,-0.8107986,-0.5823441,-0.9407425,-7.10408,-3.33094,-0.7135696,-1.292953,-2.686295,-0.8768768,-1.381058,-0.921669,-1.227715,-0.9221191
14.3,0.0,-212.0,6.0,-39.0,-2.0,-414.0,-3.0,-2006.0,0.0,-3856.0,0.0,-399.0,-1.0,-1483.0,,,,,,,,,,,,,,,,,,,,,,,,,,
14.300000190734863,,,,,,,,,,,,,,,-1.089088,-0.8694229,-0.09254456,-0.3729172,-0.5739288,-0.7272034,-0.7004547,-0.8731613,-0.8033943,-0.5624084,-0.8217392,-0.9274368,-0.7346764,-0.8117752,-0.5833206,-0.9270706,-7.119705,-3.332893,-0.7174759,-1.295883,-2.691177,-0.8798065,-1.367386,-0.9119034,-1.23748,-0.9289551
14.308329582214355,,,,,,,,,,,,,,,-1.083229,-0.8772354,-0.08668518,-0.3768234,-0.5739288,-0.7281799,-0.7053375,-0.8878098,-0.8014412,-0.5458069,-0.8168564,-0.938179,-0.7366295,-0.8127518,-0.5842972,-0.9133987,-7.136307,-3.337776,-0.7204056,-1.298813,-2.699966,-0.87883,-1.354691,-0.9011612,-1.247246,-0.9260254
14.316670417785645,,,,,,,,,,,,,,,-1.081276,-0.8840714,-0.08375549,-0.3797531,-0.5729523,-0.7252502,-0.7141266,-0.9024582,-0.8024178,-0.5340881,-0.8158798,-0.9459915,-0.7385826,-0.8137283,-0.58918,-0.90168,-7.150955,-3.337776,-0.7223587,-1.300766,-2.711685,-0.8749237,-1.344925,-0.8884659,-1.255058,-0.9123535
14.324999809265137,,,,,,,,,,,,,,,-1.076393,-0.8889542,-0.08180237,-0.3797531,-0.5709991,-0.7184143,-0.7219391,-0.9190598,-0.8073006,-0.5272522,-0.8158798,-0.9479446,-0.7415123,-0.8147049,-0.5930862,-0.8889847,-7.165604,-3.331917,-0.7252884,-1.298813,-2.725357,-0.8729706,-1.336136,-0.8728409,-1.259941,-0.8928223
14.333330154418945,,,,,,,,,,,,,,,-1.07151,-0.8909073,-0.08180237,-0.3778,-0.5670929,-0.7125549,-0.7307281,-0.9307785,-0.8141365,-0.5262756,-0.8217392,-0.9469681,-0.7424889,-0.8147049,-0.5969925,-0.8801956,-7.176346,-3.326057,-0.7311478,-1.292953,-2.737076,-0.871994,-1.330276,-0.8562393,-1.261894,-0.8713379
14.333333333333334,0.0,-211.0,5.0,-41.0,-2.0,-413.0,-3.0,-2015.0,0.0,-3866.0,0.0,-397.0,-1.0,-1489.0,,,,,,,,,,,,,,,,,,,,,,,,,,
14.341670036315918,,,,,,,,,,,,,,,-1.066628,-0.8879776,-0.08570862,-0.3719406,-0.5631866,-0.7096252,-0.7365875,-0.9366379,-0.8190193,-0.5301819,-0.8295517,-0.9411087,-0.7395592,-0.8156815,-0.5989456,-0.8733597,-7.179276,-3.317268,-0.7360306,-1.282211,-2.747818,-0.871994,-1.33223,-0.8415909,-1.257988,-0.8508301
14.350000381469727,,,,,,,,,,,,,,,-1.062721,-0.878212,-0.09059143,-0.3641281,-0.5573273,-0.7047424,-0.7404938,-0.9366379,-0.8258553,-0.5379944,-0.8383408,-0.9313431,-0.7346764,-0.8186111,-0.5999222,-0.8733597,-7.177322,-3.304573,-0.74189,-1.271469,-2.75563,-0.8710175,-1.335159,-0.8318253,-1.250175,-0.8322754
14.358329772949219,,,,,,,,,,,,,,,-1.057838,-0.8645401,-0.09742737,-0.3543625,-0.5485382,-0.6998596,-0.7414703,-0.9298019,-0.8268318,-0.5458069,-0.8490829,-0.922554,-0.7229576,-0.8215408,-0.5989456,-0.8762894,-7.168533,-3.290901,-0.7467728,-1.261703,-2.76149,-0.8700409,-1.340042,-0.8298721,-1.239433,-0.8244629
14.366666666666667,0.0,-209.0,5.0,-42.0,-2.0,-412.0,-3.0,-2025.0,0.0,-3874.0,0.0,-395.0,-1.0,-1495.0,,,,,,,,,,,,,,,,,,,,,,,,,,
14.366669654846191,,,,,,,,,,,,,,,-1.054909,-0.8489151,-0.1032867,-0.3455734,-0.5397491,-0.6949768,-0.7395172,-0.9210129,-0.8287849,-0.5516663,-0.857872,-0.9186478,-0.7092857,-0.8254471,-0.5950394,-0.8850784,-7.157791,-3.276253,-0.7477493,-1.251938,-2.765396,-0.8700409,-1.346878,-0.8386612,-1.227715,-0.826416
14.375,,,,,,,,,,,,,,,-1.051003,-0.8323135,-0.1081696,-0.3397141,-0.529007,-0.690094,-0.7375641,-0.9112473,-0.8248787,-0.5555725,-0.8647079,-0.9157181,-0.6965904,-0.832283,-0.58918,-0.90168,-7.143143,-3.264534,-0.7477493,-1.242172,-2.765396,-0.8710175,-1.351761,-0.8523331,-1.216972,-0.833252
14.383330345153809,,,,,,,,,,,,,,,-1.049049,-0.8196182,-0.1130524,-0.3358078,-0.5182648,-0.6852112,-0.7346344,-0.9034348,-0.8209724,-0.5575256,-0.8676376,-0.9157181,-0.6829185,-0.8410721,-0.5823441,-0.9182816,-7.131424,-3.253792,-0.7448196,-1.23436,-2.76442,-0.8749237,-1.352737,-0.8679581,-1.208183,-0.842041
14.391670227050781,,,,,,,,,,,,,,,-1.04612,-0.8118057,-0.1150055,-0.3358078,-0.5084991,-0.6822815,-0.7317047,-0.8985519,-0.8151131,-0.5555725,-0.8656845,-0.9186478,-0.6741295,-0.854744,-0.5764847,-0.9348831,-7.122635,-3.245979,-0.7399368,-1.2285,-2.759537,-0.8807831,-1.355667,-0.8855362,-1.204277,-0.8508301
14.399999618530273,,,,,,,,,,,,,,,-1.044167,-0.8108292,-0.1150055,-0.3426437,-0.5016632,-0.6832581,-0.7307281,-0.8995285,-0.8043709,-0.5516663,-0.8598251,-0.922554,-0.675106,-0.8674393,-0.5696487,-0.9563675,-7.116776,-3.24305,-0.735054,-1.224594,-2.753677,-0.8905487,-1.349808,-0.9021378,-1.20623,-0.857666
14.4,0.0,-211.0,5.0,-42.0,-1.0,-413.0,-3.0,-2036.0,0.0,-3879.0,0.0,-393.0,-1.0,-1497.0,,,,,,,,,,,,,,,,,,,,,,,,,,
14.408329963684082,,,,,,,,,,,,,,,-1.04319,-0.8196182,-0.1120758,-0.3514328,-0.4987335,-0.6871643,-0.7277985,-0.9034348,-0.7955818,-0.5506897,-0.8549423,-0.9274368,-0.6809654,-0.8801346,-0.5628128,-0.9739456,-7.115799,-3.244026,-0.7331009,-1.221664,-2.743912,-0.903244,-1.349808,-0.9148331,-1.20916,-0.8615723
14.416669845581055,,,,,,,,,,,,,,,-1.04319,-0.8362198,-0.107193,-0.3602219,-0.4958038,-0.6930237,-0.7238922,-0.9112473,-0.7877693,-0.5516663,-0.8461533,-0.9274368,-0.6926842,-0.8928299,-0.5569534,-0.9876175,-7.121658,-3.248909,-0.735054,-1.217758,-2.734146,-0.9178925,-1.349808,-0.921669,-1.216972,-0.8625488
14.425000190734863,,,,,,,,,,,,,,,-1.045143,-0.8537979,-0.09840393,-0.3680344,-0.4958038,-0.7008362,-0.719986,-0.9249191,-0.7799568,-0.5526428,-0.8393173,-0.9235306,-0.7073326,-0.901619,-0.5540237,-0.9944534,-7.130447,-3.257698,-0.7409134,-1.215805,-2.722427,-0.9354706,-1.353714,-0.921669,-1.229668,-0.8674316
14.433329582214355,,,,,,,,,,,,,,,-1.045143,-0.8733292,-0.08863831,-0.3768234,-0.4987335,-0.7076721,-0.71315,-0.938591,-0.7731209,-0.5545959,-0.8324814,-0.9166946,-0.7190514,-0.9084549,-0.5510941,-0.9964066,-7.140213,-3.269417,-0.750679,-1.213852,-2.710709,-0.9540253,-1.36055,-0.9177628,-1.244316,-0.8713379
14.433333333333334,0.0,-213.0,5.0,-39.0,-1.0,-417.0,-2.0,-2043.0,0.0,-3885.0,0.0,-391.0,0.0,-1503.0,,,,,,,,,,,,,,,,,,,,,,,,,,
14.441670417785645,,,,,,,,,,,,,,,-1.051003,-0.8909073,-0.08082581,-0.3826828,-0.5006866,-0.7125549,-0.7053375,-0.9532394,-0.7682381,-0.5565491,-0.826622,-0.9059525,-0.7307701,-0.9143143,-0.5530472,-0.9934769,-7.151932,-3.281136,-0.7653275,-1.210922,-2.70192,-0.9716034,-1.372269,-0.9099503,-1.257988,-0.8791504
14.449999809265137,,,,,,,,,,,,,,,-1.055885,-0.9016495,-0.07008362,-0.3836594,-0.5016632,-0.7125549,-0.6965485,-0.9678879,-0.7662849,-0.5575256,-0.8197861,-0.8922806,-0.7385826,-0.9123611,-0.5540237,-0.9846878,-7.165604,-3.287971,-0.7789993,-1.201157,-2.697037,-0.9891815,-1.386917,-0.9001846,-1.27166,-0.8908691
14.458330154418945,,,,,,,,,,,,,,,-1.060768,-0.9065323,-0.06129456,-0.3856125,-0.5026398,-0.7106018,-0.6906891,-0.9786301,-0.7653084,-0.5585022,-0.8119736,-0.8815384,-0.7424889,-0.9094315,-0.5569534,-0.9710159,-7.173416,-3.293831,-0.7946243,-1.187485,-2.695084,-1.004807,-1.400589,-0.8884659,-1.279472,-0.904541
14.466666666666667,0.0,-215.0,5.0,-39.0,-1.0,-422.0,-2.0,-2045.0,-1.0,-3893.0,0.0,-391.0,0.0,-1512.0,,,,,,,,,,,,,,,,,,,,,,,,,,
14.466670036315918,,,,,,,,,,,,,,,-1.066628,-0.9036026,-0.05738831,-0.3875656,-0.5026398,-0.7027893,-0.6838531,-0.985466,-0.7653084,-0.5614319,-0.8061142,-0.8717728,-0.7454185,-0.9065018,-0.5598831,-0.9563675,-7.177322,-3.294807,-0.8082962,-1.17186,-2.698013,-1.016525,-1.417191,-0.8777237,-1.284355,-0.9133301
14.475000381469727,,,,,,,,,,,,,,,-1.070534,-0.8957901,-0.05543518,-0.3924484,-0.5036163,-0.6949768,-0.6809235,-0.9893723,-0.7692146,-0.5653381,-0.8002548,-0.8639603,-0.7473717,-0.9006424,-0.5637894,-0.9417191,-7.179276,-3.290901,-0.8209915,-1.153305,-2.702896,-1.022385,-1.424026,-0.8679581,-1.287285,-0.9182129
14.483329772949219,,,,,,,,,,,,,,,-1.07151,-0.8860245,-0.05543518,-0.4022141,-0.506546,-0.6871643,-0.6809235,-0.9864426,-0.7701912,-0.5682678,-0.7963486,-0.8629837,-0.7483482,-0.894783,-0.5667191,-0.9260941,-7.174393,-3.286018,-0.8317337,-1.13475,-2.707779,-1.023361,-1.432816,-0.8640518,-1.287285,-0.9191895
14.491669654846191,,,,,,,,,,,,,,,-1.068581,-0.8752823,-0.05738831,-0.4129562,-0.5124054,-0.6793518,-0.6838531,-0.9786301,-0.7740974,-0.5721741,-0.7924423,-0.86689,-0.7512779,-0.8879471,-0.5696487,-0.9143753,-7.16658,-3.280159,-0.8385696,-1.117172,-2.711685,-1.021408,-1.434769,-0.8689346,-1.284355,-0.9143066
14.5,0.0,-216.0,5.0,-40.0,-1.0,-426.0,-2.0,-2042.0,0.0,-3902.0,0.0,-393.0,0.0,-1517.0,-1.065651,-0.8655167,-0.05738831,-0.4236984,-0.5182648,-0.674469,-0.6926422,-0.969841,-0.7731209,-0.5780334,-0.7904892,-0.8737259,-0.7522545,-0.8811111,-0.5725784,-0.9046097,-7.152908,-3.277229,-0.8454056,-1.104477,-2.709732,-1.014572,-1.432816,-0.8816299,-1.279472,-0.9055176
14.508330345153809,,,,,,,,,,,,,,,-1.062721,-0.8586807,-0.05836487,-0.4305344,-0.5270538,-0.6695862,-0.7014313,-0.9620285,-0.7740974,-0.5809631,-0.7924423,-0.8815384,-0.753231,-0.8732986,-0.5774612,-0.8967972,-7.145096,-3.281136,-0.8483353,-1.096664,-2.702896,-1.005783,-1.427933,-0.8992081,-1.275566,-0.8967285
14.516670227050781,,,,,,,,,,,,,,,-1.059792,-0.8518448,-0.05836487,-0.4324875,-0.5368195,-0.6637268,-0.71315,-0.9571457,-0.7731209,-0.57901,-0.7963486,-0.8903275,-0.7503014,-0.863533,-0.5813675,-0.8899612,-7.137283,-3.287971,-0.8493118,-1.091782,-2.690201,-0.9960175,-1.418167,-0.9245987,-1.273613,-0.8898926
14.524999618530273,,,,,,,,,,,,,,,-1.060768,-0.8489151,-0.05738831,-0.424675,-0.5436554,-0.6598206,-0.728775,-0.9600754,-0.7692146,-0.5751038,-0.8002548,-0.8952103,-0.7483482,-0.8518143,-0.5842972,-0.8880081,-7.134354,-3.297737,-0.8493118,-1.087875,-2.675552,-0.9852753,-1.405472,-0.9509659,-1.275566,-0.8830566
14.533329963684082,,,,,,,,,,,,,,,-1.065651,-0.8479385,-0.05348206,-0.40905,-0.5524445,-0.6568909,-0.7395172,-0.9669113,-0.7662849,-0.5692444,-0.8080673,-0.9010696,-0.7424889,-0.839119,-0.5882034,-0.8909378,-7.134354,-3.307503,-0.8463821,-1.082016,-2.654068,-0.9735565,-1.392776,-0.9802628,-1.272636,-0.8771973
14.533333333333333,0.0,-215.0,4.0,-40.0,-1.0,-429.0,-2.0,-2040.0,-1.0,-3911.0,0.0,-395.0,0.0,-1519.0,,,,,,,,,,,,,,,,,,,,,,,,,,
14.541669845581055,,,,,,,,,,,,,,,-1.076393,-0.846962,-0.05152893,-0.3836594,-0.5573273,-0.6559143,-0.7492828,-0.9796066,-0.7633553,-0.563385,-0.8149033,-0.9030228,-0.7385826,-0.8264236,-0.5901566,-0.8987503,-7.140213,-3.313362,-0.8395462,-1.076157,-2.638443,-0.9608612,-1.381058,-1.001747,-1.275566,-0.8742676
14.550000190734863,,,,,,,,,,,,,,,-1.089088,-0.8479385,-0.04469299,-0.3553391,-0.5622101,-0.6539612,-0.7541656,-0.9942551,-0.7614021,-0.5565491,-0.8217392,-0.9020462,-0.7327232,-0.8147049,-0.5901566,-0.9065628,-7.149979,-3.313362,-0.8336868,-1.07225,-2.624771,-0.9481659,-1.369339,-1.015419,-1.276543,-0.8723145
14.558329582214355,,,,,,,,,,,,,,,-1.100807,-0.8498917,-0.04273987,-0.330925,-0.5631866,-0.6539612,-0.7531891,-1.010857,-0.7653084,-0.5506897,-0.8285751,-0.89814,-0.7268639,-0.807869,-0.5882034,-0.9163284,-7.160721,-3.30555,-0.8258743,-1.070297,-2.615005,-0.934494,-1.361526,-1.021278,-1.279472,-0.8684082
14.566666666666666,0.0,-218.0,4.0,-36.0,0.0,-427.0,-1.0,-2039.0,-1.0,-3919.0,0.0,-398.0,-1.0,-1518.0,,,,,,,,,,,,,,,,,,,,,,,,,,
14.566670417785645,,,,,,,,,,,,,,,-1.114479,-0.8528214,-0.04078674,-0.3094406,-0.5622101,-0.6549377,-0.7502594,-1.026482,-0.7711678,-0.5458069,-0.8354111,-0.8922806,-0.721981,-0.8059158,-0.5852737,-0.9280472,-7.173416,-3.287971,-0.8170853,-1.070297,-2.615005,-0.9217987,-1.36055,-1.019325,-1.280449,-0.864502
14.574999809265137,,,,,,,,,,,,,,,-1.122292,-0.855751,-0.03883362,-0.2918625,-0.5592804,-0.658844,-0.7434235,-1.036247,-0.7789803,-0.5419006,-0.8412704,-0.8844681,-0.7190514,-0.8059158,-0.5784378,-0.9378128,-7.183182,-3.265511,-0.8073196,-1.073227,-2.622818,-0.9130096,-1.359573,-1.008583,-1.279472,-0.8596191
14.583330154418945,,,,,,,,,,,,,,,-1.127174,-0.8567276,-0.03981018,-0.2820969,-0.5573273,-0.6637268,-0.7336578,-1.042107,-0.7897224,-0.5360413,-0.8451767,-0.8766556,-0.7161217,-0.8127518,-0.5725784,-0.9397659,-7.191971,-3.241096,-0.7995071,-1.081039,-2.632584,-0.9091034,-1.36348,-0.9910049,-1.281425,-0.8537598
14.591670036315918,,,,,,,,,,,,,,,-1.129128,-0.8547745,-0.04273987,-0.2772141,-0.553421,-0.6715393,-0.7209625,-1.04113,-0.7985115,-0.5301819,-0.8481064,-0.8698196,-0.713192,-0.823494,-0.5657425,-0.9348831,-7.20076,-3.222542,-0.7916946,-1.092758,-2.649185,-0.9091034,-1.370316,-0.9695206,-1.281425,-0.8498535
14.6,0.0,-222.0,4.0,-34.0,0.0,-425.0,-2.0,-2038.0,-1.0,-3927.0,0.0,-398.0,-1.0,-1518.0,,,,,,,,,,,,,,,,,,,,,,,,,,
14.600000381469727,,,,,,,,,,,,,,,-1.127174,-0.8528214,-0.04762268,-0.2733078,-0.5524445,-0.6803284,-0.7082672,-1.035271,-0.8082771,-0.5243225,-0.8500595,-0.8649368,-0.7122154,-0.8371658,-0.5618362,-0.9260941,-7.208572,-3.204964,-0.788765,-1.104477,-2.663834,-0.9120331,-1.374222,-0.9451065,-1.282402,-0.8479004
14.608329772949219,,,,,,,,,,,,,,,-1.125221,-0.8489151,-0.05641174,-0.2723312,-0.5504913,-0.6891174,-0.697525,-1.024529,-0.8141365,-0.5155334,-0.8500595,-0.8620071,-0.7092857,-0.8498611,-0.5559769,-0.9133987,-7.212479,-3.197151,-0.7858353,-1.117172,-2.677505,-0.9169159,-1.377151,-0.921669,-1.283379,-0.8508301
14.616669654846191,,,,,,,,,,,,,,,-1.123268,-0.8420792,-0.06520081,-0.2723312,-0.5475616,-0.6979065,-0.6867828,-1.00988,-0.8160896,-0.5086975,-0.8490829,-0.8629837,-0.7092857,-0.8606033,-0.5530472,-0.9007034,-7.215408,-3.198128,-0.7858353,-1.131821,-2.689224,-0.9208221,-1.376175,-0.8982315,-1.286308,-0.8557129
14.625,,,,,,,,,,,,,,,-1.120338,-0.8352432,-0.07203674,-0.2713547,-0.5465851,-0.7076721,-0.6789703,-0.9913254,-0.8151131,-0.5028381,-0.8451767,-0.86689,-0.7073326,-0.8732986,-0.5501175,-0.8880081,-7.215408,-3.206917,-0.7877884,-1.143539,-2.69606,-0.9217987,-1.371292,-0.8777237,-1.287285,-0.8635254
14.633330345153809,,,,,,,,,,,,,,,-1.117409,-0.8254776,-0.08180237,-0.2694016,-0.544632,-0.7154846,-0.6740875,-0.9727707,-0.8131599,-0.4950256,-0.8393173,-0.875679,-0.7083092,-0.8830643,-0.5491409,-0.8801956,-7.217361,-3.219612,-0.7916946,-1.154282,-2.702896,-0.9169159,-1.364456,-0.8601456,-1.285332,-0.8752441
14.633333333333333,0.0,-223.0,4.0,-35.0,0.0,-424.0,-3.0,-2037.0,-1.0,-3933.0,0.0,-401.0,-1.0,-1520.0,,,,,,,,,,,,,,,,,,,,,,,,,,
14.641670227050781,,,,,,,,,,,,,,,-1.114479,-0.8176651,-0.08668518,-0.268425,-0.5407257,-0.7203674,-0.6740875,-0.9532394,-0.8092537,-0.4891663,-0.8315048,-0.8844681,-0.7083092,-0.8908768,-0.5471878,-0.8792191,-7.215408,-3.230354,-0.7946243,-1.166,-2.712662,-0.9071503,-1.35762,-0.8464737,-1.283379,-0.8898926
14.649999618530273,,,,,,,,,,,,,,,-1.106667,-0.8108292,-0.08961487,-0.2674484,-0.5358429,-0.7232971,-0.6789703,-0.9415207,-0.8053474,-0.4833069,-0.8207626,-0.8932571,-0.7102623,-0.8977127,-0.5452347,-0.8811722,-7.214432,-3.239143,-0.7985306,-1.175766,-2.719498,-0.8925018,-1.354691,-0.8386612,-1.282402,-0.9006348
14.658329963684082,,,,,,,,,,,,,,,-1.097878,-0.8039932,-0.09059143,-0.2654953,-0.5309601,-0.7242737,-0.6867828,-0.9327316,-0.8043709,-0.4745178,-0.8119736,-0.9030228,-0.7112389,-0.9025955,-0.542305,-0.886055,-7.212479,-3.244026,-0.80439,-1.181625,-2.73024,-0.8798065,-1.351761,-0.8376846,-1.277519,-0.9074707
14.666666666666666,0.0,-224.0,5.0,-34.0,0.0,-427.0,-3.0,-2041.0,0.0,-3934.0,0.0,-403.0,-1.0,-1523.0,,,,,,,,,,,,,,,,,,,,,,,,,,
14.666669845581055,,,,,,,,,,,,,,,-1.089088,-0.7971573,-0.08961487,-0.2635422,-0.5260773,-0.7223206,-0.697525,-0.9298019,-0.8033943,-0.4706116,-0.8031845,-0.9088821,-0.7141685,-0.9045486,-0.5403519,-0.8909378,-7.214432,-3.245003,-0.80439,-1.184555,-2.742935,-0.8700409,-1.355667,-0.8386612,-1.275566,-0.9094238
14.675000190734863,,,,,,,,,,,,,,,-1.079323,-0.7922745,-0.08473206,-0.2625656,-0.522171,-0.7164612,-0.7072906,-0.9337082,-0.8073006,-0.469635,-0.7963486,-0.9098587,-0.7161217,-0.9055252,-0.5364456,-0.8928909,-7.212479,-3.24305,-0.8063431,-1.184555,-2.756607,-0.8651581,-1.361526,-0.8415909,-1.272636,-0.9064941
14.683329582214355,,,,,,,,,,,,,,,-1.073463,-0.7922745,-0.08180237,-0.2635422,-0.5182648,-0.7066956,-0.7160797,-0.9405441,-0.8112068,-0.4725647,-0.7924423,-0.906929,-0.7180748,-0.9025955,-0.5325394,-0.8919144,-7.211502,-3.238167,-0.8063431,-1.181625,-2.769302,-0.8661346,-1.367386,-0.8484268,-1.27166,-0.8986816
14.691670417785645,,,,,,,,,,,,,,,-1.067604,-0.7971573,-0.07398987,-0.2635422,-0.5153351,-0.6969299,-0.7258453,-0.9483566,-0.8141365,-0.4813538,-0.7924423,-0.9010696,-0.721981,-0.8967361,-0.5315628,-0.8889847,-7.209549,-3.231331,-0.7995071,-1.177719,-2.781998,-0.871994,-1.372269,-0.8562393,-1.267754,-0.8879395
14.699999809265137,,,,,,,,,,,,,,,-1.067604,-0.8020401,-0.06813049,-0.2645187,-0.5143585,-0.6852112,-0.7307281,-0.9551926,-0.8160896,-0.4950256,-0.7963486,-0.8903275,-0.7268639,-0.8869705,-0.5305862,-0.8831253,-7.207596,-3.226448,-0.7936478,-1.173813,-2.788834,-0.8846893,-1.369339,-0.8630753,-1.259941,-0.8742676
14.7,0.0,-225.0,6.0,-35.0,0.0,-432.0,-4.0,-2045.0,0.0,-3936.0,0.0,-405.0,-1.0,-1526.0,,,,,,,,,,,,,,,,,,,,,,,,,,
14.708330154418945,,,,,,,,,,,,,,,-1.070534,-0.8098526,-0.06227112,-0.2674484,-0.5143585,-0.6715393,-0.7317047,-0.9571457,-0.8180428,-0.5106506,-0.8022079,-0.8786087,-0.7307701,-0.8752518,-0.5344925,-0.8743362,-7.205643,-3.224495,-0.7848587,-1.167953,-2.78981,-0.8964081,-1.364456,-0.8708878,-1.252129,-0.8586426
14.716670036315918,,,,,,,,,,,,,,,-1.07444,-0.8186417,-0.05738831,-0.2694016,-0.5143585,-0.6578674,-0.7297516,-0.9551926,-0.8170662,-0.5252991,-0.8100204,-0.8659134,-0.7327232,-0.8625565,-0.5393753,-0.8694534,-7.202713,-3.226448,-0.7770462,-1.160141,-2.791763,-0.9071503,-1.353714,-0.8777237,-1.23748,-0.8430176
14.725000381469727,,,,,,,,,,,,,,,-1.079323,-0.8254776,-0.05348206,-0.2703781,-0.5163116,-0.6481018,-0.7297516,-0.9493332,-0.8160896,-0.5389709,-0.8207626,-0.8522415,-0.737606,-0.8518143,-0.5481644,-0.8684769,-7.20076,-3.228401,-0.7682571,-1.153305,-2.782974,-0.9149628,-1.339066,-0.8816299,-1.220879,-0.8254395
14.733329772949219,,,,,,,,,,,,,,,-1.083229,-0.8274307,-0.05055237,-0.2674484,-0.5182648,-0.643219,-0.7277985,-0.9415207,-0.8160896,-0.54776,-0.8285751,-0.8405228,-0.7395592,-0.8449783,-0.5589066,-0.87043,-7.198807,-3.233284,-0.7584915,-1.143539,-2.776138,-0.9178925,-1.324417,-0.8835831,-1.2033,-0.8088379
14.733333333333333,0.0,-228.0,6.0,-36.0,0.0,-436.0,-4.0,-2049.0,0.0,-3939.0,0.0,-400.0,-1.0,-1531.0,,,,,,,,,,,,,,,,,,,,,,,,,,
14.741669654846191,,,,,,,,,,,,,,,-1.085182,-0.8274307,-0.05152893,-0.2645187,-0.5202179,-0.6441956,-0.7277985,-0.9317551,-0.8151131,-0.5497131,-0.8354111,-0.8297806,-0.7415123,-0.8400955,-0.5706253,-0.8753128,-7.198807,-3.242073,-0.7545853,-1.131821,-2.767349,-0.918869,-1.313675,-0.8865128,-1.189629,-0.7902832
14.75,,,,,,,,,,,,,,,-1.088112,-0.8225479,-0.05348206,-0.2596359,-0.5241241,-0.6510315,-0.7307281,-0.9219894,-0.8170662,-0.5438538,-0.8402939,-0.8209915,-0.7434654,-0.839119,-0.5833206,-0.8831253,-7.194901,-3.252815,-0.750679,-1.118149,-2.75856,-0.9198456,-1.308792,-0.8913956,-1.17791,-0.770752
14.758330345153809,,,,,,,,,,,,,,,-1.091042,-0.8137589,-0.06031799,-0.2537766,-0.5260773,-0.6617737,-0.7365875,-0.9132004,-0.8199959,-0.5350647,-0.8412704,-0.8122025,-0.7463951,-0.839119,-0.5950394,-0.8919144,-7.191971,-3.261604,-0.750679,-1.104477,-2.753677,-0.9208221,-1.310745,-0.8943253,-1.17205,-0.755127
14.766666666666667,0.0,-233.0,6.0,-38.0,0.0,-438.0,-3.0,-2054.0,0.0,-3946.0,-1.0,-394.0,-1.0,-1533.0,,,,,,,,,,,,,,,,,,,,,,,,,,
14.766670227050781,,,,,,,,,,,,,,,-1.095924,-0.8039932,-0.06422424,-0.2488937,-0.529007,-0.6764221,-0.7444,-0.9063644,-0.8239021,-0.5233459,-0.8402939,-0.8082962,-0.7493248,-0.8400955,-0.6028519,-0.8997269,-7.189041,-3.26844,-0.7584915,-1.092758,-2.750748,-0.9237518,-1.318558,-0.8962784,-1.174004,-0.7424316
14.774999618530273,,,,,,,,,,,,,,,-1.099831,-0.7922745,-0.06910706,-0.2440109,-0.5299835,-0.6891174,-0.7541656,-0.9024582,-0.8287849,-0.5067444,-0.8354111,-0.8073196,-0.7542076,-0.839119,-0.6096878,-0.9007034,-7.186111,-3.275276,-0.7711868,-1.083969,-2.752701,-0.9286346,-1.333206,-0.8982315,-1.178886,-0.732666
14.783329963684082,,,,,,,,,,,,,,,-1.10569,-0.7786026,-0.07301331,-0.2410812,-0.5309601,-0.6988831,-0.7639313,-0.8995285,-0.8336678,-0.4891663,-0.8295517,-0.8102493,-0.7571373,-0.8352127,-0.6116409,-0.8967972,-7.188065,-3.280159,-0.7868118,-1.077133,-2.756607,-0.9325409,-1.348831,-0.8992081,-1.186699,-0.7268066
14.791669845581055,,,,,,,,,,,,,,,-1.109596,-0.7649307,-0.07398987,-0.2430344,-0.5319366,-0.7027893,-0.7717438,-0.9005051,-0.8365974,-0.4754944,-0.8227158,-0.8161087,-0.7639732,-0.8293533,-0.6116409,-0.8880081,-7.192947,-3.280159,-0.80439,-1.07518,-2.760513,-0.934494,-1.365433,-0.8953018,-1.196465,-0.7277832
14.8,0.0,-234.0,6.0,-39.0,0.0,-440.0,-3.0,-2059.0,0.0,-3955.0,-1.0,-390.0,-1.0,-1534.0,,,,,,,,,,,,,,,,,,,,,,,,,,
14.800000190734863,,,,,,,,,,,,,,,-1.113503,-0.7522354,-0.07496643,-0.2518234,-0.5299835,-0.6998596,-0.7746735,-0.9024582,-0.8385506,-0.4686584,-0.8168564,-0.8258743,-0.7727623,-0.8254471,-0.6077347,-0.8782425,-7.201736,-3.275276,-0.8258743,-1.076157,-2.76442,-0.9296112,-1.379105,-0.890419,-1.205254,-0.7336426
14.808329582214355,,,,,,,,,,,,,,,-1.115456,-0.7414932,-0.07398987,-0.2615891,-0.5270538,-0.690094,-0.7746735,-0.9053879,-0.8395271,-0.4667053,-0.8139267,-0.8366165,-0.7786217,-0.8205643,-0.6028519,-0.8675003,-7.219315,-3.267464,-0.8463821,-1.079086,-2.765396,-0.9169159,-1.387894,-0.8874893,-1.211113,-0.7424316
14.816670417785645,,,,,,,,,,,,,,,-1.112526,-0.7317276,-0.07203674,-0.2723312,-0.5241241,-0.6764221,-0.7717438,-0.9083176,-0.8395271,-0.4725647,-0.8119736,-0.8473587,-0.7883873,-0.816658,-0.5969925,-0.8596878,-7.239822,-3.256721,-0.8590775,-1.080063,-2.768326,-0.8964081,-1.392776,-0.8816299,-1.216972,-0.755127
14.824999809265137,,,,,,,,,,,,,,,-1.106667,-0.7229385,-0.07106018,-0.2860031,-0.5231476,-0.658844,-0.766861,-0.9102707,-0.8385506,-0.4862366,-0.810997,-0.8571243,-0.7942467,-0.8137283,-0.5911331,-0.8577347,-7.262283,-3.241096,-0.86689,-1.079086,-2.768326,-0.8729706,-1.393753,-0.8767471,-1.219902,-0.7687988
14.833330154418945,,,,,,,,,,,,,,,-1.097878,-0.7190323,-0.06910706,-0.2967453,-0.5231476,-0.6402893,-0.7610016,-0.907341,-0.8385506,-0.5018616,-0.8100204,-0.8629837,-0.7981529,-0.8117752,-0.5882034,-0.8606644,-7.284744,-3.223518,-0.8678665,-1.074203,-2.769302,-0.84758,-1.393753,-0.8767471,-1.225761,-0.7834473
14.833333333333334,0.0,-235.0,6.0,-35.0,0.0,-439.0,-3.0,-2060.0,0.0,-3961.0,-1.0,-387.0,-1.0,-1542.0,,,,,,,,,,,,,,,,,,,,,,,,,,
14.841670036315918,,,,,,,,,,,,,,,-1.087135,-0.7180557,-0.06715393,-0.3065109,-0.5231476,-0.6207581,-0.7561188,-0.9014816,-0.8395271,-0.5174866,-0.8090439,-0.8639603,-0.7991295,-0.8098221,-0.5862503,-0.8723831,-7.304276,-3.206917,-0.8649368,-1.067368,-2.774185,-0.8270721,-1.393753,-0.8777237,-1.228691,-0.8000488
14.850000381469727,,,,,,,,,,,,,,,-1.076393,-0.7190323,-0.06324768,-0.3123703,-0.5241241,-0.6061096,-0.7551422,-0.8897629,-0.8405037,-0.5331116,-0.8080673,-0.8590775,-0.7981529,-0.8088455,-0.5862503,-0.8880081,-7.317947,-3.191292,-0.8581009,-1.058578,-2.779068,-0.8124237,-1.395706,-0.8767471,-1.232597,-0.8117676
14.858329772949219,,,,,,,,,,,,,,,-1.061745,-0.721962,-0.06031799,-0.3123703,-0.5260773,-0.5953674,-0.7551422,-0.876091,-0.8424568,-0.5419006,-0.8041611,-0.8473587,-0.791317,-0.8059158,-0.5872269,-0.9075394,-7.329666,-3.176643,-0.8473587,-1.048813,-2.78981,-0.8085175,-1.400589,-0.8728409,-1.238457,-0.8195801
14.866666666666667,0.0,-235.0,6.0,-36.0,0.0,-438.0,-3.0,-2063.0,0.0,-3964.0,-1.0,-388.0,-1.0,-1543.0,,,,,,,,,,,,,,,,,,,,,,,,,,
14.866669654846191,,,,,,,,,,,,,,,-1.051003,-0.7287979,-0.05738831,-0.3094406,-0.5270538,-0.5875549,-0.7580719,-0.8614426,-0.8434334,-0.5399475,-0.8012314,-0.828804,-0.7815514,-0.8039627,-0.5872269,-0.9260941,-7.332596,-3.166878,-0.8405228,-1.042953,-2.797623,-0.8134003,-1.407425,-0.8689346,-1.246269,-0.8215332
14.875,,,,,,,,,,,,,,,-1.045143,-0.7346573,-0.05543518,-0.3026047,-0.5299835,-0.5856018,-0.7610016,-0.8487473,-0.8453865,-0.5311584,-0.7983017,-0.8034134,-0.7708092,-0.8049393,-0.5862503,-0.9426956,-7.329666,-3.161018,-0.8366165,-1.039047,-2.802505,-0.8260956,-1.416214,-0.8620987,-1.256035,-0.8186035
14.883330345153809,,,,,,,,,,,,,,,-1.04026,-0.7414932,-0.05543518,-0.2938156,-0.529007,-0.5895081,-0.7619781,-0.8399582,-0.8463631,-0.51651,-0.7963486,-0.7741165,-0.7590904,-0.8098221,-0.5852737,-0.9534378,-7.323807,-3.156136,-0.8385696,-1.038071,-2.802505,-0.840744,-1.425003,-0.8523331,-1.266777,-0.8127441
14.891670227050781,,,,,,,,,,,,,,,-1.039284,-0.7502823,-0.05543518,-0.28405,-0.5299835,-0.5982971,-0.7590485,-0.8360519,-0.8453865,-0.4989319,-0.795372,-0.7448196,-0.7473717,-0.8176346,-0.5823441,-0.9583206,-7.316971,-3.153206,-0.844429,-1.040024,-2.796646,-0.8573456,-1.428909,-0.8415909,-1.279472,-0.8010254
14.899999618530273,,,,,,,,,,,,,,,-1.042213,-0.7541885,-0.06031799,-0.2733078,-0.5299835,-0.6080627,-0.7561188,-0.8380051,-0.8414803,-0.4803772,-0.7973251,-0.7164993,-0.737606,-0.8274002,-0.5803909,-0.9563675,-7.312088,-3.152229,-0.8502884,-1.04393,-2.79274,-0.8729706,-1.433792,-0.8318253,-1.287285,-0.786377
14.9,0.0,-235.0,6.0,-37.0,0.0,-440.0,-3.0,-2067.0,0.0,-3967.0,-1.0,-390.0,-1.0,-1546.0,,,,,,,,,,,,,,,,,,,,,,,,,,
14.908329963684082,,,,,,,,,,,,,,,-1.044167,-0.7580948,-0.06422424,-0.2635422,-0.5329132,-0.6197815,-0.751236,-0.8428879,-0.8385506,-0.4598694,-0.8002548,-0.695015,-0.7297935,-0.8371658,-0.5784378,-0.9495316,-7.310135,-3.152229,-0.860054,-1.040024,-2.784927,-0.8807831,-1.434769,-0.8269424,-1.294121,-0.7717285
14.916669845581055,,,,,,,,,,,,,,,-1.04612,-0.7590714,-0.06813049,-0.2567062,-0.537796,-0.6285706,-0.7424469,-0.8507004,-0.8307381,-0.4432678,-0.8061142,-0.67939,-0.7229576,-0.8440018,-0.5774612,-0.9387894,-7.310135,-3.150276,-0.8688431,-1.031235,-2.775162,-0.8837128,-1.433792,-0.8230362,-1.296074,-0.7609863
14.925000190734863,,,,,,,,,,,,,,,-1.048073,-0.7571182,-0.07106018,-0.2557297,-0.5426788,-0.6334534,-0.7336578,-0.8575363,-0.8248787,-0.4295959,-0.8149033,-0.6754837,-0.7200279,-0.847908,-0.5784378,-0.9251175,-7.315994,-3.14637,-0.8747025,-1.01561,-2.771255,-0.87883,-1.434769,-0.8230362,-1.288261,-0.7541504
14.933329582214355,,,,,,,,,,,,,,,-1.048073,-0.7522354,-0.07008362,-0.2567062,-0.5475616,-0.6315002,-0.7248688,-0.8633957,-0.8160896,-0.4198303,-0.8217392,-0.67939,-0.7170982,-0.8459549,-0.5784378,-0.9133987,-7.326736,-3.14637,-0.8786087,-0.9951019,-2.768326,-0.8680878,-1.439651,-0.8259659,-1.277519,-0.748291
14.933333333333334,0.0,-236.0,5.0,-38.0,0.0,-441.0,-2.0,-2073.0,0.0,-3976.0,0.0,-393.0,-1.0,-1551.0,,,,,,,,,,,,,,,,,,,,,,,,,,
14.941670417785645,,,,,,,,,,,,,,,-1.045143,-0.7453995,-0.06617737,-0.2606125,-0.5495148,-0.6266174,-0.7170563,-0.8673019,-0.8092537,-0.4139709,-0.8295517,-0.6901321,-0.7161217,-0.8400955,-0.5784378,-0.9055862,-7.336502,-3.145393,-0.8786087,-0.9716644,-2.768326,-0.8485565,-1.445511,-0.8249893,-1.262871,-0.7463379
14.949999809265137,,,,,,,,,,,,,,,-1.04319,-0.737587,-0.06227112,-0.268425,-0.5514679,-0.6207581,-0.71315,-0.8712082,-0.8033943,-0.4139709,-0.8354111,-0.7057571,-0.7141685,-0.8313065,-0.5784378,-0.8987503,-7.349197,-3.140511,-0.8737259,-0.9482269,-2.769302,-0.8280487,-1.452347,-0.8240128,-1.245293,-0.7473145
14.958330154418945,,,,,,,,,,,,,,,-1.042213,-0.7287979,-0.05445862,-0.2772141,-0.5495148,-0.6178284,-0.7102203,-0.8731613,-0.7994881,-0.4178772,-0.8393173,-0.7243118,-0.713192,-0.8225174,-0.5764847,-0.8919144,-7.360916,-3.137581,-0.8649368,-0.9316254,-2.771255,-0.8036346,-1.461136,-0.8210831,-1.228691,-0.7512207
14.966666666666667,0.0,-237.0,4.0,-39.0,0.0,-442.0,-2.0,-2079.0,0.0,-3984.0,0.0,-397.0,-2.0,-1556.0,,,,,,,,,,,,,,,,,,,,,,,,,,
14.966670036315918,,,,,,,,,,,,,,,-1.042213,-0.7190323,-0.05055237,-0.2830734,-0.5436554,-0.6217346,-0.7082672,-0.876091,-0.7965584,-0.4295959,-0.842247,-0.7438431,-0.7122154,-0.8176346,-0.573555,-0.8880081,-7.369705,-3.131721,-0.8541946,-0.9179535,-2.775162,-0.7792206,-1.465042,-0.8132706,-1.213066,-0.7570801
14.975000381469727,,,,,,,,,,,,,,,-1.04612,-0.7112198,-0.04469299,-0.2879562,-0.537796,-0.6344299,-0.7111969,-0.8809738,-0.7946053,-0.4461975,-0.8442001,-0.7623978,-0.7102623,-0.8176346,-0.5725784,-0.8821487,-7.378494,-3.120003,-0.8385696,-0.9111176,-2.778091,-0.7577362,-1.466995,-0.8054581,-1.2033,-0.7600098
14.983329772949219,,,,,,,,,,,,,,,-1.050026,-0.7043839,-0.04469299,-0.2869797,-0.5329132,-0.6520081,-0.7160797,-0.8868332,-0.7936287,-0.4637756,-0.8442001,-0.7789993,-0.7073326,-0.8225174,-0.5725784,-0.8743362,-7.383377,-3.105354,-0.8229446,-0.9120941,-2.783951,-0.7411346,-1.463089,-0.796669,-1.193535,-0.7580566
14.991669654846191,,,,,,,,,,,,,,,-1.055885,-0.7014542,-0.04762268,-0.28405,-0.5299835,-0.6773987,-0.7219391,-0.8936691,-0.7916756,-0.4823303,-0.8461533,-0.7907181,-0.706356,-0.8293533,-0.573555,-0.8626175,-7.38826,-3.085823,-0.8082962,-0.9179535,-2.793716,-0.7294159,-1.4543,-0.7898331,-1.189629,-0.7512207
15.0,0.0,-238.0,4.0,-40.0,0.0,-444.0,-2.0,-2085.0,0.0,-3995.0,-1.0,-400.0,-2.0,-1558.0,-1.059792,-0.7014542,-0.05250549,-0.2772141,-0.5280304,-0.7027893,-0.7258453,-0.9005051,-0.7916756,-0.4979553,-0.8490829,-0.7965775,-0.706356,-0.8381424,-0.5764847,-0.8499222,-7.387283,-3.061409,-0.7956009,-0.925766,-2.801529,-0.7255096,-1.442581,-0.7859268,-1.187675,-0.7424316
15.008330345153809,,,,,,,,,,,,,,,-1.063698,-0.7073135,-0.06031799,-0.2694016,-0.5280304,-0.7301331,-0.7307281,-0.9083176,-0.7936287,-0.5077209,-0.8510361,-0.797554,-0.706356,-0.8440018,-0.5813675,-0.8382034,-7.38826,-3.036995,-0.7877884,-0.9335785,-2.811295,-0.7235565,-1.430862,-0.7849503,-1.185722,-0.7277832
15.016670227050781,,,,,,,,,,,,,,,-1.067604,-0.7200089,-0.06813049,-0.2625656,-0.5299835,-0.7516174,-0.7326813,-0.9171066,-0.7965584,-0.5096741,-0.8529892,-0.7916946,-0.7073326,-0.8469315,-0.5833206,-0.8294144,-7.38826,-3.01844,-0.7838821,-0.9433441,-2.819107,-0.7245331,-1.42012,-0.7869034,-1.189629,-0.708252
15.024999618530273,,,,,,,,,,,,,,,-1.07151,-0.7346573,-0.07496643,-0.2586594,-0.5309601,-0.7633362,-0.7346344,-0.9219894,-0.8043709,-0.5047913,-0.8559189,-0.781929,-0.7112389,-0.8459549,-0.5842972,-0.823555,-7.386307,-3.004768,-0.7848587,-0.9521332,-2.828873,-0.7264862,-1.412308,-0.7947159,-1.195488,-0.6936035
15.033329963684082,,,,,,,,,,,,,,,-1.068581,-0.7522354,-0.07789612,-0.2567062,-0.5309601,-0.7701721,-0.7365875,-0.9239426,-0.8170662,-0.4960022,-0.8559189,-0.766304,-0.7151451,-0.8410721,-0.5833206,-0.8225784,-7.384354,-2.998909,-0.7916946,-0.9609222,-2.834732,-0.7274628,-1.408401,-0.8044815,-1.200371,-0.6848145
15.033333333333333,0.0,-238.0,5.0,-41.0,0.0,-446.0,-2.0,-2090.0,0.0,-4006.0,-1.0,-397.0,-2.0,-1557.0,,,,,,,,,,,,,,,,,,,,,,,,,,
15.041669845581055,,,,,,,,,,,,,,,-1.064674,-0.7698135,-0.07789612,-0.2567062,-0.5319366,-0.7711487,-0.7375641,-0.9219894,-0.8317146,-0.4842834,-0.8549423,-0.7497025,-0.7180748,-0.8352127,-0.5803909,-0.8245316,-7.384354,-3.005745,-0.7965775,-0.9697113,-2.839615,-0.7294159,-1.406448,-0.812294,-1.208183,-0.6848145
15.050000190734863,,,,,,,,,,,,,,,-1.063698,-0.7883682,-0.07301331,-0.2567062,-0.529007,-0.7652893,-0.7395172,-0.9180832,-0.8483162,-0.4725647,-0.8510361,-0.7370071,-0.7229576,-0.8283768,-0.5764847,-0.8284378,-7.383377,-3.017464,-0.7985306,-0.9775238,-2.841568,-0.7323456,-1.407425,-0.8220596,-1.215996,-0.6936035
15.058329582214355,,,,,,,,,,,,,,,-1.057838,-0.8039932,-0.06617737,-0.2567062,-0.5260773,-0.7565002,-0.7395172,-0.9092941,-0.8629646,-0.4637756,-0.8461533,-0.7301712,-0.7249107,-0.8264236,-0.5716019,-0.8352737,-7.379471,-3.037971,-0.8024368,-0.9853363,-2.839615,-0.7362518,-1.410355,-0.8318253,-1.220879,-0.708252
15.066666666666666,0.0,-238.0,5.0,-45.0,0.0,-445.0,-1.0,-2092.0,0.0,-4019.0,-1.0,-394.0,-2.0,-1558.0,,,,,,,,,,,,,,,,,,,,,,,,,,
15.066670417785645,,,,,,,,,,,,,,,-1.052956,-0.8137589,-0.06129456,-0.2567062,-0.5241241,-0.7457581,-0.7424469,-0.8975754,-0.8766365,-0.4569397,-0.8412704,-0.7291946,-0.728817,-0.8264236,-0.5696487,-0.8421097,-7.377518,-3.062386,-0.8024368,-0.9911957,-2.834732,-0.7421112,-1.412308,-0.8396378,-1.223808,-0.7287598
15.074999809265137,,,,,,,,,,,,,,,-1.048073,-0.8196182,-0.05445862,-0.2537766,-0.522171,-0.7359924,-0.7444,-0.8858566,-0.8854256,-0.45401,-0.8354111,-0.7379837,-0.7307701,-0.8274002,-0.5667191,-0.8469925,-7.375565,-3.085823,-0.7946243,-0.9960785,-2.827896,-0.75383,-1.413284,-0.8445206,-1.226738,-0.7473145
15.083330154418945,,,,,,,,,,,,,,,-1.044167,-0.8215714,-0.04957581,-0.2528,-0.5202179,-0.7281799,-0.7424469,-0.8741379,-0.8922615,-0.4530334,-0.8305283,-0.7536087,-0.7307701,-0.8283768,-0.5667191,-0.8508987,-7.376541,-3.107307,-0.7877884,-0.9990082,-2.822037,-0.7684784,-1.416214,-0.8464737,-1.223808,-0.7590332
15.091670036315918,,,,,,,,,,,,,,,-1.042213,-0.8205948,-0.05055237,-0.2518234,-0.5211945,-0.7232971,-0.7395172,-0.8643723,-0.8932381,-0.45401,-0.8256454,-0.7711868,-0.7327232,-0.8283768,-0.5676956,-0.854805,-7.377518,-3.122932,-0.7809525,-0.9990082,-2.814224,-0.7889862,-1.412308,-0.8445206,-1.223808,-0.7629395
15.1,0.0,-239.0,5.0,-49.0,0.0,-444.0,0.0,-2092.0,0.0,-4029.0,-1.0,-395.0,-2.0,-1563.0,,,,,,,,,,,,,,,,,,,,,,,,,,
15.100000381469727,,,,,,,,,,,,,,,-1.044167,-0.8186417,-0.04957581,-0.2508469,-0.522171,-0.7193909,-0.7346344,-0.8575363,-0.8883553,-0.45401,-0.8207626,-0.7907181,-0.7336998,-0.823494,-0.5676956,-0.8567581,-7.384354,-3.135628,-0.7750931,-0.9941254,-2.807388,-0.8104706,-1.411331,-0.8396378,-1.222832,-0.7580566
15.108329772949219,,,,,,,,,,,,,,,-1.047096,-0.815712,-0.05250549,-0.2537766,-0.5251007,-0.7174377,-0.7297516,-0.8546066,-0.8854256,-0.4549866,-0.8158798,-0.8102493,-0.7346764,-0.8156815,-0.5667191,-0.8577347,-7.39119,-3.140511,-0.7692337,-0.9872894,-2.805435,-0.8300018,-1.408401,-0.827919,-1.220879,-0.7473145
15.116669654846191,,,,,,,,,,,,,,,-1.051979,-0.8127823,-0.05348206,-0.2557297,-0.529007,-0.7164612,-0.7248688,-0.8546066,-0.8795662,-0.4569397,-0.8139267,-0.8278275,-0.7415123,-0.8049393,-0.5647659,-0.8596878,-7.402908,-3.140511,-0.7633743,-0.9765472,-2.807388,-0.8466034,-1.405472,-0.812294,-1.226738,-0.7365723
15.125,,,,,,,,,,,,,,,-1.055885,-0.8127823,-0.05348206,-0.2586594,-0.5319366,-0.7154846,-0.7209625,-0.8555832,-0.8746834,-0.4637756,-0.8090439,-0.8395462,-0.7463951,-0.792244,-0.5628128,-0.8665237,-7.410721,-3.134651,-0.7623978,-0.9658051,-2.813248,-0.8583221,-1.397659,-0.7908096,-1.228691,-0.7248535
15.133330345153809,,,,,,,,,,,,,,,-1.061745,-0.815712,-0.05445862,-0.2615891,-0.5358429,-0.7184143,-0.719986,-0.8594894,-0.868824,-0.4745178,-0.8061142,-0.8473587,-0.7493248,-0.7795486,-0.5589066,-0.8743362,-7.420486,-3.121956,-0.7604446,-0.9560394,-2.82106,-0.8641815,-1.3918,-0.765419,-1.229668,-0.7141113
15.133333333333333,0.0,-238.0,5.0,-52.0,0.0,-448.0,0.0,-2095.0,0.0,-4037.0,-1.0,-399.0,-1.0,-1572.0,,,,,,,,,,,,,,,,,,,,,,,,,,
15.141670227050781,,,,,,,,,,,,,,,-1.062721,-0.8205948,-0.05250549,-0.2625656,-0.5407257,-0.7193909,-0.7170563,-0.8663254,-0.8629646,-0.4930725,-0.8022079,-0.8493118,-0.7551842,-0.7717361,-0.5550003,-0.8841019,-7.423416,-3.107307,-0.7614212,-0.9511566,-2.831802,-0.8622284,-1.386917,-0.7390518,-1.233574,-0.7043457
15.149999618530273,,,,,,,,,,,,,,,-1.063698,-0.8293839,-0.05152893,-0.2625656,-0.5426788,-0.7184143,-0.719986,-0.8741379,-0.8580818,-0.5145569,-0.7973251,-0.8473587,-0.760067,-0.7649002,-0.5520706,-0.8977737,-7.424393,-3.089729,-0.766304,-0.9492035,-2.844498,-0.8544159,-1.380081,-0.7156143,-1.236504,-0.6945801
15.158329963684082,,,,,,,,,,,,,,,-1.060768,-0.840126,-0.04859924,-0.2635422,-0.5465851,-0.7174377,-0.7229156,-0.8819504,-0.8522224,-0.5399475,-0.7934189,-0.8405228,-0.7610435,-0.7629471,-0.5481644,-0.9104691,-7.424393,-3.069221,-0.7750931,-0.9492035,-2.85817,-0.8417206,-1.375198,-0.6970596,-1.235527,-0.6828613
15.166666666666666,0.0,-233.0,5.0,-56.0,0.0,-456.0,0.0,-2100.0,0.0,-4040.0,-1.0,-402.0,-2.0,-1577.0,,,,,,,,,,,,,,,,,,,,,,,,,,
15.166669845581055,,,,,,,,,,,,,,,-1.055885,-0.8508682,-0.04371643,-0.2635422,-0.5495148,-0.7145081,-0.7268219,-0.8907394,-0.8483162,-0.5643616,-0.7895126,-0.828804,-0.760067,-0.7639236,-0.5452347,-0.9182816,-7.42244,-3.051643,-0.7868118,-0.9521332,-2.873795,-0.8260956,-1.370316,-0.6863174,-1.239433,-0.6711426
15.175000190734863,,,,,,,,,,,,,,,-1.051979,-0.8635635,-0.03785706,-0.2645187,-0.5514679,-0.7076721,-0.728775,-0.9005051,-0.8405037,-0.5848694,-0.7856064,-0.8141556,-0.7581139,-0.7639236,-0.5413284,-0.9221878,-7.417557,-3.032112,-0.797554,-0.9560394,-2.881607,-0.8085175,-1.372269,-0.6833878,-1.239433,-0.6555176
15.183329582214355,,,,,,,,,,,,,,,-1.047096,-0.8694229,-0.03199768,-0.2664719,-0.553421,-0.7027893,-0.7317047,-0.9102707,-0.8336678,-0.5985413,-0.7856064,-0.8004837,-0.7503014,-0.7619705,-0.5393753,-0.9212112,-7.412674,-3.014534,-0.8141556,-0.9560394,-2.892349,-0.7919159,-1.378128,-0.6863174,-1.238457,-0.6428223
15.191670417785645,,,,,,,,,,,,,,,-1.04319,-0.8723526,-0.02516174,-0.2674484,-0.553421,-0.6940002,-0.7365875,-0.9210129,-0.8258553,-0.6034241,-0.7846298,-0.788765,-0.7454185,-0.7580643,-0.5364456,-0.9163284,-7.410721,-3.002815,-0.8239212,-0.9531097,-2.895279,-0.778244,-1.384964,-0.6941299,-1.238457,-0.6369629
15.199999809265137,,,,,,,,,,,,,,,-1.041237,-0.8703995,-0.01734924,-0.2664719,-0.5504913,-0.6842346,-0.7414703,-0.9317551,-0.8160896,-0.5985413,-0.7885361,-0.7838821,-0.737606,-0.7522049,-0.5325394,-0.9094925,-7.402908,-2.99012,-0.8297806,-0.9492035,-2.898209,-0.7645721,-1.395706,-0.7048721,-1.23748,-0.6350098
15.2,0.0,-229.0,5.0,-58.0,0.0,-465.0,-1.0,-2107.0,0.0,-4040.0,-1.0,-403.0,-2.0,-1578.0,,,,,,,,,,,,,,,,,,,,,,,,,,
15.208330154418945,,,,,,,,,,,,,,,-1.04319,-0.862587,-0.01246643,-0.2645187,-0.5465851,-0.6773987,-0.7463531,-0.9424973,-0.8073006,-0.5858459,-0.7924423,-0.7848587,-0.7278404,-0.7424393,-0.5315628,-0.9026566,-7.394119,-2.980354,-0.83564,-0.9443207,-2.896255,-0.7557831,-1.405472,-0.7165909,-1.23455,-0.638916
15.216670036315918,,,,,,,,,,,,,,,-1.048073,-0.8508682,-0.008560181,-0.2606125,-0.5407257,-0.6725159,-0.7522125,-0.9551926,-0.7955818,-0.5672913,-0.7983017,-0.788765,-0.7210045,-0.7346268,-0.5296097,-0.8987503,-7.384354,-2.975471,-0.8336868,-0.941391,-2.892349,-0.7528534,-1.416214,-0.7253799,-1.230644,-0.6477051
15.225000381469727,,,,,,,,,,,,,,,-1.052956,-0.8371964,-0.01051331,-0.2557297,-0.5338898,-0.6734924,-0.7570953,-0.9659348,-0.7858162,-0.5497131,-0.8041611,-0.8004837,-0.7141685,-0.7277908,-0.5305862,-0.9007034,-7.373611,-2.971565,-0.8297806,-0.9384613,-2.88942,-0.7509003,-1.428909,-0.7302628,-1.226738,-0.6584473
15.233329772949219,,,,,,,,,,,,,,,-1.057838,-0.8205948,-0.01344299,-0.2518234,-0.5260773,-0.6813049,-0.7629547,-0.9776535,-0.7819099,-0.5340881,-0.810997,-0.8151321,-0.7102623,-0.7258377,-0.5296097,-0.9055862,-7.361893,-2.969612,-0.8219681,-0.9394379,-2.88649,-0.7509003,-1.440628,-0.734169,-1.222832,-0.6691895
15.233333333333333,0.0,-226.0,5.0,-56.0,0.0,-470.0,-1.0,-2111.0,0.0,-4040.0,-1.0,-405.0,-2.0,-1577.0,,,,,,,,,,,,,,,,,,,,,,,,,,
15.241669654846191,,,,,,,,,,,,,,,-1.062721,-0.8049698,-0.01930237,-0.2469406,-0.5202179,-0.6920471,-0.7639313,-0.9874191,-0.7789803,-0.5233459,-0.8158798,-0.8297806,-0.7122154,-0.7307205,-0.5305862,-0.9163284,-7.35701,-2.969612,-0.8151321,-0.9443207,-2.885513,-0.7518768,-1.449417,-0.7351456,-1.221855,-0.6750488
15.25,,,,,,,,,,,,,,,-1.066628,-0.7903214,-0.02711487,-0.2459641,-0.5143585,-0.7096252,-0.7649078,-0.9923019,-0.7809334,-0.5174866,-0.8207626,-0.8424759,-0.7141685,-0.7424393,-0.5325394,-0.9309769,-7.350174,-2.969612,-0.8092728,-0.9511566,-2.88649,-0.7509003,-1.460159,-0.7331924,-1.219902,-0.6721191
15.258330345153809,,,,,,,,,,,,,,,-1.066628,-0.7786026,-0.03590393,-0.2488937,-0.5104523,-0.7311096,-0.7629547,-0.9923019,-0.7867928,-0.5155334,-0.826622,-0.8522415,-0.7200279,-0.7600174,-0.5325394,-0.9466019,-7.351151,-2.968636,-0.8034134,-0.9618988,-2.88649,-0.7509003,-1.469925,-0.7322159,-1.219902,-0.661377
15.266666666666667,0.0,-227.0,5.0,-52.0,0.0,-476.0,-1.0,-2114.0,-1.0,-4038.0,-1.0,-406.0,-2.0,-1576.0,,,,,,,,,,,,,,,,,,,,,,,,,,
15.266670227050781,,,,,,,,,,,,,,,-1.062721,-0.768837,-0.04566956,-0.2528,-0.5104523,-0.7496643,-0.7580719,-0.9883957,-0.7926521,-0.51651,-0.8305283,-0.860054,-0.7297935,-0.7824783,-0.5344925,-0.9583206,-7.355057,-2.967659,-0.7946243,-0.9687347,-2.88942,-0.7489471,-1.477737,-0.7302628,-1.222832,-0.6477051
15.274999618530273,,,,,,,,,,,,,,,-1.057838,-0.7649307,-0.05348206,-0.2576828,-0.5094757,-0.7662659,-0.751236,-0.9825363,-0.7994881,-0.51651,-0.8324814,-0.8629837,-0.7385826,-0.8059158,-0.5325394,-0.9710159,-7.361893,-2.964729,-0.7907181,-0.972641,-2.891373,-0.746994,-1.478714,-0.7283096,-1.226738,-0.630127
15.283329963684082,,,,,,,,,,,,,,,-1.050026,-0.7639542,-0.05738831,-0.2625656,-0.5114288,-0.7779846,-0.7453766,-0.9717941,-0.8024178,-0.5116272,-0.8363876,-0.8639603,-0.7454185,-0.8254471,-0.5315628,-0.979805,-7.372635,-2.959846,-0.7858353,-0.9765472,-2.892349,-0.7430878,-1.478714,-0.7283096,-1.228691,-0.6115723
15.291669845581055,,,,,,,,,,,,,,,-1.041237,-0.7678604,-0.05934143,-0.2635422,-0.5124054,-0.7848206,-0.7395172,-0.9600754,-0.8043709,-0.5047913,-0.8383408,-0.8629837,-0.7503014,-0.839119,-0.5325394,-0.9827347,-7.379471,-2.953987,-0.7829056,-0.9785004,-2.888443,-0.7421112,-1.472855,-0.7312393,-1.232597,-0.5979004
15.3,0.0,-231.0,5.0,-47.0,-1.0,-482.0,0.0,-2118.0,-1.0,-4040.0,0.0,-405.0,-2.0,-1575.0,,,,,,,,,,,,,,,,,,,,,,,,,,
15.300000190734863,,,,,,,,,,,,,,,-1.032448,-0.7737198,-0.06129456,-0.2615891,-0.5172882,-0.7857971,-0.7317047,-0.9493332,-0.8024178,-0.4969788,-0.8393173,-0.8571243,-0.753231,-0.8420486,-0.5315628,-0.9846878,-7.38533,-2.948128,-0.7799759,-0.9785004,-2.887466,-0.7401581,-1.466019,-0.734169,-1.233574,-0.5891113
15.308329582214355,,,,,,,,,,,,,,,-1.023659,-0.7805557,-0.06031799,-0.2547531,-0.5202179,-0.7848206,-0.7258453,-0.9444504,-0.7985115,-0.4872131,-0.8402939,-0.8522415,-0.7512779,-0.8352127,-0.5325394,-0.9846878,-7.39119,-2.943245,-0.7760696,-0.9755707,-2.887466,-0.7362518,-1.455276,-0.7370987,-1.238457,-0.5842285
15.316670417785645,,,,,,,,,,,,,,,-1.015846,-0.7883682,-0.05836487,-0.2440109,-0.5260773,-0.7818909,-0.7180328,-0.9434738,-0.7946053,-0.4813538,-0.8383408,-0.8454056,-0.7493248,-0.8225174,-0.5344925,-0.9856644,-7.396072,-2.936409,-0.77314,-0.972641,-2.887466,-0.7333221,-1.446487,-0.7410049,-1.242363,-0.5852051
15.324999809265137,,,,,,,,,,,,,,,-1.009987,-0.7961807,-0.05738831,-0.2303391,-0.5309601,-0.7789612,-0.7121735,-0.9473801,-0.790699,-0.4803772,-0.8383408,-0.8395462,-0.7463951,-0.807869,-0.5383987,-0.9876175,-7.399979,-2.929573,-0.7711868,-0.9667816,-2.88649,-0.7264862,-1.440628,-0.7449112,-1.246269,-0.5910645
15.333330154418945,,,,,,,,,,,,,,,-1.005104,-0.8020401,-0.05641174,-0.2176437,-0.5387726,-0.7779846,-0.7063141,-0.9551926,-0.7897224,-0.4833069,-0.8373642,-0.8346634,-0.7415123,-0.7932205,-0.542305,-0.9885941,-7.401932,-2.92469,-0.7711868,-0.9540863,-2.884537,-0.7216034,-1.434769,-0.7468643,-1.248222,-0.5979004
15.333333333333334,0.0,-234.0,5.0,-44.0,-1.0,-484.0,0.0,-2123.0,-1.0,-4048.0,0.0,-401.0,-2.0,-1577.0,,,,,,,,,,,,,,,,,,,,,,,,,,
15.341670036315918,,,,,,,,,,,,,,,-1.002174,-0.808876,-0.05543518,-0.2078781,-0.5465851,-0.7789612,-0.7033844,-0.9639816,-0.7897224,-0.4891663,-0.8354111,-0.8297806,-0.7395592,-0.7824783,-0.5462112,-0.9925003,-7.406815,-2.922737,-0.7721634,-0.9374847,-2.88649,-0.7167206,-1.432816,-0.749794,-1.249199,-0.6037598
15.350000381469727,,,,,,,,,,,,,,,-0.9972916,-0.8186417,-0.05543518,-0.2029953,-0.553421,-0.7828674,-0.6994781,-0.9727707,-0.7936287,-0.4969788,-0.8354111,-0.8258743,-0.7366295,-0.7805252,-0.5510941,-0.99543,-7.407791,-2.921761,-0.7760696,-0.9199066,-2.890396,-0.7098846,-1.435745,-0.7537003,-1.248222,-0.6125488
15.358329772949219,,,,,,,,,,,,,,,-0.9953384,-0.8303604,-0.05152893,-0.2029953,-0.560257,-0.7877502,-0.6955719,-0.9786301,-0.8014412,-0.5018616,-0.8344345,-0.8239212,-0.7346764,-0.785408,-0.5550003,-0.9973831,-7.410721,-2.922737,-0.7838821,-0.8984222,-2.896255,-0.7050018,-1.440628,-0.7537003,-1.247246,-0.6203613
15.366666666666667,0.0,-235.0,5.0,-46.0,0.0,-481.0,-1.0,-2129.0,0.0,-4062.0,0.0,-397.0,-1.0,-1579.0,,,,,,,,,,,,,,,,,,,,,,,,,,
15.366669654846191,,,,,,,,,,,,,,,-0.996315,-0.846962,-0.05055237,-0.2088547,-0.5641632,-0.7906799,-0.6945953,-0.9796066,-0.8102303,-0.5038147,-0.8344345,-0.8229446,-0.7317467,-0.7951736,-0.5608597,-0.9993362,-7.412674,-2.925667,-0.7936478,-0.8769379,-2.900162,-0.6981659,-1.447464,-0.7537003,-1.242363,-0.6262207
15.375,,,,,,,,,,,,,,,-0.996315,-0.8655167,-0.04371643,-0.2186203,-0.5651398,-0.7936096,-0.6936188,-0.9747238,-0.8199959,-0.5038147,-0.8344345,-0.8219681,-0.7307701,-0.8059158,-0.5657425,-1.002266,-7.41658,-2.93055,-0.8092728,-0.8593597,-2.907974,-0.6952362,-1.458206,-0.7527237,-1.236504,-0.6320801
15.383330345153809,,,,,,,,,,,,,,,-0.9982681,-0.8840714,-0.03688049,-0.2293625,-0.5651398,-0.7936096,-0.6945953,-0.9649582,-0.8317146,-0.5018616,-0.8344345,-0.8209915,-0.7307701,-0.8156815,-0.5686722,-1.005196,-7.42244,-2.933479,-0.8219681,-0.8486176,-2.91481,-0.6932831,-1.467972,-0.7527237,-1.231621,-0.6379395
15.391670227050781,,,,,,,,,,,,,,,-1.003151,-0.8967667,-0.03004456,-0.2410812,-0.5631866,-0.7867737,-0.6985016,-0.9522629,-0.8414803,-0.4999084,-0.8354111,-0.8209915,-0.7317467,-0.823494,-0.5725784,-1.010078,-7.428299,-2.935432,-0.83564,-0.8447113,-2.91774,-0.6903534,-1.473831,-0.7488174,-1.226738,-0.6398926
15.399999618530273,,,,,,,,,,,,,,,-1.00901,-0.9075089,-0.02223206,-0.2488937,-0.560257,-0.7779846,-0.7053375,-0.9424973,-0.8502693,-0.4979553,-0.8354111,-0.8180618,-0.7336998,-0.8244705,-0.5764847,-1.016914,-7.435135,-2.936409,-0.8532181,-0.847641,-2.918716,-0.6893768,-1.475784,-0.7478409,-1.223808,-0.6379395
15.4,0.0,-235.0,5.0,-48.0,0.0,-476.0,-2.0,-2139.0,0.0,-4074.0,0.0,-399.0,-1.0,-1582.0,,,,,,,,,,,,,,,,,,,,,,,,,,
15.408329963684082,,,,,,,,,,,,,,,-1.013893,-0.9114151,-0.01734924,-0.2547531,-0.5573273,-0.7672424,-0.7160797,-0.9327316,-0.8551521,-0.4989319,-0.8363876,-0.8190384,-0.737606,-0.8225174,-0.5794144,-1.02375,-7.444901,-2.931526,-0.8610306,-0.8564301,-2.91481,-0.6903534,-1.475784,-0.7488174,-1.221855,-0.630127
15.416669845581055,,,,,,,,,,,,,,,-1.019753,-0.9084854,-0.01246643,-0.2596359,-0.5514679,-0.752594,-0.7297516,-0.9268723,-0.8571053,-0.5038147,-0.8373642,-0.8229446,-0.7434654,-0.8156815,-0.5842972,-1.02961,-7.455643,-2.923714,-0.8688431,-0.8671722,-2.905045,-0.6903534,-1.468948,-0.7517471,-1.223808,-0.6184082
15.425000190734863,,,,,,,,,,,,,,,-1.023659,-0.8987198,-0.01148987,-0.2645187,-0.5485382,-0.7379456,-0.7424469,-0.9278488,-0.8561287,-0.5106506,-0.8373642,-0.8278275,-0.7493248,-0.8049393,-0.5882034,-1.032539,-7.462479,-2.913948,-0.8737259,-0.8798676,-2.895279,-0.6874237,-1.463089,-0.7488174,-1.222832,-0.6037598
15.433329582214355,,,,,,,,,,,,,,,-1.024635,-0.8821182,-0.009536743,-0.2694016,-0.5456085,-0.7281799,-0.7541656,-0.9346848,-0.8502693,-0.5155334,-0.8383408,-0.8375931,-0.753231,-0.792244,-0.5950394,-1.02961,-7.469315,-2.900276,-0.8766556,-0.8886566,-2.882584,-0.6835175,-1.452347,-0.7449112,-1.225761,-0.5842285
15.433333333333334,0.0,-236.0,5.0,-47.0,-1.0,-470.0,-2.0,-2148.0,0.0,-4082.0,-1.0,-403.0,-1.0,-1585.0,,,,,,,,,,,,,,,,,,,,,,,,,,
15.441670417785645,,,,,,,,,,,,,,,-1.022682,-0.8616104,-0.009536743,-0.2781906,-0.5436554,-0.7203674,-0.7649078,-0.9444504,-0.8424568,-0.5233459,-0.8373642,-0.8502884,-0.7561607,-0.7795486,-0.5989456,-1.022774,-7.471268,-2.884651,-0.8786087,-0.8935394,-2.866959,-0.6766815,-1.444534,-0.7370987,-1.226738,-0.5666504
15.449999809265137,,,,,,,,,,,,,,,-1.016823,-0.8430557,-0.01051331,-0.2879562,-0.5426788,-0.7125549,-0.7697906,-0.9561691,-0.8307381,-0.5282288,-0.8363876,-0.8639603,-0.7590904,-0.7688065,-0.6028519,-1.009102,-7.476151,-2.86805,-0.8766556,-0.8925629,-2.85231,-0.6708221,-1.439651,-0.7214737,-1.226738,-0.5500488
15.458330154418945,,,,,,,,,,,,,,,-1.00901,-0.8274307,-0.01148987,-0.299675,-0.5436554,-0.7076721,-0.7688141,-0.9688644,-0.8209724,-0.5340881,-0.8315048,-0.8747025,-0.7590904,-0.7590408,-0.6028519,-0.9885941,-7.476151,-2.854378,-0.875679,-0.8827972,-2.840591,-0.6678925,-1.436722,-0.6999893,-1.225761,-0.5354004
15.466666666666667,0.0,-239.0,6.0,-44.0,-1.0,-468.0,-2.0,-2154.0,0.0,-4092.0,-1.0,-408.0,-1.0,-1588.0,,,,,,,,,,,,,,,,,,,,,,,,,,
15.466670036315918,,,,,,,,,,,,,,,-1.001198,-0.8166885,-0.01344299,-0.3113937,-0.5426788,-0.7096252,-0.7649078,-0.9805832,-0.8092537,-0.5370178,-0.8305283,-0.882515,-0.7590904,-0.7512283,-0.6018753,-0.96418,-7.474197,-2.840706,-0.8727493,-0.8661957,-2.827896,-0.668869,-1.437698,-0.6765518,-1.221855,-0.5266113
15.475000381469727,,,,,,,,,,,,,,,-0.9904556,-0.8127823,-0.01637268,-0.3231125,-0.544632,-0.7106018,-0.7551422,-0.9903488,-0.7965584,-0.5379944,-0.8275986,-0.8834915,-0.7590904,-0.745369,-0.5979691,-0.9417191,-7.472244,-2.831917,-0.8717728,-0.8495941,-2.822037,-0.6747284,-1.441605,-0.6511612,-1.218925,-0.520752
15.483329772949219,,,,,,,,,,,,,,,-0.9797134,-0.8166885,-0.02027893,-0.3338547,-0.5465851,-0.7106018,-0.7434235,-0.9971848,-0.7867928,-0.5370178,-0.8256454,-0.875679,-0.7610435,-0.745369,-0.5911331,-0.9202347,-7.466385,-2.828987,-0.8698196,-0.8281097,-2.817154,-0.6874237,-1.443558,-0.6306534,-1.219902,-0.5197754
15.491669654846191,,,,,,,,,,,,,,,-0.9728775,-0.8264542,-0.02516174,-0.3406906,-0.5475616,-0.7096252,-0.7346344,-0.9991379,-0.7780037,-0.5350647,-0.8295517,-0.8659134,-0.7629967,-0.7522049,-0.5842972,-0.9026566,-7.459549,-2.83094,-0.8659134,-0.8066254,-2.819107,-0.7050018,-1.445511,-0.6150284,-1.217949,-0.5217285
15.5,0.0,-246.0,5.0,-42.0,-1.0,-469.0,-3.0,-2155.0,0.0,-4102.0,-1.0,-408.0,0.0,-1592.0,-0.9640884,-0.8411026,-0.02711487,-0.34655,-0.5475616,-0.7076721,-0.7258453,-1.001091,-0.7701912,-0.5331116,-0.8324814,-0.851265,-0.7708092,-0.7629471,-0.5774612,-0.8938675,-7.452713,-2.837776,-0.8659134,-0.7880707,-2.82399,-0.7206268,-1.445511,-0.6072159,-1.219902,-0.5266113
15.508330345153809,,,,,,,,,,,,,,,-0.9601822,-0.8567276,-0.02906799,-0.3533859,-0.5475616,-0.7115784,-0.7180328,-1.003044,-0.7662849,-0.5262756,-0.8402939,-0.83564,-0.7766685,-0.7775955,-0.5716019,-0.8958206,-7.440994,-2.843636,-0.8639603,-0.7743988,-2.833755,-0.7303925,-1.446487,-0.6072159,-1.221855,-0.5344238
15.516670227050781,,,,,,,,,,,,,,,-0.9582291,-0.871376,-0.03004456,-0.3592453,-0.5485382,-0.7174377,-0.7160797,-1.004997,-0.7614021,-0.5204163,-0.8471298,-0.8229446,-0.7835045,-0.7961502,-0.5696487,-0.9036331,-7.433182,-2.844612,-0.8659134,-0.7665863,-2.845474,-0.7352753,-1.445511,-0.6120987,-1.225761,-0.5432129
15.524999618530273,,,,,,,,,,,,,,,-0.9582291,-0.8860245,-0.02906799,-0.3611984,-0.5475616,-0.7252502,-0.7160797,-1.010857,-0.759449,-0.5135803,-0.8549423,-0.8112259,-0.791317,-0.816658,-0.5676956,-0.9192581,-7.426346,-2.839729,-0.86689,-0.7636566,-2.856216,-0.731369,-1.446487,-0.6228409,-1.230644,-0.5539551
15.533329963684082,,,,,,,,,,,,,,,-0.9601822,-0.8977432,-0.02809143,-0.3641281,-0.5456085,-0.7379456,-0.719986,-1.019646,-0.759449,-0.5086975,-0.8617783,-0.8053665,-0.7981529,-0.8361893,-0.5696487,-0.9358597,-7.423416,-2.824104,-0.8649368,-0.7665863,-2.866959,-0.72258,-1.448441,-0.6335831,-1.235527,-0.5617676
15.533333333333333,0.0,-249.0,5.0,-38.0,-1.0,-474.0,-3.0,-2154.0,0.0,-4108.0,-1.0,-407.0,0.0,-1596.0,,,,,,,,,,,,,,,,,,,,,,,,,,
15.541669845581055,,,,,,,,,,,,,,,-0.9670181,-0.9065323,-0.02516174,-0.3660812,-0.5475616,-0.7535706,-0.7238922,-1.028435,-0.7614021,-0.5038147,-0.8647079,-0.8004837,-0.8020592,-0.8508377,-0.5716019,-0.9534378,-7.425369,-2.801643,-0.8649368,-0.7763519,-2.875748,-0.7108612,-1.453323,-0.6413956,-1.238457,-0.567627
15.550000190734863,,,,,,,,,,,,,,,-0.9758072,-0.9123917,-0.02809143,-0.3651047,-0.5495148,-0.768219,-0.7258453,-1.040154,-0.7623787,-0.5028381,-0.8647079,-0.7965775,-0.8010826,-0.8596268,-0.5725784,-0.9671097,-7.433182,-2.7743,-0.8659134,-0.7929535,-2.881607,-0.6991425,-1.465042,-0.6443253,-1.24041,-0.5715332
15.558329582214355,,,,,,,,,,,,,,,-0.9845963,-0.9114151,-0.03004456,-0.3611984,-0.5514679,-0.783844,-0.728775,-1.049919,-0.7662849,-0.5057678,-0.8617783,-0.7985306,-0.7991295,-0.863533,-0.5764847,-0.9749222,-7.444901,-2.744026,-0.8629837,-0.8095551,-2.881607,-0.6893768,-1.476761,-0.6394424,-1.24041,-0.5705566
15.566666666666666,0.0,-247.0,5.0,-33.0,-1.0,-476.0,-3.0,-2159.0,0.0,-4113.0,-1.0,-409.0,-1.0,-1600.0,,,,,,,,,,,,,,,,,,,,,,,,,,
15.566670417785645,,,,,,,,,,,,,,,-0.996315,-0.9084854,-0.03688049,-0.3553391,-0.5553741,-0.7975159,-0.7268219,-1.055779,-0.7701912,-0.5116272,-0.8568954,-0.7995071,-0.7903404,-0.863533,-0.5774612,-0.9817581,-7.460526,-2.718636,-0.8590775,-0.8281097,-2.877701,-0.684494,-1.490433,-0.6296768,-1.24041,-0.567627
15.574999809265137,,,,,,,,,,,,,,,-1.004128,-0.8996964,-0.04176331,-0.3494797,-0.5583038,-0.8033752,-0.7219391,-1.054802,-0.7721443,-0.5213928,-0.8529892,-0.7995071,-0.7786217,-0.8615799,-0.5784378,-0.9827347,-7.47908,-2.703987,-0.8541946,-0.847641,-2.874771,-0.6854706,-1.504105,-0.6120987,-1.238457,-0.5637207
15.583330154418945,,,,,,,,,,,,,,,-1.010963,-0.8879776,-0.04664612,-0.3426437,-0.5612335,-0.8063049,-0.7141266,-1.046989,-0.7780037,-0.532135,-0.8471298,-0.80439,-0.7629967,-0.8576736,-0.5774612,-0.9827347,-7.497635,-2.697151,-0.8493118,-0.8603363,-2.866959,-0.6864471,-1.515823,-0.5896378,-1.23455,-0.560791
15.591670036315918,,,,,,,,,,,,,,,-1.01487,-0.8733292,-0.05055237,-0.3358078,-0.560257,-0.8072815,-0.7072906,-1.032341,-0.7819099,-0.5428772,-0.8442001,-0.8112259,-0.7512779,-0.8537674,-0.5784378,-0.9817581,-7.508377,-2.698128,-0.8454056,-0.8671722,-2.863052,-0.6864471,-1.524612,-0.5652237,-1.229668,-0.5588379
15.6,0.0,-244.0,5.0,-27.0,-1.0,-477.0,-3.0,-2162.0,0.0,-4116.0,-2.0,-412.0,-1.0,-1600.0,,,,,,,,,,,,,,,,,,,,,,,,,,
15.600000381469727,,,,,,,,,,,,,,,-1.013893,-0.862587,-0.05250549,-0.3289719,-0.5592804,-0.8053284,-0.7004547,-1.015739,-0.7867928,-0.5516663,-0.8383408,-0.8161087,-0.7405357,-0.8518143,-0.5784378,-0.9817581,-7.519119,-2.706917,-0.8463821,-0.8691254,-2.865005,-0.6854706,-1.527542,-0.5447159,-1.226738,-0.5578613
15.608329772949219,,,,,,,,,,,,,,,-1.009987,-0.8547745,-0.05152893,-0.3231125,-0.5524445,-0.8033752,-0.6985016,-0.9971848,-0.7936287,-0.5585022,-0.8334579,-0.820015,-0.7327232,-0.8498611,-0.5774612,-0.9817581,-7.522049,-2.720589,-0.8405228,-0.8613129,-2.868912,-0.6805878,-1.526566,-0.5251846,-1.226738,-0.5588379
15.616669654846191,,,,,,,,,,,,,,,-1.003151,-0.8498917,-0.05055237,-0.3172531,-0.5456085,-0.7984924,-0.6994781,-0.9805832,-0.7985115,-0.5643616,-0.8275986,-0.8229446,-0.7307701,-0.8508377,-0.5745316,-0.9827347,-7.524002,-2.734261,-0.8395462,-0.847641,-2.88063,-0.6727753,-1.522659,-0.5105362,-1.226738,-0.5578613
15.625,,,,,,,,,,,,,,,-0.9943619,-0.8498917,-0.04469299,-0.3104172,-0.5387726,-0.7906799,-0.704361,-0.9717941,-0.8053474,-0.5643616,-0.8168564,-0.820015,-0.7327232,-0.8498611,-0.5725784,-0.9856644,-7.524002,-2.747932,-0.8375931,-0.8300629,-2.88942,-0.6620331,-1.514847,-0.5027237,-1.229668,-0.5539551
15.633330345153809,,,,,,,,,,,,,,,-0.9845963,-0.8528214,-0.03981018,-0.3065109,-0.5338898,-0.7857971,-0.71315,-0.9669113,-0.8131599,-0.5604553,-0.8080673,-0.8122025,-0.7346764,-0.8459549,-0.5696487,-0.9856644,-7.519119,-2.759651,-0.83564,-0.8105316,-2.906021,-0.6493378,-1.505081,-0.5027237,-1.23455,-0.5490723
15.633333333333333,0.0,-241.0,5.0,-27.0,-1.0,-476.0,-3.0,-2164.0,0.0,-4117.0,-3.0,-414.0,-1.0,-1596.0,,,,,,,,,,,,,,,,,,,,,,,,,,
15.641670227050781,,,,,,,,,,,,,,,-0.9758072,-0.8528214,-0.03590393,-0.3006516,-0.5309601,-0.7789612,-0.7238922,-0.9649582,-0.8190193,-0.5575256,-0.7983017,-0.8063431,-0.7415123,-0.8420486,-0.5686722,-0.9846878,-7.520096,-2.765511,-0.8317337,-0.7880707,-2.922623,-0.6366425,-1.495316,-0.5066299,-1.241386,-0.5422363
15.649999618530273,,,,,,,,,,,,,,,-0.9699478,-0.8528214,-0.03004456,-0.2957687,-0.5280304,-0.7721252,-0.735611,-0.969841,-0.8258553,-0.5545959,-0.7914658,-0.80439,-0.7483482,-0.8381424,-0.5676956,-0.9837112,-7.518143,-2.76844,-0.8297806,-0.7675629,-2.937271,-0.621994,-1.48848,-0.5134659,-1.250175,-0.5334473
15.658329963684082,,,,,,,,,,,,,,,-0.965065,-0.8528214,-0.02613831,-0.2938156,-0.529007,-0.768219,-0.7453766,-0.9757004,-0.8307381,-0.5506897,-0.7836533,-0.8063431,-0.7542076,-0.8332596,-0.5706253,-0.9817581,-7.519119,-2.764534,-0.8248978,-0.7490082,-2.952896,-0.606369,-1.483597,-0.5232315,-1.258965,-0.5246582
15.666666666666666,0.0,-243.0,4.0,-29.0,-1.0,-475.0,-2.0,-2166.0,0.0,-4118.0,-3.0,-415.0,-1.0,-1597.0,,,,,,,,,,,,,,,,,,,,,,,,,,
15.666669845581055,,,,,,,,,,,,,,,-0.9631119,-0.8508682,-0.02418518,-0.2928391,-0.5338898,-0.7643127,-0.7531891,-0.9796066,-0.8365974,-0.5458069,-0.7807236,-0.8112259,-0.7571373,-0.8274002,-0.5716019,-0.9788284,-7.520096,-2.749886,-0.8248978,-0.7343597,-2.966568,-0.590744,-1.481644,-0.5320206,-1.26873,-0.5178223
15.675000190734863,,,,,,,,,,,,,,,-0.9631119,-0.8489151,-0.02516174,-0.2918625,-0.537796,-0.7584534,-0.7590485,-0.9815598,-0.8395271,-0.5399475,-0.7817001,-0.8229446,-0.7610435,-0.823494,-0.5745316,-0.9739456,-7.519119,-2.727425,-0.8258743,-0.722641,-2.976334,-0.5731659,-1.48262,-0.5398331,-1.279472,-0.5148926
15.683329582214355,,,,,,,,,,,,,,,-0.9640884,-0.8498917,-0.02320862,-0.2938156,-0.5417023,-0.7555237,-0.7658844,-0.9796066,-0.8434334,-0.5360413,-0.7846298,-0.8405228,-0.7649498,-0.8195877,-0.5774612,-0.9690628,-7.515213,-2.694221,-0.8268509,-0.7167816,-2.982193,-0.5555878,-1.48555,-0.5456924,-1.285332,-0.5178223
15.691670417785645,,,,,,,,,,,,,,,-0.965065,-0.8537979,-0.02418518,-0.2967453,-0.5426788,-0.752594,-0.7688141,-0.9766769,-0.8434334,-0.5282288,-0.7924423,-0.8571243,-0.7629967,-0.816658,-0.5774612,-0.9612503,-7.509354,-2.656136,-0.8307571,-0.7138519,-2.984146,-0.5389862,-1.48848,-0.5495987,-1.290215,-0.5236816
15.699999809265137,,,,,,,,,,,,,,,-0.9640884,-0.8567276,-0.02320862,-0.3016281,-0.5426788,-0.7457581,-0.7746735,-0.9708176,-0.8414803,-0.5194397,-0.8012314,-0.8717728,-0.7629967,-0.8147049,-0.573555,-0.9524612,-7.507401,-2.617073,-0.8327103,-0.7109222,-2.98024,-0.5223846,-1.491409,-0.5495987,-1.296074,-0.5324707
15.7,0.0,-245.0,3.0,-31.0,-1.0,-475.0,-2.0,-2169.0,0.0,-4122.0,-3.0,-417.0,-1.0,-1600.0,,,,,,,,,,,,,,,,,,,,,,,,,,
15.708330154418945,,,,,,,,,,,,,,,-0.9621353,-0.862587,-0.02418518,-0.3055344,-0.5417023,-0.7438049,-0.7776031,-0.9659348,-0.8395271,-0.5106506,-0.8129501,-0.882515,-0.7629967,-0.8107986,-0.5686722,-0.9456253,-7.507401,-2.576057,-0.8327103,-0.7050629,-2.971451,-0.5077362,-1.493362,-0.546669,-1.29998,-0.5393066
15.716670036315918,,,,,,,,,,,,,,,-0.9562759,-0.8684464,-0.02223206,-0.3113937,-0.5387726,-0.7447815,-0.7795563,-0.9610519,-0.8346443,-0.5028381,-0.8256454,-0.8873978,-0.7649498,-0.807869,-0.5647659,-0.9387894,-7.505447,-2.538948,-0.8317337,-0.6982269,-2.962662,-0.496994,-1.493362,-0.5456924,-1.29998,-0.5471191
15.725000381469727,,,,,,,,,,,,,,,-0.9484634,-0.8723526,-0.02125549,-0.3153,-0.5358429,-0.7496643,-0.7805328,-0.9561691,-0.8278084,-0.4979553,-0.8363876,-0.8873978,-0.7669029,-0.8049393,-0.5628128,-0.9339066,-7.512283,-2.511604,-0.8366165,-0.6855316,-2.94899,-0.4901581,-1.489456,-0.5476456,-1.300957,-0.552002
15.733329772949219,,,,,,,,,,,,,,,-0.9377213,-0.871376,-0.02027893,-0.3211594,-0.5319366,-0.7584534,-0.7785797,-0.9512863,-0.821949,-0.4960022,-0.8481064,-0.8854446,-0.7727623,-0.8020096,-0.5608597,-0.9309769,-7.521072,-2.486214,-0.83564,-0.6640472,-2.936295,-0.4862518,-1.486526,-0.5486221,-1.298027,-0.552002
15.733333333333333,0.0,-246.0,3.0,-35.0,0.0,-475.0,-2.0,-2169.0,0.0,-4129.0,-4.0,-422.0,-1.0,-1607.0,,,,,,,,,,,,,,,,,,,,,,,,,,
15.741669654846191,,,,,,,,,,,,,,,-0.9269791,-0.8684464,-0.01930237,-0.3270187,-0.5280304,-0.7691956,-0.7746735,-0.9522629,-0.8151131,-0.4989319,-0.8539658,-0.8815384,-0.7795982,-0.8000565,-0.5628128,-0.9300003,-7.533768,-2.465706,-0.8405228,-0.6386566,-2.925552,-0.4852753,-1.481644,-0.5495987,-1.289238,-0.5471191
15.75,,,,,,,,,,,,,,,-0.9172134,-0.8664932,-0.01832581,-0.3319016,-0.5251007,-0.783844,-0.766861,-0.9590988,-0.8073006,-0.5047913,-0.8588486,-0.8786087,-0.7883873,-0.8000565,-0.5667191,-0.9300003,-7.543533,-2.443245,-0.8473587,-0.6083832,-2.915787,-0.488205,-1.477737,-0.5535049,-1.278496,-0.5383301
15.758330345153809,,,,,,,,,,,,,,,-0.9094009,-0.862587,-0.01930237,-0.3377609,-0.522171,-0.799469,-0.7580719,-0.9669113,-0.8004646,-0.5135803,-0.8598251,-0.8795853,-0.7961998,-0.7981033,-0.573555,-0.9319534,-7.551346,-2.420784,-0.8551712,-0.5771332,-2.907974,-0.4921112,-1.476761,-0.5564346,-1.264824,-0.5285645
15.766666666666667,0.0,-247.0,4.0,-40.0,-1.0,-477.0,-1.0,-2173.0,0.0,-4141.0,-3.0,-426.0,-1.0,-1612.0,,,,,,,,,,,,,,,,,,,,,,,,,,
15.766670227050781,,,,,,,,,,,,,,,-0.9045181,-0.8577042,-0.02027893,-0.3455734,-0.5192413,-0.8121643,-0.7473297,-0.9776535,-0.7975349,-0.5262756,-0.857872,-0.8834915,-0.8030357,-0.7971268,-0.5803909,-0.9339066,-7.559158,-2.39637,-0.8610306,-0.5488129,-2.904068,-0.4950409,-1.478714,-0.5554581,-1.250175,-0.5158691
15.774999618530273,,,,,,,,,,,,,,,-0.9045181,-0.8547745,-0.02027893,-0.3543625,-0.5163116,-0.8238831,-0.7385406,-0.9893723,-0.7955818,-0.5379944,-0.8539658,-0.891304,-0.8059654,-0.7971268,-0.5862503,-0.9348831,-7.557205,-2.370003,-0.8678665,-0.5253754,-2.903091,-0.4960175,-1.484573,-0.5525284,-1.238457,-0.505127
15.783329963684082,,,,,,,,,,,,,,,-0.9045181,-0.8528214,-0.02418518,-0.3670578,-0.5143585,-0.8346252,-0.7317047,-1.003044,-0.7965584,-0.5487366,-0.8500595,-0.9020462,-0.8059654,-0.7951736,-0.58918,-0.9358597,-7.556229,-2.340706,-0.8639603,-0.5097504,-2.902115,-0.4960175,-1.493362,-0.546669,-1.227715,-0.4934082
15.791669845581055,,,,,,,,,,,,,,,-0.9074478,-0.8508682,-0.02906799,-0.3807297,-0.5153351,-0.8404846,-0.7258453,-1.014763,-0.7994881,-0.5585022,-0.8481064,-0.9098587,-0.8020592,-0.792244,-0.5911331,-0.9378128,-7.548416,-2.310432,-0.8610306,-0.4951019,-2.905045,-0.4921112,-1.506058,-0.5349503,-1.225761,-0.482666
15.8,0.0,-247.0,4.0,-44.0,-1.0,-481.0,-1.0,-2180.0,-1.0,-4152.0,-3.0,-427.0,-1.0,-1616.0,,,,,,,,,,,,,,,,,,,,,,,,,,
15.800000190734863,,,,,,,,,,,,,,,-0.9113541,-0.8498917,-0.03590393,-0.3904953,-0.5182648,-0.8424377,-0.7238922,-1.021599,-0.8024178,-0.5643616,-0.8451767,-0.9157181,-0.7971764,-0.7902908,-0.5921097,-0.9407425,-7.540604,-2.280159,-0.851265,-0.4843597,-2.907974,-0.4833221,-1.5168,-0.5222549,-1.230644,-0.4709473
15.808329582214355,,,,,,,,,,,,,,,-0.9162369,-0.8508682,-0.04273987,-0.3992844,-0.522171,-0.8443909,-0.7219391,-1.027458,-0.8082771,-0.5663147,-0.8432236,-0.9157181,-0.7903404,-0.7893143,-0.5930862,-0.9426956,-7.530838,-2.251839,-0.8366165,-0.4794769,-2.913834,-0.4735565,-1.527542,-0.5085831,-1.23748,-0.4572754
15.816670417785645,,,,,,,,,,,,,,,-0.9211197,-0.8547745,-0.04859924,-0.40905,-0.529007,-0.8453674,-0.7219391,-1.028435,-0.8121834,-0.5653381,-0.8432236,-0.9088821,-0.7835045,-0.7902908,-0.5940628,-0.9456253,-7.521072,-2.224495,-0.8268509,-0.4755707,-2.91774,-0.4628143,-1.534378,-0.4929581,-1.247246,-0.4455566
15.824999809265137,,,,,,,,,,,,,,,-0.9250259,-0.8606339,-0.05348206,-0.4129562,-0.5368195,-0.8434143,-0.7229156,-1.024529,-0.8170662,-0.5624084,-0.8432236,-0.8991165,-0.7795982,-0.792244,-0.5950394,-0.948555,-7.517166,-2.199104,-0.8170853,-0.4706879,-2.919693,-0.4520721,-1.537308,-0.4812393,-1.262871,-0.4348145
15.833330154418945,,,,,,,,,,,,,,,-0.9279556,-0.8694229,-0.05738831,-0.4139328,-0.544632,-0.8414612,-0.7219391,-1.017693,-0.821949,-0.5575256,-0.8451767,-0.8854446,-0.7795982,-0.7941971,-0.5969925,-0.9505081,-7.515213,-2.178596,-0.8102493,-0.4677582,-2.922623,-0.4393768,-1.537308,-0.4704971,-1.27459,-0.4260254
15.833333333333334,0.0,-247.0,4.0,-45.0,-1.0,-483.0,-1.0,-2189.0,-1.0,-4166.0,-3.0,-429.0,-1.0,-1622.0,,,,,,,,,,,,,,,,,,,,,,,,,,
15.841670036315918,,,,,,,,,,,,,,,-0.9299088,-0.8772354,-0.05543518,-0.4110031,-0.5514679,-0.8375549,-0.719986,-1.00695,-0.8268318,-0.5536194,-0.8461533,-0.8717728,-0.7795982,-0.7961502,-0.6018753,-0.9514847,-7.51619,-2.163948,-0.8082962,-0.4638519,-2.924576,-0.4266815,-1.533401,-0.4636612,-1.285332,-0.4172363
15.850000381469727,,,,,,,,,,,,,,,-0.9308853,-0.8830948,-0.05152893,-0.4031906,-0.5583038,-0.8346252,-0.719986,-0.9942551,-0.8297615,-0.5497131,-0.8471298,-0.8541946,-0.7815514,-0.7961502,-0.6057816,-0.9534378,-7.524002,-2.157112,-0.813179,-0.4560394,-2.924576,-0.4120331,-1.527542,-0.4578018,-1.293144,-0.411377
15.858329772949219,,,,,,,,,,,,,,,-0.9299088,-0.8840714,-0.04566956,-0.3895187,-0.5631866,-0.8277893,-0.7160797,-0.9815598,-0.8346443,-0.54776,-0.8490829,-0.8395462,-0.7825279,-0.7912674,-0.6096878,-0.9553909,-7.533768,-2.155159,-0.8170853,-0.4452972,-2.929459,-0.3934784,-1.51973,-0.4538956,-1.295097,-0.4084473
15.866666666666667,0.0,-246.0,4.0,-47.0,-1.0,-483.0,0.0,-2201.0,-1.0,-4180.0,-3.0,-431.0,-2.0,-1627.0,,,,,,,,,,,,,,,,,,,,,,,,,,
15.866669654846191,,,,,,,,,,,,,,,-0.9250259,-0.8791885,-0.03785706,-0.3709641,-0.5670929,-0.8199768,-0.7170563,-0.969841,-0.837574,-0.5467834,-0.8510361,-0.8268509,-0.7805748,-0.7824783,-0.6106644,-0.9592972,-7.546463,-2.157112,-0.8209915,-0.4296722,-2.934341,-0.3759003,-1.511917,-0.4509659,-1.294121,-0.4094238
15.875,,,,,,,,,,,,,,,-0.91819,-0.8684464,-0.03004456,-0.34655,-0.5709991,-0.8102112,-0.7180328,-0.9610519,-0.8356209,-0.54776,-0.8539658,-0.8141556,-0.7776451,-0.7736893,-0.6106644,-0.96418,-7.558182,-2.159065,-0.8219681,-0.4072113,-2.939224,-0.3573456,-1.508011,-0.4460831,-1.293144,-0.4094238
15.883330345153809,,,,,,,,,,,,,,,-0.9084244,-0.8567276,-0.02418518,-0.3211594,-0.5749054,-0.7965393,-0.7229156,-0.9561691,-0.8336678,-0.5506897,-0.8539658,-0.8034134,-0.7698326,-0.7600174,-0.6116409,-0.9710159,-7.568924,-2.159065,-0.8219681,-0.3818207,-2.947037,-0.3397675,-1.506058,-0.4402237,-1.291191,-0.4084473
15.891670227050781,,,,,,,,,,,,,,,-0.8947525,-0.8440323,-0.02027893,-0.2928391,-0.5778351,-0.7848206,-0.7248688,-0.9522629,-0.8287849,-0.5536194,-0.8520126,-0.7926712,-0.760067,-0.7473221,-0.6116409,-0.9788284,-7.577713,-2.154182,-0.8170853,-0.3486176,-2.952896,-0.3231659,-1.507034,-0.4294815,-1.286308,-0.4064941
15.899999618530273,,,,,,,,,,,,,,,-0.8810806,-0.8362198,-0.01930237,-0.2664719,-0.5817413,-0.7789612,-0.7307281,-0.9503098,-0.821949,-0.5575256,-0.8490829,-0.7858353,-0.753231,-0.7356033,-0.6116409,-0.9846878,-7.581619,-2.138557,-0.8122025,-0.3144379,-2.957779,-0.309494,-1.508011,-0.4177628,-1.283379,-0.4025879
15.9,0.0,-245.0,4.0,-45.0,-1.0,-485.0,0.0,-2213.0,-1.0,-4195.0,-2.0,-435.0,-2.0,-1630.0,,,,,,,,,,,,,,,,,,,,,,,,,,
15.908329963684082,,,,,,,,,,,,,,,-0.8674088,-0.8342667,-0.02125549,-0.2479172,-0.5836945,-0.7770081,-0.7346344,-0.9512863,-0.8160896,-0.5614319,-0.8461533,-0.7848587,-0.7454185,-0.7258377,-0.6126175,-0.9895706,-7.583572,-2.114143,-0.8004837,-0.2773285,-2.959732,-0.300705,-1.510941,-0.4050674,-1.279472,-0.3947754
15.916669845581055,,,,,,,,,,,,,,,-0.8527603,-0.8362198,-0.02613831,-0.237175,-0.5866241,-0.7760315,-0.7365875,-0.9493332,-0.8082771,-0.5663147,-0.842247,-0.7907181,-0.7415123,-0.7180252,-0.6175003,-0.9934769,-7.580643,-2.082893,-0.7926712,-0.238266,-2.963638,-0.2958221,-1.512894,-0.3933487,-1.279472,-0.3869629
15.925000190734863,,,,,,,,,,,,,,,-0.8410416,-0.8420792,-0.03492737,-0.2322922,-0.584671,-0.7779846,-0.7346344,-0.9434738,-0.8014412,-0.5702209,-0.8354111,-0.8014603,-0.7385826,-0.714119,-0.62043,-0.9934769,-7.576736,-2.044807,-0.7838821,-0.1992035,-2.965591,-0.2919159,-1.508987,-0.3845596,-1.278496,-0.3771973
15.933329582214355,,,,,,,,,,,,,,,-0.8322525,-0.8489151,-0.04469299,-0.2381516,-0.5817413,-0.7818909,-0.728775,-0.9346848,-0.7975349,-0.5711975,-0.8334579,-0.813179,-0.7395592,-0.7131424,-0.6243362,-0.9925003,-7.566971,-2.001839,-0.77314,-0.1640472,-2.970474,-0.2880096,-1.505081,-0.3777237,-1.279472,-0.3684082
15.933333333333334,0.0,-243.0,4.0,-41.0,-1.0,-487.0,0.0,-2219.0,-1.0,-4202.0,-2.0,-440.0,-2.0,-1633.0,,,,,,,,,,,,,,,,,,,,,,,,,,
15.941670417785645,,,,,,,,,,,,,,,-0.8263931,-0.8537979,-0.05445862,-0.2488937,-0.5788116,-0.7828674,-0.7219391,-0.922966,-0.7946053,-0.5711975,-0.8295517,-0.8268509,-0.7415123,-0.7160721,-0.6272659,-0.9925003,-7.559158,-1.95594,-0.7653275,-0.1308441,-2.97731,-0.2831268,-1.495316,-0.3699112,-1.280449,-0.3596191
15.949999809265137,,,,,,,,,,,,,,,-0.8224869,-0.855751,-0.06422424,-0.2606125,-0.5739288,-0.7789612,-0.7111969,-0.9102707,-0.7936287,-0.5702209,-0.826622,-0.8405228,-0.7434654,-0.7238846,-0.6292191,-0.9944534,-7.553299,-1.914925,-0.7604446,-0.09959412,-2.986099,-0.2772675,-1.48262,-0.3620987,-1.286308,-0.3518066
15.958330154418945,,,,,,,,,,,,,,,-0.8224869,-0.8528214,-0.07301331,-0.2723312,-0.569046,-0.768219,-0.7014313,-0.8985519,-0.7946053,-0.5682678,-0.8256454,-0.851265,-0.7483482,-0.7356033,-0.6321487,-0.9964066,-7.545486,-1.878792,-0.7565384,-0.07713318,-3.001724,-0.2684784,-1.473831,-0.3513565,-1.290215,-0.3430176
15.966666666666667,0.0,-238.0,4.0,-38.0,-1.0,-486.0,-1.0,-2218.0,-1.0,-4201.0,-1.0,-445.0,-2.0,-1634.0,,,,,,,,,,,,,,,,,,,,,,,,,,
15.966670036315918,,,,,,,,,,,,,,,-0.8234634,-0.8459854,-0.07887268,-0.28405,-0.5651398,-0.7555237,-0.6916656,-0.8897629,-0.7965584,-0.5692444,-0.8246689,-0.8571243,-0.7503014,-0.7482986,-0.6350784,-0.9973831,-7.542557,-1.846565,-0.757515,-0.06248474,-3.013443,-0.2596893,-1.462112,-0.3367081,-1.29705,-0.3322754
15.975000381469727,,,,,,,,,,,,,,,-0.8263931,-0.8381729,-0.07984924,-0.2918625,-0.5651398,-0.7428284,-0.6848297,-0.8868332,-0.7985115,-0.5702209,-0.8236923,-0.8610306,-0.7551842,-0.7600174,-0.6389847,-0.99543,-7.537674,-1.818245,-0.7643509,-0.05271912,-3.022232,-0.2479706,-1.453323,-0.3162003,-1.30291,-0.3254395
15.983329772949219,,,,,,,,,,,,,,,-0.8312759,-0.8303604,-0.07984924,-0.2967453,-0.5670929,-0.7330627,-0.6779938,-0.8887863,-0.8024178,-0.5751038,-0.8227158,-0.8649368,-0.7590904,-0.7688065,-0.6409378,-0.9905472,-7.533768,-1.790901,-0.7750931,-0.04588318,-3.030045,-0.238205,-1.443558,-0.2956924,-1.308769,-0.3186035
15.991669654846191,,,,,,,,,,,,,,,-0.8351822,-0.8264542,-0.07496643,-0.3006516,-0.5700226,-0.7272034,-0.6750641,-0.8985519,-0.8092537,-0.5838928,-0.8246689,-0.8698196,-0.7629967,-0.7727127,-0.6428909,-0.9827347,-7.530838,-1.763557,-0.7897415,-0.0400238,-3.030045,-0.2274628,-1.436722,-0.2761612,-1.311699,-0.3117676
16.0,0.0,-237.0,4.0,-31.0,-1.0,-486.0,-1.0,-2214.0,-1.0,-4202.0,-1.0,-448.0,-3.0,-1637.0,-0.8381119,-0.8264542,-0.07398987,-0.3035812,-0.575882,-0.7281799,-0.6750641,-0.9171066,-0.8121834,-0.5965881,-0.8256454,-0.8717728,-0.768856,-0.769783,-0.6419144,-0.9710159,-7.524979,-1.734261,-0.8073196,-0.03318787,-3.026138,-0.2196503,-1.433792,-0.2615128,-1.311699,-0.3049316
16.008329391479492,,,,,,,,,,,,,,,-0.8371353,-0.8293839,-0.07008362,-0.3074875,-0.5807648,-0.7340393,-0.6779938,-0.9366379,-0.8170662,-0.6141663,-0.8275986,-0.8747025,-0.7708092,-0.7600174,-0.6370316,-0.9583206,-7.517166,-1.699104,-0.8239212,-0.02244568,-3.019302,-0.2098846,-1.429886,-0.2537003,-1.30584,-0.3000488
16.01667022705078,,,,,,,,,,,,,,,-0.8342056,-0.8352432,-0.06813049,-0.3123703,-0.5836945,-0.7457581,-0.6789703,-0.9590988,-0.8190193,-0.6297913,-0.8285751,-0.8747025,-0.7737389,-0.7473221,-0.6292191,-0.9456253,-7.509354,-1.660042,-0.83564,-0.006820679,-3.007584,-0.1991425,-1.431839,-0.2488174,-1.298027,-0.2980957
16.024999618530273,,,,,,,,,,,,,,,-0.8283463,-0.8411026,-0.06813049,-0.3182297,-0.5836945,-0.7633362,-0.6828766,-0.9835129,-0.821949,-0.6444397,-0.8295517,-0.8717728,-0.7747154,-0.7346268,-0.6184769,-0.93293,-7.499588,-1.619026,-0.8424759,0.0146637,-2.996841,-0.1854706,-1.433792,-0.249794,-1.286308,-0.2941895
16.0333309173584,,,,,,,,,,,,,,,-0.8176041,-0.8489151,-0.06617737,-0.3221359,-0.5817413,-0.7789612,-0.6867828,-1.004997,-0.821949,-0.6551819,-0.8315048,-0.8659134,-0.7708092,-0.722908,-0.6077347,-0.9241409,-7.485916,-1.578011,-0.8414993,0.03907776,-2.989029,-0.168869,-1.440628,-0.2527237,-1.272636,-0.2902832
16.033333333333335,0.0,-238.0,4.0,-27.0,-1.0,-489.0,-2.0,-2212.0,-1.0,-4206.0,-1.0,-453.0,-3.0,-1640.0,,,,,,,,,,,,,,,,,,,,,,,,,,
16.041669845581055,,,,,,,,,,,,,,,-0.8039322,-0.8586807,-0.06520081,-0.3221359,-0.5797882,-0.7945862,-0.6926422,-1.021599,-0.8209724,-0.6610413,-0.8324814,-0.8590775,-0.7659264,-0.7170486,-0.5999222,-0.9182816,-7.472244,-1.538948,-0.8336868,0.06837463,-2.984146,-0.1512909,-1.449417,-0.2517471,-1.258965,-0.286377
16.049999237060547,,,,,,,,,,,,,,,-0.7922134,-0.8684464,-0.06422424,-0.3192062,-0.5729523,-0.8063049,-0.697525,-1.034294,-0.8190193,-0.6629944,-0.8344345,-0.8522415,-0.7610435,-0.7170486,-0.5940628,-0.9153519,-7.457596,-1.505745,-0.8190384,0.09864807,-2.982193,-0.1317596,-1.459183,-0.2517471,-1.244316,-0.2824707
16.058330535888672,,,,,,,,,,,,,,,-0.7785416,-0.8772354,-0.06227112,-0.3143234,-0.5700226,-0.8131409,-0.704361,-1.039177,-0.8170662,-0.6590881,-0.8393173,-0.8473587,-0.7551842,-0.7238846,-0.5960159,-0.9163284,-7.439041,-1.475471,-0.8004837,0.1279449,-2.982193,-0.1122284,-1.470901,-0.2478409,-1.236504,-0.2766113
16.066666666666666,0.0,-239.0,4.0,-28.0,-1.0,-493.0,-2.0,-2212.0,-1.0,-4215.0,0.0,-458.0,-3.0,-1643.0,,,,,,,,,,,,,,,,,,,,,,,,,,
16.066669464111328,,,,,,,,,,,,,,,-0.7668228,-0.8860245,-0.06129456,-0.3055344,-0.5670929,-0.815094,-0.7111969,-1.036247,-0.8141365,-0.6512756,-0.8432236,-0.8454056,-0.7503014,-0.7346268,-0.6018753,-0.9182816,-7.423416,-1.447151,-0.7848587,0.1582184,-2.985123,-0.09465027,-1.476761,-0.2439346,-1.230644,-0.2717285
16.075000762939453,,,,,,,,,,,,,,,-0.7580338,-0.8928604,-0.06031799,-0.2947922,-0.5680695,-0.8131409,-0.7160797,-1.028435,-0.8141365,-0.6424866,-0.8471298,-0.8493118,-0.7454185,-0.7492752,-0.6096878,-0.9241409,-7.410721,-1.418831,-0.77314,0.1894684,-2.986099,-0.08000183,-1.483597,-0.2380753,-1.230644,-0.2668457
16.083330154418945,,,,,,,,,,,,,,,-0.7511978,-0.8957901,-0.06031799,-0.2850266,-0.5700226,-0.8082581,-0.7219391,-1.01281,-0.8151131,-0.6366272,-0.8500595,-0.8551712,-0.7415123,-0.7619705,-0.6155472,-0.9319534,-7.399979,-1.385628,-0.7653275,0.2168121,-2.985123,-0.06828308,-1.492386,-0.234169,-1.235527,-0.2629395
16.0916690826416,,,,,,,,,,,,,,,-0.7433853,-0.8977432,-0.06227112,-0.2791672,-0.5768585,-0.8043518,-0.7229156,-0.9932785,-0.8160896,-0.6288147,-0.8500595,-0.8610306,-0.7405357,-0.7707596,-0.6214066,-0.9436722,-7.395096,-1.346565,-0.7614212,0.246109,-2.976334,-0.05851746,-1.500198,-0.2292862,-1.242363,-0.2590332
16.1,0.0,-240.0,5.0,-31.0,-1.0,-497.0,-2.0,-2213.0,0.0,-4224.0,-1.0,-461.0,-3.0,-1648.0,,,,,,,,,,,,,,,,,,,,,,,,,,
16.100000381469727,,,,,,,,,,,,,,,-0.7375259,-0.8967667,-0.06227112,-0.2762375,-0.5817413,-0.8033752,-0.7209625,-0.9737473,-0.8160896,-0.6229553,-0.8481064,-0.8639603,-0.7434654,-0.776619,-0.6214066,-0.9524612,-7.394119,-1.30262,-0.7633743,0.2763824,-2.968521,-0.05168152,-1.510941,-0.2234268,-1.252129,-0.2541504
16.10832977294922,,,,,,,,,,,,,,,-0.7287369,-0.893837,-0.06324768,-0.2801437,-0.5885773,-0.8063049,-0.71315,-0.9503098,-0.8190193,-0.6180725,-0.842247,-0.8659134,-0.744442,-0.7795486,-0.6175003,-0.9622269,-7.399979,-1.249886,-0.7653275,0.3076324,-2.960709,-0.04582214,-1.520706,-0.2165909,-1.259941,-0.2473145
16.116670608520508,,,,,,,,,,,,,,,-0.7219009,-0.8928604,-0.06227112,-0.2889328,-0.5895538,-0.815094,-0.7053375,-0.9307785,-0.8190193,-0.6141663,-0.8354111,-0.8659134,-0.7473717,-0.7785721,-0.6096878,-0.9690628,-7.405838,-1.196175,-0.7721634,0.3369293,-2.950943,-0.03898621,-1.528519,-0.2038956,-1.270683,-0.239502
16.125,,,,,,,,,,,,,,,-0.715065,-0.8948135,-0.06422424,-0.3006516,-0.591507,-0.8258362,-0.6955719,-0.9151535,-0.8180428,-0.6092834,-0.8285751,-0.8610306,-0.7493248,-0.7756424,-0.6008987,-0.9739456,-7.408768,-1.144417,-0.7741165,0.3623199,-2.945084,-0.03410339,-1.534378,-0.1882706,-1.279472,-0.2307129
16.133329391479492,,,,,,,,,,,,,,,-0.7062759,-0.8977432,-0.06324768,-0.3153,-0.5876007,-0.8365784,-0.6867828,-0.9044113,-0.8190193,-0.6034241,-0.8217392,-0.8561478,-0.7512779,-0.7736893,-0.5911331,-0.9758987,-7.409744,-1.094612,-0.77314,0.386734,-2.945084,-0.03117371,-1.535355,-0.171669,-1.287285,-0.2189941
16.133333333333333,0.0,-244.0,5.0,-31.0,-1.0,-503.0,-2.0,-2218.0,0.0,-4235.0,-1.0,-462.0,-3.0,-1650.0,,,,,,,,,,,,,,,,,,,,,,,,,,
16.14167022705078,,,,,,,,,,,,,,,-0.6974869,-0.902626,-0.06129456,-0.3319016,-0.5827179,-0.8424377,-0.6789703,-0.9005051,-0.8190193,-0.5975647,-0.8158798,-0.8541946,-0.7551842,-0.7736893,-0.5833206,-0.9768753,-7.410721,-1.04969,-0.7702103,0.4062653,-2.94606,-0.02824402,-1.529495,-0.1521378,-1.293144,-0.2043457
16.149999618530273,,,,,,,,,,,,,,,-0.6886978,-0.9075089,-0.06129456,-0.3426437,-0.5749054,-0.8443909,-0.6721344,-0.9005051,-0.821949,-0.5926819,-0.8119736,-0.8493118,-0.7542076,-0.7756424,-0.5784378,-0.9768753,-7.402908,-1.012581,-0.7653275,0.4218903,-2.95192,-0.02336121,-1.518753,-0.1345596,-1.29705,-0.1877441
16.1583309173584,,,,,,,,,,,,,,,-0.6808853,-0.9104385,-0.05934143,-0.3475266,-0.5680695,-0.8395081,-0.6682281,-0.9034348,-0.8239021,-0.5877991,-0.8100204,-0.8454056,-0.7522545,-0.7785721,-0.5745316,-0.9788284,-7.395096,-0.9803543,-0.7584915,0.4326324,-2.960709,-0.01945496,-1.501175,-0.1160049,-1.300957,-0.1691895
16.166666666666668,0.0,-248.0,5.0,-34.0,-1.0,-507.0,-2.0,-2226.0,0.0,-4247.0,-1.0,-459.0,-2.0,-1648.0,,,,,,,,,,,,,,,,,,,,,,,,,,
16.166669845581055,,,,,,,,,,,,,,,-0.6740494,-0.9104385,-0.05738831,-0.3455734,-0.5631866,-0.8268127,-0.6652985,-0.9092941,-0.8268318,-0.5848694,-0.8061142,-0.8395462,-0.7483482,-0.7815018,-0.573555,-0.9807816,-7.384354,-0.952034,-0.7477493,0.4414215,-2.964615,-0.01457214,-1.483597,-0.1003799,-1.303886,-0.1525879
16.174999237060547,,,,,,,,,,,,,,,-0.66819,-0.9075089,-0.05445862,-0.3367844,-0.5583038,-0.8121643,-0.6623688,-0.9200363,-0.8297615,-0.5858459,-0.8041611,-0.8336868,-0.7424889,-0.7824783,-0.5745316,-0.9837112,-7.375565,-0.9305496,-0.7370071,0.4482574,-2.964615,-0.004806519,-1.466019,-0.08768463,-1.301933,-0.138916
16.183330535888672,,,,,,,,,,,,,,,-0.6633072,-0.902626,-0.05055237,-0.3250656,-0.553421,-0.7955627,-0.6594391,-0.9258957,-0.8326912,-0.5848694,-0.8031845,-0.8258743,-0.7356529,-0.7795486,-0.5794144,-0.9876175,-7.366776,-0.9071121,-0.7243118,0.4521637,-2.965591,0.005935669,-1.448441,-0.07694244,-1.29998,-0.1262207
16.191669464111328,,,,,,,,,,,,,,,-0.6613541,-0.8948135,-0.04469299,-0.3035812,-0.5495148,-0.7818909,-0.6565094,-0.9307785,-0.8317146,-0.5829163,-0.8012314,-0.8141556,-0.728817,-0.769783,-0.5842972,-0.9915237,-7.360916,-0.8856277,-0.71064,0.4589996,-2.963638,0.02253723,-1.433792,-0.07010651,-1.29705,-0.1184082
16.2,0.0,-252.0,6.0,-41.0,-1.0,-508.0,-2.0,-2233.0,0.0,-4259.0,-1.0,-457.0,-2.0,-1646.0,,,,,,,,,,,,,,,,,,,,,,,,,,
16.200000762939453,,,,,,,,,,,,,,,-0.6603775,-0.887001,-0.04078674,-0.2820969,-0.5465851,-0.7740784,-0.6526031,-0.9346848,-0.8317146,-0.5838928,-0.8022079,-0.80439,-0.7239342,-0.7531815,-0.5882034,-0.9964066,-7.35994,-0.8631668,-0.6959915,0.4658356,-2.957779,0.04304504,-1.42012,-0.06327057,-1.291191,-0.1135254
16.208330154418945,,,,,,,,,,,,,,,-0.6642838,-0.8811417,-0.03785706,-0.2596359,-0.5436554,-0.7701721,-0.6496735,-0.9366379,-0.8287849,-0.5838928,-0.8051376,-0.7985306,-0.721981,-0.7326736,-0.5930862,-0.9983597,-7.35994,-0.8407059,-0.6832962,0.4726715,-2.949966,0.06452942,-1.408401,-0.05741119,-1.285332,-0.1154785
16.2166690826416,,,,,,,,,,,,,,,-0.66819,-0.8772354,-0.03297424,-0.2410812,-0.5426788,-0.7721252,-0.6496735,-0.938591,-0.8239021,-0.57901,-0.8100204,-0.7936478,-0.7229576,-0.7082596,-0.5950394,-0.9983597,-7.363846,-0.8172684,-0.6676712,0.4863434,-2.94313,0.08406067,-1.398636,-0.05448151,-1.283379,-0.1193848
16.225000381469727,,,,,,,,,,,,,,,-0.6740494,-0.8762589,-0.03199768,-0.2244797,-0.5407257,-0.7770081,-0.6477203,-0.9405441,-0.8180428,-0.5741272,-0.8197861,-0.7936478,-0.7268639,-0.682869,-0.5950394,-0.9934769,-7.371658,-0.7899246,-0.6559525,0.5058746,-2.939224,0.1045685,-1.393753,-0.05252838,-1.279472,-0.1213379
16.23332977294922,,,,,,,,,,,,,,,-0.6769791,-0.8723526,-0.03297424,-0.2147141,-0.5407257,-0.7848206,-0.6477203,-0.9434738,-0.8151131,-0.5682678,-0.8275986,-0.7956009,-0.7317467,-0.6623611,-0.5930862,-0.9856644,-7.381424,-0.764534,-0.6491165,0.5312653,-2.937271,0.1231232,-1.38887,-0.05155182,-1.279472,-0.1203613
16.233333333333334,0.0,-253.0,6.0,-42.0,-1.0,-508.0,-1.0,-2240.0,0.0,-4266.0,-1.0,-458.0,-2.0,-1646.0,,,,,,,,,,,,,,,,,,,,,,,,,,
16.241670608520508,,,,,,,,,,,,,,,-0.6808853,-0.8723526,-0.03492737,-0.2108078,-0.5417023,-0.7955627,-0.6477203,-0.9483566,-0.8102303,-0.5604553,-0.8363876,-0.797554,-0.7327232,-0.6486893,-0.5862503,-0.9749222,-7.387283,-0.7420731,-0.6471634,0.5605621,-2.934341,0.1397247,-1.387894,-0.05155182,-1.279472,-0.114502
16.25,,,,,,,,,,,,,,,-0.6799088,-0.8723526,-0.03981018,-0.2108078,-0.544632,-0.8043518,-0.6457672,-0.9551926,-0.8082771,-0.5516663,-0.842247,-0.8004837,-0.7336998,-0.6428299,-0.5764847,-0.96418,-7.39119,-0.7235184,-0.6452103,0.5927887,-2.934341,0.1504669,-1.390823,-0.05448151,-1.280449,-0.1047363
16.258329391479492,,,,,,,,,,,,,,,-0.6750259,-0.8703995,-0.04176331,-0.2166672,-0.5475616,-0.8121643,-0.6428375,-0.9610519,-0.8053474,-0.5448303,-0.8471298,-0.80439,-0.7317467,-0.6457596,-0.5647659,-0.9534378,-7.395096,-0.7108231,-0.6452103,0.6269684,-2.936295,0.1543732,-1.397659,-0.05838776,-1.280449,-0.09106445
16.266666666666666,0.0,-255.0,5.0,-41.0,-1.0,-506.0,-1.0,-2246.0,0.0,-4271.0,0.0,-462.0,-2.0,-1650.0,,,,,,,,,,,,,,,,,,,,,,,,,,
16.26667022705078,,,,,,,,,,,,,,,-0.66819,-0.8703995,-0.04371643,-0.2274094,-0.5495148,-0.8199768,-0.6389313,-0.9659348,-0.8073006,-0.5389709,-0.8490829,-0.8082962,-0.7278404,-0.6555252,-0.5530472,-0.9426956,-7.397049,-0.7039871,-0.6500931,0.6562653,-2.936295,0.1543732,-1.403519,-0.06327057,-1.277519,-0.07446289
16.274999618530273,,,,,,,,,,,,,,,-0.6584244,-0.8694229,-0.04469299,-0.2401047,-0.5504913,-0.8268127,-0.6330719,-0.9669113,-0.8073006,-0.5340881,-0.8461533,-0.8112259,-0.7239342,-0.6701736,-0.5413284,-0.9319534,-7.392166,-0.7049637,-0.6539993,0.6797028,-2.937271,0.1465607,-1.413284,-0.06912994,-1.270683,-0.06176758
16.2833309173584,,,,,,,,,,,,,,,-0.6486588,-0.8684464,-0.04273987,-0.2498703,-0.5504913,-0.8346252,-0.6281891,-0.9630051,-0.8082771,-0.532135,-0.842247,-0.8151321,-0.7210045,-0.6877518,-0.5296097,-0.9241409,-7.390213,-0.7117996,-0.6539993,0.6943512,-2.937271,0.1348419,-1.421097,-0.07596588,-1.261894,-0.05200195
16.291669845581055,,,,,,,,,,,,,,,-0.6398697,-0.8664932,-0.03883362,-0.2567062,-0.5504913,-0.8404846,-0.6252594,-0.9561691,-0.8082771,-0.5331116,-0.8354111,-0.8239212,-0.721981,-0.707283,-0.5208206,-0.9182816,-7.384354,-0.7254715,-0.6510696,0.7050934,-2.936295,0.1231232,-1.430862,-0.08182526,-1.252129,-0.04614258
16.299999237060547,,,,,,,,,,,,,,,-0.6330338,-0.8655167,-0.03199768,-0.2615891,-0.5504913,-0.8414612,-0.6213531,-0.9464035,-0.8092537,-0.5350647,-0.8305283,-0.8366165,-0.7229576,-0.7248611,-0.5130081,-0.9114456,-7.383377,-0.7401199,-0.6461868,0.7099762,-2.929459,0.1153107,-1.436722,-0.08866119,-1.244316,-0.04418945
16.3,0.0,-254.0,4.0,-43.0,-1.0,-507.0,-2.0,-2254.0,0.0,-4278.0,0.0,-466.0,-1.0,-1656.0,,,,,,,,,,,,,,,,,,,,,,,,,,
16.308330535888672,,,,,,,,,,,,,,,-0.6281509,-0.8645401,-0.02418518,-0.2625656,-0.5504913,-0.8424377,-0.6213531,-0.9356613,-0.8082771,-0.5389709,-0.8236923,-0.851265,-0.7249107,-0.7424393,-0.5081253,-0.90168,-7.380447,-0.7537918,-0.6334915,0.7109528,-2.928482,0.1143341,-1.444534,-0.09256744,-1.238457,-0.0480957
16.316669464111328,,,,,,,,,,,,,,,-0.6252213,-0.862587,-0.01734924,-0.2567062,-0.5514679,-0.8404846,-0.6203766,-0.9288254,-0.8053474,-0.5458069,-0.8178329,-0.8659134,-0.7249107,-0.7590408,-0.5071487,-0.8899612,-7.378494,-0.7655106,-0.6227493,0.7099762,-2.923599,0.1231232,-1.452347,-0.09549713,-1.231621,-0.05102539
16.325000762939453,,,,,,,,,,,,,,,-0.6232681,-0.8616104,-0.01148987,-0.2488937,-0.553421,-0.8365784,-0.6223297,-0.9249191,-0.8024178,-0.5555725,-0.8158798,-0.8776321,-0.7278404,-0.7707596,-0.5081253,-0.8811722,-7.379471,-0.7733231,-0.6081009,0.7099762,-2.919693,0.1397247,-1.461136,-0.09940338,-1.226738,-0.05493164
16.333330154418945,,,,,,,,,,,,,,,-0.621315,-0.862587,-0.005630493,-0.2440109,-0.5592804,-0.8316956,-0.6223297,-0.9249191,-0.7975349,-0.5663147,-0.8168564,-0.8844681,-0.7249107,-0.7795486,-0.5130081,-0.8723831,-7.377518,-0.7762527,-0.5983353,0.7129059,-2.919693,0.1621857,-1.469925,-0.1033096,-1.222832,-0.06079102
16.333333333333332,0.0,-251.0,4.0,-48.0,-1.0,-507.0,-3.0,-2263.0,0.0,-4286.0,0.0,-466.0,-1.0,-1660.0,,,,,,,,,,,,,,,,,,,,,,,,,,
16.3416690826416,,,,,,,,,,,,,,,-0.6164322,-0.8635635,-0.0007476807,-0.2401047,-0.5641632,-0.8248596,-0.6242828,-0.9278488,-0.790699,-0.5751038,-0.8197861,-0.8844681,-0.7200279,-0.7844315,-0.5198441,-0.8665237,-7.378494,-0.7752762,-0.5885696,0.714859,-2.918716,0.1856232,-1.473831,-0.1072159,-1.220879,-0.06860352
16.350000381469727,,,,,,,,,,,,,,,-0.6105728,-0.8674698,0.002182007,-0.237175,-0.5700226,-0.8160706,-0.626236,-0.9366379,-0.7848396,-0.5838928,-0.8246689,-0.8766556,-0.7170982,-0.7844315,-0.5325394,-0.8635941,-7.379471,-0.7713699,-0.5866165,0.7177887,-2.91774,0.2032013,-1.476761,-0.1120987,-1.216972,-0.07641602
16.35832977294922,,,,,,,,,,,,,,,-0.6017838,-0.8723526,0.004135132,-0.237175,-0.5739288,-0.8092346,-0.6291656,-0.9434738,-0.7809334,-0.5887756,-0.8295517,-0.8610306,-0.7161217,-0.7815018,-0.5481644,-0.8635941,-7.380447,-0.7664871,-0.5895462,0.7216949,-2.91774,0.2139435,-1.470901,-0.1169815,-1.214043,-0.08911133
16.366666666666667,0.0,-249.0,3.0,-53.0,-2.0,-508.0,-3.0,-2269.0,0.0,-4295.0,-1.0,-463.0,-1.0,-1662.0,,,,,,,,,,,,,,,,,,,,,,,,,,
16.366670608520508,,,,,,,,,,,,,,,-0.5949478,-0.8801651,0.005111694,-0.2401047,-0.5749054,-0.8014221,-0.6330719,-0.9464035,-0.7789803,-0.5887756,-0.8363876,-0.8385696,-0.7141685,-0.7746658,-0.5647659,-0.8675003,-7.383377,-0.764534,-0.5973587,0.7207184,-2.916763,0.2139435,-1.461136,-0.1228409,-1.20916,-0.1018066
16.375,,,,,,,,,,,,,,,-0.5851822,-0.8860245,0.006088257,-0.2440109,-0.5749054,-0.7906799,-0.6379547,-0.9464035,-0.7819099,-0.5877991,-0.8412704,-0.8141556,-0.7170982,-0.760994,-0.5813675,-0.8753128,-7.387283,-0.764534,-0.6061478,0.7187653,-2.91188,0.2071075,-1.444534,-0.1267471,-1.20623,-0.1154785
16.383329391479492,,,,,,,,,,,,,,,-0.5773697,-0.8889542,0.009017944,-0.2459641,-0.5729523,-0.7809143,-0.641861,-0.9415207,-0.7887459,-0.5848694,-0.8451767,-0.7897415,-0.7200279,-0.7434158,-0.5969925,-0.8850784,-7.392166,-0.7694168,-0.6159134,0.714859,-2.908951,0.1953888,-1.425003,-0.1238174,-1.207207,-0.1311035
16.39167022705078,,,,,,,,,,,,,,,-0.5676041,-0.887001,0.009994507,-0.2469406,-0.5700226,-0.7701721,-0.6438141,-0.9337082,-0.8004646,-0.5809631,-0.8481064,-0.7672806,-0.7239342,-0.7248611,-0.6096878,-0.8967972,-7.397049,-0.7772293,-0.6276321,0.7119293,-2.902115,0.1807404,-1.403519,-0.1199112,-1.210136,-0.1428223
16.399999618530273,,,,,,,,,,,,,,,-0.5636978,-0.8801651,0.009994507,-0.2459641,-0.5651398,-0.7604065,-0.6447906,-0.9210129,-0.8141365,-0.5751038,-0.8471298,-0.750679,-0.7297935,-0.7063065,-0.62043,-0.9085159,-7.400955,-0.7869949,-0.6315384,0.7109528,-2.894302,0.168045,-1.385941,-0.1140518,-1.215996,-0.1564941
16.4,0.0,-248.0,3.0,-56.0,-2.0,-511.0,-3.0,-2273.0,0.0,-4298.0,-1.0,-461.0,-1.0,-1663.0,,,,,,,,,,,,,,,,,,,,,,,,,,
16.4083309173584,,,,,,,,,,,,,,,-0.5617447,-0.8684464,0.009994507,-0.2420578,-0.5622101,-0.7516174,-0.6447906,-0.9053879,-0.8297615,-0.5711975,-0.8471298,-0.7370071,-0.7327232,-0.6877518,-0.6272659,-0.9221878,-7.409744,-0.7996902,-0.6364212,0.7129059,-2.888443,0.159256,-1.375198,-0.109169,-1.225761,-0.1672363
16.416669845581055,,,,,,,,,,,,,,,-0.5597916,-0.855751,0.009994507,-0.2391281,-0.5612335,-0.7408752,-0.6438141,-0.8907394,-0.8414803,-0.5682678,-0.8451767,-0.726265,-0.7395592,-0.6721268,-0.6282425,-0.9378128,-7.41658,-0.8123856,-0.6403275,0.7197418,-2.881607,0.15242,-1.371292,-0.1072159,-1.236504,-0.1760254
16.424999237060547,,,,,,,,,,,,,,,-0.558815,-0.8420792,0.008041382,-0.2361984,-0.5641632,-0.7291565,-0.6399078,-0.8780441,-0.8522224,-0.5653381,-0.8451767,-0.719429,-0.7434654,-0.6613846,-0.6272659,-0.9505081,-7.42244,-0.8221512,-0.6393509,0.7324371,-2.876724,0.1465607,-1.375198,-0.109169,-1.249199,-0.1838379
16.433330535888672,,,,,,,,,,,,,,,-0.5578384,-0.831337,0.003158569,-0.2322922,-0.5670929,-0.7203674,-0.6389313,-0.8682785,-0.8580818,-0.5614319,-0.8442001,-0.7155228,-0.7483482,-0.6584549,-0.6262894,-0.9602737,-7.428299,-0.8348465,-0.6354446,0.746109,-2.877701,0.1397247,-1.389847,-0.1150284,-1.258965,-0.1877441
16.433333333333334,0.0,-248.0,3.0,-50.0,-2.0,-515.0,-3.0,-2275.0,0.0,-4306.0,-1.0,-458.0,-1.0,-1665.0,,,,,,,,,,,,,,,,,,,,,,,,,,
16.441669464111328,,,,,,,,,,,,,,,-0.5568619,-0.8274307,-0.0007476807,-0.2293625,-0.569046,-0.7135315,-0.6389313,-0.8633957,-0.8590584,-0.5555725,-0.842247,-0.7145462,-0.7522545,-0.660408,-0.6262894,-0.9680862,-7.433182,-0.8485184,-0.6295853,0.7578278,-2.878677,0.1309357,-1.408401,-0.1238174,-1.26873,-0.1848145
16.450000762939453,,,,,,,,,,,,,,,-0.5549088,-0.8293839,-0.004653931,-0.2293625,-0.5719757,-0.7066956,-0.6399078,-0.8624191,-0.8571053,-0.5516663,-0.8451767,-0.7174759,-0.7571373,-0.6691971,-0.6272659,-0.9719925,-7.438065,-0.8631668,-0.6227493,0.7666168,-2.885513,0.1162872,-1.432816,-0.1335831,-1.277519,-0.1760254
16.458330154418945,,,,,,,,,,,,,,,-0.5539322,-0.8362198,-0.006607056,-0.2313156,-0.5729523,-0.7037659,-0.6438141,-0.8663254,-0.8522224,-0.5487366,-0.8461533,-0.7233353,-0.760067,-0.6818924,-0.6311722,-0.9710159,-7.439041,-0.8826981,-0.6159134,0.7695465,-2.894302,0.1006622,-1.458206,-0.1384659,-1.282402,-0.1623535
16.466666666666665,-1.0,-249.0,3.0,-41.0,-1.0,-517.0,-3.0,-2279.0,0.0,-4312.0,0.0,-459.0,-1.0,-1671.0,,,,,,,,,,,,,,,,,,,,,,,,,,
16.4666690826416,,,,,,,,,,,,,,,-0.5510025,-0.8440323,-0.008560181,-0.2361984,-0.5700226,-0.7027893,-0.6486969,-0.876091,-0.8434334,-0.5467834,-0.8471298,-0.7301712,-0.7590904,-0.6975174,-0.636055,-0.96418,-7.437088,-0.9061356,-0.6090775,0.7636871,-2.906998,0.08210754,-1.479691,-0.1394424,-1.284355,-0.1437988
16.475000381469727,,,,,,,,,,,,,,,-0.5490494,-0.8508682,-0.009536743,-0.2410812,-0.5661163,-0.705719,-0.6535797,-0.8868332,-0.8356209,-0.54776,-0.8481064,-0.7399368,-0.7571373,-0.7121658,-0.6419144,-0.9514847,-7.431229,-0.9344559,-0.6022415,0.7558746,-2.922623,0.06355286,-1.502151,-0.1374893,-1.285332,-0.1242676
16.48332977294922,,,,,,,,,,,,,,,-0.5461197,-0.8528214,-0.008560181,-0.2469406,-0.5573273,-0.7154846,-0.6584625,-0.8985519,-0.8268318,-0.5487366,-0.8481064,-0.7487259,-0.7542076,-0.7268143,-0.6458206,-0.9339066,-7.425369,-0.9666824,-0.5973587,0.7431793,-2.938248,0.04597473,-1.514847,-0.1326065,-1.288261,-0.1066895
16.491670608520508,,,,,,,,,,,,,,,-0.5451431,-0.8489151,-0.008560181,-0.2557297,-0.5465851,-0.7242737,-0.6623688,-0.9112473,-0.8190193,-0.5506897,-0.8481064,-0.757515,-0.7483482,-0.7375565,-0.6467972,-0.9143753,-7.42244,-0.9998856,-0.5954056,0.730484,-2.952896,0.03523254,-1.523636,-0.1277237,-1.288261,-0.09204102
16.5,-1.0,-248.0,3.0,-40.0,-2.0,-513.0,-2.0,-2285.0,-1.0,-4318.0,-1.0,-463.0,-2.0,-1678.0,-0.5422134,-0.8411026,-0.007583618,-0.2615891,-0.5397491,-0.7340393,-0.6643219,-0.9219894,-0.8102303,-0.5526428,-0.8490829,-0.7614212,-0.744442,-0.7434158,-0.6458206,-0.8938675,-7.42244,-1.036995,-0.5963821,0.7197418,-2.965591,0.03132629,-1.528519,-0.1238174,-1.289238,-0.08520508
16.508329391479492,,,,,,,,,,,,,,,-0.5402603,-0.8284073,-0.007583618,-0.2625656,-0.5309601,-0.7438049,-0.6643219,-0.9327316,-0.8053474,-0.5545959,-0.8500595,-0.7614212,-0.7405357,-0.745369,-0.6389847,-0.8733597,-7.426346,-1.076057,-0.6002884,0.7099762,-2.97731,0.03327942,-1.525589,-0.1277237,-1.291191,-0.08618164
16.51667022705078,,,,,,,,,,,,,,,-0.5353775,-0.815712,-0.007583618,-0.2654953,-0.5270538,-0.752594,-0.6613922,-0.9415207,-0.8014412,-0.5545959,-0.8529892,-0.757515,-0.737606,-0.7443924,-0.6321487,-0.8557816,-7.435135,-1.113167,-0.6051712,0.699234,-2.984146,0.04206848,-1.522659,-0.1326065,-1.289238,-0.09399414
16.524999618530273,,,,,,,,,,,,,,,-0.5304947,-0.8098526,-0.008560181,-0.2664719,-0.5231476,-0.7555237,-0.6584625,-0.9444504,-0.8024178,-0.5575256,-0.8529892,-0.750679,-0.7366295,-0.7424393,-0.6243362,-0.8421097,-7.44783,-1.1493,-0.6129837,0.6865387,-2.989029,0.05281067,-1.512894,-0.1433487,-1.289238,-0.1057129
16.5333309173584,,,,,,,,,,,,,,,-0.5226822,-0.8098526,-0.006607056,-0.2674484,-0.5211945,-0.7545471,-0.6535797,-0.9434738,-0.8043709,-0.563385,-0.8559189,-0.7438431,-0.7366295,-0.7434158,-0.6194534,-0.8352737,-7.465408,-1.185432,-0.6227493,0.6709137,-2.992935,0.06648254,-1.506058,-0.1570206,-1.286308,-0.1213379
16.533333333333335,-1.0,-247.0,3.0,-40.0,-2.0,-509.0,-2.0,-2288.0,-1.0,-4325.0,-2.0,-466.0,-1.0,-1683.0,,,,,,,,,,,,,,,,,,,,,,,,,,
16.541669845581055,,,,,,,,,,,,,,,-0.5168228,-0.815712,-0.003677368,-0.2694016,-0.5202179,-0.7486877,-0.6477203,-0.938591,-0.8102303,-0.5692444,-0.857872,-0.7379837,-0.7395592,-0.7482986,-0.6184769,-0.8342972,-7.482986,-1.218636,-0.6315384,0.6484528,-2.994888,0.07917786,-1.495316,-0.171669,-1.282402,-0.138916
16.549999237060547,,,,,,,,,,,,,,,-0.5138931,-0.8274307,0.0002288818,-0.2723312,-0.5211945,-0.7408752,-0.641861,-0.9298019,-0.8151131,-0.57901,-0.8588486,-0.7340775,-0.7415123,-0.7580643,-0.6194534,-0.8372269,-7.499588,-1.246956,-0.6393509,0.6230621,-2.997818,0.08796692,-1.484573,-0.1882706,-1.277519,-0.1535645
16.558330535888672,,,,,,,,,,,,,,,-0.5109634,-0.8430557,0.005111694,-0.2801437,-0.5202179,-0.7340393,-0.6389313,-0.9171066,-0.8199959,-0.5887756,-0.8568954,-0.735054,-0.7454185,-0.7736893,-0.6253128,-0.8450394,-7.518143,-1.2743,-0.6461868,0.5937653,-2.998795,0.09382629,-1.479691,-0.2048721,-1.272636,-0.1633301
16.566666666666666,0.0,-247.0,2.0,-39.0,-2.0,-507.0,-1.0,-2289.0,-1.0,-4334.0,-2.0,-468.0,-1.0,-1685.0,,,,,,,,,,,,,,,,,,,,,,,,,,
16.566669464111328,,,,,,,,,,,,,,,-0.5080338,-0.8567276,0.009017944,-0.2869797,-0.522171,-0.7262268,-0.6369781,-0.9005051,-0.821949,-0.5956116,-0.8520126,-0.74189,-0.7503014,-0.7941971,-0.6321487,-0.854805,-7.535721,-1.295784,-0.6500931,0.5625153,-2.997818,0.09187317,-1.472855,-0.2234268,-1.270683,-0.1682129
16.575000762939453,,,,,,,,,,,,,,,-0.5070572,-0.8674698,0.01097107,-0.2928391,-0.5260773,-0.721344,-0.6340485,-0.8848801,-0.821949,-0.6034241,-0.8490829,-0.750679,-0.753231,-0.8137283,-0.6409378,-0.8626175,-7.555252,-1.312386,-0.6530228,0.5341949,-2.996841,0.08503723,-1.470901,-0.2380753,-1.272636,-0.1721191
16.583330154418945,,,,,,,,,,,,,,,-0.5041275,-0.8723526,0.01097107,-0.2977219,-0.5280304,-0.7174377,-0.6369781,-0.8692551,-0.8199959,-0.6044006,-0.8432236,-0.7604446,-0.7571373,-0.8293533,-0.6487503,-0.87043,-7.576736,-1.325081,-0.6530228,0.5088043,-2.993912,0.07527161,-1.469925,-0.249794,-1.27459,-0.1711426
16.5916690826416,,,,,,,,,,,,,,,-0.5021744,-0.8723526,0.008041382,-0.3006516,-0.5319366,-0.7154846,-0.6369781,-0.8555832,-0.8160896,-0.5975647,-0.8402939,-0.7692337,-0.7581139,-0.8410721,-0.6546097,-0.8753128,-7.600174,-1.337776,-0.6500931,0.4853668,-2.996841,0.06062317,-1.471878,-0.2605362,-1.280449,-0.1711426
16.6,0.0,-245.0,2.0,-36.0,-2.0,-506.0,-1.0,-2285.0,-1.0,-4341.0,-3.0,-467.0,-1.0,-1685.0,,,,,,,,,,,,,,,,,,,,,,,,,,
16.600000381469727,,,,,,,,,,,,,,,-0.4972916,-0.8703995,0.003158569,-0.3016281,-0.5358429,-0.7154846,-0.6369781,-0.8458176,-0.8131599,-0.5887756,-0.8383408,-0.7770462,-0.7581139,-0.8449783,-0.6546097,-0.8772659,-7.624588,-1.349495,-0.6491165,0.4668121,-2.996841,0.04109192,-1.471878,-0.2673721,-1.289238,-0.1760254
16.60832977294922,,,,,,,,,,,,,,,-0.4943619,-0.8664932,-0.0007476807,-0.3016281,-0.5397491,-0.7154846,-0.6379547,-0.8389816,-0.8121834,-0.5751038,-0.8363876,-0.7838821,-0.7571373,-0.8420486,-0.6546097,-0.8772659,-7.644119,-1.36219,-0.6452103,0.449234,-2.998795,0.02253723,-1.473831,-0.2722549,-1.299004,-0.1838379
16.616670608520508,,,,,,,,,,,,,,,-0.4894791,-0.862587,-0.004653931,-0.3016281,-0.5426788,-0.7145081,-0.6360016,-0.8331223,-0.8131599,-0.5585022,-0.8393173,-0.788765,-0.7571373,-0.8313065,-0.6487503,-0.8733597,-7.663651,-1.380745,-0.6432571,0.433609,-3.006607,0.002029419,-1.472855,-0.2761612,-1.309746,-0.1994629
16.625,,,,,,,,,,,,,,,-0.4855728,-0.8616104,-0.006607056,-0.2967453,-0.5456085,-0.7115784,-0.6340485,-0.8301926,-0.8170662,-0.5419006,-0.8402939,-0.7897415,-0.7561607,-0.8176346,-0.6399612,-0.8684769,-7.678299,-1.403206,-0.6432571,0.4150543,-3.01442,-0.01750183,-1.468948,-0.2820206,-1.321465,-0.2209473
16.633329391479492,,,,,,,,,,,,,,,-0.4836197,-0.8616104,-0.004653931,-0.2938156,-0.544632,-0.7096252,-0.6340485,-0.8282394,-0.8239021,-0.5282288,-0.8412704,-0.7907181,-0.7561607,-0.8029861,-0.6292191,-0.8616409,-7.686111,-1.42762,-0.6491165,0.3984528,-3.022232,-0.03507996,-1.461136,-0.2908096,-1.33416,-0.2434082
16.633333333333333,0.0,-243.0,2.0,-33.0,-2.0,-510.0,-2.0,-2280.0,-1.0,-4345.0,-3.0,-470.0,0.0,-1688.0,,,,,,,,,,,,,,,,,,,,,,,,,,
16.64167022705078,,,,,,,,,,,,,,,-0.4836197,-0.8606339,-0.005630493,-0.2957687,-0.5465851,-0.7096252,-0.6340485,-0.8253098,-0.8336678,-0.5155334,-0.8402939,-0.7936478,-0.7571373,-0.785408,-0.6184769,-0.8538284,-7.691971,-1.452034,-0.6608353,0.3798981,-3.029068,-0.04972839,-1.4543,-0.3035049,-1.345879,-0.2658691
16.649999618530273,,,,,,,,,,,,,,,-0.4826431,-0.8577042,-0.003677368,-0.2957687,-0.5475616,-0.7096252,-0.6369781,-0.8243332,-0.8434334,-0.5057678,-0.8363876,-0.7946243,-0.7581139,-0.7717361,-0.6067581,-0.8469925,-7.691971,-1.479378,-0.6784134,0.3623199,-3.035904,-0.06340027,-1.442581,-0.3201065,-1.35955,-0.2834473
16.6583309173584,,,,,,,,,,,,,,,-0.48069,-0.8489151,-0.003677368,-0.2967453,-0.5485382,-0.7145081,-0.6399078,-0.8233566,-0.853199,-0.4969788,-0.8334579,-0.7956009,-0.7590904,-0.7590408,-0.5999222,-0.8401566,-7.693924,-1.507698,-0.6979446,0.3476715,-3.043716,-0.07609558,-1.434769,-0.3376846,-1.370293,-0.2922363
16.666666666666668,0.0,-243.0,2.0,-34.0,-2.0,-517.0,-2.0,-2278.0,-1.0,-4350.0,-2.0,-475.0,0.0,-1692.0,,,,,,,,,,,,,,,,,,,,,,,,,,
16.666669845581055,,,,,,,,,,,,,,,-0.4777603,-0.8371964,-0.004653931,-0.3026047,-0.5495148,-0.7223206,-0.6457672,-0.8233566,-0.8610115,-0.4920959,-0.8315048,-0.7956009,-0.7571373,-0.7473221,-0.5979691,-0.8342972,-7.691971,-1.536018,-0.719429,0.3339996,-3.049576,-0.08390808,-1.428909,-0.3523331,-1.379082,-0.2961426
16.674999237060547,,,,,,,,,,,,,,,-0.4699478,-0.8215714,-0.007583618,-0.3123703,-0.5514679,-0.7330627,-0.6526031,-0.8243332,-0.8619881,-0.4911194,-0.8295517,-0.7936478,-0.7561607,-0.7404861,-0.5979691,-0.8323441,-7.690994,-1.568245,-0.7409134,0.3203278,-3.056412,-0.08781433,-1.425003,-0.3640518,-1.385918,-0.2932129
16.683330535888672,,,,,,,,,,,,,,,-0.4592056,-0.8030167,-0.01344299,-0.3260422,-0.5553741,-0.7457581,-0.6594391,-0.8253098,-0.8610115,-0.4891663,-0.8295517,-0.7907181,-0.7561607,-0.738533,-0.6018753,-0.8342972,-7.690994,-1.605354,-0.7565384,0.3056793,-3.064224,-0.08976746,-1.426956,-0.3728409,-1.388847,-0.2893066
16.691669464111328,,,,,,,,,,,,,,,-0.4455338,-0.7854385,-0.02027893,-0.3416672,-0.560257,-0.7594299,-0.6652985,-0.8272629,-0.8551521,-0.4881897,-0.8305283,-0.7868118,-0.753231,-0.7414627,-0.6087112,-0.8401566,-7.688065,-1.645393,-0.7633743,0.2890778,-3.072037,-0.09074402,-1.432816,-0.3767471,-1.388847,-0.2873535
16.7,0.0,-244.0,3.0,-37.0,-2.0,-524.0,-2.0,-2281.0,-1.0,-4356.0,-3.0,-480.0,0.0,-1698.0,,,,,,,,,,,,,,,,,,,,,,,,,,
16.700000762939453,,,,,,,,,,,,,,,-0.4299088,-0.7717667,-0.02711487,-0.3563156,-0.5661163,-0.7691956,-0.6711578,-0.8331223,-0.8463631,-0.4901428,-0.8305283,-0.781929,-0.7522545,-0.7502518,-0.6145706,-0.8489456,-7.688065,-1.688362,-0.7643509,0.2705231,-3.077896,-0.08781433,-1.442581,-0.3718643,-1.383965,-0.2873535
16.708330154418945,,,,,,,,,,,,,,,-0.4162369,-0.762001,-0.03102112,-0.3680344,-0.5709991,-0.7750549,-0.6740875,-0.8380051,-0.8336678,-0.4950256,-0.8285751,-0.7799759,-0.753231,-0.7619705,-0.6214066,-0.8635941,-7.689041,-1.733284,-0.7604446,0.2490387,-3.090591,-0.08781433,-1.45137,-0.3650284,-1.378105,-0.2883301
16.7166690826416,,,,,,,,,,,,,,,-0.4054947,-0.7571182,-0.03492737,-0.3738937,-0.5778351,-0.7779846,-0.6740875,-0.8409348,-0.8229256,-0.5018616,-0.8275986,-0.781929,-0.753231,-0.7775955,-0.6223831,-0.8762894,-7.693924,-1.772346,-0.7497025,0.2246246,-3.09938,-0.09367371,-1.464066,-0.3552628,-1.370293,-0.2941895
16.725000381469727,,,,,,,,,,,,,,,-0.3957291,-0.7561417,-0.03297424,-0.3738937,-0.5807648,-0.7740784,-0.6701813,-0.8467941,-0.8121834,-0.5116272,-0.8256454,-0.781929,-0.7561607,-0.7932205,-0.6243362,-0.8880081,-7.70076,-1.804573,-0.7428665,0.1972809,-3.10524,-0.1044159,-1.473831,-0.3445206,-1.35955,-0.302002
16.73332977294922,,,,,,,,,,,,,,,-0.3947525,-0.7571182,-0.03004456,-0.3690109,-0.584671,-0.768219,-0.6633453,-0.8536301,-0.8033943,-0.5243225,-0.8227158,-0.7829056,-0.7581139,-0.8059158,-0.6262894,-0.8977737,-7.707596,-1.831917,-0.735054,0.1709137,-3.114029,-0.1239471,-1.48262,-0.3347549,-1.346855,-0.3059082
16.733333333333334,0.0,-244.0,4.0,-41.0,-1.0,-528.0,-2.0,-2287.0,-1.0,-4360.0,-3.0,-482.0,0.0,-1707.0,,,,,,,,,,,,,,,,,,,,,,,,,,
16.741670608520508,,,,,,,,,,,,,,,-0.3976822,-0.7571182,-0.02320862,-0.3572922,-0.584671,-0.7613831,-0.6526031,-0.8594894,-0.7994881,-0.5370178,-0.8207626,-0.7829056,-0.7590904,-0.8147049,-0.6262894,-0.8997269,-7.719315,-1.853401,-0.7301712,0.1425934,-3.123795,-0.1512909,-1.48848,-0.3269424,-1.340019,-0.3068848
16.75,,,,,,,,,,,,,,,-0.4064713,-0.7571182,-0.01441956,-0.3436203,-0.5797882,-0.7545471,-0.6438141,-0.8673019,-0.8014412,-0.5516663,-0.8217392,-0.7770462,-0.7590904,-0.8205643,-0.6253128,-0.8938675,-7.731033,-1.870003,-0.7272415,0.1132965,-3.126724,-0.1835175,-1.494339,-0.3240128,-1.33416,-0.3049316
16.758329391479492,,,,,,,,,,,,,,,-0.4133072,-0.7571182,-0.007583618,-0.3328781,-0.5739288,-0.7516174,-0.6369781,-0.8751144,-0.8033943,-0.5653381,-0.8236923,-0.7672806,-0.7581139,-0.8186111,-0.6272659,-0.8850784,-7.741776,-1.884651,-0.7282181,0.07911682,-3.13063,-0.2167206,-1.499222,-0.3230362,-1.33416,-0.302002
16.766666666666666,-1.0,-249.0,4.0,-48.0,-1.0,-529.0,-3.0,-2293.0,0.0,-4365.0,-3.0,-479.0,-1.0,-1713.0,,,,,,,,,,,,,,,,,,,,,,,,,,
16.76667022705078,,,,,,,,,,,,,,,-0.4211197,-0.7541885,-0.004653931,-0.3260422,-0.5670929,-0.7496643,-0.6320953,-0.8829269,-0.8141365,-0.5770569,-0.826622,-0.7555618,-0.7561607,-0.8137283,-0.6272659,-0.8714066,-7.751541,-1.902229,-0.7311478,0.04298401,-3.131607,-0.2499237,-1.505081,-0.3249893,-1.336113,-0.3000488
16.774999618530273,,,,,,,,,,,,,,,-0.4240494,-0.7512589,-0.003677368,-0.3240891,-0.560257,-0.7545471,-0.6330719,-0.8946457,-0.821949,-0.5858459,-0.8295517,-0.7409134,-0.7542076,-0.8068924,-0.6262894,-0.8587112,-7.761307,-1.92469,-0.7360306,0.001968384,-3.135513,-0.278244,-1.508011,-0.3288956,-1.342949,-0.2980957
16.7833309173584,,,,,,,,,,,,,,,-0.4230728,-0.746376,-0.008560181,-0.3289719,-0.5553741,-0.7594299,-0.6379547,-0.907341,-0.8287849,-0.5917053,-0.8315048,-0.7282181,-0.7503014,-0.7971268,-0.6243362,-0.8469925,-7.773026,-1.952034,-0.7409134,-0.03904724,-3.137466,-0.2958221,-1.510941,-0.3318253,-1.351738,-0.2990723
16.791669845581055,,,,,,,,,,,,,,,-0.4172134,-0.7453995,-0.01637268,-0.3397141,-0.5514679,-0.7643127,-0.6447906,-0.9219894,-0.8317146,-0.5917053,-0.8324814,-0.7213821,-0.7493248,-0.7893143,-0.62043,-0.8411331,-7.786697,-1.981331,-0.7467728,-0.07810974,-3.141373,-0.3036346,-1.510941,-0.3357315,-1.361504,-0.302002
16.799999237060547,,,,,,,,,,,,,,,-0.4074478,-0.7444229,-0.02613831,-0.3504562,-0.5495148,-0.768219,-0.65065,-0.9366379,-0.8287849,-0.5897522,-0.8324814,-0.7243118,-0.7493248,-0.785408,-0.6116409,-0.8411331,-7.802322,-2.013557,-0.7516556,-0.113266,-3.148209,-0.3046112,-1.508987,-0.3386612,-1.372246,-0.3078613
16.8,-1.0,-253.0,4.0,-51.0,-1.0,-529.0,-3.0,-2299.0,0.0,-4369.0,-3.0,-473.0,-1.0,-1715.0,,,,,,,,,,,,,,,,,,,,,,,,,,
16.808330535888672,,,,,,,,,,,,,,,-0.3957291,-0.7424698,-0.03688049,-0.362175,-0.5495148,-0.7711487,-0.6545563,-0.9503098,-0.8229256,-0.5809631,-0.8344345,-0.7360306,-0.7503014,-0.7834549,-0.6038284,-0.8460159,-7.815018,-2.045784,-0.7526321,-0.1425629,-3.156998,-0.2987518,-1.506058,-0.3386612,-1.382011,-0.3146973
16.816669464111328,,,,,,,,,,,,,,,-0.3849869,-0.7414932,-0.04566956,-0.3709641,-0.5514679,-0.7691956,-0.6584625,-0.9630051,-0.8102303,-0.5672913,-0.8363876,-0.750679,-0.7522545,-0.7844315,-0.5950394,-0.8538284,-7.827713,-2.071175,-0.7565384,-0.1640472,-3.169693,-0.2889862,-1.506058,-0.3386612,-1.387871,-0.3234863
16.825000762939453,,,,,,,,,,,,,,,-0.3742447,-0.7395401,-0.04957581,-0.3738937,-0.5524445,-0.7633362,-0.6565094,-0.9717941,-0.7965584,-0.5506897,-0.8393173,-0.7692337,-0.7561607,-0.792244,-0.5852737,-0.8626175,-7.834549,-2.096565,-0.7614212,-0.1786957,-3.183365,-0.2801971,-1.505081,-0.3396378,-1.395683,-0.3322754
16.833330154418945,,,,,,,,,,,,,,,-0.3693619,-0.7366104,-0.05055237,-0.3709641,-0.553421,-0.7565002,-0.6535797,-0.9757004,-0.7848396,-0.5340881,-0.8451767,-0.7916946,-0.7590904,-0.8000565,-0.5794144,-0.8733597,-7.833572,-2.11805,-0.7653275,-0.1874847,-3.194107,-0.2714081,-1.505081,-0.343544,-1.401543,-0.3400879
16.833333333333332,-1.0,-256.0,4.0,-47.0,-1.0,-527.0,-3.0,-2307.0,0.0,-4370.0,-3.0,-470.0,-1.0,-1716.0,,,,,,,,,,,,,,,,,,,,,,,,,,
16.8416690826416,,,,,,,,,,,,,,,-0.3674088,-0.7346573,-0.04957581,-0.3660812,-0.5553741,-0.7486877,-0.6516266,-0.9757004,-0.775074,-0.5174866,-0.8510361,-0.8112259,-0.760067,-0.807869,-0.5745316,-0.8801956,-7.830643,-2.135628,-0.7702103,-0.1952972,-3.206802,-0.2675018,-1.511917,-0.3503799,-1.403496,-0.3479004
16.850000381469727,,,,,,,,,,,,,,,-0.3664322,-0.7297745,-0.04664612,-0.3563156,-0.5553741,-0.7428284,-0.6496735,-0.9737473,-0.7692146,-0.5047913,-0.857872,-0.8268509,-0.760067,-0.816658,-0.5745316,-0.8841019,-7.821854,-2.150276,-0.7750931,-0.2021332,-3.214615,-0.2684784,-1.522659,-0.3601456,-1.404472,-0.3547363
16.85832977294922,,,,,,,,,,,,,,,-0.3674088,-0.7278214,-0.04371643,-0.34655,-0.5553741,-0.7379456,-0.6496735,-0.9688644,-0.7682381,-0.4979553,-0.8637314,-0.8395462,-0.7581139,-0.8225174,-0.5803909,-0.8841019,-7.811111,-2.169807,-0.781929,-0.2118988,-3.220474,-0.2743378,-1.535355,-0.3728409,-1.402519,-0.3596191
16.866666666666667,0.0,-258.0,4.0,-41.0,-1.0,-522.0,-3.0,-2317.0,0.0,-4372.0,-3.0,-471.0,-1.0,-1718.0,,,,,,,,,,,,,,,,,,,,,,,,,,
16.866670608520508,,,,,,,,,,,,,,,-0.3683853,-0.730751,-0.04176331,-0.3397141,-0.553421,-0.7359924,-0.6496735,-0.9639816,-0.7740974,-0.4969788,-0.8676376,-0.8493118,-0.7551842,-0.8244705,-0.5862503,-0.8811722,-7.805252,-2.188362,-0.788765,-0.2216644,-3.222427,-0.2811737,-1.550003,-0.390419,-1.39959,-0.3635254
16.875,,,,,,,,,,,,,,,-0.3693619,-0.7366104,-0.04176331,-0.3367844,-0.5504913,-0.7350159,-0.6526031,-0.9581223,-0.7828865,-0.500885,-0.8725204,-0.8561478,-0.7512779,-0.8283768,-0.5930862,-0.8743362,-7.806229,-2.2118,-0.7916946,-0.2343597,-3.222427,-0.2860565,-1.563675,-0.4109268,-1.394707,-0.3664551
16.883329391479492,,,,,,,,,,,,,,,-0.3664322,-0.7453995,-0.04566956,-0.3358078,-0.5495148,-0.7350159,-0.6545563,-0.9522629,-0.7926521,-0.5086975,-0.8725204,-0.8620071,-0.7493248,-0.832283,-0.5999222,-0.8665237,-7.812088,-2.238167,-0.7916946,-0.2490082,-3.223404,-0.2880096,-1.577347,-0.4314346,-1.389824,-0.3693848
16.89167022705078,,,,,,,,,,,,,,,-0.3595963,-0.7590714,-0.05055237,-0.3367844,-0.5465851,-0.7359924,-0.657486,-0.9483566,-0.8092537,-0.5223694,-0.8705673,-0.8649368,-0.7473717,-0.8371658,-0.6038284,-0.8557816,-7.826736,-2.267464,-0.7907181,-0.2656097,-3.221451,-0.2889862,-1.589066,-0.4480362,-1.387871,-0.3742676
16.899999618530273,,,,,,,,,,,,,,,-0.3537369,-0.7737198,-0.05641174,-0.3397141,-0.5465851,-0.7379456,-0.6594391,-0.9444504,-0.8209724,-0.5340881,-0.8676376,-0.8659134,-0.7483482,-0.8430252,-0.6057816,-0.8450394,-7.846268,-2.303596,-0.7897415,-0.2841644,-3.221451,-0.2880096,-1.598831,-0.4646378,-1.391777,-0.3859863
16.9,0.0,-259.0,4.0,-38.0,-1.0,-519.0,-3.0,-2326.0,0.0,-4379.0,-3.0,-475.0,-1.0,-1719.0,,,,,,,,,,,,,,,,,,,,,,,,,,
16.9083309173584,,,,,,,,,,,,,,,-0.3449478,-0.7893448,-0.06227112,-0.3416672,-0.5465851,-0.7408752,-0.6604156,-0.9415207,-0.8336678,-0.5399475,-0.8627548,-0.8639603,-0.7503014,-0.8498611,-0.6038284,-0.8372269,-7.868729,-2.340706,-0.7907181,-0.3036957,-3.220474,-0.2870331,-1.601761,-0.4773331,-1.397636,-0.4016113
16.916669845581055,,,,,,,,,,,,,,,-0.3361588,-0.8078995,-0.06520081,-0.3416672,-0.5504913,-0.7457581,-0.6604156,-0.9376144,-0.8414803,-0.5438538,-0.857872,-0.8590775,-0.7551842,-0.8586502,-0.5999222,-0.8313675,-7.889236,-2.373909,-0.7965775,-0.3251801,-3.218521,-0.2889862,-1.603714,-0.4861221,-1.407402,-0.4250488
16.924999237060547,,,,,,,,,,,,,,,-0.3283463,-0.8215714,-0.06617737,-0.3377609,-0.5553741,-0.7545471,-0.6584625,-0.9327316,-0.8453865,-0.5448303,-0.8559189,-0.8541946,-0.7590904,-0.8645096,-0.5940628,-0.8294144,-7.912674,-2.408089,-0.8053665,-0.3505707,-3.213638,-0.2958221,-1.599808,-0.4939346,-1.418144,-0.451416
16.933330535888672,,,,,,,,,,,,,,,-0.3224869,-0.8293839,-0.06422424,-0.3319016,-0.5612335,-0.7643127,-0.6565094,-0.9278488,-0.8453865,-0.5419006,-0.8549423,-0.8473587,-0.760067,-0.8664627,-0.5901566,-0.8303909,-7.931229,-2.438362,-0.8180618,-0.3759613,-3.207779,-0.3055878,-1.595901,-0.5027237,-1.429863,-0.4807129
16.933333333333334,0.0,-259.0,3.0,-39.0,-1.0,-521.0,-3.0,-2330.0,0.0,-4386.0,-3.0,-478.0,-2.0,-1719.0,,,,,,,,,,,,,,,,,,,,,,,,,,
16.941669464111328,,,,,,,,,,,,,,,-0.3176041,-0.8371964,-0.06031799,-0.3240891,-0.5680695,-0.7721252,-0.6545563,-0.9239426,-0.8395271,-0.5360413,-0.857872,-0.8395462,-0.7639732,-0.8654861,-0.5872269,-0.8333206,-7.951736,-2.463753,-0.8346634,-0.4013519,-3.20192,-0.3221893,-1.591019,-0.515419,-1.436699,-0.5109863
16.950000762939453,,,,,,,,,,,,,,,-0.3156509,-0.8420792,-0.05543518,-0.3182297,-0.5700226,-0.7789612,-0.6526031,-0.9200363,-0.8317146,-0.532135,-0.8627548,-0.8317337,-0.7639732,-0.8625565,-0.5862503,-0.83918,-7.966385,-2.482307,-0.8551712,-0.4296722,-3.195084,-0.3397675,-1.58223,-0.531044,-1.442558,-0.5344238
16.958330154418945,,,,,,,,,,,,,,,-0.3166275,-0.8430557,-0.04957581,-0.3133469,-0.5680695,-0.7799377,-0.6516266,-0.9171066,-0.821949,-0.532135,-0.8686142,-0.8258743,-0.7629967,-0.8576736,-0.5862503,-0.8479691,-7.975174,-2.495979,-0.875679,-0.457016,-3.188248,-0.3553925,-1.574417,-0.5525284,-1.441582,-0.5510254
16.966666666666665,0.0,-260.0,3.0,-42.0,-1.0,-526.0,-3.0,-2331.0,0.0,-4396.0,-3.0,-481.0,-2.0,-1721.0,,,,,,,,,,,,,,,,,,,,,,,,,,
16.9666690826416,,,,,,,,,,,,,,,-0.3205338,-0.8430557,-0.04664612,-0.3153,-0.5651398,-0.7779846,-0.65065,-0.9180832,-0.8131599,-0.5379944,-0.8754501,-0.8180618,-0.7610435,-0.8527908,-0.5901566,-0.8567581,-7.982986,-2.507698,-0.8961868,-0.4824066,-3.189224,-0.3680878,-1.568558,-0.5759659,-1.435722,-0.5578613
16.975000381469727,,,,,,,,,,,,,,,-0.3254166,-0.8420792,-0.04273987,-0.3192062,-0.5592804,-0.7721252,-0.65065,-0.922966,-0.8053474,-0.5487366,-0.8813095,-0.8082962,-0.7581139,-0.8498611,-0.5960159,-0.8655472,-7.982986,-2.51844,-0.913765,-0.5048676,-3.19313,-0.3759003,-1.561722,-0.5974503,-1.42791,-0.5568848
16.98332977294922,,,,,,,,,,,,,,,-0.3322525,-0.8440323,-0.03981018,-0.3231125,-0.5524445,-0.7662659,-0.6535797,-0.9298019,-0.8033943,-0.5663147,-0.8842392,-0.7965775,-0.7551842,-0.8459549,-0.604805,-0.8753128,-7.975174,-2.530159,-0.9332962,-0.5243988,-3.202896,-0.3807831,-1.560745,-0.6140518,-1.421074,-0.552002
16.991670608520508,,,,,,,,,,,,,,,-0.3410416,-0.8489151,-0.03688049,-0.3289719,-0.5436554,-0.7613831,-0.6565094,-0.9424973,-0.8053474,-0.5858459,-0.8852158,-0.7858353,-0.7522545,-0.8420486,-0.6135941,-0.8850784,-7.961502,-2.540901,-0.945015,-0.5390472,-3.216568,-0.3846893,-1.559769,-0.624794,-1.416191,-0.5432129
17.0,0.0,-262.0,3.0,-45.0,0.0,-534.0,-3.0,-2330.0,0.0,-4408.0,-3.0,-485.0,-2.0,-1724.0,-0.3527603,-0.8528214,-0.03199768,-0.330925,-0.5387726,-0.7584534,-0.6584625,-0.9571457,-0.8102303,-0.6063538,-0.8871689,-0.7711868,-0.7483482,-0.8420486,-0.6253128,-0.8928909,-7.942947,-2.550667,-0.9518509,-0.5517426,-3.232193,-0.3895721,-1.562698,-0.6287003,-1.414238,-0.5344238
17.008329391479492,,,,,,,,,,,,,,,-0.3635025,-0.8606339,-0.02906799,-0.3279953,-0.5368195,-0.7604065,-0.6613922,-0.9708176,-0.8180428,-0.6219788,-0.8861923,-0.7584915,-0.7473717,-0.8371658,-0.6350784,-0.8987503,-7.92244,-2.557503,-0.9557571,-0.5595551,-3.247818,-0.3954315,-1.570511,-0.6228409,-1.413261,-0.5246582
17.01667022705078,,,,,,,,,,,,,,,-0.3732681,-0.8684464,-0.02809143,-0.3182297,-0.5358429,-0.7652893,-0.6633453,-0.9805832,-0.8258553,-0.6346741,-0.8871689,-0.7477493,-0.7454185,-0.8283768,-0.6448441,-0.9007034,-7.906815,-2.561409,-0.9498978,-0.5644379,-3.260513,-0.4071503,-1.580276,-0.6140518,-1.413261,-0.5158691
17.024999618530273,,,,,,,,,,,,,,,-0.3810806,-0.8733292,-0.02711487,-0.3016281,-0.537796,-0.7701721,-0.6652985,-0.9874191,-0.8346443,-0.6395569,-0.8871689,-0.7389603,-0.7434654,-0.8176346,-0.6546097,-0.8997269,-7.898026,-2.563362,-0.9391556,-0.5712738,-3.271255,-0.4217987,-1.593948,-0.6023331,-1.414238,-0.5109863
17.0333309173584,,,,,,,,,,,,,,,-0.3859634,-0.8772354,-0.02711487,-0.28405,-0.5397491,-0.7750549,-0.666275,-0.9903488,-0.8434334,-0.6346741,-0.8861923,-0.735054,-0.744442,-0.8068924,-0.6633987,-0.8928909,-7.897049,-2.565315,-0.9254837,-0.5810394,-3.279068,-0.4403534,-1.603714,-0.5925674,-1.413261,-0.5061035
17.033333333333335,0.0,-263.0,2.0,-44.0,0.0,-541.0,-4.0,-2332.0,0.0,-4420.0,-3.0,-487.0,-2.0,-1727.0,,,,,,,,,,,,,,,,,,,,,,,,,,
17.041669845581055,,,,,,,,,,,,,,,-0.3859634,-0.8723526,-0.02809143,-0.2645187,-0.544632,-0.7760315,-0.6692047,-0.9883957,-0.8502693,-0.6249084,-0.8871689,-0.7370071,-0.7463951,-0.7941971,-0.6702347,-0.8850784,-7.906815,-2.570198,-0.9088821,-0.5947113,-3.281998,-0.4618378,-1.614456,-0.5876846,-1.412285,-0.5002441
17.049999237060547,,,,,,,,,,,,,,,-0.3840103,-0.8616104,-0.02906799,-0.2479172,-0.5504913,-0.7750549,-0.673111,-0.9815598,-0.8551521,-0.6122131,-0.8871689,-0.7467728,-0.7493248,-0.7824783,-0.6760941,-0.8762894,-7.92244,-2.582893,-0.8942337,-0.6113129,-3.282974,-0.4823456,-1.619339,-0.5886612,-1.408379,-0.498291
17.058330535888672,,,,,,,,,,,,,,,-0.3791275,-0.8479385,-0.02809143,-0.2361984,-0.5592804,-0.7721252,-0.6799469,-0.9737473,-0.8610115,-0.5985413,-0.8861923,-0.7623978,-0.753231,-0.7746658,-0.6809769,-0.8665237,-7.942947,-2.604378,-0.8815384,-0.6298676,-3.282974,-0.5057831,-1.625198,-0.5925674,-1.405449,-0.4973145
17.066666666666666,0.0,-266.0,2.0,-45.0,-1.0,-544.0,-3.0,-2335.0,-1.0,-4432.0,-3.0,-488.0,-2.0,-1732.0,,,,,,,,,,,,,,,,,,,,,,,,,,
17.066669464111328,,,,,,,,,,,,,,,-0.3732681,-0.8352432,-0.02516174,-0.2322922,-0.5700226,-0.7691956,-0.6877594,-0.9669113,-0.8649178,-0.5877991,-0.8832626,-0.7838821,-0.7581139,-0.7717361,-0.68293,-0.8567581,-7.964432,-2.633675,-0.875679,-0.6513519,-3.283951,-0.528244,-1.625198,-0.6023331,-1.400566,-0.5002441
17.075000762939453,,,,,,,,,,,,,,,-0.3674088,-0.8225479,-0.02125549,-0.2391281,-0.5788116,-0.768219,-0.6965485,-0.9630051,-0.8668709,-0.5819397,-0.8793564,-0.8102493,-0.7620201,-0.7717361,-0.6839066,-0.8479691,-7.98201,-2.666878,-0.8776321,-0.6738129,-3.280045,-0.550705,-1.622269,-0.6169815,-1.395683,-0.5090332
17.083330154418945,,,,,,,,,,,,,,,-0.3635025,-0.8166885,-0.01637268,-0.2518234,-0.5885773,-0.768219,-0.7014313,-0.9620285,-0.8649178,-0.5819397,-0.8744736,-0.8375931,-0.768856,-0.7775955,-0.6819534,-0.8421097,-7.994705,-2.703011,-0.8834915,-0.6952972,-3.275162,-0.5721893,-1.622269,-0.6355362,-1.39373,-0.520752
17.0916690826416,,,,,,,,,,,,,,,-0.3605728,-0.815712,-0.01051331,-0.2694016,-0.5993195,-0.7711487,-0.7072906,-0.9669113,-0.8629646,-0.5868225,-0.8705673,-0.8629837,-0.7727623,-0.7844315,-0.6780472,-0.8382034,-8.000565,-2.735237,-0.8971634,-0.7148285,-3.269302,-0.5887909,-1.622269,-0.6521378,-1.391777,-0.5334473
17.1,0.0,-268.0,3.0,-48.0,-1.0,-548.0,-4.0,-2340.0,-1.0,-4445.0,-2.0,-488.0,-1.0,-1735.0,,,,,,,,,,,,,,,,,,,,,,,,,,
17.100000381469727,,,,,,,,,,,,,,,-0.3625259,-0.8215714,-0.007583618,-0.2879562,-0.6061554,-0.7779846,-0.7072906,-0.9717941,-0.8580818,-0.5936584,-0.8637314,-0.8815384,-0.7747154,-0.7932205,-0.6702347,-0.8382034,-8.000565,-2.761604,-0.9157181,-0.7294769,-3.265396,-0.6024628,-1.624222,-0.6658096,-1.391777,-0.5480957
17.10832977294922,,,,,,,,,,,,,,,-0.3635025,-0.8342667,-0.007583618,-0.3035812,-0.6100616,-0.7828674,-0.7063141,-0.9757004,-0.8502693,-0.5985413,-0.8568954,-0.891304,-0.7766685,-0.7981033,-0.6633987,-0.8401566,-7.998611,-2.778206,-0.9362259,-0.7411957,-3.262466,-0.6151581,-1.629105,-0.6785049,-1.391777,-0.5627441
17.116670608520508,,,,,,,,,,,,,,,-0.3664322,-0.8489151,-0.008560181,-0.3153,-0.607132,-0.7857971,-0.6994781,-0.9776535,-0.8405037,-0.6004944,-0.8500595,-0.8922806,-0.7776451,-0.801033,-0.6526566,-0.8450394,-7.994705,-2.786018,-0.9528275,-0.7519379,-3.265396,-0.6239471,-1.630081,-0.6892471,-1.39666,-0.5754395
17.125,,,,,,,,,,,,,,,-0.3703384,-0.8616104,-0.01246643,-0.3221359,-0.6022491,-0.7887268,-0.6926422,-0.9766769,-0.8317146,-0.5965881,-0.8451767,-0.8805618,-0.7795982,-0.8039627,-0.6448441,-0.8557816,-7.989822,-2.786018,-0.9743118,-0.7597504,-3.267349,-0.62883,-1.633987,-0.6941299,-1.397636,-0.5852051
17.133329391479492,,,,,,,,,,,,,,,-0.3752213,-0.8762589,-0.01734924,-0.3250656,-0.5934601,-0.7897034,-0.6867828,-0.9727707,-0.8268318,-0.5868225,-0.8402939,-0.8649368,-0.7825279,-0.8020096,-0.6380081,-0.8655472,-7.988846,-2.784065,-0.9879837,-0.7665863,-3.276138,-0.6298065,-1.639847,-0.6941299,-1.398613,-0.592041
17.133333333333333,0.0,-272.0,3.0,-49.0,-2.0,-551.0,-4.0,-2346.0,-1.0,-4455.0,-2.0,-486.0,-1.0,-1737.0,,,,,,,,,,,,,,,,,,,,,,,,,,
17.14167022705078,,,,,,,,,,,,,,,-0.3791275,-0.8899307,-0.02223206,-0.3250656,-0.5836945,-0.7867737,-0.6799469,-0.9659348,-0.821949,-0.5731506,-0.8383408,-0.8454056,-0.7854576,-0.8029861,-0.6301956,-0.8762894,-7.985916,-2.781136,-0.9938431,-0.7714691,-3.285904,-0.6298065,-1.640823,-0.6921768,-1.400566,-0.5949707
17.149999618530273,,,,,,,,,,,,,,,-0.3810806,-0.8996964,-0.02613831,-0.3250656,-0.575882,-0.7828674,-0.6750641,-0.9581223,-0.821949,-0.5585022,-0.8354111,-0.8248978,-0.7874107,-0.8049393,-0.6253128,-0.8880081,-7.989822,-2.778206,-0.9977493,-0.7783051,-3.296646,-0.6278534,-1.642776,-0.6882706,-1.401543,-0.5969238
17.1583309173584,,,,,,,,,,,,,,,-0.3840103,-0.909462,-0.02809143,-0.3270187,-0.5661163,-0.7799377,-0.6711578,-0.9512863,-0.8248787,-0.5467834,-0.8373642,-0.8102493,-0.791317,-0.8068924,-0.6194534,-0.8987503,-7.992752,-2.781136,-0.9957962,-0.7841644,-3.303482,-0.6249237,-1.643753,-0.6853409,-1.402519,-0.598877
17.166666666666668,0.0,-274.0,3.0,-50.0,-3.0,-554.0,-4.0,-2347.0,-1.0,-4463.0,-2.0,-485.0,-1.0,-1735.0,,,,,,,,,,,,,,,,,,,,,,,,,,
17.166669845581055,,,,,,,,,,,,,,,-0.3849869,-0.9192276,-0.02711487,-0.3319016,-0.5612335,-0.7799377,-0.6701813,-0.9464035,-0.8297615,-0.5399475,-0.842247,-0.8024368,-0.7932701,-0.8117752,-0.6175003,-0.9085159,-8.000565,-2.788948,-0.9909134,-0.7890472,-3.306412,-0.621994,-1.642776,-0.6843643,-1.403496,-0.6008301
17.174999237060547,,,,,,,,,,,,,,,-0.3830338,-0.9241104,-0.02613831,-0.3377609,-0.5583038,-0.7809143,-0.6672516,-0.9405441,-0.8336678,-0.5419006,-0.8481064,-0.8014603,-0.7932701,-0.8176346,-0.6135941,-0.9143753,-8.009354,-2.801643,-0.9860306,-0.7968597,-3.307388,-0.6190643,-1.6418,-0.6853409,-1.406425,-0.6047363
17.183330535888672,,,,,,,,,,,,,,,-0.3781509,-0.9260635,-0.02223206,-0.3445969,-0.5553741,-0.7857971,-0.666275,-0.9376144,-0.8395271,-0.5497131,-0.8568954,-0.8063431,-0.7893639,-0.8205643,-0.6106644,-0.9163284,-8.021072,-2.815315,-0.9811478,-0.8036957,-3.306412,-0.6161346,-1.63887,-0.6912003,-1.411308,-0.6096191
17.191669464111328,,,,,,,,,,,,,,,-0.3703384,-0.9241104,-0.01930237,-0.34655,-0.5563507,-0.7945862,-0.6652985,-0.9346848,-0.8434334,-0.5643616,-0.8695908,-0.8112259,-0.7825279,-0.8225174,-0.6096878,-0.9153519,-8.029861,-2.829964,-0.9801712,-0.8124847,-3.305435,-0.6141815,-1.632034,-0.6990128,-1.418144,-0.6135254
17.2,0.0,-274.0,3.0,-52.0,-3.0,-555.0,-4.0,-2345.0,-1.0,-4472.0,-2.0,-485.0,-1.0,-1735.0,,,,,,,,,,,,,,,,,,,,,,,,,,
17.200000762939453,,,,,,,,,,,,,,,-0.3595963,-0.918251,-0.01539612,-0.3485031,-0.5553741,-0.8033752,-0.6633453,-0.9278488,-0.8453865,-0.5799866,-0.8793564,-0.8161087,-0.7766685,-0.8264236,-0.6106644,-0.9114456,-8.039627,-2.843636,-0.9801712,-0.8212738,-3.305435,-0.6151581,-1.625198,-0.7048721,-1.425957,-0.6125488
17.208330154418945,,,,,,,,,,,,,,,-0.3478775,-0.909462,-0.01246643,-0.3504562,-0.5553741,-0.8111877,-0.6633453,-0.9219894,-0.8444099,-0.5975647,-0.8900986,-0.8190384,-0.768856,-0.8274002,-0.6126175,-0.9046097,-8.040604,-2.852425,-0.9811478,-0.832016,-3.308365,-0.6171112,-1.615433,-0.7146378,-1.437675,-0.6086426
17.2166690826416,,,,,,,,,,,,,,,-0.3342056,-0.8977432,-0.01344299,-0.3514328,-0.5553741,-0.8160706,-0.666275,-0.9161301,-0.8434334,-0.6122131,-0.8979111,-0.8180618,-0.7629967,-0.8313065,-0.6155472,-0.8967972,-8.039627,-2.858284,-0.9831009,-0.8447113,-3.314224,-0.6180878,-1.611526,-0.7244034,-1.446465,-0.6008301
17.225000381469727,,,,,,,,,,,,,,,-0.3234634,-0.8850479,-0.01539612,-0.3533859,-0.5573273,-0.8160706,-0.6682281,-0.9112473,-0.8405037,-0.6200256,-0.9037704,-0.8141556,-0.7581139,-0.839119,-0.6155472,-0.8889847,-8.038651,-2.863167,-0.9821243,-0.8535004,-3.324966,-0.6180878,-1.608597,-0.7322159,-1.4533,-0.5881348
17.23332977294922,,,,,,,,,,,,,,,-0.3117447,-0.8733292,-0.01832581,-0.3572922,-0.5592804,-0.8111877,-0.6740875,-0.9092941,-0.8356209,-0.6219788,-0.904747,-0.8092728,-0.7571373,-0.8488846,-0.6155472,-0.8821487,-8.036697,-2.866096,-0.9782181,-0.8593597,-3.338638,-0.6200409,-1.612503,-0.7419815,-1.461113,-0.576416
17.233333333333334,0.0,-270.0,2.0,-56.0,-2.0,-554.0,-4.0,-2345.0,-1.0,-4479.0,-3.0,-484.0,-1.0,-1734.0,,,,,,,,,,,,,,,,,,,,,,,,,,
17.241670608520508,,,,,,,,,,,,,,,-0.3049088,-0.8635635,-0.02125549,-0.3651047,-0.5631866,-0.8014221,-0.6809235,-0.9102707,-0.8326912,-0.6210022,-0.9008408,-0.80439,-0.7551842,-0.8606033,-0.6126175,-0.8801956,-8.032791,-2.870003,-0.9733353,-0.8622894,-3.351334,-0.621994,-1.621292,-0.7537003,-1.469902,-0.5686035
17.25,,,,,,,,,,,,,,,-0.3010025,-0.8547745,-0.02418518,-0.3738937,-0.5670929,-0.7887268,-0.688736,-0.9161301,-0.8278084,-0.6170959,-0.8940048,-0.8014603,-0.7561607,-0.8723221,-0.6106644,-0.8801956,-8.033768,-2.876839,-0.9704056,-0.8613129,-3.362076,-0.621994,-1.635941,-0.765419,-1.470879,-0.567627
17.258329391479492,,,,,,,,,,,,,,,-0.3029556,-0.8508682,-0.02711487,-0.3817062,-0.5739288,-0.7750549,-0.697525,-0.922966,-0.8248787,-0.6141663,-0.8832626,-0.8004837,-0.7561607,-0.8820877,-0.6057816,-0.8821487,-8.039627,-2.882698,-0.9635696,-0.8574066,-3.372818,-0.6249237,-1.649612,-0.7790909,-1.469902,-0.5744629
17.266666666666666,0.0,-267.0,2.0,-59.0,-1.0,-554.0,-4.0,-2350.0,-1.0,-4485.0,-3.0,-486.0,0.0,-1735.0,,,,,,,,,,,,,,,,,,,,,,,,,,
17.26667022705078,,,,,,,,,,,,,,,-0.3068619,-0.8508682,-0.02711487,-0.3875656,-0.5797882,-0.7613831,-0.7063141,-0.9317551,-0.8190193,-0.6122131,-0.8705673,-0.7985306,-0.7542076,-0.8850174,-0.5999222,-0.8880081,-8.050369,-2.889534,-0.9625931,-0.8544769,-3.379654,-0.6268768,-1.658401,-0.7947159,-1.465996,-0.5891113
17.274999618530273,,,,,,,,,,,,,,,-0.3156509,-0.8508682,-0.02809143,-0.3895187,-0.5876007,-0.7486877,-0.7111969,-0.9434738,-0.8141365,-0.6131897,-0.8539658,-0.7985306,-0.7493248,-0.8820877,-0.5960159,-0.8977737,-8.063065,-2.894417,-0.9625931,-0.8544769,-3.38063,-0.62883,-1.666214,-0.8074112,-1.45916,-0.6125488
17.2833309173584,,,,,,,,,,,,,,,-0.3283463,-0.8547745,-0.02906799,-0.3885422,-0.5944366,-0.7398987,-0.7151031,-0.9561691,-0.8092537,-0.6161194,-0.8383408,-0.7985306,-0.7434654,-0.8723221,-0.5930862,-0.9085159,-8.07283,-2.8993,-0.9664993,-0.8622894,-3.38063,-0.6298065,-1.665237,-0.8152237,-1.450371,-0.6408691
17.291669845581055,,,,,,,,,,,,,,,-0.3410416,-0.8606339,-0.03102112,-0.3856125,-0.6032257,-0.7350159,-0.7141266,-0.9678879,-0.8043709,-0.6219788,-0.8246689,-0.797554,-0.7366295,-0.8596268,-0.5921097,-0.9221878,-8.083572,-2.905159,-0.969429,-0.8798676,-3.377701,-0.6307831,-1.656448,-0.8181534,-1.439629,-0.6672363
17.299999237060547,,,,,,,,,,,,,,,-0.3527603,-0.8684464,-0.03590393,-0.3807297,-0.6100616,-0.7281799,-0.7102203,-0.9786301,-0.8014412,-0.6288147,-0.810997,-0.7995071,-0.7297935,-0.8449783,-0.5901566,-0.9358597,-8.088455,-2.913948,-0.9674759,-0.9023285,-3.371841,-0.6337128,-1.645706,-0.8171768,-1.429863,-0.6936035
17.3,0.0,-271.0,2.0,-57.0,-1.0,-553.0,-4.0,-2353.0,0.0,-4494.0,-3.0,-490.0,0.0,-1738.0,,,,,,,,,,,,,,,,,,,,,,,,,,
17.308330535888672,,,,,,,,,,,,,,,-0.3635025,-0.878212,-0.03981018,-0.3768234,-0.6168976,-0.7242737,-0.7063141,-0.9893723,-0.8014412,-0.6336975,-0.8041611,-0.8034134,-0.721981,-0.8352127,-0.58918,-0.948555,-8.092361,-2.92762,-0.9664993,-0.9316254,-3.365982,-0.6346893,-1.632034,-0.8113174,-1.42205,-0.7150879
17.316669464111328,,,,,,,,,,,,,,,-0.3693619,-0.8889542,-0.04664612,-0.3748703,-0.6247101,-0.7203674,-0.6994781,-0.9981613,-0.8053474,-0.6356506,-0.8002548,-0.8063431,-0.7170982,-0.8313065,-0.58918,-0.9553909,-8.093338,-2.946175,-0.9616165,-0.9618988,-3.35817,-0.6366425,-1.622269,-0.7995987,-1.418144,-0.7277832
17.325000762939453,,,,,,,,,,,,,,,-0.371315,-0.9006729,-0.04957581,-0.3778,-0.631546,-0.7145081,-0.6936188,-1.002068,-0.8121834,-0.6356506,-0.8031845,-0.8122025,-0.7151451,-0.8342361,-0.5901566,-0.9563675,-8.096268,-2.969612,-0.9557571,-0.988266,-3.35524,-0.6415253,-1.618362,-0.7849503,-1.417168,-0.7346191
17.333330154418945,,,,,,,,,,,,,,,-0.3683853,-0.9123917,-0.05250549,-0.3826828,-0.6374054,-0.7106018,-0.6906891,-1.005974,-0.821949,-0.6317444,-0.8119736,-0.8190384,-0.7180748,-0.8420486,-0.5901566,-0.9495316,-8.092361,-2.995003,-0.9508743,-1.011703,-3.348404,-0.6464081,-1.616409,-0.7712784,-1.419121,-0.7365723
17.333333333333332,-1.0,-275.0,2.0,-52.0,0.0,-551.0,-4.0,-2352.0,0.0,-4510.0,-3.0,-487.0,0.0,-1739.0,,,,,,,,,,,,,,,,,,,,,,,,,,
17.3416690826416,,,,,,,,,,,,,,,-0.3605728,-0.9221573,-0.05348206,-0.3904953,-0.6422882,-0.7047424,-0.6906891,-1.003044,-0.8336678,-0.6210022,-0.8246689,-0.8219681,-0.721981,-0.854744,-0.5921097,-0.9358597,-8.095291,-3.022346,-0.9469681,-1.028305,-3.34938,-0.6522675,-1.624222,-0.7605362,-1.418144,-0.732666
17.350000381469727,,,,,,,,,,,,,,,-0.3527603,-0.9270401,-0.05152893,-0.3992844,-0.6452179,-0.7018127,-0.6936188,-0.9932785,-0.8414803,-0.6063538,-0.8373642,-0.8229446,-0.7297935,-0.870369,-0.5930862,-0.9192581,-8.099197,-3.044807,-0.945015,-1.039047,-3.35231,-0.6591034,-1.631058,-0.7537003,-1.417168,-0.7258301
17.35832977294922,,,,,,,,,,,,,,,-0.3429947,-0.9299698,-0.04566956,-0.4080734,-0.6432648,-0.7027893,-0.697525,-0.9825363,-0.8512459,-0.5887756,-0.8520126,-0.8229446,-0.7385826,-0.885994,-0.5960159,-0.8997269,-8.101151,-3.060432,-0.9498978,-1.04686,-3.359146,-0.6698456,-1.640823,-0.749794,-1.415215,-0.7189941
17.366666666666667,-1.0,-279.0,2.0,-45.0,-1.0,-548.0,-4.0,-2351.0,0.0,-4524.0,-3.0,-480.0,-1.0,-1738.0,,,,,,,,,,,,,,,,,,,,,,,,,,
17.366670608520508,,,,,,,,,,,,,,,-0.3361588,-0.9260635,-0.04078674,-0.4149094,-0.6393585,-0.7066956,-0.704361,-0.9649582,-0.8571053,-0.5702209,-0.8656845,-0.8248978,-0.7483482,-0.8957596,-0.5989456,-0.8821487,-8.103104,-3.069221,-0.9557571,-1.053696,-3.371841,-0.6796112,-1.652542,-0.7517471,-1.406425,-0.7131348
17.375,,,,,,,,,,,,,,,-0.3312759,-0.9153214,-0.03492737,-0.4168625,-0.6295929,-0.7135315,-0.7092438,-0.9424973,-0.8580818,-0.5497131,-0.8744736,-0.8278275,-0.7581139,-0.9035721,-0.6038284,-0.8665237,-8.105057,-3.072151,-0.9616165,-1.061508,-3.38356,-0.69133,-1.660355,-0.7556534,-1.394707,-0.7072754
17.383329391479492,,,,,,,,,,,,,,,-0.3293228,-0.902626,-0.03004456,-0.4129562,-0.6178741,-0.7242737,-0.7151031,-0.9190598,-0.8571053,-0.5360413,-0.8813095,-0.8336868,-0.7649498,-0.9055252,-0.6077347,-0.854805,-8.107986,-3.072151,-0.969429,-1.069321,-3.399185,-0.7098846,-1.67012,-0.7624893,-1.382011,-0.7033691
17.39167022705078,,,,,,,,,,,,,,,-0.3312759,-0.8899307,-0.02711487,-0.4070969,-0.6022491,-0.7340393,-0.719986,-0.8965988,-0.8561287,-0.5292053,-0.8842392,-0.8424759,-0.7727623,-0.9025955,-0.6126175,-0.8469925,-8.107986,-3.072151,-0.9743118,-1.07811,-3.413834,-0.7264862,-1.678909,-0.7693253,-1.373222,-0.6994629
17.399999618530273,,,,,,,,,,,,,,,-0.3342056,-0.8772354,-0.02906799,-0.3973312,-0.5856476,-0.7428284,-0.7209625,-0.8799973,-0.853199,-0.5292053,-0.8822861,-0.8541946,-0.775692,-0.8996658,-0.6184769,-0.8421097,-8.10994,-3.072151,-0.9801712,-1.085922,-3.419693,-0.7460175,-1.685745,-0.7771378,-1.36541,-0.6955566
17.4,-1.0,-281.0,2.0,-38.0,-1.0,-546.0,-4.0,-2356.0,0.0,-4535.0,-2.0,-474.0,0.0,-1737.0,,,,,,,,,,,,,,,,,,,,,,,,,,
17.4083309173584,,,,,,,,,,,,,,,-0.340065,-0.8674698,-0.03199768,-0.3875656,-0.5680695,-0.7516174,-0.7219391,-0.8673019,-0.8522224,-0.5379944,-0.8783798,-0.8659134,-0.7766685,-0.8977127,-0.6243362,-0.8440628,-8.111893,-3.074104,-0.985054,-1.091782,-3.424576,-0.7645721,-1.692581,-0.7859268,-1.363457,-0.6896973
17.416669845581055,,,,,,,,,,,,,,,-0.3439713,-0.862587,-0.03688049,-0.3797531,-0.553421,-0.7565002,-0.7209625,-0.8633957,-0.8541756,-0.5526428,-0.8764267,-0.8747025,-0.775692,-0.8967361,-0.6282425,-0.8518753,-8.118729,-3.082893,-0.9889603,-1.094711,-3.421646,-0.78508,-1.697464,-0.7956924,-1.367363,-0.6848145
17.424999237060547,,,,,,,,,,,,,,,-0.3537369,-0.8596573,-0.04078674,-0.3729172,-0.5407257,-0.7574768,-0.719986,-0.8643723,-0.8580818,-0.5711975,-0.873497,-0.882515,-0.7727623,-0.9006424,-0.6311722,-0.8665237,-8.117752,-3.093636,-0.9967728,-1.093735,-3.415787,-0.7997284,-1.700394,-0.8044815,-1.377129,-0.6799316
17.433330535888672,,,,,,,,,,,,,,,-0.3635025,-0.8606339,-0.04566956,-0.3690109,-0.5309601,-0.7555237,-0.7180328,-0.8673019,-0.8600349,-0.5877991,-0.873497,-0.8834915,-0.7717857,-0.9084549,-0.6321487,-0.886055,-8.118729,-3.102425,-1.003609,-1.094711,-3.410904,-0.8104706,-1.699417,-0.8162003,-1.391777,-0.6750488
17.433333333333334,-2.0,-280.0,2.0,-34.0,-2.0,-546.0,-4.0,-2361.0,0.0,-4541.0,-3.0,-474.0,-1.0,-1734.0,,,,,,,,,,,,,,,,,,,,,,,,,,
17.441669464111328,,,,,,,,,,,,,,,-0.3722916,-0.8645401,-0.04957581,-0.3680344,-0.5251007,-0.752594,-0.7160797,-0.8721848,-0.8649178,-0.6034241,-0.8744736,-0.8805618,-0.7669029,-0.9221268,-0.6311722,-0.9124222,-8.117752,-3.109261,-1.012398,-1.095688,-3.403091,-0.8182831,-1.697464,-0.8298721,-1.408379,-0.6730957
17.450000762939453,,,,,,,,,,,,,,,-0.3820572,-0.8684464,-0.05055237,-0.3670578,-0.5251007,-0.7477112,-0.7141266,-0.876091,-0.8668709,-0.6170959,-0.8793564,-0.8747025,-0.7659264,-0.9367752,-0.6292191,-0.9387894,-8.114822,-3.114143,-1.02314,-1.099594,-3.398209,-0.8231659,-1.692581,-0.8464737,-1.425957,-0.6730957
17.458330154418945,,,,,,,,,,,,,,,-0.3937759,-0.8752823,-0.05152893,-0.3670578,-0.5270538,-0.7447815,-0.7121735,-0.8799973,-0.8668709,-0.6268616,-0.8842392,-0.8678665,-0.768856,-0.9504471,-0.6262894,-0.9612503,-8.108963,-3.114143,-1.031929,-1.110336,-3.396255,-0.8231659,-1.687698,-0.8620987,-1.442558,-0.6760254
17.466666666666665,-2.0,-277.0,2.0,-33.0,-2.0,-548.0,-4.0,-2366.0,0.0,-4546.0,-3.0,-479.0,-1.0,-1734.0,,,,,,,,,,,,,,,,,,,,,,,,,,
17.4666690826416,,,,,,,,,,,,,,,-0.4054947,-0.8811417,-0.04957581,-0.3670578,-0.5329132,-0.7428284,-0.7111969,-0.8829269,-0.8668709,-0.6346741,-0.8900986,-0.8571243,-0.7708092,-0.9631424,-0.6243362,-0.979805,-8.108963,-3.113167,-1.036812,-1.125961,-3.398209,-0.8212128,-1.687698,-0.8796768,-1.454277,-0.6828613
17.475000381469727,,,,,,,,,,,,,,,-0.4142838,-0.8889542,-0.04664612,-0.3660812,-0.5407257,-0.7447815,-0.7082672,-0.8868332,-0.8619881,-0.64151,-0.8949814,-0.8463821,-0.775692,-0.9709549,-0.6243362,-0.9905472,-8.114822,-3.11219,-1.038765,-1.143539,-3.401138,-0.8192596,-1.688675,-0.8953018,-1.465996,-0.6936035
17.48332977294922,,,,,,,,,,,,,,,-0.4211197,-0.8977432,-0.03981018,-0.3641281,-0.5495148,-0.7486877,-0.7072906,-0.8956223,-0.8590584,-0.6502991,-0.9008408,-0.8385696,-0.7825279,-0.972908,-0.6272659,-0.9915237,-8.120682,-3.110237,-1.041695,-1.163071,-3.406998,-0.8143768,-1.688675,-0.9079971,-1.472832,-0.7033691
17.491670608520508,,,,,,,,,,,,,,,-0.4279556,-0.9055557,-0.03492737,-0.3602219,-0.560257,-0.7555237,-0.7063141,-0.907341,-0.8541756,-0.6590881,-0.9057236,-0.8327103,-0.7903404,-0.9709549,-0.6311722,-0.9856644,-8.134354,-3.110237,-1.039742,-1.182602,-3.409927,-0.8085175,-1.691605,-0.9177628,-1.476738,-0.7160645
17.5,-2.0,-273.0,2.0,-35.0,-2.0,-549.0,-3.0,-2369.0,0.0,-4548.0,-3.0,-486.0,-1.0,-1737.0,-0.4318619,-0.9114151,-0.02711487,-0.3543625,-0.569046,-0.7633362,-0.7053375,-0.9219894,-0.8492928,-0.6678772,-0.9067001,-0.8268509,-0.7952232,-0.9650955,-0.6389847,-0.9729691,-8.149979,-3.11219,-1.035835,-1.198227,-3.408951,-0.8065643,-1.692581,-0.9158096,-1.478691,-0.7277832
17.508329391479492,,,,,,,,,,,,,,,-0.433815,-0.9153214,-0.02223206,-0.3475266,-0.5749054,-0.7721252,-0.704361,-0.9356613,-0.8444099,-0.6795959,-0.9057236,-0.8219681,-0.7981529,-0.9514236,-0.6467972,-0.9592972,-8.16951,-3.117073,-1.034859,-1.208969,-3.409927,-0.8046112,-1.693558,-0.9079971,-1.479668,-0.7385254
17.51667022705078,,,,,,,,,,,,,,,-0.433815,-0.9143448,-0.01930237,-0.3387375,-0.5797882,-0.7809143,-0.704361,-0.9483566,-0.8434334,-0.6932678,-0.9027939,-0.8161087,-0.7991295,-0.9367752,-0.6555862,-0.9466019,-8.182205,-3.120979,-1.030952,-1.213852,-3.408951,-0.7977753,-1.691605,-0.8913956,-1.482597,-0.7443848
17.524999618530273,,,,,,,,,,,,,,,-0.4318619,-0.909462,-0.02027893,-0.3270187,-0.5788116,-0.7877502,-0.7053375,-0.9571457,-0.8424568,-0.7030334,-0.8969345,-0.813179,-0.7952232,-0.9211502,-0.6633987,-0.9348831,-8.193924,-3.122932,-1.031929,-1.214828,-3.408951,-0.7919159,-1.684769,-0.8660049,-1.48455,-0.7473145
17.5333309173584,,,,,,,,,,,,,,,-0.4289322,-0.902626,-0.02320862,-0.3143234,-0.575882,-0.7955627,-0.704361,-0.9600754,-0.8424568,-0.7118225,-0.8920517,-0.8092728,-0.7893639,-0.9045486,-0.667305,-0.9270706,-8.20076,-3.126839,-1.028023,-1.212875,-3.408951,-0.7860565,-1.678909,-0.8376846,-1.48748,-0.7473145
17.533333333333335,-2.0,-269.0,2.0,-38.0,-2.0,-550.0,-3.0,-2372.0,0.0,-4555.0,-4.0,-494.0,-1.0,-1741.0,,,,,,,,,,,,,,,,,,,,,,,,,,
17.541669845581055,,,,,,,,,,,,,,,-0.4250259,-0.893837,-0.03102112,-0.3055344,-0.5729523,-0.8004456,-0.7033844,-0.9590988,-0.8444099,-0.719635,-0.8881454,-0.8053665,-0.7795982,-0.8899002,-0.667305,-0.9221878,-8.202713,-3.133675,-1.028023,-1.211899,-3.41188,-0.7801971,-1.668167,-0.8074112,-1.491386,-0.7434082
17.549999237060547,,,,,,,,,,,,,,,-0.4240494,-0.8860245,-0.03883362,-0.2986984,-0.569046,-0.8063049,-0.7024078,-0.9522629,-0.8463631,-0.7206116,-0.8832626,-0.8034134,-0.7737389,-0.879158,-0.6663284,-0.9202347,-8.201736,-3.141487,-1.025093,-1.211899,-3.41774,-0.7733612,-1.660355,-0.781044,-1.494316,-0.7385254
17.558330535888672,,,,,,,,,,,,,,,-0.4220963,-0.8840714,-0.04664612,-0.2967453,-0.5670929,-0.8141174,-0.6994781,-0.9464035,-0.8502693,-0.7147522,-0.8803329,-0.7995071,-0.7669029,-0.8723221,-0.6614456,-0.9192581,-8.201736,-3.151253,-1.017281,-1.212875,-3.425552,-0.7684784,-1.651566,-0.7624893,-1.496269,-0.7346191
17.566666666666666,-2.0,-265.0,2.0,-42.0,-1.0,-552.0,-3.0,-2376.0,0.0,-4563.0,-4.0,-502.0,-2.0,-1748.0,,,,,,,,,,,,,,,,,,,,,,,,,,
17.566669464111328,,,,,,,,,,,,,,,-0.4220963,-0.8860245,-0.05152893,-0.3006516,-0.5680695,-0.8219299,-0.6955719,-0.9395676,-0.8541756,-0.7049866,-0.8793564,-0.7985306,-0.7629967,-0.870369,-0.6536331,-0.9192581,-8.20369,-3.164925,-1.010445,-1.214828,-3.430435,-0.7635956,-1.646683,-0.7537003,-1.495293,-0.7297363
17.575000762939453,,,,,,,,,,,,,,,-0.4250259,-0.8918839,-0.05641174,-0.3094406,-0.5729523,-0.8316956,-0.6926422,-0.9337082,-0.8561287,-0.6893616,-0.8793564,-0.7985306,-0.7620201,-0.8781815,-0.6467972,-0.9221878,-8.209549,-3.181526,-1.002632,-1.215805,-3.433365,-0.7596893,-1.640823,-0.7537003,-1.492363,-0.723877
17.583330154418945,,,,,,,,,,,,,,,-0.4269791,-0.9016495,-0.06129456,-0.3240891,-0.5807648,-0.8424377,-0.6906891,-0.9337082,-0.8580818,-0.6698303,-0.8783798,-0.8024368,-0.7649498,-0.8889236,-0.6380081,-0.9241409,-8.222244,-3.196175,-0.99189,-1.215805,-3.436295,-0.7587128,-1.639847,-0.7595596,-1.488457,-0.7189941
17.5916690826416,,,,,,,,,,,,,,,-0.4299088,-0.9123917,-0.06324768,-0.3387375,-0.5905304,-0.8502502,-0.6877594,-0.9376144,-0.8590584,-0.6512756,-0.8774033,-0.8073196,-0.7669029,-0.901619,-0.6301956,-0.9260941,-8.238846,-3.210823,-0.9811478,-1.208969,-3.436295,-0.7587128,-1.63887,-0.7673721,-1.481621,-0.7111816
17.6,-2.0,-260.0,2.0,-47.0,-1.0,-553.0,-2.0,-2382.0,-1.0,-4570.0,-3.0,-506.0,-2.0,-1753.0,,,,,,,,,,,,,,,,,,,,,,,,,,
17.600000381469727,,,,,,,,,,,,,,,-0.4289322,-0.9231339,-0.06520081,-0.3524094,-0.6012726,-0.8541565,-0.6848297,-0.9444504,-0.8629646,-0.6327209,-0.8754501,-0.8112259,-0.7737389,-0.9191971,-0.6243362,-0.9290237,-8.259354,-3.219612,-0.9733353,-1.19725,-3.436295,-0.7616425,-1.640823,-0.7742081,-1.477715,-0.7023926
17.60832977294922,,,,,,,,,,,,,,,-0.4308853,-0.933876,-0.06422424,-0.3660812,-0.6120148,-0.8531799,-0.6867828,-0.9571457,-0.8649178,-0.6200256,-0.8754501,-0.8180618,-0.7786217,-0.9338455,-0.6194534,-0.9290237,-8.274979,-3.222542,-0.9635696,-1.181625,-3.436295,-0.7655487,-1.639847,-0.7761612,-1.471855,-0.6945801
17.616670608520508,,,,,,,,,,,,,,,-0.4289322,-0.9397354,-0.06324768,-0.3778,-0.6198273,-0.846344,-0.6897125,-0.9708176,-0.8678474,-0.61026,-0.8774033,-0.8239212,-0.784481,-0.9465408,-0.6175003,-0.9290237,-8.29158,-3.219612,-0.9567337,-1.161118,-3.435318,-0.769455,-1.63887,-0.7722549,-1.470879,-0.6887207
17.625,,,,,,,,,,,,,,,-0.4250259,-0.9426651,-0.05934143,-0.3875656,-0.6237335,-0.8346252,-0.6945953,-0.985466,-0.8717537,-0.6044006,-0.8774033,-0.828804,-0.7903404,-0.9533768,-0.6155472,-0.9270706,-8.299393,-3.212776,-0.953804,-1.142563,-3.435318,-0.7733612,-1.636917,-0.7634659,-1.472832,-0.685791
17.633329391479492,,,,,,,,,,,,,,,-0.4250259,-0.9436417,-0.05348206,-0.3953781,-0.6256866,-0.8190002,-0.7024078,-0.9991379,-0.8737068,-0.6024475,-0.8803329,-0.8336868,-0.7961998,-0.9533768,-0.6155472,-0.9270706,-8.302322,-3.199104,-0.9557571,-1.125961,-3.436295,-0.7743378,-1.633987,-0.7546768,-1.477715,-0.6877441
17.633333333333333,-1.0,-257.0,2.0,-48.0,0.0,-557.0,-2.0,-2391.0,0.0,-4577.0,-3.0,-504.0,-2.0,-1757.0,,,,,,,,,,,,,,,,,,,,,,,,,,
17.64167022705078,,,,,,,,,,,,,,,-0.4269791,-0.9426651,-0.04371643,-0.4022141,-0.6256866,-0.8053284,-0.7102203,-1.010857,-0.8776131,-0.6034241,-0.8852158,-0.8375931,-0.8020592,-0.9455643,-0.6184769,-0.9280472,-8.29451,-3.184456,-0.9586868,-1.112289,-3.437271,-0.769455,-1.630081,-0.7468643,-1.48455,-0.6936035
17.649999618530273,,,,,,,,,,,,,,,-0.4318619,-0.940712,-0.03492737,-0.4070969,-0.622757,-0.7926331,-0.7209625,-1.018669,-0.8805428,-0.6024475,-0.8881454,-0.8434525,-0.806942,-0.9299393,-0.6155472,-0.9309769,-8.283768,-3.170784,-0.9664993,-1.102524,-3.437271,-0.7606659,-1.627151,-0.7439346,-1.49041,-0.7043457
17.6583309173584,,,,,,,,,,,,,,,-0.4386978,-0.9397354,-0.02418518,-0.4080734,-0.6178741,-0.7809143,-0.7268219,-1.020622,-0.8815193,-0.6034241,-0.8940048,-0.851265,-0.806942,-0.9123611,-0.6155472,-0.9378128,-8.271072,-3.158089,-0.9752884,-1.098618,-3.437271,-0.7499237,-1.625198,-0.7458878,-1.496269,-0.7199707
17.666666666666668,-1.0,-255.0,2.0,-52.0,0.0,-560.0,-2.0,-2398.0,0.0,-4583.0,-2.0,-504.0,-3.0,-1759.0,,,,,,,,,,,,,,,,,,,,,,,,,,
17.666669845581055,,,,,,,,,,,,,,,-0.4474869,-0.940712,-0.01539612,-0.4061203,-0.6120148,-0.7731018,-0.7317047,-1.021599,-0.8805428,-0.6063538,-0.8959579,-0.8620071,-0.8049889,-0.894783,-0.6116409,-0.9436722,-8.255447,-3.150276,-0.9860306,-1.098618,-3.440201,-0.7372284,-1.621292,-0.7546768,-1.497246,-0.7336426
17.674999237060547,,,,,,,,,,,,,,,-0.4562759,-0.9436417,-0.008560181,-0.3983078,-0.6081085,-0.7652893,-0.7336578,-1.018669,-0.8805428,-0.6073303,-0.8979111,-0.8747025,-0.8010826,-0.8772049,-0.6087112,-0.948555,-8.245682,-3.148323,-0.9957962,-1.099594,-3.44606,-0.7264862,-1.622269,-0.7644424,-1.499199,-0.7453613
17.683330535888672,,,,,,,,,,,,,,,-0.4640884,-0.9475479,-0.005630493,-0.3914719,-0.6012726,-0.7565002,-0.7317047,-1.013786,-0.8815193,-0.6083069,-0.9008408,-0.8883743,-0.7932701,-0.8645096,-0.6057816,-0.9495316,-8.236893,-3.150276,-1.003609,-1.100571,-3.455826,-0.7216034,-1.625198,-0.7732315,-1.499199,-0.7561035
17.691669464111328,,,,,,,,,,,,,,,-0.4689713,-0.949501,-0.002700806,-0.3836594,-0.5954132,-0.7457581,-0.7277985,-1.005974,-0.8795662,-0.6083069,-0.904747,-0.9010696,-0.7854576,-0.8615799,-0.6018753,-0.9475784,-8.232986,-3.157112,-1.011421,-1.1035,-3.467545,-0.7245331,-1.629105,-0.7781143,-1.494316,-0.7609863
17.7,-1.0,-252.0,2.0,-57.0,0.0,-563.0,-2.0,-2401.0,0.0,-4590.0,-2.0,-507.0,-3.0,-1767.0,,,,,,,,,,,,,,,,,,,,,,,,,,
17.700000762939453,,,,,,,,,,,,,,,-0.4699478,-0.9504776,0.0002288818,-0.3738937,-0.591507,-0.7350159,-0.7248688,-0.9932785,-0.8805428,-0.6083069,-0.9067001,-0.9108353,-0.7786217,-0.8674393,-0.5989456,-0.9387894,-8.23494,-3.166878,-1.019234,-1.105453,-3.48317,-0.7362518,-1.632034,-0.7761612,-1.491386,-0.7619629
17.708330154418945,,,,,,,,,,,,,,,-0.4689713,-0.9485245,0.001205444,-0.3670578,-0.5876007,-0.7262268,-0.7219391,-0.9796066,-0.8795662,-0.6063538,-0.9086533,-0.9157181,-0.7786217,-0.8772049,-0.5969925,-0.9260941,-8.240799,-3.178596,-1.02314,-1.110336,-3.501724,-0.7509003,-1.63887,-0.7683487,-1.488457,-0.7600098
17.7166690826416,,,,,,,,,,,,,,,-0.4679947,-0.9426651,0.003158569,-0.3602219,-0.5827179,-0.7184143,-0.7180328,-0.9630051,-0.8766365,-0.6034241,-0.9135361,-0.913765,-0.7805748,-0.8899002,-0.5969925,-0.9124222,-8.245682,-3.187386,-1.030952,-1.116196,-3.51442,-0.7655487,-1.643753,-0.7605362,-1.486504,-0.7561035
17.725000381469727,,,,,,,,,,,,,,,-0.465065,-0.933876,0.006088257,-0.3543625,-0.5797882,-0.7164612,-0.7170563,-0.9424973,-0.8756599,-0.5985413,-0.9174423,-0.9049759,-0.7903404,-0.9055252,-0.5960159,-0.90168,-8.253494,-3.195198,-1.037788,-1.124008,-3.529068,-0.7801971,-1.648636,-0.7527237,-1.486504,-0.7521973
17.73332977294922,,,,,,,,,,,,,,,-0.4640884,-0.9241104,0.01194763,-0.3494797,-0.5778351,-0.7193909,-0.7160797,-0.9219894,-0.8717537,-0.594635,-0.9233017,-0.891304,-0.7991295,-0.9182205,-0.5950394,-0.8938675,-8.257401,-3.200081,-1.041695,-1.135727,-3.53688,-0.7909393,-1.653519,-0.7458878,-1.485527,-0.7512207
17.733333333333334,-1.0,-253.0,2.0,-63.0,0.0,-564.0,-2.0,-2405.0,0.0,-4597.0,-2.0,-512.0,-3.0,-1772.0,,,,,,,,,,,,,,,,,,,,,,,,,,
17.741670608520508,,,,,,,,,,,,,,,-0.4621353,-0.9172745,0.01390076,-0.3436203,-0.575882,-0.7252502,-0.71315,-0.9014816,-0.8658943,-0.5926819,-0.9272079,-0.8776321,-0.8118248,-0.926033,-0.5950394,-0.8899612,-8.264236,-3.202034,-1.047554,-1.150375,-3.535904,-0.7948456,-1.656448,-0.7439346,-1.48455,-0.7512207
17.75,,,,,,,,,,,,,,,-0.4631119,-0.9084854,0.01683044,-0.3377609,-0.5739288,-0.7311096,-0.7092438,-0.8848801,-0.8590584,-0.5936584,-0.9301376,-0.8649368,-0.8206139,-0.932869,-0.5930862,-0.8909378,-8.26619,-3.199104,-1.052437,-1.166,-3.532974,-0.7919159,-1.657425,-0.7488174,-1.482597,-0.7541504
17.758329391479492,,,,,,,,,,,,,,,-0.4640884,-0.9055557,0.01780701,-0.3328781,-0.5719757,-0.7330627,-0.704361,-0.8731613,-0.8522224,-0.6004944,-0.9311142,-0.8541946,-0.8254967,-0.9367752,-0.5901566,-0.8938675,-8.267166,-3.190315,-1.055367,-1.181625,-3.525162,-0.7860565,-1.660355,-0.7595596,-1.479668,-0.7561035
17.766666666666666,0.0,-255.0,2.0,-66.0,0.0,-560.0,-2.0,-2406.0,0.0,-4601.0,-2.0,-514.0,-3.0,-1774.0,,,,,,,,,,,,,,,,,,,,,,,,,,
17.76667022705078,,,,,,,,,,,,,,,-0.4670181,-0.9045792,0.01878357,-0.3289719,-0.5700226,-0.7350159,-0.697525,-0.8663254,-0.8463631,-0.6122131,-0.9301376,-0.8473587,-0.8245201,-0.9387283,-0.5882034,-0.8987503,-8.26619,-3.176643,-1.059273,-1.196274,-3.515396,-0.7762909,-1.665237,-0.7722549,-1.476738,-0.7580566
17.774999618530273,,,,,,,,,,,,,,,-0.4719009,-0.9036026,0.01683044,-0.3289719,-0.569046,-0.7311096,-0.6906891,-0.8643723,-0.8444099,-0.6278381,-0.9262314,-0.8424759,-0.8196373,-0.9397049,-0.5823441,-0.8987503,-8.26326,-3.159065,-1.062202,-1.210922,-3.506607,-0.7665253,-1.67012,-0.7849503,-1.471855,-0.7600098
17.7833309173584,,,,,,,,,,,,,,,-0.4767838,-0.9036026,0.01585388,-0.3319016,-0.569046,-0.7232971,-0.6858063,-0.8673019,-0.8434334,-0.6463928,-0.9223251,-0.8385696,-0.8128014,-0.9406815,-0.5794144,-0.8928909,-8.26033,-3.141487,-1.070015,-1.221664,-3.499771,-0.7577362,-1.675003,-0.7927628,-1.467949,-0.7609863
17.791669845581055,,,,,,,,,,,,,,,-0.4826431,-0.9016495,0.01292419,-0.3377609,-0.569046,-0.7174377,-0.6809235,-0.8712082,-0.8453865,-0.6669006,-0.9145126,-0.83564,-0.8040123,-0.941658,-0.573555,-0.8831253,-8.254471,-3.122932,-1.074898,-1.230453,-3.493912,-0.7518768,-1.678909,-0.7976456,-1.464043,-0.7600098
17.799999237060547,,,,,,,,,,,,,,,-0.4914322,-0.8967667,0.01097107,-0.3455734,-0.569046,-0.7135315,-0.6809235,-0.8770676,-0.8492928,-0.6864319,-0.9106064,-0.828804,-0.7981529,-0.9397049,-0.5716019,-0.87043,-8.250565,-3.110237,-1.08564,-1.23436,-3.493912,-0.7509003,-1.682816,-0.7995987,-1.464043,-0.7619629
17.8,0.0,-258.0,1.0,-66.0,0.0,-554.0,-2.0,-2408.0,0.0,-4606.0,-2.0,-511.0,-2.0,-1776.0,,,,,,,,,,,,,,,,,,,,,,,,,,
17.808330535888672,,,,,,,,,,,,,,,-0.4972916,-0.8889542,0.004135132,-0.3553391,-0.5700226,-0.7145081,-0.6828766,-0.8829269,-0.8541756,-0.7001038,-0.9086533,-0.8190384,-0.7952232,-0.9387283,-0.5716019,-0.8557816,-8.246658,-3.105354,-1.091499,-1.235336,-3.498795,-0.7528534,-1.683792,-0.7986221,-1.465996,-0.7658691
17.816669464111328,,,,,,,,,,,,,,,-0.5021744,-0.8801651,-0.001724243,-0.3680344,-0.5719757,-0.7184143,-0.6877594,-0.8887863,-0.8561287,-0.7098694,-0.9076767,-0.8053665,-0.7942467,-0.9367752,-0.5725784,-0.8421097,-8.246658,-3.107307,-1.097359,-1.23143,-3.50563,-0.7596893,-1.682816,-0.7976456,-1.465996,-0.7697754
17.825000762939453,,,,,,,,,,,,,,,-0.5051041,-0.871376,-0.007583618,-0.3758469,-0.5739288,-0.7252502,-0.6936188,-0.8965988,-0.8580818,-0.7137756,-0.9096298,-0.7936478,-0.7971764,-0.9348221,-0.5764847,-0.8323441,-8.248611,-3.116096,-1.098335,-1.222641,-3.515396,-0.7704315,-1.679886,-0.7976456,-1.466972,-0.7727051
17.833330154418945,,,,,,,,,,,,,,,-0.5090103,-0.862587,-0.01539612,-0.3807297,-0.5749054,-0.7301331,-0.7004547,-0.9044113,-0.8561287,-0.7118225,-0.9115829,-0.7829056,-0.8030357,-0.9309158,-0.5813675,-0.8274612,-8.253494,-3.133675,-1.098335,-1.210922,-3.524185,-0.7860565,-1.679886,-0.7995987,-1.467949,-0.7756348
17.833333333333332,0.0,-262.0,2.0,-66.0,0.0,-547.0,-3.0,-2411.0,-1.0,-4613.0,-2.0,-509.0,-2.0,-1779.0,,,,,,,,,,,,,,,,,,,,,,,,,,
17.8416690826416,,,,,,,,,,,,,,,-0.51194,-0.8537979,-0.02125549,-0.3807297,-0.5739288,-0.7311096,-0.7053375,-0.9151535,-0.8512459,-0.7069397,-0.9164658,-0.7741165,-0.8108482,-0.9270096,-0.5862503,-0.8245316,-8.261307,-3.151253,-1.095406,-1.199203,-3.528091,-0.8026581,-1.67598,-0.8025284,-1.466972,-0.7785645
17.850000381469727,,,,,,,,,,,,,,,-0.51194,-0.846962,-0.02906799,-0.3738937,-0.575882,-0.7262268,-0.7082672,-0.9268723,-0.8453865,-0.6971741,-0.9184189,-0.7721634,-0.8186607,-0.9201736,-0.5921097,-0.8245316,-8.272049,-3.169807,-1.091499,-1.186508,-3.535904,-0.8192596,-1.672073,-0.8054581,-1.464043,-0.7785645
17.85832977294922,,,,,,,,,,,,,,,-0.5138931,-0.8420792,-0.03297424,-0.3631516,-0.5768585,-0.7164612,-0.7063141,-0.9366379,-0.837574,-0.6825256,-0.9184189,-0.7770462,-0.8254967,-0.9084549,-0.5979691,-0.8264847,-8.283768,-3.188362,-1.092476,-1.175766,-3.535904,-0.8329315,-1.675003,-0.8083878,-1.461113,-0.7775879
17.866666666666667,0.0,-266.0,2.0,-67.0,0.0,-547.0,-3.0,-2418.0,-1.0,-4620.0,-3.0,-509.0,-2.0,-1781.0,,,,,,,,,,,,,,,,,,,,,,,,,,
17.866670608520508,,,,,,,,,,,,,,,-0.5158463,-0.840126,-0.03590393,-0.3504562,-0.5827179,-0.7008362,-0.7004547,-0.9444504,-0.8287849,-0.6688538,-0.9193954,-0.7877884,-0.8294029,-0.8957596,-0.604805,-0.8313675,-8.296463,-3.204964,-1.095406,-1.16893,-3.538834,-0.8426971,-1.67598,-0.8103409,-1.457207,-0.7775879
17.875,,,,,,,,,,,,,,,-0.5187759,-0.8391495,-0.03590393,-0.3416672,-0.5895538,-0.6822815,-0.6926422,-0.9464035,-0.8229256,-0.6551819,-0.9184189,-0.8034134,-0.8323326,-0.8811111,-0.6106644,-0.8352737,-8.306229,-3.219612,-1.099312,-1.161118,-3.535904,-0.8495331,-1.677933,-0.8132706,-1.4533,-0.7766113
17.883329391479492,,,,,,,,,,,,,,,-0.5187759,-0.840126,-0.03492737,-0.3348312,-0.5983429,-0.6647034,-0.6799469,-0.9424973,-0.8190193,-0.6405334,-0.9174423,-0.8239212,-0.8333092,-0.8674393,-0.6175003,-0.8401566,-8.315994,-3.229378,-1.104195,-1.159164,-3.533951,-0.8524628,-1.681839,-0.8132706,-1.450371,-0.7746582
17.89167022705078,,,,,,,,,,,,,,,-0.5187759,-0.8430557,-0.03102112,-0.3299484,-0.607132,-0.6578674,-0.6672516,-0.9307785,-0.8160896,-0.6297913,-0.9174423,-0.8424759,-0.831356,-0.8586502,-0.6214066,-0.8469925,-8.318924,-3.232307,-1.109077,-1.159164,-3.531998,-0.8524628,-1.687698,-0.8162003,-1.447441,-0.7746582
17.899999618530273,,,,,,,,,,,,,,,-0.5197525,-0.846962,-0.03004456,-0.330925,-0.6149445,-0.6568909,-0.657486,-0.9171066,-0.8170662,-0.6200256,-0.9184189,-0.8571243,-0.8284264,-0.8566971,-0.6272659,-0.8567581,-8.319901,-3.231331,-1.111031,-1.159164,-3.532974,-0.8505096,-1.692581,-0.8220596,-1.446465,-0.7756348
17.9,0.0,-270.0,2.0,-69.0,0.0,-552.0,-3.0,-2426.0,0.0,-4623.0,-3.0,-511.0,-2.0,-1786.0,,,,,,,,,,,,,,,,,,,,,,,,,,
17.9083309173584,,,,,,,,,,,,,,,-0.5187759,-0.8537979,-0.02711487,-0.3358078,-0.6237335,-0.6617737,-0.65065,-0.9005051,-0.8190193,-0.6122131,-0.9213486,-0.86689,-0.8254967,-0.8645096,-0.6292191,-0.8655472,-8.323807,-3.226448,-1.109077,-1.160141,-3.532974,-0.8485565,-1.70137,-0.8318253,-1.444511,-0.7746582
17.916669845581055,,,,,,,,,,,,,,,-0.5168228,-0.8616104,-0.02418518,-0.3426437,-0.6266632,-0.6754456,-0.6477203,-0.8848801,-0.8229256,-0.6092834,-0.9233017,-0.8707962,-0.8215904,-0.8811111,-0.6292191,-0.8762894,-8.323807,-3.217659,-1.106148,-1.165024,-3.531998,-0.8466034,-1.7043,-0.8425674,-1.445488,-0.7727051
17.924999237060547,,,,,,,,,,,,,,,-0.5197525,-0.8684464,-0.02125549,-0.3475266,-0.6266632,-0.6910706,-0.6496735,-0.8741379,-0.8268318,-0.6063538,-0.9252548,-0.8688431,-0.8196373,-0.901619,-0.6272659,-0.8841019,-8.32576,-3.207893,-1.107124,-1.172836,-3.529068,-0.8446503,-1.710159,-0.8503799,-1.446465,-0.7756348
17.933330535888672,,,,,,,,,,,,,,,-0.5226822,-0.8762589,-0.01832581,-0.3494797,-0.6237335,-0.705719,-0.6555328,-0.8682785,-0.8317146,-0.6034241,-0.9233017,-0.8629837,-0.8167076,-0.9250565,-0.6233597,-0.8880081,-8.332596,-3.199104,-1.102242,-1.182602,-3.527115,-0.840744,-1.710159,-0.8572159,-1.450371,-0.779541
17.933333333333334,0.0,-269.0,2.0,-68.0,0.0,-557.0,-3.0,-2432.0,0.0,-4628.0,-2.0,-512.0,-2.0,-1790.0,,,,,,,,,,,,,,,,,,,,,,,,,,
17.941669464111328,,,,,,,,,,,,,,,-0.5285416,-0.8830948,-0.01539612,-0.3524094,-0.615921,-0.7174377,-0.6623688,-0.8712082,-0.8356209,-0.6024475,-0.920372,-0.8561478,-0.8147545,-0.9426346,-0.6145706,-0.8909378,-8.344315,-3.195198,-1.102242,-1.193344,-3.525162,-0.8329315,-1.711136,-0.8601456,-1.455254,-0.7844238
17.950000762939453,,,,,,,,,,,,,,,-0.5344009,-0.8879776,-0.01246643,-0.3563156,-0.6081085,-0.7223206,-0.6721344,-0.8790207,-0.837574,-0.5975647,-0.9154892,-0.8522415,-0.8108482,-0.9514236,-0.6087112,-0.8928909,-8.35994,-3.197151,-1.104195,-1.205063,-3.522232,-0.8231659,-1.710159,-0.8572159,-1.465996,-0.7922363
17.958330154418945,,,,,,,,,,,,,,,-0.54319,-0.8899307,-0.008560181,-0.362175,-0.5983429,-0.7184143,-0.6819,-0.8887863,-0.8385506,-0.5926819,-0.9076767,-0.8483353,-0.8049889,-0.9524002,-0.6008987,-0.8928909,-8.377518,-3.203987,-1.107124,-1.214828,-3.520279,-0.8143768,-1.713089,-0.8523331,-1.478691,-0.7980957
17.966666666666665,1.0,-268.0,1.0,-67.0,-1.0,-561.0,-2.0,-2437.0,0.0,-4634.0,-2.0,-512.0,-1.0,-1793.0,,,,,,,,,,,,,,,,,,,,,,,,,,
17.9666690826416,,,,,,,,,,,,,,,-0.5539322,-0.8909073,-0.005630493,-0.3699875,-0.5885773,-0.7066956,-0.6897125,-0.8995285,-0.8414803,-0.5868225,-0.9008408,-0.8473587,-0.7991295,-0.9445877,-0.5940628,-0.8938675,-8.393143,-3.212776,-1.111031,-1.218735,-3.515396,-0.8065643,-1.715042,-0.8445206,-1.49041,-0.8039551
17.975000381469727,,,,,,,,,,,,,,,-0.5636978,-0.8889542,-0.005630493,-0.3768234,-0.5836945,-0.6920471,-0.6965485,-0.9132004,-0.8453865,-0.5799866,-0.8940048,-0.8454056,-0.791317,-0.9309158,-0.58918,-0.9007034,-8.404861,-3.222542,-1.11689,-1.215805,-3.513443,-0.7987518,-1.723831,-0.8357315,-1.499199,-0.8059082
17.98332977294922,,,,,,,,,,,,,,,-0.5734634,-0.887001,-0.002700806,-0.3817062,-0.5788116,-0.6754456,-0.7024078,-0.9210129,-0.8522224,-0.5721741,-0.889122,-0.8414993,-0.784481,-0.9162674,-0.5862503,-0.9114456,-8.407791,-3.229378,-1.122749,-1.206039,-3.51149,-0.7948456,-1.733597,-0.827919,-1.507011,-0.8039551
17.991670608520508,,,,,,,,,,,,,,,-0.5812759,-0.8830948,-0.002700806,-0.3846359,-0.5807648,-0.6578674,-0.704361,-0.9278488,-0.8580818,-0.5672913,-0.8881454,-0.8336868,-0.7776451,-0.9025955,-0.5842972,-0.9260941,-8.404861,-3.232307,-1.127632,-1.193344,-3.510513,-0.7928925,-1.746292,-0.8220596,-1.510918,-0.8000488
18.0,1.0,-267.0,0.0,-70.0,-1.0,-561.0,-2.0,-2441.0,0.0,-4641.0,-2.0,-511.0,-1.0,-1798.0,-0.5871353,-0.878212,-0.002700806,-0.3826828,-0.5836945,-0.6461487,-0.7092438,-0.9346848,-0.8639412,-0.5624084,-0.8881454,-0.8219681,-0.7727623,-0.8938065,-0.5833206,-0.9446487,-8.396072,-3.232307,-1.135445,-1.176743,-3.50856,-0.7928925,-1.757034,-0.8191299,-1.511894,-0.7922363
18.008329391479492,,,,,,,,,,,,,,,-0.5881119,-0.871376,-0.002700806,-0.3729172,-0.5905304,-0.6402893,-0.7102203,-0.9405441,-0.8698006,-0.5604553,-0.889122,-0.8073196,-0.7708092,-0.8899002,-0.5842972,-0.9622269,-8.382401,-3.228401,-1.141304,-1.159164,-3.50856,-0.7909393,-1.76387,-0.8191299,-1.509941,-0.7824707
18.01667022705078,,,,,,,,,,,,,,,-0.5871353,-0.8655167,-0.003677368,-0.3563156,-0.5993195,-0.6412659,-0.7111969,-0.9473801,-0.8737068,-0.563385,-0.8900986,-0.7936478,-0.7698326,-0.8899002,-0.5842972,-0.9749222,-8.365799,-3.221565,-1.14521,-1.143539,-3.510513,-0.7870331,-1.765823,-0.8210831,-1.507011,-0.7727051
18.024999618530273,,,,,,,,,,,,,,,-0.5851822,-0.8596573,-0.005630493,-0.3367844,-0.6051788,-0.6490784,-0.7121735,-0.9581223,-0.8776131,-0.5682678,-0.8900986,-0.7809525,-0.768856,-0.8918533,-0.5842972,-0.9817581,-8.351151,-3.216682,-1.147163,-1.131821,-3.515396,-0.7811737,-1.762894,-0.8240128,-1.505058,-0.7648926
18.0333309173584,,,,,,,,,,,,,,,-0.5812759,-0.8547745,-0.008560181,-0.3182297,-0.6100616,-0.6607971,-0.7102203,-0.9659348,-0.8795662,-0.5741272,-0.8910751,-0.7692337,-0.7698326,-0.8967361,-0.5842972,-0.9788284,-8.342361,-3.2118,-1.14814,-1.123032,-3.522232,-0.7714081,-1.756058,-0.8269424,-1.505058,-0.7580566
18.033333333333335,1.0,-268.0,1.0,-72.0,-1.0,-561.0,-2.0,-2445.0,-1.0,-4651.0,-2.0,-512.0,-1.0,-1800.0,,,,,,,,,,,,,,,,,,,,,,,,,,
18.041669845581055,,,,,,,,,,,,,,,-0.5763931,-0.8528214,-0.01539612,-0.3006516,-0.6120148,-0.674469,-0.7092438,-0.9717941,-0.8805428,-0.5799866,-0.8910751,-0.7604446,-0.7698326,-0.8986893,-0.5872269,-0.9671097,-8.334549,-3.2118,-1.147163,-1.117172,-3.530045,-0.7655487,-1.742386,-0.8298721,-1.506035,-0.7561035
18.049999237060547,,,,,,,,,,,,,,,-0.5754166,-0.8508682,-0.01930237,-0.2889328,-0.6120148,-0.6891174,-0.7072906,-0.9776535,-0.8824959,-0.5838928,-0.8910751,-0.7545853,-0.7669029,-0.8996658,-0.5921097,-0.9495316,-8.330643,-3.217659,-1.142281,-1.114243,-3.53981,-0.7606659,-1.733597,-0.8308487,-1.506035,-0.7580566
18.058330535888672,,,,,,,,,,,,,,,-0.5754166,-0.8518448,-0.02516174,-0.2830734,-0.6100616,-0.6998596,-0.7063141,-0.9766769,-0.8834724,-0.5858459,-0.8920517,-0.7526321,-0.7639732,-0.901619,-0.5969925,-0.9260941,-8.332596,-3.226448,-1.139351,-1.112289,-3.550552,-0.7587128,-1.722855,-0.8318253,-1.508965,-0.7648926
18.066666666666666,1.0,-270.0,1.0,-74.0,-1.0,-564.0,-2.0,-2447.0,-1.0,-4662.0,-2.0,-514.0,-1.0,-1800.0,,,,,,,,,,,,,,,,,,,,,,,,,,
18.066669464111328,,,,,,,,,,,,,,,-0.57444,-0.8537979,-0.02711487,-0.2850266,-0.6032257,-0.7096252,-0.704361,-0.9708176,-0.8864021,-0.5838928,-0.8949814,-0.7545853,-0.760067,-0.901619,-0.604805,-0.9046097,-8.337479,-3.242073,-1.135445,-1.114243,-3.560318,-0.7596893,-1.716019,-0.8288956,-1.509941,-0.7766113
18.075000762939453,,,,,,,,,,,,,,,-0.5754166,-0.855751,-0.02906799,-0.2908859,-0.5973663,-0.7125549,-0.7033844,-0.9590988,-0.8883553,-0.5760803,-0.8979111,-0.7584915,-0.7571373,-0.901619,-0.6145706,-0.8841019,-8.345291,-3.262581,-1.136421,-1.116196,-3.570084,-0.7635956,-1.714066,-0.8210831,-1.514824,-0.7883301
18.083330154418945,,,,,,,,,,,,,,,-0.5773697,-0.8586807,-0.02906799,-0.2977219,-0.5876007,-0.7106018,-0.7024078,-0.9434738,-0.8912849,-0.5653381,-0.9027939,-0.766304,-0.7551842,-0.9025955,-0.6233597,-0.8684769,-8.353104,-3.285042,-1.136421,-1.121078,-3.578873,-0.7714081,-1.716019,-0.8132706,-1.519707,-0.7980957
18.0916690826416,,,,,,,,,,,,,,,-0.5793228,-0.8577042,-0.02711487,-0.3035812,-0.5827179,-0.7027893,-0.7033844,-0.9288254,-0.8922615,-0.5555725,-0.9067001,-0.7770462,-0.7551842,-0.9006424,-0.6301956,-0.8596878,-8.361893,-3.310432,-1.139351,-1.127914,-3.583755,-0.7811737,-1.723831,-0.8064346,-1.520683,-0.8039551
18.1,1.0,-271.0,2.0,-74.0,-1.0,-569.0,-3.0,-2448.0,-2.0,-4669.0,-3.0,-513.0,-1.0,-1798.0,,,,,,,,,,,,,,,,,,,,,,,,,,
18.100000381469727,,,,,,,,,,,,,,,-0.5793228,-0.8567276,-0.02516174,-0.3084641,-0.575882,-0.6920471,-0.7053375,-0.9161301,-0.8932381,-0.5506897,-0.9096298,-0.7907181,-0.7551842,-0.8986893,-0.6341019,-0.8567581,-8.370682,-3.3368,-1.144234,-1.133774,-3.588638,-0.7909393,-1.73848,-0.8015518,-1.522636,-0.802002
18.10832977294922,,,,,,,,,,,,,,,-0.5812759,-0.8547745,-0.02320862,-0.3074875,-0.5719757,-0.6783752,-0.7072906,-0.9044113,-0.8951912,-0.5516663,-0.9086533,-0.8073196,-0.7581139,-0.8967361,-0.6350784,-0.8577347,-8.375565,-3.360237,-1.146187,-1.136703,-3.591568,-0.8016815,-1.753128,-0.7995987,-1.526543,-0.7912598
18.116670608520508,,,,,,,,,,,,,,,-0.5822525,-0.8489151,-0.02223206,-0.3035812,-0.569046,-0.6637268,-0.7072906,-0.8995285,-0.8951912,-0.5565491,-0.9086533,-0.8239212,-0.7610435,-0.894783,-0.6321487,-0.8616409,-8.381424,-3.379768,-1.144234,-1.138657,-3.593521,-0.8114471,-1.770706,-0.8005753,-1.528496,-0.7766113
18.125,,,,,,,,,,,,,,,-0.5832291,-0.8420792,-0.02223206,-0.2967453,-0.5670929,-0.6510315,-0.7092438,-0.8995285,-0.8951912,-0.5672913,-0.9067001,-0.8385696,-0.7629967,-0.8908768,-0.6262894,-0.8675003,-8.384354,-3.390511,-1.140327,-1.138657,-3.590591,-0.8241425,-1.784378,-0.8064346,-1.530449,-0.7590332
18.133329391479492,,,,,,,,,,,,,,,-0.5802994,-0.8352432,-0.02418518,-0.2889328,-0.5670929,-0.6393127,-0.7092438,-0.9014816,-0.8961678,-0.57901,-0.9057236,-0.8473587,-0.7649498,-0.8869705,-0.6194534,-0.8733597,-8.38533,-3.394417,-1.128609,-1.13475,-3.588638,-0.8348846,-1.797073,-0.8152237,-1.531425,-0.7375488
18.133333333333333,0.0,-275.0,2.0,-74.0,-1.0,-573.0,-3.0,-2448.0,-2.0,-4673.0,-3.0,-509.0,-1.0,-1793.0,,,,,,,,,,,,,,,,,,,,,,,,,,
18.14167022705078,,,,,,,,,,,,,,,-0.5793228,-0.8264542,-0.02711487,-0.2811203,-0.569046,-0.6315002,-0.7092438,-0.9053879,-0.8961678,-0.5897522,-0.9067001,-0.8502884,-0.7639732,-0.8830643,-0.6096878,-0.8753128,-8.390213,-3.391487,-1.115913,-1.130844,-3.582779,-0.8426971,-1.803909,-0.8240128,-1.532402,-0.7199707
18.149999618530273,,,,,,,,,,,,,,,-0.5754166,-0.8215714,-0.02809143,-0.2733078,-0.569046,-0.627594,-0.7082672,-0.9092941,-0.8961678,-0.5956116,-0.9067001,-0.8493118,-0.7620201,-0.8781815,-0.6008987,-0.8733597,-8.395096,-3.380745,-1.102242,-1.126938,-3.57399,-0.8485565,-1.805862,-0.8328018,-1.530449,-0.7053223
18.1583309173584,,,,,,,,,,,,,,,-0.5715103,-0.8196182,-0.02711487,-0.2703781,-0.5709991,-0.6246643,-0.7072906,-0.9102707,-0.8922615,-0.5975647,-0.9096298,-0.8395462,-0.7571373,-0.8742752,-0.5950394,-0.8694534,-8.400955,-3.366096,-1.08857,-1.118149,-3.565201,-0.8514862,-1.801956,-0.8415909,-1.52459,-0.6984863
18.166666666666668,0.0,-279.0,2.0,-74.0,-1.0,-576.0,-3.0,-2448.0,-2.0,-4673.0,-3.0,-505.0,0.0,-1788.0,,,,,,,,,,,,,,,,,,,,,,,,,,
18.166669845581055,,,,,,,,,,,,,,,-0.5636978,-0.8225479,-0.02418518,-0.2723312,-0.5739288,-0.6246643,-0.7063141,-0.9112473,-0.8883553,-0.5975647,-0.9106064,-0.8229446,-0.753231,-0.8693924,-0.5901566,-0.8645706,-8.408768,-3.353401,-1.079781,-1.112289,-3.554459,-0.8534393,-1.791214,-0.8454971,-1.51873,-0.6965332
18.174999237060547,,,,,,,,,,,,,,,-0.5617447,-0.8303604,-0.01832581,-0.2772141,-0.5778351,-0.6246643,-0.704361,-0.9112473,-0.8824959,-0.5926819,-0.9106064,-0.8053665,-0.7512779,-0.8684158,-0.5882034,-0.8577347,-8.41658,-3.340706,-1.075874,-1.105453,-3.54274,-0.8553925,-1.781448,-0.8474503,-1.507011,-0.6975098
18.183330535888672,,,,,,,,,,,,,,,-0.5617447,-0.8420792,-0.01148987,-0.2850266,-0.5836945,-0.6217346,-0.7014313,-0.9083176,-0.8756599,-0.5868225,-0.9125595,-0.7916946,-0.7483482,-0.870369,-0.58918,-0.8518753,-8.427322,-3.328011,-1.077827,-1.096664,-3.530045,-0.8583221,-1.770706,-0.8503799,-1.494316,-0.7033691
18.191669464111328,,,,,,,,,,,,,,,-0.5627213,-0.8537979,-0.002700806,-0.2947922,-0.5876007,-0.6188049,-0.697525,-0.9034348,-0.8698006,-0.5829163,-0.9096298,-0.7799759,-0.7493248,-0.8772049,-0.5921097,-0.8489456,-8.433182,-3.318245,-1.081734,-1.090805,-3.522232,-0.8622284,-1.760941,-0.8523331,-1.480644,-0.7111816
18.2,0.0,-283.0,1.0,-75.0,-1.0,-575.0,-3.0,-2450.0,-2.0,-4672.0,-2.0,-504.0,0.0,-1788.0,,,,,,,,,,,,,,,,,,,,,,,,,,
18.200000762939453,,,,,,,,,,,,,,,-0.5685806,-0.8664932,0.005111694,-0.3045578,-0.5924835,-0.6148987,-0.6945953,-0.8995285,-0.8629646,-0.5780334,-0.9067001,-0.7770462,-0.7503014,-0.8869705,-0.5960159,-0.8499222,-8.440018,-3.307503,-1.08857,-1.082016,-3.517349,-0.8651581,-1.753128,-0.8542862,-1.471855,-0.7189941
18.208330154418945,,,,,,,,,,,,,,,-0.5763931,-0.878212,0.01194763,-0.3123703,-0.5924835,-0.6109924,-0.6916656,-0.8946457,-0.8590584,-0.5721741,-0.9027939,-0.7799759,-0.7522545,-0.9006424,-0.5999222,-0.8557816,-8.443924,-3.296761,-1.095406,-1.07518,-3.517349,-0.8690643,-1.747269,-0.8523331,-1.466972,-0.7258301
18.2166690826416,,,,,,,,,,,,,,,-0.5832291,-0.887001,0.01487732,-0.3192062,-0.5944366,-0.6070862,-0.688736,-0.8926926,-0.8561287,-0.5672913,-0.8988876,-0.7877884,-0.7571373,-0.9162674,-0.6077347,-0.8645706,-8.446854,-3.281136,-1.102242,-1.07225,-3.521255,-0.8690643,-1.747269,-0.8494034,-1.465996,-0.7287598
18.225000381469727,,,,,,,,,,,,,,,-0.590065,-0.893837,0.01292419,-0.3250656,-0.5905304,-0.6022034,-0.6877594,-0.8907394,-0.8551521,-0.5614319,-0.8969345,-0.8004837,-0.7590904,-0.9338455,-0.6155472,-0.8762894,-8.44783,-3.263557,-1.110054,-1.068344,-3.531021,-0.8651581,-1.749222,-0.843544,-1.470879,-0.7277832
18.23332977294922,,,,,,,,,,,,,,,-0.5959244,-0.8996964,0.009017944,-0.3260422,-0.5866241,-0.5992737,-0.6867828,-0.8907394,-0.8541756,-0.5536194,-0.8949814,-0.813179,-0.7620201,-0.9504471,-0.6253128,-0.8899612,-8.444901,-3.245003,-1.112984,-1.068344,-3.544693,-0.8573456,-1.752151,-0.8347549,-1.482597,-0.7229004
18.233333333333334,0.0,-285.0,1.0,-74.0,-1.0,-575.0,-4.0,-2455.0,-1.0,-4672.0,-3.0,-508.0,0.0,-1792.0,,,,,,,,,,,,,,,,,,,,,,,,,,
18.241670608520508,,,,,,,,,,,,,,,-0.6008072,-0.9055557,0.002182007,-0.3250656,-0.5817413,-0.5973206,-0.6848297,-0.8936691,-0.8522224,-0.5526428,-0.8959579,-0.8258743,-0.7649498,-0.964119,-0.6311722,-0.9007034,-8.440994,-3.230354,-1.117867,-1.071274,-3.560318,-0.8446503,-1.756058,-0.8210831,-1.495293,-0.7160645
18.25,,,,,,,,,,,,,,,-0.6047134,-0.9123917,-0.004653931,-0.3240891,-0.5768585,-0.5953674,-0.6848297,-0.8975754,-0.8522224,-0.5555725,-0.8969345,-0.8336868,-0.768856,-0.972908,-0.6370316,-0.9104691,-8.436111,-3.220589,-1.122749,-1.074203,-3.574966,-0.8280487,-1.756058,-0.8074112,-1.510918,-0.7072754
18.258329391479492,,,,,,,,,,,,,,,-0.6066666,-0.9211807,-0.01148987,-0.3201828,-0.5768585,-0.5953674,-0.6838531,-0.9014816,-0.8502693,-0.563385,-0.8988876,-0.8385696,-0.7708092,-0.9777908,-0.6399612,-0.9163284,-8.435135,-3.215706,-1.127632,-1.081039,-3.590591,-0.8085175,-1.753128,-0.7927628,-1.52459,-0.7004395
18.266666666666666,0.0,-284.0,0.0,-68.0,-1.0,-580.0,-4.0,-2458.0,-1.0,-4677.0,-3.0,-514.0,0.0,-1799.0,,,,,,,,,,,,,,,,,,,,,,,,,,
18.26667022705078,,,,,,,,,,,,,,,-0.6076431,-0.9280167,-0.01930237,-0.3153,-0.5788116,-0.596344,-0.6809235,-0.9053879,-0.8483162,-0.5751038,-0.8998642,-0.8424759,-0.7727623,-0.9777908,-0.6399612,-0.9133987,-8.436111,-3.216682,-1.136421,-1.093735,-3.601334,-0.7889862,-1.745316,-0.7751846,-1.535332,-0.692627
18.274999618530273,,,,,,,,,,,,,,,-0.6086197,-0.9289932,-0.02418518,-0.3113937,-0.5866241,-0.5992737,-0.6779938,-0.907341,-0.8463631,-0.5897522,-0.9008408,-0.8454056,-0.7727623,-0.9709549,-0.6380081,-0.9055862,-8.440018,-3.222542,-1.144234,-1.107407,-3.612076,-0.7704315,-1.73555,-0.7595596,-1.542168,-0.6896973
18.2833309173584,,,,,,,,,,,,,,,-0.6086197,-0.9270401,-0.02906799,-0.3104172,-0.5983429,-0.6022034,-0.6789703,-0.9092941,-0.8463631,-0.6063538,-0.8979111,-0.8454056,-0.7708092,-0.9602127,-0.6350784,-0.8928909,-8.448807,-3.233284,-1.149117,-1.124008,-3.618912,-0.7557831,-1.725784,-0.7429581,-1.544121,-0.6896973
18.291669845581055,,,,,,,,,,,,,,,-0.6076431,-0.9221573,-0.03199768,-0.3094406,-0.6090851,-0.6070862,-0.6799469,-0.9102707,-0.8492928,-0.6219788,-0.8940048,-0.844429,-0.7698326,-0.9455643,-0.6301956,-0.8792191,-8.458572,-3.245979,-1.156929,-1.143539,-3.625748,-0.7499237,-1.716995,-0.7234268,-1.540215,-0.6936035
18.299999237060547,,,,,,,,,,,,,,,-0.6095963,-0.9143448,-0.03688049,-0.3113937,-0.6208038,-0.6100159,-0.6858063,-0.9102707,-0.8522224,-0.6346741,-0.8881454,-0.8434525,-0.7669029,-0.9309158,-0.6262894,-0.8645706,-8.474197,-3.258675,-1.161812,-1.161118,-3.631607,-0.7509003,-1.711136,-0.7048721,-1.528496,-0.7004395
18.3,0.0,-282.0,1.0,-62.0,-1.0,-585.0,-5.0,-2463.0,-2.0,-4689.0,-4.0,-521.0,0.0,-1808.0,,,,,,,,,,,,,,,,,,,,,,,,,,
18.308330535888672,,,,,,,,,,,,,,,-0.6095963,-0.9055557,-0.03981018,-0.3153,-0.6295929,-0.6129456,-0.6936188,-0.9141769,-0.8580818,-0.6444397,-0.8832626,-0.8414993,-0.7620201,-0.9182205,-0.6253128,-0.8518753,-8.483963,-3.269417,-1.164742,-1.176743,-3.637466,-0.7577362,-1.708206,-0.687294,-1.513847,-0.708252
18.316669464111328,,,,,,,,,,,,,,,-0.6125259,-0.8948135,-0.04078674,-0.3221359,-0.6334991,-0.6129456,-0.704361,-0.9180832,-0.8649178,-0.6493225,-0.873497,-0.8385696,-0.7620201,-0.9065018,-0.6243362,-0.8479691,-8.494705,-3.277229,-1.165718,-1.190414,-3.641373,-0.7704315,-1.709183,-0.6736221,-1.497246,-0.717041
18.325000762939453,,,,,,,,,,,,,,,-0.6174088,-0.887001,-0.03883362,-0.330925,-0.6325226,-0.6129456,-0.7170563,-0.9219894,-0.8717537,-0.6483459,-0.8686142,-0.8346634,-0.7610435,-0.8957596,-0.6243362,-0.8469925,-8.502518,-3.280159,-1.158882,-1.199203,-3.643326,-0.7880096,-1.716995,-0.6648331,-1.481621,-0.7258301
18.333330154418945,,,,,,,,,,,,,,,-0.6222916,-0.8830948,-0.03492737,-0.3367844,-0.6286163,-0.6100159,-0.728775,-0.9268723,-0.8795662,-0.6454163,-0.8617783,-0.8297806,-0.7649498,-0.8869705,-0.6253128,-0.8518753,-8.506424,-3.280159,-1.152046,-1.205063,-3.643326,-0.8026581,-1.723831,-0.6648331,-1.468925,-0.7346191
18.333333333333332,0.0,-280.0,1.0,-56.0,-2.0,-590.0,-6.0,-2469.0,-2.0,-4701.0,-4.0,-525.0,0.0,-1817.0,,,,,,,,,,,,,,,,,,,,,,,,,,
18.3416690826416,,,,,,,,,,,,,,,-0.6271744,-0.8791885,-0.02906799,-0.3377609,-0.6208038,-0.6031799,-0.7336578,-0.9307785,-0.884449,-0.6376038,-0.8588486,-0.8219681,-0.7708092,-0.8820877,-0.6272659,-0.8616409,-8.507401,-3.276253,-1.144234,-1.211899,-3.641373,-0.8153534,-1.731644,-0.6726456,-1.465019,-0.7414551
18.350000381469727,,,,,,,,,,,,,,,-0.6320572,-0.8733292,-0.02223206,-0.3348312,-0.6110382,-0.5914612,-0.7365875,-0.9327316,-0.8883553,-0.6278381,-0.857872,-0.8151321,-0.775692,-0.8772049,-0.6301956,-0.8714066,-8.506424,-3.26844,-1.130562,-1.217758,-3.638443,-0.8260956,-1.736526,-0.6853409,-1.465019,-0.748291
18.35832977294922,,,,,,,,,,,,,,,-0.6349869,-0.8684464,-0.01148987,-0.3240891,-0.6022491,-0.5777893,-0.7336578,-0.9356613,-0.8903084,-0.6190491,-0.8598251,-0.8102493,-0.7825279,-0.8742752,-0.6341019,-0.8811722,-8.504471,-3.260628,-1.121773,-1.224594,-3.632584,-0.8309784,-1.741409,-0.7019424,-1.476738,-0.7521973
18.366666666666667,0.0,-278.0,1.0,-51.0,-2.0,-592.0,-6.0,-2474.0,-2.0,-4711.0,-4.0,-526.0,0.0,-1828.0,,,,,,,,,,,,,,,,,,,,,,,,,,
18.366670608520508,,,,,,,,,,,,,,,-0.6388931,-0.8616104,0.001205444,-0.3084641,-0.5934601,-0.5631409,-0.728775,-0.938591,-0.8883553,-0.6131897,-0.8637314,-0.8063431,-0.7883873,-0.8742752,-0.636055,-0.886055,-8.503494,-3.254768,-1.115913,-1.235336,-3.627701,-0.8309784,-1.745316,-0.718544,-1.492363,-0.7561035
18.375,,,,,,,,,,,,,,,-0.6427994,-0.8518448,0.01390076,-0.2889328,-0.5866241,-0.549469,-0.7209625,-0.9405441,-0.8854256,-0.6092834,-0.8695908,-0.8053665,-0.7942467,-0.8772049,-0.6389847,-0.8889847,-8.500565,-3.249886,-1.112984,-1.246078,-3.625748,-0.8300018,-1.749222,-0.7322159,-1.509941,-0.7590332
18.383329391479492,,,,,,,,,,,,,,,-0.6467056,-0.8420792,0.02854919,-0.2664719,-0.5817413,-0.5397034,-0.7141266,-0.9454269,-0.8805428,-0.6083069,-0.8744736,-0.8073196,-0.7981529,-0.8840408,-0.6428909,-0.8870316,-8.498611,-3.247932,-1.115913,-1.257797,-3.624771,-0.8280487,-1.751175,-0.7410049,-1.528496,-0.7580566
18.39167022705078,,,,,,,,,,,,,,,-0.6535416,-0.8284073,0.04026794,-0.2488937,-0.575882,-0.5357971,-0.7092438,-0.9512863,-0.8766365,-0.61026,-0.8813095,-0.8092728,-0.800106,-0.8918533,-0.6458206,-0.8772659,-8.496658,-3.251839,-1.125679,-1.267563,-3.626724,-0.8241425,-1.754105,-0.7468643,-1.543144,-0.7512207
18.399999618530273,,,,,,,,,,,,,,,-0.6594009,-0.8176651,0.05101013,-0.2401047,-0.5739288,-0.5397034,-0.7102203,-0.9610519,-0.8746834,-0.6131897,-0.8832626,-0.8122025,-0.800106,-0.901619,-0.6487503,-0.8645706,-8.493729,-3.256721,-1.137398,-1.272446,-3.629654,-0.8202362,-1.757034,-0.7527237,-1.55291,-0.7434082
18.4,0.0,-278.0,1.0,-50.0,-2.0,-593.0,-6.0,-2478.0,-1.0,-4715.0,-3.0,-526.0,0.0,-1839.0,,,,,,,,,,,,,,,,,,,,,,,,,,
18.4083309173584,,,,,,,,,,,,,,,-0.6652603,-0.808876,0.05882263,-0.2410812,-0.569046,-0.5514221,-0.7141266,-0.9708176,-0.8746834,-0.6131897,-0.8852158,-0.8151321,-0.7991295,-0.910408,-0.6497269,-0.8508987,-8.490799,-3.260628,-1.150093,-1.274399,-3.628677,-0.8143768,-1.760941,-0.7566299,-1.559746,-0.732666
18.416669845581055,,,,,,,,,,,,,,,-0.6691666,-0.8069229,0.06272888,-0.2518234,-0.5651398,-0.5680237,-0.7180328,-0.9757004,-0.8756599,-0.6112366,-0.8861923,-0.8161087,-0.7961998,-0.9143143,-0.6497269,-0.83918,-8.482986,-3.265511,-1.164742,-1.269516,-3.626724,-0.8114471,-1.760941,-0.7615128,-1.556816,-0.7199707
18.424999237060547,,,,,,,,,,,,,,,-0.6691666,-0.8078995,0.06077576,-0.2713547,-0.560257,-0.5865784,-0.7238922,-0.9776535,-0.8795662,-0.6063538,-0.8852158,-0.8151321,-0.7922935,-0.9113846,-0.6526566,-0.8284378,-8.476151,-3.270393,-1.174507,-1.25975,-3.623795,-0.8085175,-1.760941,-0.7673721,-1.55291,-0.7092285
18.433330535888672,,,,,,,,,,,,,,,-0.6662369,-0.8127823,0.05589294,-0.2967453,-0.553421,-0.6031799,-0.7277985,-0.9796066,-0.884449,-0.5985413,-0.8852158,-0.8112259,-0.7883873,-0.9035721,-0.65168,-0.8196487,-8.466385,-3.277229,-1.185249,-1.244125,-3.618912,-0.8085175,-1.758011,-0.7722549,-1.548027,-0.7023926
18.433333333333334,0.0,-280.0,1.0,-51.0,-2.0,-595.0,-6.0,-2480.0,0.0,-4720.0,-3.0,-524.0,0.0,-1846.0,,,,,,,,,,,,,,,,,,,,,,,,,,
18.441669464111328,,,,,,,,,,,,,,,-0.6613541,-0.8196182,0.04808044,-0.3240891,-0.5485382,-0.6158752,-0.7297516,-0.9786301,-0.8903084,-0.5907288,-0.8842392,-0.8073196,-0.7854576,-0.8899002,-0.6507034,-0.8147659,-8.459549,-3.283089,-1.189156,-1.227524,-3.614029,-0.8124237,-1.755081,-0.7761612,-1.540215,-0.6994629
18.450000762939453,,,,,,,,,,,,,,,-0.6535416,-0.8293839,0.04124451,-0.3485031,-0.544632,-0.6236877,-0.7297516,-0.9757004,-0.8951912,-0.5868225,-0.8861923,-0.8053665,-0.7835045,-0.8732986,-0.6497269,-0.8147659,-8.45369,-3.288948,-1.188179,-1.211899,-3.614029,-0.8182831,-1.751175,-0.7790909,-1.531425,-0.701416
18.458330154418945,,,,,,,,,,,,,,,-0.6467056,-0.8391495,0.03538513,-0.3670578,-0.544632,-0.6315002,-0.7258453,-0.9727707,-0.8951912,-0.5858459,-0.8881454,-0.8034134,-0.7825279,-0.8586502,-0.6477737,-0.8176956,-8.44783,-3.29969,-1.188179,-1.195297,-3.615982,-0.825119,-1.744339,-0.7761612,-1.52459,-0.7062988
18.466666666666665,0.0,-282.0,1.0,-55.0,-2.0,-597.0,-7.0,-2478.0,0.0,-4728.0,-2.0,-525.0,0.0,-1848.0,,,,,,,,,,,,,,,,,,,,,,,,,,
18.4666690826416,,,,,,,,,,,,,,,-0.6437759,-0.846962,0.02952576,-0.3768234,-0.5436554,-0.6363831,-0.7209625,-0.9708176,-0.8942146,-0.5887756,-0.8920517,-0.8014603,-0.7835045,-0.8469315,-0.6477737,-0.823555,-8.444901,-3.310432,-1.185249,-1.183578,-3.626724,-0.8329315,-1.740433,-0.7712784,-1.517754,-0.7141113
18.475000381469727,,,,,,,,,,,,,,,-0.6437759,-0.8518448,0.02854919,-0.3787766,-0.5475616,-0.6402893,-0.7151031,-0.9688644,-0.8903084,-0.5965881,-0.8959579,-0.8014603,-0.7825279,-0.8400955,-0.6477737,-0.8313675,-8.444901,-3.318245,-1.177437,-1.176743,-3.638443,-0.840744,-1.73555,-0.7644424,-1.510918,-0.7219238
18.48332977294922,,,,,,,,,,,,,,,-0.6476822,-0.855751,0.03050232,-0.3719406,-0.5553741,-0.6461487,-0.7092438,-0.969841,-0.8824959,-0.6083069,-0.9027939,-0.8024368,-0.7825279,-0.839119,-0.6487503,-0.8411331,-8.449783,-3.325081,-1.172554,-1.175766,-3.653091,-0.8436737,-1.728714,-0.7566299,-1.507011,-0.7277832
18.491670608520508,,,,,,,,,,,,,,,-0.6584244,-0.8586807,0.03440857,-0.362175,-0.5651398,-0.6559143,-0.7033844,-0.9717941,-0.8756599,-0.6210022,-0.9057236,-0.8014603,-0.784481,-0.8400955,-0.6497269,-0.8508987,-8.455643,-3.328011,-1.165718,-1.180649,-3.671646,-0.8426971,-1.721878,-0.749794,-1.507011,-0.7336426
18.5,0.0,-284.0,1.0,-59.0,-1.0,-600.0,-6.0,-2474.0,0.0,-4733.0,-2.0,-525.0,-1.0,-1849.0,-0.6672134,-0.8616104,0.04026794,-0.3494797,-0.575882,-0.6676331,-0.697525,-0.9776535,-0.8658943,-0.6336975,-0.9076767,-0.8014603,-0.7864342,-0.8410721,-0.65168,-0.8626175,-8.460526,-3.326057,-1.160835,-1.186508,-3.688248,-0.8387909,-1.716995,-0.7478409,-1.505058,-0.7365723
18.508329391479492,,,,,,,,,,,,,,,-0.6769791,-0.8655167,0.04710388,-0.3377609,-0.5856476,-0.6773987,-0.6916656,-0.985466,-0.8590584,-0.6444397,-0.9076767,-0.7985306,-0.7893639,-0.8400955,-0.6546097,-0.8733597,-8.468338,-3.321175,-1.156929,-1.193344,-3.699966,-0.8339081,-1.714066,-0.7488174,-1.509941,-0.7385254
18.51667022705078,,,,,,,,,,,,,,,-0.6828384,-0.8684464,0.05296326,-0.3279953,-0.5944366,-0.6881409,-0.6877594,-0.9971848,-0.8522224,-0.6493225,-0.9067001,-0.7956009,-0.7922935,-0.839119,-0.6565628,-0.8801956,-8.477127,-3.315315,-1.152046,-1.202133,-3.712662,-0.8309784,-1.714066,-0.7576065,-1.514824,-0.7404785
18.524999618530273,,,,,,,,,,,,,,,-0.6867447,-0.8694229,0.05882263,-0.3211594,-0.6051788,-0.6969299,-0.6838531,-1.008904,-0.8492928,-0.6522522,-0.8998642,-0.7946243,-0.7981529,-0.8352127,-0.6594925,-0.8850784,-8.486893,-3.308479,-1.150093,-1.207016,-3.719498,-0.8329315,-1.719925,-0.7683487,-1.520683,-0.7404785
18.5333309173584,,,,,,,,,,,,,,,-0.6886978,-0.8674698,0.06077576,-0.3182297,-0.6090851,-0.7008362,-0.6809235,-1.017693,-0.8492928,-0.6522522,-0.8979111,-0.7956009,-0.8020592,-0.8293533,-0.6565628,-0.8880081,-8.502518,-3.30262,-1.149117,-1.211899,-3.717545,-0.840744,-1.728714,-0.7820206,-1.528496,-0.7414551
18.533333333333335,0.0,-285.0,2.0,-63.0,-1.0,-606.0,-6.0,-2472.0,0.0,-4743.0,-1.0,-526.0,-1.0,-1854.0,,,,,,,,,,,,,,,,,,,,,,,,,,
18.541669845581055,,,,,,,,,,,,,,,-0.6916275,-0.8616104,0.06175232,-0.3182297,-0.6129913,-0.7027893,-0.6789703,-1.021599,-0.8492928,-0.6483459,-0.8920517,-0.797554,-0.8049889,-0.8254471,-0.6565628,-0.8889847,-8.51326,-3.296761,-1.147163,-1.211899,-3.712662,-0.856369,-1.743362,-0.7976456,-1.534355,-0.7424316
18.549999237060547,,,,,,,,,,,,,,,-0.6906509,-0.8528214,0.06175232,-0.3221359,-0.6129913,-0.7047424,-0.6750641,-1.020622,-0.8512459,-0.6444397,-0.8881454,-0.8014603,-0.8049889,-0.8274002,-0.6555862,-0.8899612,-8.524979,-3.289925,-1.14814,-1.212875,-3.699966,-0.8759003,-1.760941,-0.812294,-1.540215,-0.7434082
18.558330535888672,,,,,,,,,,,,,,,-0.6955338,-0.8440323,0.05979919,-0.3250656,-0.6129913,-0.7066956,-0.673111,-1.011833,-0.853199,-0.6376038,-0.8832626,-0.8073196,-0.8020592,-0.8342361,-0.65168,-0.8899612,-8.534744,-3.286995,-1.150093,-1.212875,-3.686295,-0.894455,-1.775589,-0.8230362,-1.545097,-0.7443848
18.566666666666666,0.0,-284.0,2.0,-62.0,-1.0,-612.0,-6.0,-2473.0,0.0,-4755.0,-1.0,-530.0,-1.0,-1856.0,,,,,,,,,,,,,,,,,,,,,,,,,,
18.566669464111328,,,,,,,,,,,,,,,-0.7004166,-0.8352432,0.05882263,-0.3299484,-0.6100616,-0.7106018,-0.6711578,-0.9962082,-0.8571053,-0.6346741,-0.8803329,-0.8190384,-0.7981529,-0.8400955,-0.6497269,-0.8899612,-8.542557,-3.283089,-1.152046,-1.213852,-3.67067,-0.9130096,-1.791214,-0.8308487,-1.54705,-0.7434082
18.575000762939453,,,,,,,,,,,,,,,-0.7062759,-0.8264542,0.05589294,-0.3328781,-0.6051788,-0.7164612,-0.6682281,-0.9757004,-0.8600349,-0.6356506,-0.8783798,-0.8327103,-0.7903404,-0.847908,-0.6448441,-0.8909378,-8.546463,-3.278206,-1.156929,-1.216782,-3.657974,-0.9247284,-1.799026,-0.8357315,-1.546074,-0.7434082
18.583330154418945,,,,,,,,,,,,,,,-0.715065,-0.8235245,0.05296326,-0.3377609,-0.600296,-0.7291565,-0.6652985,-0.9571457,-0.8619881,-0.6366272,-0.8783798,-0.8434525,-0.7835045,-0.854744,-0.6380081,-0.8928909,-8.546463,-3.273323,-1.161812,-1.218735,-3.648209,-0.9305878,-1.803909,-0.8367081,-1.546074,-0.7424316
18.5916690826416,,,,,,,,,,,,,,,-0.7228775,-0.8235245,0.04710388,-0.3416672,-0.591507,-0.7438049,-0.6643219,-0.9415207,-0.8668709,-0.6395569,-0.8783798,-0.8532181,-0.7795982,-0.8586502,-0.6321487,-0.8967972,-8.545486,-3.272346,-1.166695,-1.218735,-3.642349,-0.9296112,-1.804886,-0.8357315,-1.543144,-0.7385254
18.6,0.0,-284.0,2.0,-58.0,-1.0,-618.0,-6.0,-2477.0,0.0,-4766.0,-2.0,-536.0,-1.0,-1857.0,,,,,,,,,,,,,,,,,,,,,,,,,,
18.600000381469727,,,,,,,,,,,,,,,-0.7267838,-0.8284073,0.04222107,-0.3416672,-0.5827179,-0.7613831,-0.6652985,-0.9298019,-0.8678474,-0.64151,-0.8793564,-0.8639603,-0.775692,-0.8596268,-0.6253128,-0.8987503,-8.54158,-3.270393,-1.169624,-1.220688,-3.642349,-0.925705,-1.801956,-0.8347549,-1.539238,-0.7355957
18.60832977294922,,,,,,,,,,,,,,,-0.7326431,-0.8371964,0.03733826,-0.3397141,-0.5768585,-0.7789612,-0.6672516,-0.9258957,-0.868824,-0.64151,-0.8822861,-0.8688431,-0.7776451,-0.854744,-0.62043,-0.8967972,-8.537674,-3.270393,-1.171577,-1.219711,-3.643326,-0.9227753,-1.797073,-0.8328018,-1.538261,-0.7336426
18.616670608520508,,,,,,,,,,,,,,,-0.7345963,-0.8498917,0.03343201,-0.3348312,-0.5709991,-0.7965393,-0.6711578,-0.9278488,-0.8698006,-0.6376038,-0.8852158,-0.8707962,-0.7825279,-0.8449783,-0.6135941,-0.8909378,-8.535721,-3.272346,-1.171577,-1.217758,-3.645279,-0.9198456,-1.793167,-0.8328018,-1.541191,-0.7316895
18.625,,,,,,,,,,,,,,,-0.7345963,-0.862587,0.03050232,-0.3289719,-0.5680695,-0.8053284,-0.6789703,-0.9337082,-0.8668709,-0.6307678,-0.8910751,-0.8698196,-0.7835045,-0.8332596,-0.6116409,-0.8821487,-8.532791,-3.276253,-1.169624,-1.217758,-3.648209,-0.9198456,-1.787308,-0.8328018,-1.543144,-0.7355957
18.633329391479492,,,,,,,,,,,,,,,-0.7345963,-0.8752823,0.02952576,-0.3201828,-0.5670929,-0.8102112,-0.6838531,-0.9444504,-0.8658943,-0.6180725,-0.8959579,-0.8639603,-0.7893639,-0.8195877,-0.6096878,-0.8733597,-8.531815,-3.280159,-1.162788,-1.218735,-3.646255,-0.9208221,-1.782425,-0.8347549,-1.549004,-0.7443848
18.633333333333333,0.0,-286.0,2.0,-56.0,-1.0,-623.0,-5.0,-2485.0,0.0,-4773.0,-2.0,-536.0,-1.0,-1858.0,,,,,,,,,,,,,,,,,,,,,,,,,,
18.64167022705078,,,,,,,,,,,,,,,-0.7326431,-0.8860245,0.03440857,-0.3094406,-0.5729523,-0.8111877,-0.6867828,-0.9571457,-0.8610115,-0.6034241,-0.9008408,-0.8561478,-0.7932701,-0.8068924,-0.6096878,-0.8626175,-8.526932,-3.283089,-1.153999,-1.219711,-3.644302,-0.9227753,-1.776566,-0.8367081,-1.554863,-0.7561035
18.649999618530273,,,,,,,,,,,,,,,-0.7297134,-0.8928604,0.04124451,-0.3006516,-0.5827179,-0.8033752,-0.6867828,-0.9678879,-0.8590584,-0.5907288,-0.9067001,-0.851265,-0.7971764,-0.7951736,-0.6145706,-0.8538284,-8.523026,-3.285042,-1.14521,-1.222641,-3.641373,-0.9227753,-1.771683,-0.8386612,-1.558769,-0.7687988
18.6583309173584,,,,,,,,,,,,,,,-0.7267838,-0.8967667,0.04808044,-0.2957687,-0.5934601,-0.7945862,-0.6867828,-0.9796066,-0.8580818,-0.5799866,-0.9125595,-0.8463821,-0.800106,-0.785408,-0.6184769,-0.8489456,-8.521072,-3.286995,-1.135445,-1.224594,-3.637466,-0.9217987,-1.7668,-0.8406143,-1.563652,-0.7814941
18.666666666666668,0.0,-286.0,2.0,-55.0,-2.0,-623.0,-4.0,-2493.0,0.0,-4774.0,-2.0,-534.0,-1.0,-1857.0,,,,,,,,,,,,,,,,,,,,,,,,,,
18.666669845581055,,,,,,,,,,,,,,,-0.7238541,-0.893837,0.05979919,-0.2967453,-0.607132,-0.7857971,-0.6828766,-0.9932785,-0.8580818,-0.5741272,-0.9184189,-0.8454056,-0.8040123,-0.7815018,-0.6233597,-0.8538284,-8.51619,-3.288948,-1.127632,-1.224594,-3.63649,-0.9159393,-1.761917,-0.8445206,-1.566582,-0.7922363
18.674999237060547,,,,,,,,,,,,,,,-0.7189713,-0.8879776,0.07054138,-0.3006516,-0.6168976,-0.7779846,-0.6779938,-1.00695,-0.8580818,-0.5751038,-0.9242783,-0.8473587,-0.8098717,-0.7824783,-0.6262894,-0.8655472,-8.511307,-3.290901,-1.121773,-1.223618,-3.63649,-0.9051971,-1.758011,-0.8513565,-1.564629,-0.7990723
18.683330535888672,,,,,,,,,,,,,,,-0.7170181,-0.8801651,0.07737732,-0.3074875,-0.6237335,-0.7721252,-0.6721344,-1.020622,-0.8600349,-0.5809631,-0.9301376,-0.8502884,-0.815731,-0.7873611,-0.6301956,-0.8821487,-8.505447,-3.295784,-1.115913,-1.221664,-3.641373,-0.8915253,-1.756058,-0.8572159,-1.565605,-0.7941895
18.691669464111328,,,,,,,,,,,,,,,-0.715065,-0.871376,0.08226013,-0.3192062,-0.6266632,-0.7701721,-0.6692047,-1.032341,-0.8610115,-0.5926819,-0.935997,-0.8551712,-0.8235435,-0.7961502,-0.6350784,-0.90168,-8.506424,-3.29969,-1.114937,-1.218735,-3.649185,-0.8778534,-1.757034,-0.8650284,-1.564629,-0.786377
18.7,0.0,-283.0,2.0,-54.0,-2.0,-622.0,-4.0,-2501.0,0.0,-4776.0,-1.0,-534.0,-1.0,-1857.0,,,,,,,,,,,,,,,,,,,,,,,,,,
18.700000762939453,,,,,,,,,,,,,,,-0.7111588,-0.8664932,0.08323669,-0.3279953,-0.6247101,-0.7711487,-0.6682281,-1.042107,-0.8610115,-0.61026,-0.9418564,-0.8610306,-0.8303795,-0.8098221,-0.6370316,-0.9212112,-8.505447,-3.303596,-1.114937,-1.216782,-3.659927,-0.8651581,-1.758011,-0.8718643,-1.562675,-0.7746582
18.708330154418945,,,,,,,,,,,,,,,-0.7082291,-0.8645401,0.08226013,-0.3348312,-0.6178741,-0.7740784,-0.6711578,-1.048943,-0.8619881,-0.625885,-0.9457626,-0.8649368,-0.838192,-0.8264236,-0.6389847,-0.9358597,-8.509354,-3.308479,-1.11689,-1.213852,-3.673599,-0.8524628,-1.762894,-0.8767471,-1.564629,-0.7590332
18.7166690826416,,,,,,,,,,,,,,,-0.7062759,-0.8664932,0.07835388,-0.3397141,-0.607132,-0.7770081,-0.6760406,-1.052849,-0.8639412,-0.6405334,-0.9467392,-0.8659134,-0.8420982,-0.8449783,-0.6409378,-0.9466019,-8.518143,-3.314339,-1.11982,-1.212875,-3.689224,-0.8456268,-1.767776,-0.8777237,-1.563652,-0.739502
18.725000381469727,,,,,,,,,,,,,,,-0.7052994,-0.8703995,0.07444763,-0.3426437,-0.5983429,-0.7799377,-0.6848297,-1.052849,-0.8658943,-0.6542053,-0.9467392,-0.8649368,-0.8450279,-0.8645096,-0.6428909,-0.9495316,-8.526932,-3.316292,-1.123726,-1.212875,-3.702896,-0.8446503,-1.773636,-0.8728409,-1.563652,-0.7248535
18.73332977294922,,,,,,,,,,,,,,,-0.7072525,-0.8752823,0.07054138,-0.3445969,-0.5895538,-0.7818909,-0.6906891,-1.049919,-0.8727303,-0.6620178,-0.9418564,-0.860054,-0.846981,-0.8830643,-0.6448441,-0.9466019,-8.534744,-3.318245,-1.129585,-1.213852,-3.717545,-0.8485565,-1.780472,-0.8669815,-1.563652,-0.7092285
18.733333333333334,0.0,-282.0,2.0,-51.0,-3.0,-622.0,-4.0,-2510.0,0.0,-4782.0,-2.0,-536.0,0.0,-1860.0,,,,,,,,,,,,,,,,,,,,,,,,,,
18.741670608520508,,,,,,,,,,,,,,,-0.7082291,-0.8830948,0.06565857,-0.3494797,-0.5856476,-0.7789612,-0.697525,-1.046013,-0.8785896,-0.6659241,-0.9389267,-0.8541946,-0.8450279,-0.8957596,-0.6477737,-0.9426956,-8.539627,-3.323128,-1.139351,-1.216782,-3.73024,-0.8573456,-1.788284,-0.8572159,-1.561699,-0.6955566
18.75,,,,,,,,,,,,,,,-0.7131119,-0.8899307,0.06175232,-0.3572922,-0.5827179,-0.7740784,-0.7024078,-1.04406,-0.8854256,-0.6629944,-0.9340439,-0.8502884,-0.8401451,-0.9025955,-0.6487503,-0.9387894,-8.542557,-3.331917,-1.150093,-1.222641,-3.741959,-0.8710175,-1.79512,-0.8454971,-1.55584,-0.6877441
18.758329391479492,,,,,,,,,,,,,,,-0.7199478,-0.8928604,0.05882263,-0.3680344,-0.5817413,-0.768219,-0.7014313,-1.046013,-0.8922615,-0.6561584,-0.9291611,-0.8473587,-0.8372154,-0.9025955,-0.6497269,-0.93293,-8.54158,-3.345589,-1.157906,-1.229477,-3.749771,-0.8837128,-1.80098,-0.8357315,-1.550957,-0.6848145
18.766666666666666,0.0,-282.0,2.0,-47.0,-2.0,-622.0,-4.0,-2515.0,0.0,-4786.0,-2.0,-539.0,0.0,-1865.0,,,,,,,,,,,,,,,,,,,,,,,,,,
18.76667022705078,,,,,,,,,,,,,,,-0.7287369,-0.8957901,0.05589294,-0.3797531,-0.5836945,-0.7613831,-0.6985016,-1.049919,-0.8951912,-0.6473694,-0.9242783,-0.8463821,-0.8303795,-0.8967361,-0.6487503,-0.9300003,-8.536697,-3.364143,-1.165718,-1.238266,-3.757584,-0.8964081,-1.802933,-0.8308487,-1.545097,-0.6867676
18.774999618530273,,,,,,,,,,,,,,,-0.7394791,-0.8987198,0.05198669,-0.3904953,-0.5866241,-0.7545471,-0.6926422,-1.057732,-0.8961678,-0.6356506,-0.9223251,-0.8473587,-0.8235435,-0.8850174,-0.6487503,-0.9270706,-8.530838,-3.387581,-1.168648,-1.251938,-3.76442,-0.91008,-1.803909,-0.8298721,-1.538261,-0.6955566
18.7833309173584,,,,,,,,,,,,,,,-0.746315,-0.8996964,0.04612732,-0.3983078,-0.5866241,-0.752594,-0.6848297,-1.068474,-0.8951912,-0.6278381,-0.9193954,-0.8493118,-0.8176842,-0.8674393,-0.6487503,-0.9241409,-8.523026,-3.411995,-1.169624,-1.263657,-3.763443,-0.9208221,-1.804886,-0.8308487,-1.534355,-0.7102051
18.791669845581055,,,,,,,,,,,,,,,-0.7521744,-0.9006729,0.04222107,-0.4012375,-0.5866241,-0.7535706,-0.6740875,-1.078239,-0.8922615,-0.6249084,-0.9184189,-0.851265,-0.8128014,-0.8498611,-0.6487503,-0.9212112,-8.515213,-3.436409,-1.167671,-1.274399,-3.762466,-0.9266815,-1.800003,-0.8396378,-1.533379,-0.7316895
18.799999237060547,,,,,,,,,,,,,,,-0.7560806,-0.9006729,0.04026794,-0.3944016,-0.5856476,-0.7574768,-0.6672516,-1.085075,-0.8883553,-0.6268616,-0.9184189,-0.851265,-0.8079185,-0.8361893,-0.6497269,-0.917305,-8.511307,-3.453987,-1.158882,-1.284164,-3.756607,-0.9286346,-1.793167,-0.8503799,-1.535332,-0.755127
18.8,0.0,-282.0,2.0,-45.0,-2.0,-622.0,-4.0,-2520.0,0.0,-4793.0,-2.0,-539.0,0.0,-1870.0,,,,,,,,,,,,,,,,,,,,,,,,,,
18.808330535888672,,,,,,,,,,,,,,,-0.7560806,-0.902626,0.03733826,-0.3817062,-0.5836945,-0.7643127,-0.6604156,-1.087029,-0.8873787,-0.6346741,-0.9184189,-0.851265,-0.8059654,-0.8225174,-0.65168,-0.9104691,-8.505447,-3.462776,-1.150093,-1.290024,-3.750748,-0.9276581,-1.785355,-0.859169,-1.541191,-0.7746582
18.816669464111328,,,,,,,,,,,,,,,-0.7541275,-0.9045792,0.03538513,-0.3651047,-0.5836945,-0.7721252,-0.657486,-1.083122,-0.8864021,-0.6502991,-0.9184189,-0.8493118,-0.8098717,-0.8137283,-0.6546097,-0.90168,-8.502518,-3.460823,-1.14521,-1.29393,-3.741959,-0.9247284,-1.774612,-0.8669815,-1.549004,-0.7932129
18.825000762939453,,,,,,,,,,,,,,,-0.7521744,-0.9075089,0.03147888,-0.3475266,-0.5856476,-0.7779846,-0.657486,-1.074333,-0.8883553,-0.6678772,-0.9174423,-0.8493118,-0.8098717,-0.8088455,-0.6565628,-0.8919144,-8.502518,-3.450081,-1.142281,-1.290024,-3.736099,-0.9169159,-1.761917,-0.8699112,-1.556816,-0.8068848
18.833330154418945,,,,,,,,,,,,,,,-0.7511978,-0.9114151,0.03050232,-0.3328781,-0.5876007,-0.7789612,-0.6584625,-1.062614,-0.8912849,-0.6825256,-0.9135361,-0.8541946,-0.8137779,-0.8059158,-0.6594925,-0.8811722,-8.503494,-3.437386,-1.147163,-1.283188,-3.736099,-0.9081268,-1.747269,-0.8689346,-1.567558,-0.8098145
18.833333333333332,0.0,-281.0,2.0,-44.0,-3.0,-622.0,-5.0,-2525.0,0.0,-4800.0,-2.0,-538.0,-1.0,-1872.0,,,,,,,,,,,,,,,,,,,,,,,,,,
18.8416690826416,,,,,,,,,,,,,,,-0.7531509,-0.9133682,0.02757263,-0.3211594,-0.5905304,-0.7740784,-0.6604156,-1.047966,-0.8922615,-0.6952209,-0.9076767,-0.8629837,-0.815731,-0.8068924,-0.6614456,-0.8684769,-8.509354,-3.421761,-1.152046,-1.272446,-3.740005,-0.8993378,-1.73262,-0.8640518,-1.576347,-0.8068848
18.850000381469727,,,,,,,,,,,,,,,-0.7560806,-0.9114151,0.02659607,-0.3094406,-0.5954132,-0.7652893,-0.6613922,-1.033318,-0.8932381,-0.7010803,-0.8998642,-0.8727493,-0.8176842,-0.8117752,-0.6604691,-0.8518753,-8.520096,-3.405159,-1.163765,-1.257797,-3.747818,-0.8915253,-1.717972,-0.8562393,-1.582207,-0.7990723
18.85832977294922,,,,,,,,,,,,,,,-0.7599869,-0.902626,0.02659607,-0.3055344,-0.600296,-0.7516174,-0.6613922,-1.021599,-0.8932381,-0.7010803,-0.8910751,-0.8873978,-0.8167076,-0.8176346,-0.6575394,-0.8352737,-8.534744,-3.39637,-1.177437,-1.242172,-3.760513,-0.8866425,-1.703323,-0.8484268,-1.585136,-0.786377
18.866666666666667,0.0,-280.0,2.0,-45.0,-2.0,-621.0,-5.0,-2529.0,0.0,-4807.0,-2.0,-538.0,-1.0,-1873.0,,,,,,,,,,,,,,,,,,,,,,,,,,
18.866670608520508,,,,,,,,,,,,,,,-0.7677994,-0.8928604,0.02757263,-0.3035812,-0.6042023,-0.7320862,-0.6604156,-1.014763,-0.8883553,-0.6942444,-0.8822861,-0.9010696,-0.8137779,-0.8225174,-0.6536331,-0.8206253,-8.554276,-3.39344,-1.187202,-1.229477,-3.770279,-0.8885956,-1.694534,-0.8406143,-1.583183,-0.7717285
18.875,,,,,,,,,,,,,,,-0.7736588,-0.8801651,0.02952576,-0.3026047,-0.6051788,-0.7115784,-0.657486,-1.01281,-0.8854256,-0.6825256,-0.873497,-0.9108353,-0.8108482,-0.8274002,-0.6497269,-0.8069534,-8.57576,-3.394417,-1.194038,-1.220688,-3.781021,-0.8934784,-1.689651,-0.8328018,-1.58123,-0.7609863
18.883329391479492,,,,,,,,,,,,,,,-0.7785416,-0.8645401,0.03440857,-0.3006516,-0.6061554,-0.690094,-0.6545563,-1.013786,-0.8805428,-0.6698303,-0.8695908,-0.9186478,-0.8030357,-0.8332596,-0.6428909,-0.7991409,-8.594315,-3.397346,-1.194038,-1.216782,-3.788834,-0.9012909,-1.684769,-0.8318253,-1.577324,-0.7512207
18.89167022705078,,,,,,,,,,,,,,,-0.7804947,-0.8528214,0.04026794,-0.2977219,-0.6090851,-0.6715393,-0.6516266,-1.016716,-0.8756599,-0.6542053,-0.8666611,-0.9215775,-0.7942467,-0.8381424,-0.6350784,-0.7981644,-8.608963,-3.3993,-1.191109,-1.220688,-3.79274,-0.9110565,-1.683792,-0.8357315,-1.573418,-0.7473145
18.899999618530273,,,,,,,,,,,,,,,-0.7795181,-0.8440323,0.04710388,-0.2928391,-0.6110382,-0.6549377,-0.6477203,-1.020622,-0.8727303,-0.6366272,-0.8686142,-0.9206009,-0.7874107,-0.8420486,-0.6282425,-0.8020706,-8.620682,-3.398323,-1.185249,-1.23143,-3.79274,-0.9198456,-1.689651,-0.8396378,-1.572441,-0.7453613
18.9,0.0,-280.0,1.0,-47.0,-2.0,-619.0,-5.0,-2532.0,0.0,-4819.0,-3.0,-540.0,0.0,-1873.0,,,,,,,,,,,,,,,,,,,,,,,,,,
18.9083309173584,,,,,,,,,,,,,,,-0.7746353,-0.8411026,0.05491638,-0.2869797,-0.6139679,-0.6451721,-0.6438141,-1.024529,-0.8698006,-0.6229553,-0.8744736,-0.9186478,-0.7825279,-0.8420486,-0.6233597,-0.8137894,-8.625565,-3.395393,-1.177437,-1.245102,-3.788834,-0.9286346,-1.694534,-0.8464737,-1.576347,-0.7463379
18.916669845581055,,,,,,,,,,,,,,,-0.7707291,-0.8420792,0.06175232,-0.2801437,-0.6208038,-0.6402893,-0.6428375,-1.025505,-0.868824,-0.61026,-0.8842392,-0.9147415,-0.7776451,-0.8410721,-0.62043,-0.8284378,-8.626541,-3.388557,-1.175484,-1.258774,-3.78981,-0.9315643,-1.702347,-0.8533096,-1.582207,-0.7492676
18.924999237060547,,,,,,,,,,,,,,,-0.7668228,-0.8440323,0.06663513,-0.268425,-0.6286163,-0.6412659,-0.641861,-1.022575,-0.868824,-0.6004944,-0.8940048,-0.9098587,-0.7766685,-0.8420486,-0.6194534,-0.8401566,-8.624588,-3.382698,-1.168648,-1.268539,-3.78981,-0.9325409,-1.713089,-0.8601456,-1.591972,-0.7502441
18.933330535888672,,,,,,,,,,,,,,,-0.76194,-0.846962,0.07151794,-0.2567062,-0.6344757,-0.6481018,-0.6408844,-1.016716,-0.8698006,-0.5965881,-0.904747,-0.906929,-0.7786217,-0.8430252,-0.6194534,-0.8479691,-8.619705,-3.378792,-1.168648,-1.274399,-3.79274,-0.9305878,-1.723831,-0.8611221,-1.597832,-0.7492676
18.933333333333334,0.0,-281.0,1.0,-50.0,-2.0,-619.0,-5.0,-2534.0,0.0,-4831.0,-3.0,-538.0,0.0,-1875.0,,,,,,,,,,,,,,,,,,,,,,,,,,
18.941669464111328,,,,,,,,,,,,,,,-0.7570572,-0.8498917,0.07444763,-0.2440109,-0.6422882,-0.6559143,-0.6408844,-1.007927,-0.8707771,-0.5975647,-0.9154892,-0.9010696,-0.784481,-0.8430252,-0.6223831,-0.8508987,-8.618729,-3.376839,-1.169624,-1.273422,-3.79567,-0.9266815,-1.73555,-0.8572159,-1.606621,-0.7473145
18.950000762939453,,,,,,,,,,,,,,,-0.7570572,-0.8508682,0.07542419,-0.2322922,-0.647171,-0.6647034,-0.6428375,-0.9991379,-0.8698006,-0.6024475,-0.9213486,-0.8922806,-0.7883873,-0.8449783,-0.6243362,-0.8460159,-8.618729,-3.382698,-1.171577,-1.266586,-3.801529,-0.9247284,-1.749222,-0.8484268,-1.608574,-0.7463379
18.958330154418945,,,,,,,,,,,,,,,-0.7580338,-0.8508682,0.07444763,-0.2244797,-0.6481476,-0.674469,-0.6447906,-0.9883957,-0.8698006,-0.6073303,-0.9242783,-0.8844681,-0.7971764,-0.8469315,-0.6233597,-0.8382034,-8.617752,-3.392464,-1.172554,-1.256821,-3.807388,-0.925705,-1.76387,-0.8357315,-1.602715,-0.7473145
18.966666666666665,0.0,-285.0,0.0,-52.0,-2.0,-616.0,-5.0,-2535.0,0.0,-4840.0,-4.0,-537.0,0.0,-1878.0,,,,,,,,,,,,,,,,,,,,,,,,,,
18.9666690826416,,,,,,,,,,,,,,,-0.76194,-0.8528214,0.07151794,-0.2186203,-0.6452179,-0.6803284,-0.6457672,-0.9796066,-0.8698006,-0.6122131,-0.9233017,-0.8707962,-0.8030357,-0.847908,-0.6214066,-0.8274612,-8.619705,-3.403206,-1.172554,-1.248032,-3.809341,-0.9296112,-1.775589,-0.8201065,-1.595879,-0.7521973
18.975000381469727,,,,,,,,,,,,,,,-0.7648697,-0.8547745,0.06761169,-0.2156906,-0.6413116,-0.6861877,-0.6447906,-0.9727707,-0.868824,-0.6131897,-0.9193954,-0.8551712,-0.806942,-0.8488846,-0.6155472,-0.8186722,-8.622635,-3.413948,-1.177437,-1.241196,-3.814224,-0.9384003,-1.786331,-0.8035049,-1.58709,-0.7600098
18.98332977294922,,,,,,,,,,,,,,,-0.7697525,-0.855751,0.06468201,-0.2176437,-0.631546,-0.6910706,-0.6428375,-0.969841,-0.8678474,-0.6073303,-0.9145126,-0.8405228,-0.8118248,-0.8498611,-0.6116409,-0.8147659,-8.624588,-3.426643,-1.181343,-1.237289,-3.814224,-0.9530487,-1.796097,-0.7927628,-1.575371,-0.7668457
18.991670608520508,,,,,,,,,,,,,,,-0.7795181,-0.8577042,0.05979919,-0.22155,-0.6237335,-0.6959534,-0.6408844,-0.9688644,-0.8658943,-0.5985413,-0.9086533,-0.8229446,-0.8167076,-0.8498611,-0.6087112,-0.8157425,-8.629471,-3.434456,-1.189156,-1.238266,-3.814224,-0.965744,-1.801956,-0.7869034,-1.564629,-0.7746582
19.0,0.0,-292.0,0.0,-56.0,-2.0,-614.0,-5.0,-2535.0,-1.0,-4846.0,-4.0,-538.0,0.0,-1884.0,-0.7873306,-0.862587,0.05589294,-0.2254562,-0.615921,-0.7018127,-0.6379547,-0.9678879,-0.8658943,-0.5877991,-0.9037704,-0.8073196,-0.8206139,-0.8498611,-0.6087112,-0.8225784,-8.63533,-3.437386,-1.196968,-1.240219,-3.816177,-0.9794159,-1.802933,-0.7878799,-1.55584,-0.779541
19.008329391479492,,,,,,,,,,,,,,,-0.79319,-0.8645401,0.05198669,-0.2283859,-0.6110382,-0.7076721,-0.6360016,-0.9708176,-0.8668709,-0.5760803,-0.9027939,-0.797554,-0.822567,-0.8498611,-0.6096878,-0.8333206,-8.640213,-3.437386,-1.203804,-1.242172,-3.820084,-0.9930878,-1.79805,-0.7937393,-1.549004,-0.7805176
19.01667022705078,,,,,,,,,,,,,,,-0.8000259,-0.8645401,0.04808044,-0.2283859,-0.6081085,-0.7154846,-0.6301422,-0.9757004,-0.8678474,-0.5672913,-0.9008408,-0.7907181,-0.8294029,-0.8527908,-0.6145706,-0.8430862,-8.647049,-3.433479,-1.209663,-1.242172,-3.827896,-0.9999237,-1.793167,-0.8015518,-1.545097,-0.7775879
19.024999618530273,,,,,,,,,,,,,,,-0.8068619,-0.8606339,0.04710388,-0.2264328,-0.6061554,-0.7193909,-0.6281891,-0.9796066,-0.8698006,-0.5624084,-0.9027939,-0.7907181,-0.8352623,-0.8586502,-0.6233597,-0.8538284,-8.654861,-3.42762,-1.21357,-1.240219,-3.836685,-0.9989471,-1.786331,-0.8103409,-1.542168,-0.7727051
19.0333309173584,,,,,,,,,,,,,,,-0.8117447,-0.8528214,0.04710388,-0.2244797,-0.6061554,-0.7223206,-0.6272125,-0.985466,-0.868824,-0.5624084,-0.9037704,-0.797554,-0.8391685,-0.8645096,-0.6311722,-0.8596878,-8.657791,-3.419807,-1.209663,-1.232407,-3.848404,-0.9960175,-1.782425,-0.8171768,-1.542168,-0.7619629
19.033333333333335,0.0,-294.0,0.0,-61.0,-2.0,-615.0,-5.0,-2538.0,-1.0,-4853.0,-5.0,-539.0,0.0,-1890.0,,,,,,,,,,,,,,,,,,,,,,,,,,
19.041669845581055,,,,,,,,,,,,,,,-0.8166275,-0.8430557,0.05003357,-0.22155,-0.6081085,-0.721344,-0.6252594,-0.9923019,-0.868824,-0.5643616,-0.904747,-0.8082962,-0.8430748,-0.8674393,-0.6380081,-0.8587112,-8.659744,-3.410042,-1.20771,-1.219711,-3.860123,-0.9872284,-1.781448,-0.8210831,-1.542168,-0.7512207
19.049999237060547,,,,,,,,,,,,,,,-0.8185806,-0.8323135,0.05491638,-0.2186203,-0.607132,-0.7184143,-0.6233063,-0.9962082,-0.8658943,-0.5672913,-0.9037704,-0.8268509,-0.8420982,-0.8723221,-0.6428909,-0.8508987,-8.658768,-3.402229,-1.197945,-1.205063,-3.872818,-0.9716034,-1.783401,-0.8201065,-1.543144,-0.7443848
19.058330535888672,,,,,,,,,,,,,,,-0.8185806,-0.8264542,0.06272888,-0.2166672,-0.6051788,-0.7164612,-0.6194,-0.9942551,-0.8610115,-0.5702209,-0.9027939,-0.8454056,-0.838192,-0.8693924,-0.6458206,-0.8440628,-8.650955,-3.394417,-1.192085,-1.192368,-3.879654,-0.956955,-1.792191,-0.8152237,-1.542168,-0.7365723
19.066666666666666,0.0,-289.0,0.0,-61.0,-2.0,-617.0,-4.0,-2545.0,-1.0,-4860.0,-4.0,-542.0,0.0,-1892.0,,,,,,,,,,,,,,,,,,,,,,,,,,
19.066669464111328,,,,,,,,,,,,,,,-0.8176041,-0.824501,0.07249451,-0.2147141,-0.6042023,-0.7096252,-0.6154938,-0.9923019,-0.8541756,-0.5702209,-0.8998642,-0.8629837,-0.831356,-0.8625565,-0.6458206,-0.8362503,-8.64119,-3.389534,-1.188179,-1.179672,-3.885513,-0.94133,-1.800003,-0.8103409,-1.546074,-0.7307129
19.075000762939453,,,,,,,,,,,,,,,-0.8166275,-0.8264542,0.08128357,-0.2147141,-0.6022491,-0.7027893,-0.610611,-0.985466,-0.8453865,-0.5672913,-0.8959579,-0.8786087,-0.8235435,-0.8518143,-0.6419144,-0.8284378,-8.632401,-3.388557,-1.187202,-1.169907,-3.887466,-0.9305878,-1.807816,-0.8044815,-1.549004,-0.7268066
19.083330154418945,,,,,,,,,,,,,,,-0.8136978,-0.8362198,0.08811951,-0.2137375,-0.6012726,-0.6959534,-0.6067047,-0.9747238,-0.837574,-0.5614319,-0.8930283,-0.8873978,-0.8167076,-0.8371658,-0.636055,-0.8225784,-8.619705,-3.390511,-1.189156,-1.165024,-3.888443,-0.9208221,-1.813675,-0.7986221,-1.548027,-0.7268066
19.0916690826416,,,,,,,,,,,,,,,-0.8107681,-0.8508682,0.09300232,-0.2117844,-0.6042023,-0.690094,-0.6018219,-0.9630051,-0.8297615,-0.5565491,-0.8881454,-0.8903275,-0.8108482,-0.8195877,-0.6272659,-0.823555,-8.611893,-3.392464,-1.195992,-1.164047,-3.88649,-0.9149628,-1.816605,-0.7927628,-1.551933,-0.7297363
19.1,0.0,-287.0,0.0,-59.0,-2.0,-621.0,-4.0,-2550.0,0.0,-4862.0,-4.0,-545.0,0.0,-1892.0,,,,,,,,,,,,,,,,,,,,,,,,,,
19.100000381469727,,,,,,,,,,,,,,,-0.8058853,-0.8635635,0.09007263,-0.2088547,-0.6090851,-0.6871643,-0.5998688,-0.9522629,-0.8239021,-0.5526428,-0.8861923,-0.8893509,-0.806942,-0.8020096,-0.6184769,-0.8274612,-8.60701,-3.39637,-1.204781,-1.167953,-3.885513,-0.9139862,-1.812698,-0.7859268,-1.55291,-0.7365723
19.10832977294922,,,,,,,,,,,,,,,-0.8019791,-0.871376,0.08226013,-0.2069016,-0.6139679,-0.6861877,-0.5979156,-0.9473801,-0.8199959,-0.5516663,-0.8832626,-0.882515,-0.8108482,-0.7834549,-0.6106644,-0.8333206,-8.606033,-3.401253,-1.215523,-1.173813,-3.881607,-0.9149628,-1.805862,-0.781044,-1.551933,-0.7453613
19.116670608520508,,,,,,,,,,,,,,,-0.8000259,-0.8762589,0.07347107,-0.2069016,-0.622757,-0.6861877,-0.5998688,-0.9473801,-0.8170662,-0.5536194,-0.8793564,-0.8688431,-0.8137779,-0.7658768,-0.6038284,-0.8382034,-8.60994,-3.403206,-1.226265,-1.179672,-3.88063,-0.9169159,-1.79512,-0.7771378,-1.55291,-0.755127
19.125,,,,,,,,,,,,,,,-0.7961197,-0.8733292,0.06272888,-0.2069016,-0.6295929,-0.6881409,-0.6027985,-0.9522629,-0.8160896,-0.5565491,-0.8774033,-0.8541946,-0.8176842,-0.7502518,-0.6008987,-0.8411331,-8.617752,-3.404182,-1.235054,-1.183578,-3.88063,-0.9198456,-1.781448,-0.7742081,-1.54998,-0.7609863
19.133329391479492,,,,,,,,,,,,,,,-0.7922134,-0.8635635,0.05296326,-0.2088547,-0.6334991,-0.6920471,-0.6067047,-0.9620285,-0.8180428,-0.5614319,-0.8754501,-0.8375931,-0.822567,-0.7356033,-0.5999222,-0.83918,-8.626541,-3.407112,-1.237984,-1.185532,-3.876724,-0.9208221,-1.76973,-0.7712784,-1.548027,-0.7648926
19.133333333333333,0.0,-287.0,0.0,-54.0,-2.0,-623.0,-4.0,-2556.0,0.0,-4865.0,-4.0,-547.0,-1.0,-1894.0,,,,,,,,,,,,,,,,,,,,,,,,,,
19.14167022705078,,,,,,,,,,,,,,,-0.7922134,-0.8518448,0.04515076,-0.2127609,-0.6364288,-0.6959534,-0.610611,-0.9737473,-0.8209724,-0.5653381,-0.8754501,-0.8229446,-0.8264732,-0.722908,-0.6028519,-0.8323441,-8.636307,-3.410042,-1.24482,-1.187485,-3.872818,-0.918869,-1.761917,-0.7693253,-1.544121,-0.7658691
19.149999618530273,,,,,,,,,,,,,,,-0.79319,-0.8440323,0.04026794,-0.2176437,-0.6354523,-0.6988831,-0.6184235,-0.9844894,-0.8268318,-0.5663147,-0.8744736,-0.8082962,-0.8274498,-0.7170486,-0.6087112,-0.823555,-8.646072,-3.413948,-1.24482,-1.187485,-3.868912,-0.918869,-1.756058,-0.7693253,-1.543144,-0.7619629
19.1583309173584,,,,,,,,,,,,,,,-0.79319,-0.8391495,0.03929138,-0.2235031,-0.631546,-0.7027893,-0.6233063,-0.9942551,-0.8336678,-0.5643616,-0.8754501,-0.7936478,-0.8264732,-0.714119,-0.6155472,-0.8128128,-8.656815,-3.419807,-1.24189,-1.186508,-3.866959,-0.918869,-1.756058,-0.7693253,-1.541191,-0.7541504
19.166666666666668,0.0,-289.0,0.0,-48.0,-2.0,-626.0,-3.0,-2561.0,0.0,-4869.0,-3.0,-546.0,-1.0,-1896.0,,,,,,,,,,,,,,,,,,,,,,,,,,
19.166669845581055,,,,,,,,,,,,,,,-0.7941666,-0.8391495,0.04124451,-0.2264328,-0.6256866,-0.705719,-0.6281891,-1.002068,-0.8434334,-0.5585022,-0.8774033,-0.7809525,-0.8245201,-0.7150955,-0.6223831,-0.7991409,-8.667557,-3.423714,-1.242867,-1.186508,-3.864029,-0.9178925,-1.759964,-0.7722549,-1.538261,-0.7473145
19.174999237060547,,,,,,,,,,,,,,,-0.7970963,-0.846962,0.04319763,-0.2293625,-0.6198273,-0.7076721,-0.6330719,-1.003044,-0.853199,-0.5506897,-0.8793564,-0.7682571,-0.8186607,-0.722908,-0.6282425,-0.7913284,-8.675369,-3.423714,-1.24189,-1.189438,-3.866959,-0.9169159,-1.7668,-0.7771378,-1.537285,-0.7424316
19.183330535888672,,,,,,,,,,,,,,,-0.8000259,-0.8567276,0.04319763,-0.2293625,-0.6139679,-0.7135315,-0.6360016,-0.9991379,-0.8619881,-0.5428772,-0.8822861,-0.7565384,-0.8147545,-0.7336502,-0.6321487,-0.7893753,-8.682205,-3.419807,-1.240913,-1.193344,-3.873795,-0.9208221,-1.777542,-0.7859268,-1.535332,-0.7365723
19.191669464111328,,,,,,,,,,,,,,,-0.8029556,-0.8694229,0.04710388,-0.2254562,-0.6090851,-0.7184143,-0.6340485,-0.9913254,-0.8668709,-0.5331116,-0.8832626,-0.7477493,-0.8108482,-0.7473221,-0.6331253,-0.7893753,-8.685135,-3.410042,-1.242867,-1.198227,-3.879654,-0.9296112,-1.788284,-0.7995987,-1.533379,-0.7307129
19.2,0.0,-292.0,0.0,-47.0,-2.0,-627.0,-4.0,-2568.0,0.0,-4874.0,-3.0,-543.0,-1.0,-1900.0,,,,,,,,,,,,,,,,,,,,,,,,,,
19.200000762939453,,,,,,,,,,,,,,,-0.8058853,-0.8811417,0.05101013,-0.2225266,-0.6032257,-0.7252502,-0.6301422,-0.9796066,-0.8698006,-0.5252991,-0.8852158,-0.7438431,-0.8059654,-0.7629471,-0.6341019,-0.7932816,-8.685135,-3.397346,-1.24189,-1.20018,-3.88942,-0.9403534,-1.800003,-0.8142471,-1.530449,-0.7258301
19.208330154418945,,,,,,,,,,,,,,,-0.8097916,-0.8909073,0.05589294,-0.2176437,-0.600296,-0.7330627,-0.6242828,-0.9649582,-0.8678474,-0.5204163,-0.8861923,-0.7428665,-0.8020592,-0.7775955,-0.6321487,-0.7981644,-8.683182,-3.382698,-1.237984,-1.202133,-3.899185,-0.9510956,-1.808792,-0.8328018,-1.526543,-0.7189941
19.2166690826416,,,,,,,,,,,,,,,-0.8136978,-0.8967667,0.06468201,-0.2147141,-0.5973663,-0.7398987,-0.6174469,-0.9493332,-0.8629646,-0.5204163,-0.8861923,-0.7477493,-0.8010826,-0.7902908,-0.6321487,-0.8040237,-8.683182,-3.367073,-1.231148,-1.199203,-3.906998,-0.9608612,-1.818558,-0.8523331,-1.525566,-0.708252
19.225000381469727,,,,,,,,,,,,,,,-0.8185806,-0.8996964,0.07347107,-0.2156906,-0.5934601,-0.7438049,-0.6086578,-0.9337082,-0.8551521,-0.5233459,-0.8861923,-0.7584915,-0.800106,-0.801033,-0.6292191,-0.8069534,-8.683182,-3.356331,-1.222359,-1.193344,-3.918716,-0.965744,-1.822464,-0.8699112,-1.52459,-0.6945801
19.23332977294922,,,,,,,,,,,,,,,-0.8254166,-0.9016495,0.08226013,-0.2205734,-0.5924835,-0.7438049,-0.6018219,-0.9210129,-0.8463631,-0.5292053,-0.8852158,-0.7702103,-0.8010826,-0.8088455,-0.6282425,-0.8059769,-8.684158,-3.348518,-1.20771,-1.186508,-3.927505,-0.9608612,-1.827347,-0.8826065,-1.526543,-0.6818848
19.233333333333334,0.0,-293.0,0.0,-49.0,-1.0,-628.0,-4.0,-2573.0,0.0,-4881.0,-3.0,-537.0,-1.0,-1905.0,,,,,,,,,,,,,,,,,,,,,,,,,,
19.241670608520508,,,,,,,,,,,,,,,-0.8302994,-0.9065323,0.09300232,-0.2283859,-0.5924835,-0.7379456,-0.5988922,-0.9112473,-0.8395271,-0.5370178,-0.8842392,-0.7829056,-0.7991295,-0.8107986,-0.6253128,-0.8030472,-8.688065,-3.343636,-1.191109,-1.180649,-3.938248,-0.9471893,-1.82637,-0.8865128,-1.532402,-0.6682129
19.25,,,,,,,,,,,,,,,-0.8371353,-0.9114151,0.09886169,-0.2401047,-0.5934601,-0.7262268,-0.5959625,-0.9053879,-0.8336678,-0.5428772,-0.8832626,-0.7936478,-0.7991295,-0.8107986,-0.6243362,-0.7991409,-8.694901,-3.340706,-1.177437,-1.175766,-3.949966,-0.9247284,-1.827347,-0.8835831,-1.541191,-0.6574707
19.258329391479492,,,,,,,,,,,,,,,-0.8390884,-0.9192276,0.1027679,-0.2547531,-0.5944366,-0.7096252,-0.594986,-0.907341,-0.8297615,-0.5487366,-0.8822861,-0.7985306,-0.7971764,-0.8068924,-0.6233597,-0.7913284,-8.704666,-3.339729,-1.167671,-1.17186,-3.959732,-0.8934784,-1.82637,-0.8738174,-1.551933,-0.6525879
19.266666666666666,0.0,-295.0,0.0,-55.0,-1.0,-629.0,-4.0,-2574.0,0.0,-4888.0,-3.0,-536.0,-1.0,-1908.0,,,,,,,,,,,,,,,,,,,,,,,,,,
19.26667022705078,,,,,,,,,,,,,,,-0.8429947,-0.9280167,0.1008148,-0.268425,-0.5983429,-0.6871643,-0.594986,-0.9132004,-0.8268318,-0.5526428,-0.8813095,-0.7985306,-0.7981529,-0.8000565,-0.6233597,-0.7805862,-8.708572,-3.338753,-1.165718,-1.17186,-3.968521,-0.8622284,-1.825394,-0.859169,-1.564629,-0.6516113
19.274999618530273,,,,,,,,,,,,,,,-0.8439713,-0.9358292,0.09886169,-0.2811203,-0.5993195,-0.6656799,-0.5959625,-0.9219894,-0.8258553,-0.5536194,-0.8832626,-0.7965775,-0.7971764,-0.7932205,-0.6262894,-0.7737503,-8.713455,-3.339729,-1.163765,-1.170883,-3.97731,-0.8309784,-1.820511,-0.8425674,-1.573418,-0.654541
19.2833309173584,,,,,,,,,,,,,,,-0.8410416,-0.9436417,0.09300232,-0.2889328,-0.5983429,-0.6520081,-0.5920563,-0.9337082,-0.8248787,-0.5536194,-0.8852158,-0.7907181,-0.7971764,-0.785408,-0.6301956,-0.7649612,-8.715408,-3.341682,-1.169624,-1.170883,-3.981216,-0.8055878,-1.818558,-0.827919,-1.579277,-0.6594238
19.291669845581055,,,,,,,,,,,,,,,-0.8351822,-0.949501,0.08909607,-0.2908859,-0.5944366,-0.643219,-0.58815,-0.9464035,-0.8258553,-0.5555725,-0.8900986,-0.7897415,-0.7991295,-0.7815018,-0.6350784,-0.7600784,-8.712479,-3.345589,-1.177437,-1.173813,-3.979263,-0.7889862,-1.816605,-0.8191299,-1.579277,-0.6662598
19.299999237060547,,,,,,,,,,,,,,,-0.8312759,-0.9514542,0.08421326,-0.2869797,-0.5885773,-0.6412659,-0.5822906,-0.9600754,-0.8268318,-0.5604553,-0.8979111,-0.7907181,-0.8010826,-0.7795486,-0.6419144,-0.761055,-8.705643,-3.352425,-1.185249,-1.175766,-3.979263,-0.7811737,-1.815628,-0.8142471,-1.579277,-0.6760254
19.3,0.0,-298.0,0.0,-61.0,-1.0,-631.0,-4.0,-2573.0,0.0,-4894.0,-2.0,-540.0,-1.0,-1909.0,,,,,,,,,,,,,,,,,,,,,,,,,,
19.308330535888672,,,,,,,,,,,,,,,-0.82444,-0.9504776,0.08226013,-0.2791672,-0.5797882,-0.6481018,-0.5744781,-0.9708176,-0.8287849,-0.5672913,-0.9086533,-0.7926712,-0.806942,-0.7775955,-0.6477737,-0.7649612,-8.698807,-3.361214,-1.192085,-1.177719,-3.971451,-0.7831268,-1.814651,-0.812294,-1.573418,-0.6789551
19.316669464111328,,,,,,,,,,,,,,,-0.8166275,-0.9465714,0.08226013,-0.2645187,-0.5719757,-0.6607971,-0.5676422,-0.9786301,-0.8287849,-0.57901,-0.9145126,-0.8004837,-0.8128014,-0.7795486,-0.6526566,-0.7747269,-8.689041,-3.36805,-1.204781,-1.182602,-3.959732,-0.7919159,-1.815628,-0.812294,-1.568535,-0.6809082
19.325000762939453,,,,,,,,,,,,,,,-0.8117447,-0.9397354,0.08128357,-0.2508469,-0.5661163,-0.674469,-0.5598297,-0.9815598,-0.8297615,-0.5907288,-0.9213486,-0.8092728,-0.8176842,-0.7844315,-0.6536331,-0.7893753,-8.677322,-3.374886,-1.21357,-1.190414,-3.94899,-0.8046112,-1.820511,-0.8113174,-1.564629,-0.6828613
19.333330154418945,,,,,,,,,,,,,,,-0.8078384,-0.9280167,0.07835388,-0.2401047,-0.5612335,-0.6842346,-0.5539703,-0.9796066,-0.8287849,-0.5965881,-0.9252548,-0.8219681,-0.8235435,-0.7902908,-0.65168,-0.8069534,-8.66951,-3.381721,-1.226265,-1.20018,-3.937271,-0.8202362,-1.82637,-0.8113174,-1.560722,-0.6818848
19.333333333333332,0.0,-300.0,0.0,-64.0,0.0,-628.0,-4.0,-2574.0,0.0,-4899.0,-2.0,-542.0,-1.0,-1911.0,,,,,,,,,,,,,,,,,,,,,,,,,,
19.3416690826416,,,,,,,,,,,,,,,-0.8068619,-0.9133682,0.07737732,-0.2313156,-0.5592804,-0.690094,-0.5471344,-0.9757004,-0.8278084,-0.5975647,-0.9223251,-0.8336868,-0.8274498,-0.7941971,-0.6448441,-0.8264847,-8.668533,-3.386604,-1.23896,-1.209946,-3.929459,-0.8368378,-1.837112,-0.8103409,-1.558769,-0.6799316
19.350000381469727,,,,,,,,,,,,,,,-0.8068619,-0.8957901,0.07347107,-0.2283859,-0.5612335,-0.6881409,-0.5442047,-0.9688644,-0.8258553,-0.5965881,-0.9164658,-0.844429,-0.8303795,-0.8000565,-0.636055,-0.8440628,-8.66951,-3.391487,-1.253609,-1.218735,-3.922623,-0.8514862,-1.843948,-0.8103409,-1.556816,-0.6789551
19.35832977294922,,,,,,,,,,,,,,,-0.8107681,-0.878212,0.06956482,-0.2313156,-0.5651398,-0.6783752,-0.541275,-0.9659348,-0.8239021,-0.5917053,-0.9096298,-0.8551712,-0.831356,-0.8029861,-0.6262894,-0.8596878,-8.676346,-3.401253,-1.260445,-1.224594,-3.92067,-0.863205,-1.848831,-0.812294,-1.554863,-0.6779785
19.366666666666667,0.0,-302.0,0.0,-62.0,0.0,-626.0,-4.0,-2573.0,0.0,-4902.0,-2.0,-543.0,-1.0,-1913.0,,,,,,,,,,,,,,,,,,,,,,,,,,
19.366670608520508,,,,,,,,,,,,,,,-0.8166275,-0.8596573,0.06565857,-0.237175,-0.5680695,-0.6647034,-0.5422516,-0.9659348,-0.8229256,-0.5838928,-0.8979111,-0.8659134,-0.8284264,-0.8068924,-0.6135941,-0.87043,-8.686111,-3.413948,-1.263374,-1.2285,-3.924576,-0.871994,-1.851761,-0.8162003,-1.55291,-0.6750488
19.375,,,,,,,,,,,,,,,-0.8283463,-0.8450089,0.06077576,-0.2449875,-0.5700226,-0.6490784,-0.5422516,-0.9737473,-0.821949,-0.5770569,-0.889122,-0.8717728,-0.8235435,-0.8117752,-0.604805,-0.8792191,-8.69783,-3.429573,-1.264351,-1.230453,-3.929459,-0.8778534,-1.852737,-0.8240128,-1.551933,-0.6721191
19.383329391479492,,,,,,,,,,,,,,,-0.8361588,-0.8352432,0.05589294,-0.2528,-0.5700226,-0.6344299,-0.5461578,-0.9883957,-0.8239021,-0.57901,-0.8842392,-0.8727493,-0.815731,-0.8186111,-0.5989456,-0.8841019,-8.706619,-3.448128,-1.261421,-1.229477,-3.937271,-0.87883,-1.846878,-0.8328018,-1.551933,-0.6672363
19.39167022705078,,,,,,,,,,,,,,,-0.8498306,-0.8284073,0.05393982,-0.2586594,-0.5700226,-0.6207581,-0.5500641,-1.004997,-0.8258553,-0.5868225,-0.8822861,-0.8698196,-0.8079185,-0.8264236,-0.5969925,-0.886055,-8.710526,-3.465706,-1.252632,-1.226547,-3.944107,-0.8768768,-1.839066,-0.8406143,-1.55584,-0.6623535
19.399999618530273,,,,,,,,,,,,,,,-0.8605728,-0.8284073,0.05393982,-0.2625656,-0.569046,-0.6148987,-0.5559235,-1.025505,-0.8297615,-0.5985413,-0.8881454,-0.8620071,-0.7991295,-0.8361893,-0.5979691,-0.8880081,-8.709549,-3.478401,-1.246773,-1.219711,-3.948013,-0.8749237,-1.827347,-0.843544,-1.559746,-0.6555176
19.4,0.0,-301.0,0.0,-60.0,0.0,-626.0,-4.0,-2573.0,0.0,-4906.0,-1.0,-545.0,-2.0,-1918.0,,,,,,,,,,,,,,,,,,,,,,,,,,
19.4083309173584,,,,,,,,,,,,,,,-0.8703384,-0.8342667,0.05491638,-0.2654953,-0.5670929,-0.6139221,-0.5598297,-1.04406,-0.8317146,-0.6170959,-0.8969345,-0.8502884,-0.791317,-0.8430252,-0.6018753,-0.886055,-8.707596,-3.484261,-1.24482,-1.212875,-3.94606,-0.871994,-1.818558,-0.843544,-1.568535,-0.6496582
19.416669845581055,,,,,,,,,,,,,,,-0.8752213,-0.8381729,0.05784607,-0.2664719,-0.569046,-0.6158752,-0.5647125,-1.052849,-0.8346443,-0.6356506,-0.9106064,-0.8405228,-0.7883873,-0.8498611,-0.6057816,-0.8831253,-8.69783,-3.482307,-1.245796,-1.205063,-3.941177,-0.8700409,-1.813675,-0.8406143,-1.577324,-0.6467285
19.424999237060547,,,,,,,,,,,,,,,-0.8771744,-0.8391495,0.06175232,-0.268425,-0.5709991,-0.6207581,-0.5695953,-1.055779,-0.8356209,-0.6532288,-0.9252548,-0.8317337,-0.7854576,-0.8518143,-0.6087112,-0.8811722,-8.688065,-3.473518,-1.248726,-1.20018,-3.933365,-0.8700409,-1.814651,-0.8376846,-1.590019,-0.6486816
19.433330535888672,,,,,,,,,,,,,,,-0.8742447,-0.8362198,0.06663513,-0.2694016,-0.575882,-0.6246643,-0.5705719,-1.051872,-0.8356209,-0.6649475,-0.935997,-0.8258743,-0.7874107,-0.8459549,-0.6116409,-0.8772659,-8.679276,-3.459846,-1.254585,-1.198227,-3.919693,-0.8729706,-1.818558,-0.8357315,-1.603691,-0.6535645
19.433333333333334,0.0,-301.0,0.0,-57.0,0.0,-626.0,-4.0,-2575.0,0.0,-4910.0,-1.0,-549.0,-2.0,-1922.0,,,,,,,,,,,,,,,,,,,,,,,,,,
19.441669464111328,,,,,,,,,,,,,,,-0.8683853,-0.8284073,0.07347107,-0.2703781,-0.5827179,-0.6266174,-0.5705719,-1.04406,-0.8346443,-0.6747131,-0.9428329,-0.8258743,-0.7903404,-0.8342361,-0.6135941,-0.8743362,-8.675369,-3.444221,-1.258492,-1.201157,-3.906021,-0.8768768,-1.828323,-0.8386612,-1.613457,-0.6633301
19.450000762939453,,,,,,,,,,,,,,,-0.8576431,-0.8176651,0.07933044,-0.2713547,-0.5924835,-0.6227112,-0.5676422,-1.034294,-0.8317146,-0.6805725,-0.9457626,-0.8297806,-0.7952232,-0.8176346,-0.6126175,-0.8733597,-8.673416,-3.431526,-1.261421,-1.210922,-3.895279,-0.8846893,-1.841019,-0.8445206,-1.621269,-0.677002
19.458330154418945,,,,,,,,,,,,,,,-0.8459244,-0.8039932,0.08518982,-0.2723312,-0.5993195,-0.6158752,-0.563736,-1.027458,-0.8268318,-0.6815491,-0.9447861,-0.8346634,-0.7991295,-0.8000565,-0.6106644,-0.8723831,-8.676346,-3.422737,-1.263374,-1.220688,-3.88649,-0.8915253,-1.850784,-0.8542862,-1.624199,-0.6896973
19.466666666666665,0.0,-299.0,0.0,-56.0,0.0,-630.0,-4.0,-2578.0,-1.0,-4915.0,-2.0,-553.0,-3.0,-1922.0,,,,,,,,,,,,,,,,,,,,,,,,,,
19.4666690826416,,,,,,,,,,,,,,,-0.8342056,-0.7922745,0.08909607,-0.2723312,-0.6032257,-0.6051331,-0.5588531,-1.025505,-0.8229256,-0.6864319,-0.935997,-0.8395462,-0.8040123,-0.7824783,-0.6106644,-0.8714066,-8.686111,-3.416878,-1.260445,-1.23436,-3.88063,-0.8954315,-1.858597,-0.8650284,-1.626152,-0.6984863
19.475000381469727,,,,,,,,,,,,,,,-0.8234634,-0.7834854,0.09593201,-0.2703781,-0.6061554,-0.5914612,-0.5529938,-1.026482,-0.8190193,-0.6903381,-0.9281845,-0.8424759,-0.8059654,-0.769783,-0.6106644,-0.8684769,-8.694901,-3.418831,-1.255562,-1.246078,-3.879654,-0.8973846,-1.859573,-0.8767471,-1.622246,-0.7043457
19.48332977294922,,,,,,,,,,,,,,,-0.8136978,-0.784462,0.09886169,-0.2654953,-0.6022491,-0.5777893,-0.5442047,-1.030388,-0.8170662,-0.6961975,-0.920372,-0.8405228,-0.8108482,-0.7600174,-0.6087112,-0.8645706,-8.709549,-3.42469,-1.248726,-1.255844,-3.879654,-0.8934784,-1.854691,-0.8884659,-1.617363,-0.7072754
19.491670608520508,,,,,,,,,,,,,,,-0.8058853,-0.7922745,0.1037445,-0.2576828,-0.5944366,-0.5699768,-0.5402985,-1.035271,-0.8170662,-0.7030334,-0.9125595,-0.8346634,-0.8128014,-0.7580643,-0.6057816,-0.8577347,-8.722244,-3.43055,-1.243843,-1.257797,-3.88063,-0.8856659,-1.847855,-0.8953018,-1.60955,-0.7062988
19.5,0.0,-298.0,0.0,-57.0,0.0,-634.0,-4.0,-2580.0,-2.0,-4923.0,-2.0,-557.0,-2.0,-1921.0,-0.7990494,-0.8039932,0.1066742,-0.2479172,-0.5856476,-0.5680237,-0.5354156,-1.042107,-0.8190193,-0.7137756,-0.9086533,-0.8239212,-0.8137779,-0.7600174,-0.6038284,-0.8489456,-8.733963,-3.435432,-1.24189,-1.253891,-3.884537,-0.8759003,-1.839066,-0.8972549,-1.598808,-0.7033691
19.508329391479492,,,,,,,,,,,,,,,-0.7922134,-0.8225479,0.1056976,-0.2401047,-0.5749054,-0.5719299,-0.532486,-1.046989,-0.8239021,-0.7254944,-0.9067001,-0.8112259,-0.8167076,-0.7639236,-0.6038284,-0.8421097,-8.746658,-3.439339,-1.239937,-1.242172,-3.88649,-0.8661346,-1.83223,-0.8962784,-1.591972,-0.6994629
19.51667022705078,,,,,,,,,,,,,,,-0.7883072,-0.8440323,0.1056976,-0.2342453,-0.5661163,-0.5797424,-0.532486,-1.049919,-0.8307381,-0.7362366,-0.9067001,-0.7995071,-0.8206139,-0.7668533,-0.6038284,-0.8372269,-8.755447,-3.440315,-1.239937,-1.224594,-3.890396,-0.8583221,-1.827347,-0.8933487,-1.58416,-0.6945801
19.524999618530273,,,,,,,,,,,,,,,-0.7834244,-0.8635635,0.1027679,-0.2274094,-0.5573273,-0.5934143,-0.5344391,-1.053825,-0.8414803,-0.7411194,-0.9067001,-0.7877884,-0.8245201,-0.7649002,-0.6038284,-0.8352737,-8.761307,-3.439339,-1.245796,-1.202133,-3.892349,-0.8553925,-1.827347,-0.8884659,-1.577324,-0.6877441
19.5333309173584,,,,,,,,,,,,,,,-0.7804947,-0.8801651,0.09886169,-0.2244797,-0.5495148,-0.6051331,-0.5373688,-1.056755,-0.8502693,-0.7430725,-0.9076767,-0.7799759,-0.8264732,-0.7580643,-0.6057816,-0.8313675,-8.772049,-3.436409,-1.249702,-1.180649,-3.897232,-0.8553925,-1.828323,-0.8806534,-1.571465,-0.6799316
19.533333333333335,0.0,-298.0,0.0,-59.0,0.0,-638.0,-5.0,-2583.0,-2.0,-4930.0,-3.0,-557.0,-1.0,-1921.0,,,,,,,,,,,,,,,,,,,,,,,,,,
19.541669845581055,,,,,,,,,,,,,,,-0.7765884,-0.8928604,0.09397888,-0.2235031,-0.5475616,-0.6168518,-0.5432281,-1.059685,-0.8590584,-0.7411194,-0.9057236,-0.77314,-0.8284264,-0.7492752,-0.6087112,-0.8303909,-8.776932,-3.433479,-1.255562,-1.158188,-3.903091,-0.8622284,-1.834183,-0.8708878,-1.567558,-0.6711426
19.549999237060547,,,,,,,,,,,,,,,-0.7736588,-0.8996964,0.08909607,-0.2235031,-0.5465851,-0.627594,-0.5500641,-1.062614,-0.8668709,-0.7342834,-0.9057236,-0.7682571,-0.8245201,-0.7365799,-0.6116409,-0.8303909,-8.783768,-3.425667,-1.261421,-1.138657,-3.908951,-0.871994,-1.840042,-0.8620987,-1.567558,-0.6604004
19.558330535888672,,,,,,,,,,,,,,,-0.7756119,-0.9006729,0.09007263,-0.2264328,-0.5436554,-0.6324768,-0.5588531,-1.065544,-0.8717537,-0.7206116,-0.8998642,-0.7653275,-0.8206139,-0.7248611,-0.6155472,-0.8245316,-8.788651,-3.413948,-1.268257,-1.124008,-3.916763,-0.8807831,-1.841995,-0.8533096,-1.567558,-0.6535645
19.566666666666666,0.0,-298.0,0.0,-59.0,0.0,-639.0,-5.0,-2590.0,-2.0,-4941.0,-3.0,-559.0,0.0,-1925.0,,,,,,,,,,,,,,,,,,,,,,,,,,
19.566669464111328,,,,,,,,,,,,,,,-0.7785416,-0.8967667,0.09495544,-0.2313156,-0.5417023,-0.6393127,-0.5656891,-1.064568,-0.8756599,-0.7069397,-0.8940048,-0.7633743,-0.8128014,-0.7190018,-0.6175003,-0.8176956,-8.792557,-3.405159,-1.27021,-1.120102,-3.925552,-0.8885956,-1.842972,-0.8464737,-1.568535,-0.6486816
19.575000762939453,,,,,,,,,,,,,,,-0.7814713,-0.8860245,0.1008148,-0.237175,-0.5387726,-0.6471252,-0.572525,-1.059685,-0.8776131,-0.6932678,-0.8871689,-0.7614212,-0.8020592,-0.722908,-0.6184769,-0.8108597,-8.796463,-3.39637,-1.274117,-1.123032,-3.929459,-0.8925018,-1.844925,-0.8406143,-1.570488,-0.6496582
19.583330154418945,,,,,,,,,,,,,,,-0.7873306,-0.8694229,0.111557,-0.2430344,-0.5358429,-0.6559143,-0.579361,-1.052849,-0.8776131,-0.6825256,-0.8822861,-0.7594681,-0.7932701,-0.7346268,-0.6194534,-0.8059769,-8.79744,-3.386604,-1.275093,-1.133774,-3.933365,-0.8934784,-1.847855,-0.8396378,-1.573418,-0.654541
19.5916690826416,,,,,,,,,,,,,,,-0.7912369,-0.8518448,0.1232758,-0.2508469,-0.5329132,-0.6676331,-0.5842438,-1.043083,-0.8756599,-0.6747131,-0.8774033,-0.757515,-0.7883873,-0.7502518,-0.6184769,-0.8059769,-8.79744,-3.380745,-1.272163,-1.148422,-3.934341,-0.8925018,-1.852737,-0.8406143,-1.575371,-0.6623535
19.6,0.0,-299.0,0.0,-59.0,0.0,-643.0,-5.0,-2597.0,-2.0,-4954.0,-2.0,-562.0,0.0,-1927.0,,,,,,,,,,,,,,,,,,,,,,,,,,
19.600000381469727,,,,,,,,,,,,,,,-0.7970963,-0.8342667,0.1379242,-0.2576828,-0.5309601,-0.6803284,-0.5861969,-1.029411,-0.8727303,-0.6688538,-0.873497,-0.7565384,-0.784481,-0.7678299,-0.6184769,-0.8108597,-8.79158,-3.381721,-1.266304,-1.164047,-3.938248,-0.8905487,-1.86055,-0.8425674,-1.580254,-0.6730957
19.60832977294922,,,,,,,,,,,,,,,-0.8010025,-0.8166885,0.1476898,-0.2596359,-0.529007,-0.6910706,-0.5861969,-1.016716,-0.868824,-0.6659241,-0.8744736,-0.7545853,-0.7864342,-0.7824783,-0.6194534,-0.8196487,-8.784744,-3.388557,-1.252632,-1.179672,-3.937271,-0.8866425,-1.868362,-0.8494034,-1.58709,-0.6828613
19.616670608520508,,,,,,,,,,,,,,,-0.8049088,-0.8049698,0.1555023,-0.2557297,-0.5329132,-0.6998596,-0.5852203,-1.004021,-0.8629646,-0.6649475,-0.8725204,-0.7516556,-0.7903404,-0.7941971,-0.62043,-0.8294144,-8.774979,-3.402229,-1.236031,-1.192368,-3.937271,-0.8846893,-1.878128,-0.8542862,-1.591972,-0.692627
19.625,,,,,,,,,,,,,,,-0.8058853,-0.7991104,0.1594086,-0.2469406,-0.5368195,-0.7047424,-0.579361,-0.9923019,-0.8561287,-0.6610413,-0.8754501,-0.7497025,-0.7961998,-0.7971268,-0.6233597,-0.8401566,-8.762283,-3.421761,-1.214546,-1.20018,-3.940201,-0.8846893,-1.884964,-0.8581924,-1.601738,-0.6994629
19.633329391479492,,,,,,,,,,,,,,,-0.8068619,-0.800087,0.1603851,-0.2361984,-0.5436554,-0.7047424,-0.5735016,-0.9835129,-0.8463631,-0.6551819,-0.8774033,-0.7487259,-0.800106,-0.7951736,-0.6243362,-0.8538284,-8.747635,-3.442268,-1.193062,-1.201157,-3.944107,-0.887619,-1.887894,-0.8581924,-1.61248,-0.7023926
19.633333333333333,0.0,-300.0,0.0,-59.0,-1.0,-647.0,-5.0,-2603.0,-2.0,-4967.0,-2.0,-562.0,0.0,-1930.0,,,,,,,,,,,,,,,,,,,,,,,,,,
19.64167022705078,,,,,,,,,,,,,,,-0.8068619,-0.808876,0.158432,-0.2205734,-0.5514679,-0.6998596,-0.5647125,-0.9766769,-0.8385506,-0.6493225,-0.8813095,-0.7497025,-0.8030357,-0.7902908,-0.6233597,-0.8675003,-8.730057,-3.4618,-1.172554,-1.198227,-3.948013,-0.8925018,-1.885941,-0.8542862,-1.621269,-0.7043457
19.649999618530273,,,,,,,,,,,,,,,-0.8049088,-0.8225479,0.1555023,-0.205925,-0.5563507,-0.6920471,-0.5539703,-0.9717941,-0.8326912,-0.6385803,-0.8842392,-0.7536087,-0.8040123,-0.785408,-0.62043,-0.8792191,-8.715408,-3.474495,-1.159859,-1.191391,-3.95192,-0.8925018,-1.878128,-0.8454971,-1.632011,-0.7062988
19.6583309173584,,,,,,,,,,,,,,,-0.8039322,-0.8362198,0.1525726,-0.1951828,-0.5612335,-0.6813049,-0.541275,-0.9688644,-0.8258553,-0.6278381,-0.889122,-0.7614212,-0.8040123,-0.7844315,-0.6175003,-0.8899612,-8.701736,-3.482307,-1.149117,-1.182602,-3.95192,-0.8885956,-1.865433,-0.8288956,-1.637871,-0.708252
19.666666666666668,0.0,-301.0,0.0,-57.0,-1.0,-647.0,-5.0,-2609.0,-2.0,-4978.0,-2.0,-563.0,0.0,-1936.0,,,,,,,,,,,,,,,,,,,,,,,,,,
19.666669845581055,,,,,,,,,,,,,,,-0.8039322,-0.8489151,0.1486664,-0.1903,-0.5612335,-0.6715393,-0.5266266,-0.9678879,-0.821949,-0.6210022,-0.8910751,-0.7721634,-0.8020592,-0.7873611,-0.6116409,-0.9075394,-8.690018,-3.483284,-1.149117,-1.172836,-3.956802,-0.8846893,-1.855667,-0.812294,-1.642754,-0.708252
19.674999237060547,,,,,,,,,,,,,,,-0.8039322,-0.8577042,0.1467133,-0.1951828,-0.5553741,-0.6607971,-0.5119781,-0.9717941,-0.821949,-0.6170959,-0.8940048,-0.7858353,-0.800106,-0.7951736,-0.6077347,-0.9251175,-8.681229,-3.476448,-1.153023,-1.163071,-3.955826,-0.8778534,-1.846878,-0.796669,-1.642754,-0.708252
19.683330535888672,,,,,,,,,,,,,,,-0.8039322,-0.8606339,0.1457367,-0.205925,-0.5465851,-0.6529846,-0.4953766,-0.9776535,-0.8239021,-0.6161194,-0.8930283,-0.7985306,-0.8010826,-0.8000565,-0.6067581,-0.9397659,-8.680252,-3.463753,-1.160835,-1.160141,-3.95192,-0.8700409,-1.837112,-0.781044,-1.637871,-0.7092285
19.691669464111328,,,,,,,,,,,,,,,-0.8010025,-0.8606339,0.1476898,-0.22155,-0.5358429,-0.6490784,-0.4777985,-0.9874191,-0.8287849,-0.6200256,-0.8881454,-0.8082962,-0.8030357,-0.8039627,-0.6057816,-0.9514847,-8.684158,-3.450081,-1.165718,-1.161118,-3.950943,-0.8602753,-1.834183,-0.7722549,-1.631035,-0.7092285
19.7,0.0,-307.0,0.0,-52.0,-1.0,-648.0,-5.0,-2610.0,-2.0,-4990.0,-3.0,-567.0,0.0,-1944.0,,,,,,,,,,,,,,,,,,,,,,,,,,
19.700000762939453,,,,,,,,,,,,,,,-0.8000259,-0.8567276,0.1486664,-0.2391281,-0.5231476,-0.6490784,-0.4621735,-1.000114,-0.8346443,-0.6278381,-0.8822861,-0.813179,-0.806942,-0.8049393,-0.6116409,-0.9573441,-8.692947,-3.435432,-1.170601,-1.16893,-3.947037,-0.8524628,-1.834183,-0.7693253,-1.624199,-0.708252
19.708330154418945,,,,,,,,,,,,,,,-0.8000259,-0.8508682,0.1515961,-0.2557297,-0.5163116,-0.6500549,-0.4524078,-1.013786,-0.8405037,-0.6376038,-0.8705673,-0.8122025,-0.8137779,-0.8020096,-0.6194534,-0.9553909,-8.706619,-3.421761,-1.174507,-1.180649,-3.948013,-0.8514862,-1.836136,-0.7732315,-1.619316,-0.7053223
19.7166690826416,,,,,,,,,,,,,,,-0.7990494,-0.8489151,0.1574554,-0.268425,-0.5114288,-0.6490784,-0.4455719,-1.025505,-0.8444099,-0.6463928,-0.857872,-0.8063431,-0.8215904,-0.8000565,-0.6262894,-0.9456253,-8.720291,-3.411018,-1.177437,-1.192368,-3.94606,-0.8544159,-1.840042,-0.7790909,-1.613457,-0.7033691
19.725000381469727,,,,,,,,,,,,,,,-0.8000259,-0.8479385,0.1613617,-0.2742844,-0.5143585,-0.6481018,-0.4436188,-1.035271,-0.8483162,-0.6502991,-0.8451767,-0.8004837,-0.8303795,-0.7981033,-0.6341019,-0.9280472,-8.732986,-3.403206,-1.175484,-1.20311,-3.947037,-0.8622284,-1.845901,-0.7839737,-1.613457,-0.7033691
19.73332977294922,,,,,,,,,,,,,,,-0.8019791,-0.8498917,0.1662445,-0.2781906,-0.5211945,-0.6422424,-0.4494781,-1.043083,-0.8483162,-0.6542053,-0.8383408,-0.7926712,-0.8372154,-0.7990799,-0.6389847,-0.9046097,-8.746658,-3.394417,-1.173531,-1.209946,-3.94606,-0.871994,-1.849808,-0.7878799,-1.616386,-0.7043457
19.733333333333334,0.0,-313.0,0.0,-49.0,-1.0,-650.0,-5.0,-2610.0,-1.0,-5002.0,-3.0,-568.0,0.0,-1948.0,,,,,,,,,,,,,,,,,,,,,,,,,,
19.741670608520508,,,,,,,,,,,,,,,-0.8049088,-0.8537979,0.1701508,-0.2733078,-0.5338898,-0.6305237,-0.4572906,-1.046989,-0.8453865,-0.6532288,-0.8324814,-0.7868118,-0.8440514,-0.8068924,-0.6428909,-0.8801956,-8.756424,-3.385628,-1.173531,-1.209946,-3.945084,-0.8846893,-1.852737,-0.7839737,-1.621269,-0.708252
19.75,,,,,,,,,,,,,,,-0.8097916,-0.855751,0.1730804,-0.2654953,-0.544632,-0.6148987,-0.4660797,-1.050896,-0.8395271,-0.6473694,-0.8334579,-0.7848587,-0.8489342,-0.8225174,-0.6467972,-0.8587112,-8.758377,-3.377815,-1.172554,-1.20311,-3.947037,-0.8964081,-1.855667,-0.7751846,-1.625175,-0.7131348
19.758329391479492,,,,,,,,,,,,,,,-0.8156509,-0.8567276,0.1769867,-0.2576828,-0.5563507,-0.5992737,-0.4768219,-1.052849,-0.8336678,-0.6405334,-0.8393173,-0.7858353,-0.8479576,-0.8430252,-0.6487503,-0.8372269,-8.757401,-3.367073,-1.172554,-1.192368,-3.948013,-0.9081268,-1.85762,-0.7605362,-1.628105,-0.717041
19.766666666666666,0.0,-320.0,0.0,-49.0,-1.0,-653.0,-6.0,-2615.0,-1.0,-5011.0,-2.0,-568.0,-1.0,-1947.0,,,,,,,,,,,,,,,,,,,,,,,,,,
19.76667022705078,,,,,,,,,,,,,,,-0.8185806,-0.8567276,0.1760101,-0.2508469,-0.5641632,-0.5846252,-0.4826813,-1.054802,-0.8258553,-0.6366272,-0.8490829,-0.7907181,-0.8450279,-0.8645096,-0.6477737,-0.8245316,-8.752518,-3.359261,-1.174507,-1.179672,-3.948013,-0.9149628,-1.858597,-0.7429581,-1.626152,-0.7199707
19.774999618530273,,,,,,,,,,,,,,,-0.8215103,-0.8567276,0.1760101,-0.2430344,-0.5670929,-0.5699768,-0.485611,-1.055779,-0.8170662,-0.6327209,-0.8598251,-0.7985306,-0.8411217,-0.8850174,-0.6507034,-0.8147659,-8.744705,-3.353401,-1.17939,-1.166,-3.953873,-0.9178925,-1.85762,-0.7292862,-1.623222,-0.7219238
19.7833309173584,,,,,,,,,,,,,,,-0.8205338,-0.8537979,0.1769867,-0.2361984,-0.5680695,-0.5592346,-0.4865875,-1.057732,-0.8102303,-0.6317444,-0.8715439,-0.80439,-0.8362389,-0.8986893,-0.6546097,-0.8098831,-8.732986,-3.349495,-1.183296,-1.158188,-3.958755,-0.9159393,-1.859573,-0.7214737,-1.616386,-0.7219238
19.791669845581055,,,,,,,,,,,,,,,-0.8166275,-0.8528214,0.1779633,-0.2303391,-0.5641632,-0.5523987,-0.4865875,-1.056755,-0.8024178,-0.6385803,-0.8803329,-0.8092728,-0.8303795,-0.9055252,-0.6604691,-0.8128128,-8.726151,-3.351448,-1.194038,-1.157211,-3.968521,-0.9110565,-1.862503,-0.7214737,-1.608574,-0.717041
19.799999237060547,,,,,,,,,,,,,,,-0.8117447,-0.8518448,0.1779633,-0.2283859,-0.5612335,-0.5455627,-0.4875641,-1.053825,-0.8004646,-0.6493225,-0.8861923,-0.8122025,-0.8264732,-0.9065018,-0.6643753,-0.8176956,-8.718338,-3.354378,-1.205757,-1.162094,-3.97438,-0.9051971,-1.866409,-0.7283096,-1.603691,-0.7111816
19.8,0.0,-321.0,0.0,-48.0,-2.0,-658.0,-7.0,-2619.0,-1.0,-5014.0,-2.0,-569.0,-1.0,-1948.0,,,,,,,,,,,,,,,,,,,,,,,,,,
19.808330535888672,,,,,,,,,,,,,,,-0.8049088,-0.8489151,0.1799164,-0.2283859,-0.5573273,-0.5348206,-0.485611,-1.047966,-0.8024178,-0.6590881,-0.8910751,-0.8122025,-0.8254967,-0.8996658,-0.667305,-0.823555,-8.716385,-3.359261,-1.224312,-1.174789,-3.98317,-0.8983612,-1.867386,-0.7400284,-1.597832,-0.708252
19.816669464111328,,,,,,,,,,,,,,,-0.7990494,-0.8459854,0.1847992,-0.2313156,-0.5524445,-0.5270081,-0.4875641,-1.0382,-0.8112068,-0.6708069,-0.8930283,-0.8092728,-0.8264732,-0.8889236,-0.667305,-0.8323441,-8.714432,-3.36512,-1.237984,-1.192368,-3.990982,-0.8934784,-1.878128,-0.7566299,-1.593925,-0.7043457
19.825000762939453,,,,,,,,,,,,,,,-0.7941666,-0.8381729,0.1877289,-0.2381516,-0.5465851,-0.5191956,-0.4904938,-1.024529,-0.821949,-0.6835022,-0.8949814,-0.80439,-0.8303795,-0.8742752,-0.667305,-0.8430862,-8.714432,-3.36805,-1.250679,-1.212875,-3.998795,-0.8925018,-1.884964,-0.7722549,-1.592949,-0.7033691
19.833330154418945,,,,,,,,,,,,,,,-0.7922134,-0.8274307,0.1926117,-0.2430344,-0.5426788,-0.5113831,-0.4924469,-1.007927,-0.8336678,-0.6932678,-0.8940048,-0.797554,-0.8323326,-0.8586502,-0.6643753,-0.854805,-8.718338,-3.369026,-1.263374,-1.232407,-4.007584,-0.8964081,-1.893753,-0.7869034,-1.592949,-0.7033691
19.833333333333332,0.0,-323.0,0.0,-46.0,-2.0,-662.0,-7.0,-2615.0,0.0,-5015.0,-2.0,-572.0,-1.0,-1948.0,,,,,,,,,,,,,,,,,,,,,,,,,,
19.8416690826416,,,,,,,,,,,,,,,-0.7922134,-0.8166885,0.1965179,-0.2459641,-0.537796,-0.502594,-0.4914703,-0.9874191,-0.8483162,-0.6981506,-0.8940048,-0.7897415,-0.8342857,-0.8469315,-0.6604691,-0.8665237,-8.717361,-3.370003,-1.272163,-1.249008,-4.01442,-0.9022675,-1.903519,-0.7995987,-1.590996,-0.7053223
19.850000381469727,,,,,,,,,,,,,,,-0.7961197,-0.8059464,0.1994476,-0.2488937,-0.5319366,-0.4967346,-0.4885406,-0.9669113,-0.8580818,-0.7001038,-0.8949814,-0.7858353,-0.838192,-0.8332596,-0.6565628,-0.8792191,-8.716385,-3.370979,-1.278023,-1.260727,-4.021255,-0.9091034,-1.909378,-0.8093643,-1.590996,-0.7111816
19.85832977294922,,,,,,,,,,,,,,,-0.8000259,-0.7961807,0.2023773,-0.2498703,-0.5260773,-0.4918518,-0.4846344,-0.9434738,-0.8610115,-0.6981506,-0.8940048,-0.7848587,-0.8401451,-0.8195877,-0.6526566,-0.8909378,-8.718338,-3.376839,-1.282906,-1.266586,-4.031998,-0.9169159,-1.913284,-0.8181534,-1.590996,-0.7180176
19.866666666666667,0.0,-323.0,0.0,-46.0,-1.0,-664.0,-6.0,-2611.0,0.0,-5016.0,-1.0,-574.0,0.0,-1949.0,,,,,,,,,,,,,,,,,,,,,,,,,,
19.866670608520508,,,,,,,,,,,,,,,-0.8029556,-0.7883682,0.2014008,-0.2479172,-0.5202179,-0.4879456,-0.4797516,-0.922966,-0.8619881,-0.6942444,-0.8930283,-0.7877884,-0.8391685,-0.8127518,-0.6526566,-0.9055862,-8.720291,-3.385628,-1.284859,-1.266586,-4.038834,-0.9208221,-1.915237,-0.8240128,-1.591972,-0.7229004
19.875,,,,,,,,,,,,,,,-0.8068619,-0.784462,0.1994476,-0.2440109,-0.5143585,-0.486969,-0.4748688,-0.9053879,-0.8561287,-0.6913147,-0.8930283,-0.7965775,-0.8362389,-0.8068924,-0.6536331,-0.9163284,-8.721268,-3.397346,-1.286812,-1.264633,-4.044693,-0.9227753,-1.909378,-0.8269424,-1.591972,-0.7268066
19.883329391479492,,,,,,,,,,,,,,,-0.8068619,-0.7834854,0.1945648,-0.2420578,-0.5075226,-0.486969,-0.4709625,-0.8956223,-0.8483162,-0.6903381,-0.8940048,-0.8092728,-0.8303795,-0.8029861,-0.6546097,-0.9221878,-8.728104,-3.411018,-1.287788,-1.261703,-4.047623,-0.9208221,-1.897659,-0.8259659,-1.596855,-0.7297363
19.89167022705078,,,,,,,,,,,,,,,-0.8049088,-0.784462,0.1867523,-0.2410812,-0.5016632,-0.4879456,-0.4680328,-0.8936691,-0.8385506,-0.6913147,-0.8979111,-0.8278275,-0.8235435,-0.8029861,-0.6555862,-0.9260941,-8.738846,-3.42469,-1.289742,-1.25975,-4.047623,-0.9159393,-1.883987,-0.8181534,-1.602715,-0.7287598
19.899999618530273,,,,,,,,,,,,,,,-0.8010025,-0.784462,0.1818695,-0.2410812,-0.4948273,-0.4918518,-0.4680328,-0.8985519,-0.8317146,-0.6952209,-0.8988876,-0.8473587,-0.815731,-0.8039627,-0.6594925,-0.9270706,-8.746658,-3.435432,-1.286812,-1.261703,-4.047623,-0.9110565,-1.866409,-0.8074112,-1.606621,-0.7248535
19.9,0.0,-324.0,0.0,-45.0,-2.0,-664.0,-6.0,-2613.0,0.0,-5023.0,-1.0,-574.0,0.0,-1952.0,,,,,,,,,,,,,,,,,,,,,,,,,,
19.9083309173584,,,,,,,,,,,,,,,-0.7961197,-0.784462,0.1760101,-0.2430344,-0.4899445,-0.4986877,-0.4680328,-0.9141769,-0.8258553,-0.7010803,-0.8998642,-0.8678665,-0.8059654,-0.8039627,-0.6555862,-0.9260941,-8.753494,-3.443245,-1.283882,-1.26268,-4.044693,-0.9071503,-1.853714,-0.7956924,-1.610527,-0.7180176
19.916669845581055,,,,,,,,,,,,,,,-0.7892838,-0.7854385,0.1672211,-0.2449875,-0.4850616,-0.5123596,-0.4729156,-0.9346848,-0.821949,-0.7098694,-0.8988876,-0.8844681,-0.7981529,-0.8039627,-0.65168,-0.9270706,-8.759354,-3.446175,-1.278999,-1.264633,-4.043716,-0.9061737,-1.842972,-0.7829971,-1.614433,-0.7092285
19.924999237060547,,,,,,,,,,,,,,,-0.7844009,-0.784462,0.1633148,-0.2449875,-0.4811554,-0.5270081,-0.4729156,-0.9590988,-0.821949,-0.719635,-0.8969345,-0.8971634,-0.7932701,-0.801033,-0.6458206,-0.9280472,-8.76033,-3.446175,-1.277046,-1.266586,-4.044693,-0.9081268,-1.837112,-0.7742081,-1.61834,-0.7023926
19.933330535888672,,,,,,,,,,,,,,,-0.7804947,-0.7854385,0.1623383,-0.2410812,-0.4782257,-0.5436096,-0.4709625,-0.9825363,-0.821949,-0.7284241,-0.8920517,-0.9049759,-0.7922935,-0.7951736,-0.6380081,-0.9339066,-8.759354,-3.445198,-1.272163,-1.268539,-4.04567,-0.9120331,-1.834183,-0.7703018,-1.617363,-0.6955566
19.933333333333334,0.0,-325.0,0.0,-44.0,-2.0,-662.0,-6.0,-2618.0,0.0,-5029.0,-2.0,-572.0,0.0,-1956.0,,,,,,,,,,,,,,,,,,,,,,,,,,
19.941669464111328,,,,,,,,,,,,,,,-0.7785416,-0.7873917,0.1633148,-0.2352219,-0.4792023,-0.5592346,-0.4670563,-1.005974,-0.8239021,-0.73526,-0.8861923,-0.906929,-0.7952232,-0.7893143,-0.6282425,-0.9436722,-8.756424,-3.444221,-1.264351,-1.268539,-4.049576,-0.9178925,-1.841995,-0.7703018,-1.61834,-0.6887207
19.950000762939453,,,,,,,,,,,,,,,-0.7804947,-0.7903214,0.1672211,-0.2274094,-0.4792023,-0.5738831,-0.4641266,-1.022575,-0.8248787,-0.7381897,-0.8822861,-0.9039993,-0.8020592,-0.7824783,-0.6194534,-0.9534378,-8.752518,-3.446175,-1.257515,-1.266586,-4.054459,-0.9237518,-1.851761,-0.7703018,-1.61834,-0.6828613
19.958330154418945,,,,,,,,,,,,,,,-0.7853775,-0.7961807,0.1760101,-0.2166672,-0.4840851,-0.5865784,-0.4582672,-1.031364,-0.8258553,-0.7401428,-0.8793564,-0.8952103,-0.8098717,-0.7785721,-0.6106644,-0.9612503,-8.751541,-3.448128,-1.251656,-1.264633,-4.061295,-0.9276581,-1.865433,-0.7722549,-1.617363,-0.6789551
19.966666666666665,0.0,-326.0,0.0,-46.0,-1.0,-658.0,-6.0,-2624.0,0.0,-5039.0,-3.0,-572.0,-1.0,-1961.0,,,,,,,,,,,,,,,,,,,,,,,,,,
19.9666690826416,,,,,,,,,,,,,,,-0.7902603,-0.8020401,0.1828461,-0.2039719,-0.4879913,-0.5914612,-0.4514313,-1.0382,-0.8287849,-0.7391663,-0.8783798,-0.8864212,-0.8167076,-0.7785721,-0.6057816,-0.9671097,-8.748611,-3.451057,-1.24482,-1.26268,-4.065201,-0.9296112,-1.881058,-0.7722549,-1.617363,-0.6789551
19.975000381469727,,,,,,,,,,,,,,,-0.7961197,-0.8078995,0.1906586,-0.1942062,-0.4918976,-0.5934143,-0.4465485,-1.039177,-0.8287849,-0.7372131,-0.8832626,-0.8776321,-0.822567,-0.7795486,-0.6057816,-0.9690628,-8.751541,-3.453987,-1.240913,-1.260727,-4.072037,-0.9276581,-1.8918,-0.7673721,-1.617363,-0.6818848
19.98332977294922,,,,,,,,,,,,,,,-0.8010025,-0.8108292,0.1984711,-0.1883469,-0.4967804,-0.5914612,-0.4397125,-1.032341,-0.8317146,-0.7342834,-0.8871689,-0.8688431,-0.8264732,-0.7834549,-0.6077347,-0.9671097,-8.754471,-3.45594,-1.234077,-1.25975,-4.077896,-0.9247284,-1.899612,-0.7615128,-1.61834,-0.6877441
19.991670608520508,,,,,,,,,,,,,,,-0.8019791,-0.8147354,0.2043304,-0.1883469,-0.4997101,-0.5875549,-0.4338531,-1.026482,-0.8346443,-0.7313538,-0.8940048,-0.8610306,-0.8245201,-0.7893143,-0.6106644,-0.9622269,-8.756424,-3.453987,-1.229195,-1.25975,-4.080826,-0.9237518,-1.902542,-0.7546768,-1.622246,-0.6945801
20.0,0.0,-324.0,0.0,-46.0,0.0,-656.0,-6.0,-2633.0,0.0,-5051.0,-3.0,-575.0,-1.0,-1966.0,-0.8019791,-0.8166885,0.2092133,-0.1961594,-0.5036163,-0.5826721,-0.4250641,-1.023552,-0.8365974,-0.7313538,-0.9037704,-0.8502884,-0.8215904,-0.7902908,-0.6155472,-0.9553909,-8.757401,-3.447151,-1.226265,-1.25975,-4.083755,-0.9237518,-1.896683,-0.7458878,-1.624199,-0.7023926
20.008329391479492,,,,,,,,,,,,,,,-0.7970963,-0.8166885,0.2131195,-0.2069016,-0.506546,-0.5816956,-0.4182281,-1.022575,-0.837574,-0.7323303,-0.9086533,-0.8385696,-0.8167076,-0.7873611,-0.6214066,-0.9456253,-8.76033,-3.435432,-1.222359,-1.25975,-4.083755,-0.9237518,-1.883987,-0.7429581,-1.632011,-0.7092285
20.01667022705078,,,,,,,,,,,,,,,-0.7902603,-0.8137589,0.2180023,-0.2186203,-0.5084991,-0.5846252,-0.4113922,-1.024529,-0.837574,-0.73526,-0.9135361,-0.8278275,-0.8118248,-0.7815018,-0.6262894,-0.93293,-8.762283,-3.423714,-1.223335,-1.261703,-4.082779,-0.9266815,-1.867386,-0.7429581,-1.634941,-0.7141113
20.024999618530273,,,,,,,,,,,,,,,-0.7814713,-0.8078995,0.2238617,-0.2342453,-0.5094757,-0.5895081,-0.4035797,-1.027458,-0.8365974,-0.7411194,-0.9145126,-0.8141556,-0.8049889,-0.7727127,-0.6311722,-0.9221878,-8.76619,-3.412971,-1.221382,-1.266586,-4.07692,-0.9276581,-1.846878,-0.7439346,-1.638847,-0.7102051
20.0333309173584,,,,,,,,,,,,,,,-0.7726822,-0.8020401,0.2287445,-0.2469406,-0.5094757,-0.6002502,-0.3977203,-1.031364,-0.8326912,-0.7460022,-0.9145126,-0.8004837,-0.8030357,-0.7639236,-0.6321487,-0.9094925,-8.770096,-3.408089,-1.222359,-1.271469,-4.072037,-0.9296112,-1.8293,-0.749794,-1.642754,-0.7023926
20.033333333333335,0.0,-321.0,0.0,-46.0,0.0,-656.0,-6.0,-2645.0,0.0,-5065.0,-3.0,-573.0,-1.0,-1970.0,,,,,,,,,,,,,,,,,,,,,,,,,,
20.041669845581055,,,,,,,,,,,,,,,-0.76194,-0.7961807,0.2326508,-0.2537766,-0.5094757,-0.611969,-0.3938141,-1.034294,-0.8278084,-0.7499084,-0.9125595,-0.788765,-0.7991295,-0.7600174,-0.6370316,-0.8938675,-8.780838,-3.407112,-1.224312,-1.277328,-4.066177,-0.9325409,-1.816605,-0.7576065,-1.641777,-0.6916504
20.049999237060547,,,,,,,,,,,,,,,-0.7521744,-0.7864151,0.2385101,-0.2567062,-0.5075226,-0.6246643,-0.3869781,-1.0382,-0.821949,-0.7499084,-0.9096298,-0.7799759,-0.7952232,-0.760994,-0.6419144,-0.8792191,-8.79158,-3.416878,-1.227242,-1.283188,-4.058365,-0.9335175,-1.808792,-0.765419,-1.639824,-0.6799316
20.058330535888672,,,,,,,,,,,,,,,-0.7394791,-0.7786026,0.2433929,-0.2576828,-0.5036163,-0.6373596,-0.3820953,-1.039177,-0.8141365,-0.7489319,-0.9037704,-0.7760696,-0.7932701,-0.7658768,-0.6487503,-0.8655472,-8.806229,-3.432503,-1.229195,-1.285141,-4.048599,-0.9354706,-1.807816,-0.7722549,-1.634941,-0.6711426
20.066666666666666,0.0,-317.0,0.0,-47.0,-1.0,-656.0,-6.0,-2656.0,-1.0,-5074.0,-3.0,-570.0,0.0,-1973.0,,,,,,,,,,,,,,,,,,,,,,,,,,
20.066669464111328,,,,,,,,,,,,,,,-0.7277603,-0.7698135,0.2472992,-0.2576828,-0.4997101,-0.6441956,-0.3772125,-1.040154,-0.8082771,-0.7450256,-0.8959579,-0.7799759,-0.7903404,-0.776619,-0.6555862,-0.8499222,-8.824783,-3.450081,-1.232124,-1.283188,-4.04274,-0.9374237,-1.809769,-0.7751846,-1.632988,-0.6672363
20.075000762939453,,,,,,,,,,,,,,,-0.7160416,-0.7600479,0.2531586,-0.2576828,-0.4967804,-0.6481018,-0.3733063,-1.036247,-0.8024178,-0.7391663,-0.8900986,-0.7877884,-0.7883873,-0.7912674,-0.6653519,-0.8333206,-8.841385,-3.467659,-1.235054,-1.276352,-4.032974,-0.94133,-1.817581,-0.7742081,-1.628105,-0.6682129
20.083330154418945,,,,,,,,,,,,,,,-0.7043228,-0.7502823,0.2599945,-0.2596359,-0.4938507,-0.6461487,-0.3654938,-1.034294,-0.7975349,-0.7313538,-0.8813095,-0.8014603,-0.7893639,-0.8039627,-0.6712112,-0.8196487,-8.85701,-3.475471,-1.23896,-1.268539,-4.026138,-0.9462128,-1.823441,-0.7703018,-1.623222,-0.677002
20.0916690826416,,,,,,,,,,,,,,,-0.6935806,-0.7395401,0.2658539,-0.2615891,-0.4938507,-0.6363831,-0.3576813,-1.034294,-0.7936287,-0.7215881,-0.8725204,-0.8180618,-0.791317,-0.8156815,-0.6780472,-0.8069534,-8.871658,-3.477425,-1.239937,-1.256821,-4.018326,-0.9481659,-1.828323,-0.7624893,-1.619316,-0.6906738
20.1,0.0,-314.0,-1.0,-48.0,-1.0,-652.0,-6.0,-2667.0,-1.0,-5081.0,-3.0,-570.0,0.0,-1974.0,,,,,,,,,,,,,,,,,,,,,,,,,,
20.100000381469727,,,,,,,,,,,,,,,-0.6857681,-0.7278214,0.2736664,-0.2645187,-0.4938507,-0.6207581,-0.3498688,-1.034294,-0.7877693,-0.7137756,-0.8695908,-0.8346634,-0.7981529,-0.823494,-0.68293,-0.7952347,-8.883377,-3.471565,-1.24189,-1.241196,-4.012466,-0.9481659,-1.8293,-0.7537003,-1.61248,-0.7092285
20.10832977294922,,,,,,,,,,,,,,,-0.683815,-0.7170792,0.2775726,-0.2664719,-0.4967804,-0.6022034,-0.3410797,-1.033318,-0.7848396,-0.7079163,-0.8627548,-0.8493118,-0.806942,-0.8283768,-0.6839066,-0.7864456,-8.88826,-3.457893,-1.239937,-1.229477,-4.006607,-0.9452362,-1.8293,-0.7468643,-1.605644,-0.7297363
20.116670608520508,,,,,,,,,,,,,,,-0.6847916,-0.7121964,0.2824554,-0.2664719,-0.4997101,-0.5797424,-0.3352203,-1.035271,-0.7789803,-0.7030334,-0.8598251,-0.8571243,-0.815731,-0.8283768,-0.6819534,-0.7825394,-8.889236,-3.440315,-1.237984,-1.221664,-4.002701,-0.9384003,-1.828323,-0.7439346,-1.594902,-0.748291
20.125,,,,,,,,,,,,,,,-0.6886978,-0.7102432,0.283432,-0.2635422,-0.5006866,-0.5621643,-0.3274078,-1.035271,-0.775074,-0.6991272,-0.8627548,-0.8551712,-0.822567,-0.8264236,-0.6800003,-0.7835159,-8.887283,-3.423714,-1.234077,-1.219711,-4.000748,-0.9296112,-1.827347,-0.7449112,-1.58709,-0.7629395
20.133329391479492,,,,,,,,,,,,,,,-0.6955338,-0.7131729,0.2814789,-0.2586594,-0.5006866,-0.5504456,-0.3205719,-1.033318,-0.7721443,-0.6942444,-0.8656845,-0.8483353,-0.8274498,-0.8205643,-0.6760941,-0.7874222,-8.88533,-3.407112,-1.232124,-1.221664,-4.001724,-0.9208221,-1.82637,-0.7546768,-1.5783,-0.7736816
20.133333333333333,0.0,-314.0,-1.0,-50.0,-1.0,-653.0,-6.0,-2675.0,-1.0,-5086.0,-3.0,-571.0,0.0,-1974.0,,,,,,,,,,,,,,,,,,,,,,,,,,
20.14167022705078,,,,,,,,,,,,,,,-0.7004166,-0.7229385,0.2785492,-0.2547531,-0.4958038,-0.5436096,-0.313736,-1.029411,-0.7692146,-0.6913147,-0.8705673,-0.83564,-0.8264732,-0.8098221,-0.6712112,-0.7952347,-8.878494,-3.397346,-1.232124,-1.227524,-4.00563,-0.9149628,-1.827347,-0.7673721,-1.568535,-0.779541
20.149999618530273,,,,,,,,,,,,,,,-0.7052994,-0.7385635,0.2756195,-0.2508469,-0.4889679,-0.5436096,-0.3078766,-1.023552,-0.7701912,-0.6893616,-0.8754501,-0.8219681,-0.8254967,-0.7971268,-0.6653519,-0.8089066,-8.872635,-3.39344,-1.232124,-1.238266,-4.013443,-0.9091034,-1.8293,-0.781044,-1.563652,-0.7766113
20.1583309173584,,,,,,,,,,,,,,,-0.7072525,-0.7590714,0.2736664,-0.2459641,-0.4792023,-0.5504456,-0.3029938,-1.014763,-0.7740974,-0.688385,-0.8774033,-0.8082962,-0.8215904,-0.7834549,-0.6604691,-0.8255081,-8.863846,-3.392464,-1.237984,-1.249008,-4.026138,-0.9081268,-1.833206,-0.7937393,-1.55584,-0.7668457
20.166666666666668,0.0,-314.0,-2.0,-53.0,0.0,-654.0,-6.0,-2680.0,0.0,-5089.0,-3.0,-571.0,0.0,-1975.0,,,,,,,,,,,,,,,,,,,,,,,,,,
20.166669845581055,,,,,,,,,,,,,,,-0.7062759,-0.7825089,0.2707367,-0.2401047,-0.4684601,-0.5611877,-0.2990875,-1.004021,-0.7799568,-0.6893616,-0.8783798,-0.7995071,-0.815731,-0.7717361,-0.6536331,-0.8440628,-8.856033,-3.39344,-1.24482,-1.261703,-4.03688,-0.9130096,-1.837112,-0.8005753,-1.54998,-0.7521973
20.174999237060547,,,,,,,,,,,,,,,-0.7033463,-0.8059464,0.2707367,-0.2352219,-0.4567413,-0.5738831,-0.298111,-0.9932785,-0.7877693,-0.6932678,-0.8764267,-0.7965775,-0.8128014,-0.7629471,-0.6477737,-0.8675003,-8.848221,-3.397346,-1.252632,-1.271469,-4.047623,-0.9198456,-1.838089,-0.8005753,-1.549004,-0.7365723
20.183330535888672,,,,,,,,,,,,,,,-0.6974869,-0.8264542,0.2726898,-0.2283859,-0.4450226,-0.5856018,-0.3000641,-0.9864426,-0.7955818,-0.7010803,-0.8725204,-0.8004837,-0.8137779,-0.7580643,-0.6409378,-0.8880081,-8.845291,-3.3993,-1.262398,-1.279282,-4.053482,-0.9276581,-1.843948,-0.7927628,-1.54705,-0.7199707
20.191669464111328,,,,,,,,,,,,,,,-0.6906509,-0.8411026,0.2765961,-0.2225266,-0.4372101,-0.5914612,-0.3039703,-0.9825363,-0.8043709,-0.7118225,-0.8676376,-0.8092728,-0.815731,-0.7590408,-0.636055,-0.9075394,-8.844315,-3.401253,-1.271187,-1.286118,-4.056412,-0.9354706,-1.847855,-0.7790909,-1.549004,-0.7033691
20.2,0.0,-315.0,-1.0,-57.0,0.0,-658.0,-6.0,-2686.0,0.0,-5092.0,-3.0,-567.0,-1.0,-1979.0,,,,,,,,,,,,,,,,,,,,,,,,,,
20.200000762939453,,,,,,,,,,,,,,,-0.6857681,-0.8498917,0.2814789,-0.2195969,-0.4313507,-0.5943909,-0.3088531,-0.9825363,-0.8112068,-0.7254944,-0.8647079,-0.820015,-0.8196373,-0.7658768,-0.6301956,-0.9231644,-8.848221,-3.401253,-1.277046,-1.291,-4.052505,-0.9442596,-1.851761,-0.7634659,-1.550957,-0.6896973
20.208330154418945,,,,,,,,,,,,,,,-0.6808853,-0.8498917,0.2873383,-0.2186203,-0.4254913,-0.5914612,-0.313736,-0.985466,-0.8141365,-0.7420959,-0.8617783,-0.8297806,-0.8215904,-0.7756424,-0.6262894,-0.9378128,-8.85994,-3.3993,-1.285835,-1.295883,-4.04567,-0.9510956,-1.855667,-0.7449112,-1.554863,-0.6818848
20.2166690826416,,,,,,,,,,,,,,,-0.6730728,-0.8420792,0.2941742,-0.2176437,-0.4215851,-0.5846252,-0.3156891,-0.9903488,-0.8141365,-0.7567444,-0.8588486,-0.83564,-0.822567,-0.7902908,-0.6243362,-0.948555,-8.872635,-3.400276,-1.290718,-1.299789,-4.03688,-0.9520721,-1.85762,-0.7312393,-1.559746,-0.6799316
20.225000381469727,,,,,,,,,,,,,,,-0.6672134,-0.8284073,0.3029633,-0.2205734,-0.4176788,-0.5719299,-0.3166656,-0.9942551,-0.8121834,-0.7674866,-0.8598251,-0.83564,-0.8215904,-0.8020096,-0.62043,-0.9553909,-8.88826,-3.401253,-1.297554,-1.303696,-4.030045,-0.9471893,-1.858597,-0.7224503,-1.563652,-0.6828613
20.23332977294922,,,,,,,,,,,,,,,-0.6594009,-0.8127823,0.3088226,-0.2264328,-0.4118195,-0.5582581,-0.3127594,-0.9981613,-0.8102303,-0.7733459,-0.8588486,-0.8278275,-0.8176842,-0.8098221,-0.6155472,-0.9612503,-8.901932,-3.400276,-1.30439,-1.304672,-4.028091,-0.9384003,-1.856644,-0.7175674,-1.569511,-0.6916504
20.233333333333334,0.0,-316.0,-1.0,-58.0,0.0,-664.0,-7.0,-2688.0,0.0,-5099.0,-3.0,-564.0,-1.0,-1985.0,,,,,,,,,,,,,,,,,,,,,,,,,,
20.241670608520508,,,,,,,,,,,,,,,-0.6496353,-0.7971573,0.3166351,-0.2322922,-0.4059601,-0.5397034,-0.3049469,-0.9981613,-0.8053474,-0.7713928,-0.8568954,-0.8112259,-0.8128014,-0.8156815,-0.6145706,-0.9671097,-8.913651,-3.400276,-1.308296,-1.303696,-4.030045,-0.9247284,-1.854691,-0.7156143,-1.575371,-0.7053223
20.25,,,,,,,,,,,,,,,-0.6398697,-0.7834854,0.3215179,-0.2381516,-0.3961945,-0.5240784,-0.2961578,-0.9923019,-0.8014412,-0.7635803,-0.8529892,-0.7877884,-0.806942,-0.8205643,-0.6126175,-0.9700394,-8.915604,-3.400276,-1.310249,-1.302719,-4.038834,-0.9081268,-1.850784,-0.7136612,-1.583183,-0.7229004
20.258329391479492,,,,,,,,,,,,,,,-0.6291275,-0.7766495,0.3244476,-0.2440109,-0.3893585,-0.5113831,-0.2863922,-0.9825363,-0.7975349,-0.750885,-0.8461533,-0.757515,-0.8020592,-0.823494,-0.6116409,-0.9710159,-8.914627,-3.397346,-1.310249,-1.300766,-4.050552,-0.8866425,-1.847855,-0.7126846,-1.591972,-0.7385254
20.266666666666666,0.0,-317.0,0.0,-56.0,0.0,-668.0,-7.0,-2686.0,-1.0,-5106.0,-3.0,-565.0,-1.0,-1989.0,,,,,,,,,,,,,,,,,,,,,,,,,,
20.26667022705078,,,,,,,,,,,,,,,-0.6193619,-0.7727432,0.3254242,-0.2508469,-0.3786163,-0.5055237,-0.27565,-0.9708176,-0.7946053,-0.7342834,-0.8383408,-0.7252884,-0.7991295,-0.823494,-0.6116409,-0.9671097,-8.904861,-3.392464,-1.30439,-1.29686,-4.059341,-0.8651581,-1.844925,-0.7107315,-1.602715,-0.7512207
20.274999618530273,,,,,,,,,,,,,,,-0.6086197,-0.7727432,0.3224945,-0.2596359,-0.3717804,-0.5055237,-0.2658844,-0.9571457,-0.7936287,-0.7157288,-0.8295517,-0.6969681,-0.7981529,-0.8254471,-0.6126175,-0.9573441,-8.892166,-3.386604,-1.294624,-1.292953,-4.07106,-0.8456268,-1.843948,-0.7097549,-1.611504,-0.7580566
20.2833309173584,,,,,,,,,,,,,,,-0.5998306,-0.7756729,0.3205414,-0.268425,-0.3668976,-0.5123596,-0.2570953,-0.9415207,-0.7936287,-0.7001038,-0.8197861,-0.672554,-0.7952232,-0.8293533,-0.6145706,-0.9436722,-8.880447,-3.382698,-1.287788,-1.292953,-4.07692,-0.8309784,-1.841995,-0.7107315,-1.616386,-0.7570801
20.291669845581055,,,,,,,,,,,,,,,-0.5929947,-0.7795792,0.3166351,-0.2801437,-0.3639679,-0.5279846,-0.2492828,-0.9249191,-0.7936287,-0.688385,-0.8129501,-0.6608353,-0.7932701,-0.8371658,-0.6175003,-0.9251175,-8.869705,-3.381721,-1.279976,-1.292953,-4.07692,-0.8192596,-1.841019,-0.7146378,-1.620293,-0.7492676
20.299999237060547,,,,,,,,,,,,,,,-0.5881119,-0.7825089,0.314682,-0.2889328,-0.3639679,-0.5465393,-0.2444,-0.9112473,-0.7946053,-0.6805725,-0.8070908,-0.6579056,-0.7893639,-0.8459549,-0.62043,-0.9046097,-8.857986,-3.381721,-1.274117,-1.291,-4.074966,-0.8104706,-1.837112,-0.7263565,-1.619316,-0.7385254
20.3,0.0,-317.0,0.0,-52.0,-1.0,-668.0,-7.0,-2683.0,-1.0,-5109.0,-3.0,-567.0,-2.0,-1992.0,,,,,,,,,,,,,,,,,,,,,,,,,,
20.308330535888672,,,,,,,,,,,,,,,-0.5861588,-0.7825089,0.314682,-0.2928391,-0.365921,-0.5611877,-0.2395172,-0.9005051,-0.7955818,-0.6795959,-0.8061142,-0.6647415,-0.7864342,-0.8566971,-0.6223831,-0.886055,-8.85408,-3.383675,-1.27314,-1.291,-4.06813,-0.8055878,-1.837112,-0.7439346,-1.614433,-0.7258301
20.316669464111328,,,,,,,,,,,,,,,-0.5861588,-0.7815323,0.3166351,-0.2928391,-0.3717804,-0.5699768,-0.2346344,-0.8897629,-0.7975349,-0.6825256,-0.8061142,-0.6803665,-0.7825279,-0.8654861,-0.6243362,-0.8743362,-8.856033,-3.388557,-1.278999,-1.287094,-4.061295,-0.8026581,-1.836136,-0.7673721,-1.60955,-0.7150879
20.325000762939453,,,,,,,,,,,,,,,-0.5890884,-0.7786026,0.3205414,-0.2889328,-0.3795929,-0.5738831,-0.2317047,-0.8809738,-0.7975349,-0.6922913,-0.8070908,-0.7028275,-0.7795982,-0.8752518,-0.6253128,-0.8694534,-8.861893,-3.391487,-1.282906,-1.278305,-4.053482,-0.800705,-1.834183,-0.7937393,-1.604668,-0.7072754
20.333330154418945,,,,,,,,,,,,,,,-0.5949478,-0.7766495,0.3264008,-0.2801437,-0.3893585,-0.5699768,-0.2268219,-0.8751144,-0.7936287,-0.70401,-0.810997,-0.7252884,-0.7766685,-0.8801346,-0.6272659,-0.8694534,-8.874588,-3.392464,-1.289742,-1.263657,-4.051529,-0.7977753,-1.833206,-0.8201065,-1.604668,-0.7072754
20.333333333333332,0.0,-317.0,0.0,-48.0,-1.0,-665.0,-6.0,-2683.0,-1.0,-5114.0,-2.0,-569.0,-2.0,-1996.0,,,,,,,,,,,,,,,,,,,,,,,,,,
20.3416690826416,,,,,,,,,,,,,,,-0.5998306,-0.7756729,0.3312836,-0.2664719,-0.4030304,-0.5602112,-0.2209625,-0.8692551,-0.7897224,-0.7176819,-0.8139267,-0.7487259,-0.7786217,-0.8811111,-0.6282425,-0.8772659,-8.886307,-3.394417,-1.292671,-1.244125,-4.054459,-0.793869,-1.830276,-0.8464737,-1.60955,-0.7092285
20.350000381469727,,,,,,,,,,,,,,,-0.6086197,-0.7756729,0.3332367,-0.2537766,-0.4157257,-0.5504456,-0.2121735,-0.8663254,-0.7828865,-0.7333069,-0.8197861,-0.7682571,-0.7825279,-0.8772049,-0.6282425,-0.8870316,-8.899002,-3.39344,-1.287788,-1.220688,-4.061295,-0.7899628,-1.827347,-0.8640518,-1.619316,-0.7141113
20.35832977294922,,,,,,,,,,,,,,,-0.6154556,-0.7805557,0.3322601,-0.2420578,-0.428421,-0.5397034,-0.2033844,-0.8663254,-0.7760506,-0.7469788,-0.8227158,-0.7868118,-0.7883873,-0.8654861,-0.6243362,-0.8967972,-8.909744,-3.389534,-1.279976,-1.193344,-4.072037,-0.7860565,-1.825394,-0.8767471,-1.633965,-0.7219238
20.366666666666667,0.0,-314.0,0.0,-45.0,-1.0,-663.0,-5.0,-2684.0,-2.0,-5118.0,-2.0,-572.0,-2.0,-1998.0,,,,,,,,,,,,,,,,,,,,,,,,,,
20.366670608520508,,,,,,,,,,,,,,,-0.621315,-0.7883682,0.3312836,-0.2283859,-0.4391632,-0.533844,-0.1945953,-0.8712082,-0.7701912,-0.7586975,-0.8256454,-0.7995071,-0.7942467,-0.8518143,-0.6214066,-0.90168,-8.912674,-3.385628,-1.265327,-1.169907,-4.087662,-0.7821503,-1.825394,-0.8826065,-1.64959,-0.7287598
20.375,,,,,,,,,,,,,,,-0.6252213,-0.7981339,0.3273773,-0.2186203,-0.4450226,-0.533844,-0.1858063,-0.8780441,-0.7662849,-0.7694397,-0.8305283,-0.8082962,-0.7981529,-0.8342361,-0.6145706,-0.90168,-8.908768,-3.379768,-1.247749,-1.150375,-4.101334,-0.7831268,-1.824417,-0.8816299,-1.666191,-0.732666
20.383329391479492,,,,,,,,,,,,,,,-0.6252213,-0.8069229,0.3234711,-0.2117844,-0.444046,-0.5377502,-0.1760406,-0.8878098,-0.7653084,-0.7762756,-0.8363876,-0.8141556,-0.8020592,-0.8147049,-0.6106644,-0.8958206,-8.899979,-3.370979,-1.237007,-1.139633,-4.113052,-0.7880096,-1.825394,-0.874794,-1.679863,-0.7336426
20.39167022705078,,,,,,,,,,,,,,,-0.6242447,-0.8127823,0.3215179,-0.2069016,-0.435257,-0.5445862,-0.1682281,-0.8985519,-0.7672615,-0.7801819,-0.8412704,-0.8190384,-0.8030357,-0.7912674,-0.6067581,-0.8841019,-8.88826,-3.36219,-1.226265,-1.138657,-4.118912,-0.7977753,-1.827347,-0.8630753,-1.687675,-0.7336426
20.399999618530273,,,,,,,,,,,,,,,-0.6222916,-0.8137589,0.3195648,-0.2029953,-0.4215851,-0.549469,-0.1623688,-0.9132004,-0.7711678,-0.7811584,-0.8461533,-0.8161087,-0.8020592,-0.769783,-0.6087112,-0.8743362,-8.875565,-3.349495,-1.223335,-1.145493,-4.127701,-0.8124237,-1.835159,-0.8503799,-1.687675,-0.7316895
20.4,0.0,-313.0,0.0,-40.0,-1.0,-664.0,-5.0,-2689.0,-2.0,-5125.0,-2.0,-576.0,-2.0,-2000.0,,,,,,,,,,,,,,,,,,,,,,,,,,
20.4083309173584,,,,,,,,,,,,,,,-0.6183853,-0.808876,0.3244476,-0.2000656,-0.404007,-0.5543518,-0.157486,-0.9239426,-0.7780037,-0.7801819,-0.8490829,-0.8122025,-0.7971764,-0.7522049,-0.6126175,-0.8665237,-8.865799,-3.338753,-1.225288,-1.162094,-4.131607,-0.8300018,-1.840042,-0.8357315,-1.683769,-0.7307129
20.416669845581055,,,,,,,,,,,,,,,-0.6125259,-0.7991104,0.3312836,-0.1961594,-0.381546,-0.5572815,-0.15065,-0.9337082,-0.7809334,-0.7762756,-0.8490829,-0.8063431,-0.7932701,-0.7375565,-0.6223831,-0.8596878,-8.85994,-3.328987,-1.229195,-1.182602,-4.131607,-0.84758,-1.845901,-0.8191299,-1.674004,-0.7287598
20.424999237060547,,,,,,,,,,,,,,,-0.6037369,-0.784462,0.3430023,-0.1932297,-0.3639679,-0.5563049,-0.1467438,-0.9454269,-0.7838631,-0.7713928,-0.8451767,-0.8014603,-0.7883873,-0.7287674,-0.6321487,-0.8577347,-8.85701,-3.322151,-1.228218,-1.202133,-4.13649,-0.8641815,-1.849808,-0.8044815,-1.660332,-0.7287598
20.433330535888672,,,,,,,,,,,,,,,-0.5949478,-0.768837,0.3586273,-0.1854172,-0.3512726,-0.549469,-0.1408844,-0.9551926,-0.7819099,-0.7645569,-0.8393173,-0.7956009,-0.7864342,-0.7258377,-0.6409378,-0.8596878,-8.863846,-3.321175,-1.230171,-1.223618,-4.138443,-0.8768768,-1.853714,-0.7888565,-1.644707,-0.7297363
20.433333333333334,0.0,-311.0,0.0,-36.0,0.0,-667.0,-6.0,-2695.0,-1.0,-5132.0,-3.0,-583.0,-2.0,-2004.0,,,,,,,,,,,,,,,,,,,,,,,,,,
20.441669464111328,,,,,,,,,,,,,,,-0.5851822,-0.7551651,0.3742523,-0.1766281,-0.341507,-0.5397034,-0.1379547,-0.9610519,-0.7799568,-0.7586975,-0.8295517,-0.7916946,-0.784481,-0.729744,-0.6507034,-0.8635941,-8.870682,-3.325081,-1.227242,-1.238266,-4.142349,-0.8827362,-1.856644,-0.7742081,-1.630058,-0.7336426
20.450000762939453,,,,,,,,,,,,,,,-0.57444,-0.7414932,0.3898773,-0.1658859,-0.3395538,-0.5299377,-0.1369781,-0.9669113,-0.7740974,-0.7528381,-0.8178329,-0.788765,-0.784481,-0.7404861,-0.6575394,-0.8675003,-8.878494,-3.33094,-1.221382,-1.244125,-4.146255,-0.8856659,-1.858597,-0.7624893,-1.619316,-0.7365723
20.458330154418945,,,,,,,,,,,,,,,-0.5627213,-0.7327042,0.4055023,-0.1541672,-0.3405304,-0.5172424,-0.1360016,-0.9708176,-0.7682381,-0.7479553,-0.8100204,-0.7848587,-0.7854576,-0.7561111,-0.6614456,-0.87043,-8.886307,-3.341682,-1.215523,-1.242172,-4.151138,-0.8846893,-1.85762,-0.7537003,-1.61248,-0.7385254
20.466666666666665,0.0,-310.0,0.0,-36.0,0.0,-671.0,-5.0,-2700.0,-1.0,-5135.0,-3.0,-590.0,-2.0,-2009.0,,,,,,,,,,,,,,,,,,,,,,,,,,
20.4666690826416,,,,,,,,,,,,,,,-0.5480728,-0.7268448,0.4201508,-0.143425,-0.3473663,-0.5045471,-0.1369781,-0.9717941,-0.7614021,-0.7430725,-0.8012314,-0.781929,-0.7864342,-0.7717361,-0.6594925,-0.8694534,-8.896072,-3.349495,-1.21357,-1.235336,-4.154068,-0.8817596,-1.85762,-0.7468643,-1.608574,-0.7404785
20.475000381469727,,,,,,,,,,,,,,,-0.5353775,-0.7248917,0.4318695,-0.1356125,-0.3532257,-0.4879456,-0.1369781,-0.9747238,-0.7565193,-0.7401428,-0.7963486,-0.7789993,-0.7893639,-0.7844315,-0.6555862,-0.8645706,-8.905838,-3.354378,-1.21357,-1.222641,-4.156021,-0.87883,-1.85762,-0.7439346,-1.610527,-0.7385254
20.48332977294922,,,,,,,,,,,,,,,-0.5217056,-0.7278214,0.4406586,-0.1307297,-0.3610382,-0.471344,-0.1369781,-0.9766769,-0.7535896,-0.7362366,-0.7924423,-0.77314,-0.791317,-0.7951736,-0.6507034,-0.8557816,-8.913651,-3.356331,-1.219429,-1.207016,-4.156021,-0.8768768,-1.85762,-0.7419815,-1.61248,-0.732666
20.491670608520508,,,,,,,,,,,,,,,-0.51194,-0.7287979,0.4455414,-0.1287766,-0.3668976,-0.455719,-0.1369781,-0.9786301,-0.7526131,-0.7313538,-0.7924423,-0.766304,-0.7942467,-0.8000565,-0.6458206,-0.8440628,-8.921463,-3.356331,-1.227242,-1.191391,-4.155045,-0.8778534,-1.855667,-0.7429581,-1.614433,-0.723877
20.5,-1.0,-312.0,0.0,-40.0,0.0,-670.0,-5.0,-2706.0,-1.0,-5145.0,-3.0,-594.0,-2.0,-2013.0,-0.5031509,-0.7297745,0.4494476,-0.1317062,-0.3688507,-0.440094,-0.1320953,-0.9835129,-0.7516365,-0.7245178,-0.7914658,-0.7604446,-0.7961998,-0.7981033,-0.6399612,-0.8294144,-8.930252,-3.355354,-1.235054,-1.176743,-4.151138,-0.87883,-1.851761,-0.7449112,-1.616386,-0.7131348
20.508329391479492,,,,,,,,,,,,,,,-0.4953384,-0.7356339,0.4533539,-0.1375656,-0.3678741,-0.4234924,-0.1281891,-0.9864426,-0.7487068,-0.7176819,-0.7924423,-0.7584915,-0.7991295,-0.7902908,-0.636055,-0.8137894,-8.936111,-3.355354,-1.243843,-1.165024,-4.145279,-0.8807831,-1.847855,-0.7458878,-1.61541,-0.6994629
20.51667022705078,,,,,,,,,,,,,,,-0.4894791,-0.7434464,0.455307,-0.143425,-0.3639679,-0.4098206,-0.126236,-0.9883957,-0.7477303,-0.7118225,-0.7924423,-0.7604446,-0.8010826,-0.7795486,-0.6321487,-0.8001175,-8.941971,-3.352425,-1.248726,-1.161118,-4.135513,-0.8807831,-1.843948,-0.7468643,-1.614433,-0.6877441
20.524999618530273,,,,,,,,,,,,,,,-0.4826431,-0.7522354,0.4562836,-0.1492844,-0.3581085,-0.4020081,-0.1223297,-0.9864426,-0.7457771,-0.7049866,-0.7924423,-0.7643509,-0.8020592,-0.7668533,-0.6301956,-0.7913284,-8.943924,-3.352425,-1.251656,-1.162094,-4.126724,-0.8759003,-1.836136,-0.7488174,-1.610527,-0.6779785
20.5333309173584,,,,,,,,,,,,,,,-0.4748306,-0.7580948,0.4572601,-0.1522141,-0.3483429,-0.3990784,-0.1203766,-0.9757004,-0.7428474,-0.7001038,-0.7914658,-0.7721634,-0.8020592,-0.7551346,-0.6282425,-0.7874222,-8.943924,-3.355354,-1.252632,-1.170883,-4.115005,-0.8700409,-1.8293,-0.749794,-1.608574,-0.6711426
20.533333333333335,-1.0,-318.0,0.0,-42.0,0.0,-671.0,-4.0,-2709.0,-1.0,-5155.0,-3.0,-596.0,-1.0,-2012.0,,,,,,,,,,,,,,,,,,,,,,,,,,
20.541669845581055,,,,,,,,,,,,,,,-0.4660416,-0.7600479,0.4572601,-0.1522141,-0.3356476,-0.4059143,-0.1194,-0.9581223,-0.7408943,-0.7001038,-0.7904892,-0.7838821,-0.8030357,-0.745369,-0.6292191,-0.7903519,-8.941971,-3.355354,-1.252632,-1.182602,-4.10524,-0.856369,-1.823441,-0.7546768,-1.607597,-0.6682129
20.549999237060547,,,,,,,,,,,,,,,-0.4562759,-0.7590714,0.4562836,-0.1483078,-0.3249054,-0.4205627,-0.1164703,-0.9366379,-0.7408943,-0.7020569,-0.7904892,-0.7946243,-0.8020592,-0.7365799,-0.6301956,-0.7971878,-8.943924,-3.353401,-1.250679,-1.196274,-4.098404,-0.8397675,-1.819534,-0.7615128,-1.60955,-0.6711426
20.558330535888672,,,,,,,,,,,,,,,-0.4435806,-0.7561417,0.4562836,-0.1414719,-0.3161163,-0.4391174,-0.1145172,-0.9092941,-0.7389412,-0.7059631,-0.7885361,-0.80439,-0.8020592,-0.7307205,-0.6321487,-0.8050003,-8.946854,-3.349495,-1.253609,-1.212875,-4.095474,-0.8192596,-1.816605,-0.7703018,-1.61248,-0.6750488
20.566666666666666,0.0,-321.0,0.0,-40.0,0.0,-673.0,-4.0,-2700.0,-1.0,-5165.0,-3.0,-596.0,-1.0,-2006.0,,,,,,,,,,,,,,,,,,,,,,,,,,
20.566669464111328,,,,,,,,,,,,,,,-0.433815,-0.7473526,0.4543304,-0.1346359,-0.310257,-0.4596252,-0.1086578,-0.8819504,-0.7379646,-0.7118225,-0.7895126,-0.813179,-0.8020592,-0.7258377,-0.636055,-0.8128128,-8.949783,-3.340706,-1.254585,-1.224594,-4.093521,-0.7958221,-1.815628,-0.7800674,-1.61541,-0.6809082
20.575000762939453,,,,,,,,,,,,,,,-0.4279556,-0.7346573,0.4562836,-0.1297531,-0.3073273,-0.4781799,-0.1008453,-0.8546066,-0.7369881,-0.719635,-0.7875595,-0.8209915,-0.800106,-0.7248611,-0.6399612,-0.8176956,-8.956619,-3.328987,-1.256538,-1.23143,-4.094498,-0.7762909,-1.818558,-0.7869034,-1.61834,-0.6867676
20.583330154418945,,,,,,,,,,,,,,,-0.4220963,-0.721962,0.4582367,-0.1248703,-0.3092804,-0.4918518,-0.08912659,-0.8321457,-0.7350349,-0.7274475,-0.7904892,-0.8229446,-0.7981529,-0.7268143,-0.6428909,-0.8186722,-8.961502,-3.315315,-1.257515,-1.233383,-4.09938,-0.7577362,-1.818558,-0.7898331,-1.616386,-0.6945801
20.5916690826416,,,,,,,,,,,,,,,-0.4201431,-0.7092667,0.4631195,-0.1238937,-0.3112335,-0.5016174,-0.07545471,-0.8106613,-0.7321053,-0.7303772,-0.7914658,-0.8239212,-0.7942467,-0.7287674,-0.6467972,-0.8157425,-8.962479,-3.296761,-1.256538,-1.2285,-4.106216,-0.7450409,-1.823441,-0.7888565,-1.616386,-0.7004395
20.6,0.0,-318.0,0.0,-40.0,-1.0,-673.0,-4.0,-2691.0,-1.0,-5174.0,-4.0,-596.0,-2.0,-1997.0,,,,,,,,,,,,,,,,,,,,,,,,,,
20.600000381469727,,,,,,,,,,,,,,,-0.4172134,-0.7004776,0.4719086,-0.1268234,-0.3161163,-0.4996643,-0.0627594,-0.7969894,-0.7291756,-0.7323303,-0.7943954,-0.8229446,-0.7903404,-0.7326736,-0.6477737,-0.8098831,-8.959549,-3.2743,-1.254585,-1.217758,-4.118912,-0.7391815,-1.827347,-0.7849503,-1.614433,-0.7043457
20.60832977294922,,,,,,,,,,,,,,,-0.4142838,-0.6965714,0.4806976,-0.1297531,-0.3209991,-0.4957581,-0.0471344,-0.7882004,-0.7262459,-0.7323303,-0.7983017,-0.8151321,-0.784481,-0.7404861,-0.6487503,-0.8050003,-8.952713,-3.254768,-1.248726,-1.202133,-4.129654,-0.7401581,-1.83223,-0.7781143,-1.611504,-0.7053223
20.616670608520508,,,,,,,,,,,,,,,-0.4094009,-0.6936417,0.4894867,-0.1326828,-0.3229523,-0.4918518,-0.03443909,-0.7813644,-0.7252693,-0.7294006,-0.8031845,-0.8034134,-0.7805748,-0.7473221,-0.6458206,-0.7991409,-8.940018,-3.23719,-1.24189,-1.185532,-4.142349,-0.746994,-1.834183,-0.7703018,-1.607597,-0.7072754
20.625,,,,,,,,,,,,,,,-0.4015884,-0.6955948,0.4982758,-0.1365891,-0.3209991,-0.4850159,-0.02174377,-0.7784348,-0.7213631,-0.7225647,-0.8070908,-0.7916946,-0.7766685,-0.7502518,-0.6409378,-0.7942581,-8.928299,-3.226448,-1.233101,-1.169907,-4.156021,-0.7577362,-1.838089,-0.7624893,-1.607597,-0.7111816
20.633329391479492,,,,,,,,,,,,,,,-0.3927994,-0.7024307,0.5060883,-0.1424484,-0.3151398,-0.4801331,-0.01100159,-0.7755051,-0.7184334,-0.7186584,-0.810997,-0.7789993,-0.7717857,-0.7482986,-0.636055,-0.7942581,-8.917557,-3.221565,-1.229195,-1.154282,-4.17067,-0.769455,-1.842972,-0.7546768,-1.607597,-0.7131348
20.633333333333333,0.0,-315.0,0.0,-43.0,-1.0,-673.0,-4.0,-2684.0,-1.0,-5181.0,-4.0,-595.0,-1.0,-1990.0,,,,,,,,,,,,,,,,,,,,,,,,,,
20.64167022705078,,,,,,,,,,,,,,,-0.3859634,-0.7112198,0.5129242,-0.1463547,-0.3053741,-0.4820862,-0.0002593994,-0.7745285,-0.7174568,-0.7147522,-0.8149033,-0.766304,-0.7698326,-0.7404861,-0.6301956,-0.7942581,-8.914627,-3.225471,-1.226265,-1.143539,-4.181412,-0.7811737,-1.845901,-0.7458878,-1.607597,-0.7111816
20.649999618530273,,,,,,,,,,,,,,,-0.3791275,-0.721962,0.517807,-0.1541672,-0.2917023,-0.4840393,0.01145935,-0.7774582,-0.712574,-0.7098694,-0.8178329,-0.7584915,-0.7669029,-0.7287674,-0.6214066,-0.7932816,-8.91658,-3.23719,-1.226265,-1.13768,-4.192154,-0.7889862,-1.846878,-0.7390518,-1.611504,-0.7131348
20.6583309173584,,,,,,,,,,,,,,,-0.3752213,-0.7336807,0.5217133,-0.1629562,-0.2780304,-0.486969,0.02220154,-0.7784348,-0.7067146,-0.7079163,-0.8207626,-0.7536087,-0.7659264,-0.7160721,-0.6145706,-0.792305,-8.92244,-3.253792,-1.229195,-1.132797,-4.198013,-0.793869,-1.849808,-0.7283096,-1.614433,-0.7111816
20.666666666666668,0.0,-313.0,0.0,-44.0,-1.0,-677.0,-3.0,-2685.0,0.0,-5186.0,-3.0,-593.0,-1.0,-1988.0,,,,,,,,,,,,,,,,,,,,,,,,,,
20.666669845581055,,,,,,,,,,,,,,,-0.3742447,-0.746376,0.5265961,-0.1727219,-0.2653351,-0.4928284,0.03684998,-0.7794113,-0.7008553,-0.7079163,-0.8227158,-0.750679,-0.7659264,-0.7043533,-0.6087112,-0.7903519,-8.931229,-3.27137,-1.235054,-1.133774,-4.199966,-0.7948456,-1.850784,-0.718544,-1.620293,-0.7072754
20.674999237060547,,,,,,,,,,,,,,,-0.3732681,-0.7600479,0.5314789,-0.1834641,-0.2536163,-0.4996643,0.05149841,-0.7852707,-0.6949959,-0.7069397,-0.8246689,-0.7477493,-0.7649498,-0.6975174,-0.604805,-0.7893753,-8.942947,-3.287971,-1.24189,-1.136703,-4.199966,-0.7948456,-1.850784,-0.7078018,-1.627129,-0.7004395
20.683330535888672,,,,,,,,,,,,,,,-0.3732681,-0.7717667,0.5383148,-0.1951828,-0.2467804,-0.5074768,0.06517029,-0.7940598,-0.6891365,-0.7049866,-0.8256454,-0.7448196,-0.7659264,-0.6975174,-0.6028519,-0.7864456,-8.94783,-3.301643,-1.248726,-1.14061,-4.19606,-0.7928925,-1.849808,-0.6990128,-1.633965,-0.6916504
20.691669464111328,,,,,,,,,,,,,,,-0.371315,-0.7834854,0.5500336,-0.2069016,-0.2418976,-0.5143127,0.08274841,-0.8028488,-0.6842537,-0.7020569,-0.8246689,-0.7409134,-0.768856,-0.7024002,-0.6028519,-0.7844925,-8.949783,-3.308479,-1.251656,-1.147446,-4.188248,-0.7919159,-1.851761,-0.6951065,-1.644707,-0.6828613
20.7,0.0,-312.0,0.0,-45.0,-2.0,-681.0,-3.0,-2694.0,-1.0,-5186.0,-3.0,-591.0,-1.0,-1990.0,,,,,,,,,,,,,,,,,,,,,,,,,,
20.700000762939453,,,,,,,,,,,,,,,-0.3693619,-0.7922745,0.5607758,-0.2156906,-0.2399445,-0.518219,0.09642029,-0.813591,-0.6823006,-0.6991272,-0.8227158,-0.7360306,-0.7708092,-0.7131424,-0.6057816,-0.7844925,-8.944901,-3.313362,-1.255562,-1.160141,-4.180435,-0.7909393,-1.854691,-0.6980362,-1.653496,-0.6740723
20.708330154418945,,,,,,,,,,,,,,,-0.3625259,-0.7981339,0.5695648,-0.2195969,-0.2399445,-0.5191956,0.1071625,-0.8233566,-0.6793709,-0.6942444,-0.8178329,-0.7321243,-0.7727623,-0.7248611,-0.6067581,-0.7844925,-8.936111,-3.315315,-1.257515,-1.176743,-4.169693,-0.7880096,-1.861526,-0.7038956,-1.661308,-0.6662598
20.7166690826416,,,,,,,,,,,,,,,-0.3547134,-0.8010635,0.5822601,-0.2235031,-0.2370148,-0.5143127,0.1188812,-0.8311691,-0.6774178,-0.6864319,-0.8139267,-0.7360306,-0.7747154,-0.7326736,-0.6096878,-0.7883987,-8.92244,-3.313362,-1.260445,-1.196274,-4.158951,-0.7860565,-1.876175,-0.7126846,-1.666191,-0.6623535
20.725000381469727,,,,,,,,,,,,,,,-0.3459244,-0.8010635,0.5920258,-0.2274094,-0.2340851,-0.5055237,0.1247406,-0.8360519,-0.6774178,-0.6776428,-0.8090439,-0.7428665,-0.775692,-0.7375565,-0.6106644,-0.7942581,-8.910721,-3.312386,-1.264351,-1.218735,-4.153091,-0.78508,-1.8918,-0.7224503,-1.668144,-0.6623535
20.73332977294922,,,,,,,,,,,,,,,-0.3342056,-0.7991104,0.6008148,-0.2283859,-0.2292023,-0.4947815,0.1296234,-0.8380051,-0.6744881,-0.6708069,-0.8041611,-0.7545853,-0.775692,-0.7404861,-0.6126175,-0.8001175,-8.899979,-3.312386,-1.27021,-1.241196,-4.145279,-0.78508,-1.910355,-0.7302628,-1.666191,-0.6652832
20.733333333333334,0.0,-314.0,0.0,-46.0,-2.0,-683.0,-4.0,-2707.0,-1.0,-5187.0,-3.0,-592.0,-1.0,-1996.0,,,,,,,,,,,,,,,,,,,,,,,,,,
20.741670608520508,,,,,,,,,,,,,,,-0.3185806,-0.7952042,0.6086273,-0.2264328,-0.2204132,-0.4850159,0.1335297,-0.8380051,-0.6744881,-0.6649475,-0.8002548,-0.7682571,-0.7737389,-0.7395096,-0.6116409,-0.8069534,-8.89119,-3.313362,-1.278023,-1.261703,-4.140396,-0.7860565,-1.928909,-0.7351456,-1.660332,-0.6721191
20.75,,,,,,,,,,,,,,,-0.3010025,-0.7903214,0.6164398,-0.2235031,-0.2116241,-0.4732971,0.1345062,-0.8389816,-0.6735115,-0.6629944,-0.795372,-0.781929,-0.7717857,-0.7365799,-0.6116409,-0.8128128,-8.88826,-3.317268,-1.285835,-1.274399,-4.140396,-0.7899628,-1.945511,-0.7370987,-1.655449,-0.6789551
20.758329391479492,,,,,,,,,,,,,,,-0.2834244,-0.7854385,0.6222992,-0.2186203,-0.2028351,-0.4684143,0.1354828,-0.8438644,-0.6735115,-0.6649475,-0.7914658,-0.7877884,-0.7669029,-0.7346268,-0.6106644,-0.8167191,-8.887283,-3.322151,-1.294624,-1.280258,-4.137466,-0.7958221,-1.958206,-0.734169,-1.645683,-0.6838379
20.766666666666666,0.0,-316.0,0.0,-44.0,-1.0,-685.0,-4.0,-2716.0,0.0,-5188.0,-2.0,-591.0,-1.0,-2002.0,,,,,,,,,,,,,,,,,,,,,,,,,,
20.76667022705078,,,,,,,,,,,,,,,-0.2629166,-0.7815323,0.6281586,-0.2137375,-0.194046,-0.4723206,0.1374359,-0.8536301,-0.6764412,-0.6717834,-0.7875595,-0.7848587,-0.7629967,-0.7356033,-0.6106644,-0.8176956,-8.889236,-3.326057,-1.299507,-1.280258,-4.138443,-0.8055878,-1.963089,-0.7292862,-1.637871,-0.6887207
20.774999618530273,,,,,,,,,,,,,,,-0.2443619,-0.7825089,0.6340179,-0.2108078,-0.185257,-0.4791565,0.1413422,-0.8682785,-0.6803474,-0.6835022,-0.7807236,-0.7770462,-0.7571373,-0.7375565,-0.6106644,-0.8167191,-8.896072,-3.33094,-1.300484,-1.276352,-4.142349,-0.8153534,-1.962112,-0.7195206,-1.631035,-0.6945801
20.7833309173584,,,,,,,,,,,,,,,-0.2267838,-0.7854385,0.6379242,-0.2078781,-0.1764679,-0.4879456,0.1452484,-0.8868332,-0.6852303,-0.6981506,-0.7729111,-0.757515,-0.753231,-0.7414627,-0.6135941,-0.8147659,-8.904861,-3.335823,-1.299507,-1.268539,-4.144302,-0.8241425,-1.95723,-0.7097549,-1.622246,-0.6955566
20.791669845581055,,,,,,,,,,,,,,,-0.2160416,-0.7893448,0.6398773,-0.205925,-0.1686554,-0.4957581,0.1520844,-0.9034348,-0.6881599,-0.7127991,-0.7670517,-0.7340775,-0.7503014,-0.7482986,-0.6145706,-0.8137894,-8.91658,-3.340706,-1.292671,-1.260727,-4.149185,-0.8300018,-1.949417,-0.7009659,-1.616386,-0.6955566
20.799999237060547,,,,,,,,,,,,,,,-0.2082291,-0.7952042,0.6418304,-0.205925,-0.162796,-0.5035706,0.1598969,-0.9210129,-0.6881599,-0.7274475,-0.7621689,-0.7135696,-0.7483482,-0.7561111,-0.6214066,-0.8137894,-8.932205,-3.343636,-1.284859,-1.252914,-4.152115,-0.8339081,-1.940628,-0.6980362,-1.60955,-0.6936035
20.8,0.0,-316.0,0.0,-40.0,-1.0,-685.0,-5.0,-2721.0,0.0,-5191.0,-2.0,-591.0,-1.0,-2009.0,,,,,,,,,,,,,,,,,,,,,,,,,,
20.808330535888672,,,,,,,,,,,,,,,-0.2072525,-0.800087,0.642807,-0.2049484,-0.1559601,-0.5055237,0.170639,-0.9337082,-0.6852303,-0.7372131,-0.7563095,-0.6959915,-0.7463951,-0.7619705,-0.6262894,-0.8157425,-8.946854,-3.343636,-1.27607,-1.244125,-4.157974,-0.831955,-1.934769,-0.7009659,-1.598808,-0.6906738
20.816669464111328,,,,,,,,,,,,,,,-0.2062759,-0.8069229,0.6437836,-0.205925,-0.1501007,-0.502594,0.1823578,-0.9415207,-0.6764412,-0.7381897,-0.7524033,-0.6842728,-0.7463951,-0.7668533,-0.6301956,-0.8206253,-8.963455,-3.342659,-1.267281,-1.237289,-4.16481,-0.8329315,-1.930862,-0.7146378,-1.590019,-0.6877441
20.825000762939453,,,,,,,,,,,,,,,-0.2092056,-0.8118057,0.6457367,-0.2069016,-0.147171,-0.4967346,0.1931,-0.9454269,-0.6676521,-0.73526,-0.7514267,-0.6813431,-0.7463951,-0.7707596,-0.6341019,-0.8274612,-8.975174,-3.341682,-1.261421,-1.230453,-4.17067,-0.8348846,-1.930862,-0.7361221,-1.579277,-0.6848145
20.833330154418945,,,,,,,,,,,,,,,-0.2092056,-0.815712,0.6506195,-0.2020187,-0.1422882,-0.4898987,0.2057953,-0.9454269,-0.6559334,-0.7274475,-0.7504501,-0.6852493,-0.7473717,-0.7727127,-0.6331253,-0.8352737,-8.98494,-3.338753,-1.254585,-1.220688,-4.177505,-0.8348846,-1.936722,-0.7644424,-1.572441,-0.6818848
20.833333333333332,0.0,-316.0,0.0,-36.0,-1.0,-686.0,-5.0,-2722.0,0.0,-5194.0,-1.0,-589.0,-1.0,-2017.0,,,,,,,,,,,,,,,,,,,,,,,,,,
20.8416690826416,,,,,,,,,,,,,,,-0.2082291,-0.8215714,0.6545258,-0.1981125,-0.1374054,-0.4830627,0.2165375,-0.9454269,-0.6471443,-0.7147522,-0.7533798,-0.6930618,-0.7493248,-0.769783,-0.6321487,-0.8430862,-8.989822,-3.33094,-1.247749,-1.209946,-4.184341,-0.8378143,-1.945511,-0.7956924,-1.568535,-0.6818848
20.850000381469727,,,,,,,,,,,,,,,-0.2043228,-0.8274307,0.6613617,-0.1951828,-0.1334991,-0.4811096,0.22435,-0.9454269,-0.6422615,-0.7020569,-0.7543564,-0.7028275,-0.7493248,-0.7649002,-0.6282425,-0.8499222,-8.992752,-3.325081,-1.242867,-1.199203,-4.195084,-0.840744,-1.953323,-0.8230362,-1.570488,-0.6828613
20.85832977294922,,,,,,,,,,,,,,,-0.1965103,-0.8342667,0.6691742,-0.1942062,-0.1295929,-0.4850159,0.233139,-0.9473801,-0.6373787,-0.6903381,-0.7563095,-0.71064,-0.7503014,-0.760994,-0.6233597,-0.8577347,-8.98494,-3.320198,-1.239937,-1.189438,-4.20192,-0.8436737,-1.960159,-0.8425674,-1.576347,-0.685791
20.866666666666667,0.0,-314.0,0.0,-33.0,-1.0,-688.0,-5.0,-2719.0,0.0,-5199.0,-2.0,-590.0,-1.0,-2024.0,,,,,,,,,,,,,,,,,,,,,,,,,,
20.866670608520508,,,,,,,,,,,,,,,-0.1886978,-0.8391495,0.6769867,-0.1942062,-0.1256866,-0.4908752,0.2419281,-0.9503098,-0.6373787,-0.6805725,-0.7592392,-0.7135696,-0.7512779,-0.7551346,-0.6194534,-0.8684769,-8.97908,-3.318245,-1.236031,-1.179672,-4.208755,-0.8446503,-1.965042,-0.8503799,-1.58709,-0.6896973
20.875,,,,,,,,,,,,,,,-0.1789322,-0.840126,0.6847992,-0.1971359,-0.1198273,-0.5016174,0.2468109,-0.9561691,-0.6383553,-0.6747131,-0.7621689,-0.7096634,-0.7512779,-0.7492752,-0.6175003,-0.8792191,-8.971268,-3.319221,-1.233101,-1.172836,-4.217545,-0.8426971,-1.965042,-0.8454971,-1.601738,-0.6945801
20.883329391479492,,,,,,,,,,,,,,,-0.1730728,-0.8342667,0.6906586,-0.2029953,-0.1149445,-0.5172424,0.2526703,-0.9610519,-0.6383553,-0.67276,-0.7650986,-0.703804,-0.7512779,-0.7473221,-0.6175003,-0.8909378,-8.961502,-3.323128,-1.234077,-1.170883,-4.216568,-0.8368378,-1.962112,-0.8269424,-1.61834,-0.7023926
20.89167022705078,,,,,,,,,,,,,,,-0.1652603,-0.8205948,0.6974945,-0.2127609,-0.1110382,-0.5348206,0.2565765,-0.9620285,-0.6403084,-0.6756897,-0.7670517,-0.6959915,-0.7512779,-0.7512283,-0.6214066,-0.9036331,-8.954666,-3.329964,-1.237007,-1.173813,-4.217545,-0.8280487,-1.9543,-0.8044815,-1.631035,-0.7111816
20.899999618530273,,,,,,,,,,,,,,,-0.1603775,-0.8030167,0.705307,-0.22155,-0.107132,-0.5514221,0.2624359,-0.9590988,-0.6364021,-0.6835022,-0.7690048,-0.688179,-0.7503014,-0.7570877,-0.6282425,-0.9163284,-8.94783,-3.337776,-1.243843,-1.181625,-4.214615,-0.8212128,-1.944534,-0.7781143,-1.641777,-0.7219238
20.9,0.0,-315.0,0.0,-36.0,-1.0,-690.0,-5.0,-2717.0,-1.0,-5203.0,-2.0,-593.0,-1.0,-2029.0,,,,,,,,,,,,,,,,,,,,,,,,,,
20.9083309173584,,,,,,,,,,,,,,,-0.1554947,-0.7805557,0.7131195,-0.2274094,-0.1032257,-0.565094,0.2653656,-0.9512863,-0.634449,-0.6942444,-0.7680283,-0.6813431,-0.7512779,-0.7668533,-0.6350784,-0.9251175,-8.941971,-3.342659,-1.253609,-1.195297,-4.208755,-0.8153534,-1.936722,-0.7546768,-1.647636,-0.7336426
20.916669845581055,,,,,,,,,,,,,,,-0.1506119,-0.7571182,0.7228851,-0.2303391,-0.100296,-0.5787659,0.2673187,-0.9405441,-0.6305428,-0.7059631,-0.7670517,-0.67939,-0.7512779,-0.7815018,-0.6409378,-0.9300003,-8.940018,-3.342659,-1.261421,-1.214828,-4.200943,-0.8143768,-1.926956,-0.7380753,-1.651543,-0.7453613
20.924999237060547,,,,,,,,,,,,,,,-0.1447525,-0.7356339,0.7326508,-0.2283859,-0.09541321,-0.5904846,0.2682953,-0.9278488,-0.6276131,-0.7215881,-0.7650986,-0.6862259,-0.7512779,-0.7961502,-0.6467972,-0.9280472,-8.941971,-3.334846,-1.269234,-1.237289,-4.194107,-0.8192596,-1.918167,-0.7292862,-1.650566,-0.7561035
20.933330535888672,,,,,,,,,,,,,,,-0.13694,-0.721962,0.7453461,-0.22155,-0.0905304,-0.5973206,0.271225,-0.9161301,-0.6237068,-0.7391663,-0.7611923,-0.6969681,-0.7512779,-0.8088455,-0.6477737,-0.917305,-8.94783,-3.320198,-1.274117,-1.258774,-4.191177,-0.8260956,-1.905472,-0.7302628,-1.647636,-0.763916
20.933333333333334,0.0,-317.0,0.0,-41.0,-1.0,-689.0,-5.0,-2719.0,-1.0,-5208.0,-3.0,-598.0,-1.0,-2030.0,,,,,,,,,,,,,,,,,,,,,,,,,,
20.941669464111328,,,,,,,,,,,,,,,-0.1291275,-0.7161026,0.7580414,-0.2137375,-0.08760071,-0.6002502,0.2731781,-0.907341,-0.6198006,-0.7518616,-0.7582626,-0.7125931,-0.7503014,-0.8195877,-0.6448441,-0.90168,-8.956619,-3.303596,-1.277046,-1.280258,-4.189224,-0.8378143,-1.89473,-0.7380753,-1.64373,-0.770752
20.950000762939453,,,,,,,,,,,,,,,-0.1203384,-0.7170792,0.7717133,-0.205925,-0.08662415,-0.6002502,0.2790375,-0.9044113,-0.6158943,-0.7635803,-0.7533798,-0.7321243,-0.7493248,-0.8283768,-0.6399612,-0.8811722,-8.966385,-3.287971,-1.280952,-1.300766,-4.189224,-0.8505096,-1.886917,-0.7527237,-1.638847,-0.7717285
20.958330154418945,,,,,,,,,,,,,,,-0.1095963,-0.7268448,0.7824554,-0.1990891,-0.08564758,-0.5992737,0.2888031,-0.907341,-0.6119881,-0.7743225,-0.7475204,-0.7526321,-0.7493248,-0.8371658,-0.6311722,-0.8606644,-8.97908,-3.276253,-1.283882,-1.317368,-4.191177,-0.8612518,-1.880081,-0.7693253,-1.634941,-0.7687988
20.966666666666665,0.0,-320.0,0.0,-45.0,-1.0,-687.0,-6.0,-2721.0,-1.0,-5219.0,-3.0,-602.0,-1.0,-2031.0,,,,,,,,,,,,,,,,,,,,,,,,,,
20.9666690826416,,,,,,,,,,,,,,,-0.09983063,-0.7414932,0.7922211,-0.1951828,-0.08760071,-0.596344,0.3014984,-0.9141769,-0.6061287,-0.7811584,-0.7436142,-0.7692337,-0.7454185,-0.8420486,-0.6214066,-0.8401566,-8.993729,-3.269417,-1.286812,-1.330063,-4.19606,-0.8700409,-1.875198,-0.7859268,-1.632011,-0.763916
20.975000381469727,,,,,,,,,,,,,,,-0.09104156,-0.7580948,0.8000336,-0.1942062,-0.08857727,-0.5943909,0.3161469,-0.9200363,-0.6012459,-0.7870178,-0.7397079,-0.7858353,-0.7415123,-0.8469315,-0.6126175,-0.823555,-9.007401,-3.27137,-1.290718,-1.341782,-4.200943,-0.8749237,-1.872269,-0.8035049,-1.628105,-0.755127
20.98332977294922,,,,,,,,,,,,,,,-0.08420563,-0.7737198,0.8058929,-0.1942062,-0.09150696,-0.5934143,0.3347015,-0.9249191,-0.5944099,-0.7919006,-0.7367783,-0.797554,-0.737606,-0.8537674,-0.604805,-0.8128128,-9.015213,-3.277229,-1.296577,-1.350571,-4.210709,-0.8759003,-1.876175,-0.8171768,-1.627129,-0.7443848
20.991670608520508,,,,,,,,,,,,,,,-0.07639313,-0.7883682,0.8097992,-0.1922531,-0.09248352,-0.5904846,0.3513031,-0.9278488,-0.5885506,-0.7948303,-0.7318954,-0.8034134,-0.7317467,-0.8586502,-0.6008987,-0.8069534,-9.025955,-3.286018,-1.297554,-1.35643,-4.218521,-0.8729706,-1.882034,-0.827919,-1.627129,-0.7336426
21.0,0.0,-326.0,0.0,-47.0,-1.0,-684.0,-6.0,-2724.0,-2.0,-5231.0,-3.0,-604.0,0.0,-2034.0,-0.0666275,-0.800087,0.8156586,-0.1854172,-0.08662415,-0.5885315,0.3688812,-0.9307785,-0.5826912,-0.7928772,-0.7289658,-0.8063431,-0.7239342,-0.863533,-0.5999222,-0.8040237,-9.031815,-3.294807,-1.303413,-1.357407,-4.23024,-0.8661346,-1.887894,-0.8328018,-1.629082,-0.723877
21.008329391479492,,,,,,,,,,,,,,,-0.05588531,-0.8059464,0.8224945,-0.1776047,-0.07978821,-0.5875549,0.3835297,-0.9298019,-0.5748787,-0.7879944,-0.7260361,-0.8082962,-0.7190514,-0.8674393,-0.6008987,-0.8040237,-9.035721,-3.301643,-1.305367,-1.354477,-4.239029,-0.8544159,-1.898636,-0.8357315,-1.631035,-0.7180176
21.01667022705078,,,,,,,,,,,,,,,-0.04514313,-0.8069229,0.830307,-0.1658859,-0.07002258,-0.5875549,0.3942719,-0.9278488,-0.5699959,-0.7801819,-0.7221298,-0.8063431,-0.7141685,-0.8664627,-0.6038284,-0.8069534,-9.039627,-3.308479,-1.306343,-1.350571,-4.25563,-0.840744,-1.907425,-0.8347549,-1.630058,-0.7199707
21.024999618530273,,,,,,,,,,,,,,,-0.03147125,-0.8049698,0.8420258,-0.1531906,-0.05732727,-0.5875549,0.4069672,-0.9278488,-0.5631599,-0.7655334,-0.7201767,-0.8014603,-0.7122154,-0.8625565,-0.6077347,-0.8128128,-9.040604,-3.314339,-1.310249,-1.341782,-4.266373,-0.8231659,-1.917191,-0.8288956,-1.631035,-0.7287598
21.0333309173584,,,,,,,,,,,,,,,-0.01779938,-0.8010635,0.8537445,-0.1414719,-0.0436554,-0.5865784,0.4177094,-0.9278488,-0.5573006,-0.7479553,-0.7133408,-0.7965775,-0.7151451,-0.854744,-0.6087112,-0.8167191,-9.040604,-3.324104,-1.320015,-1.330063,-4.276138,-0.8016815,-1.92598,-0.8230362,-1.631035,-0.7463379
21.033333333333335,0.0,-331.0,0.0,-44.0,-1.0,-683.0,-6.0,-2727.0,-2.0,-5241.0,-2.0,-604.0,0.0,-2038.0,,,,,,,,,,,,,,,,,,,,,,,,,,
21.041669845581055,,,,,,,,,,,,,,,-0.00315094,-0.7961807,0.8644867,-0.1365891,-0.0358429,-0.5904846,0.4304047,-0.9268723,-0.5514412,-0.7294006,-0.7094345,-0.7907181,-0.7180748,-0.8440018,-0.6096878,-0.8225784,-9.038651,-3.337776,-1.329781,-1.321274,-4.282974,-0.7792206,-1.929886,-0.8171768,-1.628105,-0.7697754
21.049999237060547,,,,,,,,,,,,,,,0.007591248,-0.7873917,0.8762054,-0.1356125,-0.0280304,-0.5982971,0.4460297,-0.9249191,-0.5475349,-0.7118225,-0.7045517,-0.7838821,-0.7239342,-0.832283,-0.6087112,-0.8294144,-9.034744,-3.352425,-1.337593,-1.314438,-4.288834,-0.75383,-1.932816,-0.8113174,-1.625175,-0.7932129
21.058330535888672,,,,,,,,,,,,,,,0.01638031,-0.777626,0.8869476,-0.1395187,-0.02510071,-0.6080627,0.4636078,-0.922966,-0.5436287,-0.7001038,-0.7035751,-0.7770462,-0.7336998,-0.8195877,-0.6067581,-0.8342972,-9.025955,-3.371956,-1.348335,-1.309555,-4.291763,-0.7284393,-1.931839,-0.8064346,-1.620293,-0.817627
21.066666666666666,0.0,-330.0,0.0,-40.0,-1.0,-685.0,-6.0,-2732.0,-2.0,-5247.0,-2.0,-606.0,0.0,-2043.0,,,,,,,,,,,,,,,,,,,,,,,,,,
21.066669464111328,,,,,,,,,,,,,,,0.02321625,-0.768837,0.892807,-0.1483078,-0.02314758,-0.6188049,0.4821625,-0.9200363,-0.540699,-0.6932678,-0.7035751,-0.7711868,-0.7405357,-0.8088455,-0.6057816,-0.83918,-9.01619,-3.391487,-1.352242,-1.308578,-4.288834,-0.7079315,-1.929886,-0.8025284,-1.614433,-0.8352051
21.075000762939453,,,,,,,,,,,,,,,0.03102875,-0.7610245,0.8976898,-0.1600266,-0.0202179,-0.6315002,0.5026703,-0.9161301,-0.5387459,-0.6932678,-0.7045517,-0.7682571,-0.7463951,-0.8029861,-0.6038284,-0.8421097,-9.007401,-3.410042,-1.354195,-1.312485,-4.285904,-0.69133,-1.924026,-0.7986221,-1.611504,-0.8459473
21.083330154418945,,,,,,,,,,,,,,,0.04079437,-0.7541885,0.8996429,-0.1727219,-0.01826477,-0.6412659,0.5173187,-0.9151535,-0.5358162,-0.7001038,-0.7094345,-0.7672806,-0.7503014,-0.8000565,-0.6028519,-0.8421097,-9.000565,-3.423714,-1.348335,-1.320297,-4.282974,-0.6825409,-1.919144,-0.796669,-1.607597,-0.8479004
21.0916690826416,,,,,,,,,,,,,,,0.05251312,-0.7483292,0.9035492,-0.1854172,-0.01533508,-0.6471252,0.5329437,-0.9161301,-0.5319099,-0.7108459,-0.7152939,-0.7672806,-0.7512779,-0.7951736,-0.6008987,-0.8411331,-8.996658,-3.432503,-1.341499,-1.32811,-4.281021,-0.6805878,-1.912308,-0.7956924,-1.603691,-0.8439941
21.1,0.0,-327.0,0.0,-39.0,-1.0,-689.0,-6.0,-2738.0,-2.0,-5250.0,-2.0,-609.0,0.0,-2050.0,,,,,,,,,,,,,,,,,,,,,,,,,,
21.100000381469727,,,,,,,,,,,,,,,0.07204437,-0.746376,0.9055023,-0.2000656,-0.008499146,-0.6500549,0.5427094,-0.9190598,-0.5280037,-0.7245178,-0.7211533,-0.7721634,-0.7503014,-0.7912674,-0.5999222,-0.8401566,-8.993729,-3.438362,-1.33271,-1.336899,-4.280045,-0.6854706,-1.909378,-0.796669,-1.595879,-0.8361816
21.10832977294922,,,,,,,,,,,,,,,0.09352875,-0.7473526,0.9103851,-0.2117844,-0.002639771,-0.6490784,0.5495453,-0.922966,-0.5240974,-0.7381897,-0.7260361,-0.7770462,-0.7493248,-0.7844315,-0.5969925,-0.8440628,-8.994705,-3.440315,-1.328804,-1.345688,-4.283951,-0.6971893,-1.910355,-0.8005753,-1.591972,-0.8303223
21.116670608520508,,,,,,,,,,,,,,,0.1179428,-0.7512589,0.9142914,-0.22155,0.004196167,-0.6451721,0.552475,-0.9288254,-0.5182381,-0.7479553,-0.7299423,-0.7780228,-0.7463951,-0.7746658,-0.5960159,-0.8518753,-9.000565,-3.442268,-1.325874,-1.3535,-4.284927,-0.7118378,-1.912308,-0.8074112,-1.590019,-0.826416
21.125,,,,,,,,,,,,,,,0.14431,-0.753212,0.9250336,-0.2274094,0.01200867,-0.6393127,0.5544281,-0.9337082,-0.5123787,-0.7528381,-0.7309189,-0.7789993,-0.7434654,-0.7629471,-0.5969925,-0.8635941,-9.006424,-3.442268,-1.327827,-1.354477,-4.28981,-0.7284393,-1.918167,-0.8142471,-1.590019,-0.8254395
21.133329391479492,,,,,,,,,,,,,,,0.1677475,-0.7561417,0.9377289,-0.2293625,0.0188446,-0.6354065,0.5573578,-0.9366379,-0.5074959,-0.7538147,-0.7318954,-0.7780228,-0.7415123,-0.7473221,-0.5969925,-0.8762894,-9.01326,-3.439339,-1.329781,-1.352524,-4.288834,-0.746994,-1.927933,-0.8230362,-1.592949,-0.8283691
21.133333333333333,0.0,-327.0,0.0,-37.0,-1.0,-697.0,-6.0,-2744.0,-1.0,-5255.0,-2.0,-614.0,0.0,-2052.0,,,,,,,,,,,,,,,,,,,,,,,,,,
21.14167022705078,,,,,,,,,,,,,,,0.1872787,-0.7571182,0.9504242,-0.2254562,0.02568054,-0.6324768,0.5593109,-0.9376144,-0.5055428,-0.750885,-0.7299423,-0.7702103,-0.7366295,-0.7307205,-0.5999222,-0.8889847,-9.024002,-3.433479,-1.330757,-1.348618,-4.288834,-0.7635956,-1.936722,-0.8308487,-1.594902,-0.8312988
21.149999618530273,,,,,,,,,,,,,,,0.2029037,-0.7551651,0.9650726,-0.2166672,0.03251648,-0.6266174,0.5651703,-0.9376144,-0.5026131,-0.7450256,-0.7289658,-0.7614212,-0.7327232,-0.7160721,-0.6038284,-0.8997269,-9.032791,-3.42469,-1.33271,-1.343735,-4.279068,-0.7801971,-1.943558,-0.8376846,-1.600761,-0.833252
21.1583309173584,,,,,,,,,,,,,,,0.2155991,-0.7512589,0.9836273,-0.2049484,0.03837585,-0.6158752,0.5739594,-0.9395676,-0.4996834,-0.7381897,-0.7250595,-0.7497025,-0.7278404,-0.7024002,-0.6087112,-0.9036331,-9.04158,-3.411018,-1.329781,-1.336899,-4.272232,-0.7948456,-1.949417,-0.8415909,-1.606621,-0.8342285
21.166666666666668,0.0,-327.0,0.0,-34.0,-2.0,-702.0,-6.0,-2753.0,-1.0,-5262.0,-2.0,-616.0,0.0,-2049.0,,,,,,,,,,,,,,,,,,,,,,,,,,
21.166669845581055,,,,,,,,,,,,,,,0.2243881,-0.7424698,1.001205,-0.1893234,0.04325867,-0.6061096,0.5827484,-0.9415207,-0.4987068,-0.7313538,-0.7211533,-0.7379837,-0.7170982,-0.6926346,-0.6126175,-0.90168,-9.050369,-3.390511,-1.320992,-1.330063,-4.263443,-0.8055878,-1.947464,-0.8425674,-1.606621,-0.8312988
21.174999237060547,,,,,,,,,,,,,,,0.2312241,-0.7346573,1.017807,-0.1776047,0.0500946,-0.5934143,0.5944672,-0.9444504,-0.4957771,-0.7254944,-0.7143173,-0.7301712,-0.7073326,-0.6877518,-0.6135941,-0.8967972,-9.055252,-3.366096,-1.312202,-1.327133,-4.254654,-0.8114471,-1.943558,-0.8415909,-1.605644,-0.8273926
21.183330535888672,,,,,,,,,,,,,,,0.2361069,-0.7239151,1.032455,-0.1707687,0.05888367,-0.5748596,0.6052094,-0.9503098,-0.4928474,-0.7235413,-0.7084579,-0.7282181,-0.6965904,-0.6867752,-0.6135941,-0.8880081,-9.056229,-3.344612,-1.303413,-1.32811,-4.249771,-0.8153534,-1.931839,-0.8386612,-1.598808,-0.8225098
21.191669464111328,,,,,,,,,,,,,,,0.2439194,-0.7121964,1.045151,-0.1688156,0.06864929,-0.5563049,0.6198578,-0.9551926,-0.4899178,-0.7215881,-0.6986923,-0.7340775,-0.6848717,-0.6887283,-0.6077347,-0.8792191,-9.054276,-3.324104,-1.293648,-1.331039,-4.250748,-0.8153534,-1.921097,-0.8357315,-1.590996,-0.817627
21.2,0.0,-325.0,0.0,-27.0,-2.0,-703.0,-6.0,-2760.0,-1.0,-5271.0,-3.0,-616.0,0.0,-2045.0,,,,,,,,,,,,,,,,,,,,,,,,,,
21.200000762939453,,,,,,,,,,,,,,,0.2517319,-0.699501,1.05687,-0.1707687,0.0813446,-0.5397034,0.6335297,-0.9551926,-0.4860115,-0.7215881,-0.6869736,-0.7457962,-0.675106,-0.6965408,-0.6018753,-0.8723831,-9.050369,-3.310432,-1.286812,-1.337875,-4.257584,-0.8104706,-1.905472,-0.8308487,-1.583183,-0.8156738
21.208330154418945,,,,,,,,,,,,,,,0.2614975,-0.6868057,1.067612,-0.1756516,0.09599304,-0.5289612,0.6472015,-0.9493332,-0.4821053,-0.7215881,-0.6762314,-0.7623978,-0.6692467,-0.7063065,-0.5921097,-0.8684769,-9.045486,-3.304573,-1.280952,-1.346664,-4.267349,-0.8065643,-1.892776,-0.8269424,-1.580254,-0.8146973
21.2166690826416,,,,,,,,,,,,,,,0.2771225,-0.6731339,1.076401,-0.1824875,0.1096649,-0.5260315,0.6638031,-0.9405441,-0.4801521,-0.7245178,-0.6674423,-0.7858353,-0.6682701,-0.7150955,-0.5803909,-0.8675003,-9.043533,-3.30555,-1.278023,-1.351547,-4.278091,-0.8026581,-1.881058,-0.8220596,-1.58123,-0.817627
21.225000381469727,,,,,,,,,,,,,,,0.2907944,-0.6633682,1.087143,-0.1883469,0.1252899,-0.5270081,0.6823578,-0.9268723,-0.478199,-0.7303772,-0.6606064,-0.8112259,-0.6692467,-0.7258377,-0.5686722,-0.8684769,-9.043533,-3.315315,-1.275093,-1.354477,-4.29274,-0.8016815,-1.872269,-0.8171768,-1.586113,-0.8234863
21.23332977294922,,,,,,,,,,,,,,,0.3064194,-0.6565323,1.100815,-0.1903,0.1379852,-0.5328674,0.7038422,-0.9132004,-0.4713631,-0.7372131,-0.654747,-0.8346634,-0.6731529,-0.7346268,-0.5569534,-0.8733597,-9.050369,-3.328011,-1.27607,-1.35643,-4.303482,-0.809494,-1.870316,-0.812294,-1.598808,-0.8293457
21.233333333333334,0.0,-324.0,0.0,-23.0,-3.0,-704.0,-6.0,-2766.0,-1.0,-5281.0,-3.0,-614.0,0.0,-2045.0,,,,,,,,,,,,,,,,,,,,,,,,,,
21.241670608520508,,,,,,,,,,,,,,,0.3239975,-0.6536026,1.11351,-0.1893234,0.1487274,-0.5397034,0.7272797,-0.9014816,-0.4655037,-0.7489319,-0.6527939,-0.8541946,-0.6770592,-0.7404861,-0.5481644,-0.8821487,-9.060135,-3.344612,-1.275093,-1.354477,-4.312271,-0.8231659,-1.872269,-0.8083878,-1.614433,-0.8342285
21.25,,,,,,,,,,,,,,,0.3435287,-0.6545792,1.130112,-0.1854172,0.1604462,-0.5475159,0.7546234,-0.8965988,-0.4586678,-0.7635803,-0.6508408,-0.8717728,-0.6809654,-0.7443924,-0.5432816,-0.8909378,-9.07283,-3.358284,-1.277046,-1.348618,-4.320084,-0.8397675,-1.878128,-0.8093643,-1.630058,-0.8410645
21.258329391479492,,,,,,,,,,,,,,,0.36306,-0.6623917,1.146713,-0.1785812,0.1692352,-0.5504456,0.7819672,-0.8995285,-0.4498787,-0.7801819,-0.6527939,-0.8795853,-0.6858482,-0.745369,-0.5393753,-0.8997269,-9.085526,-3.369026,-1.277046,-1.339828,-4.322037,-0.8602753,-1.886917,-0.8132706,-1.645683,-0.8449707
21.266666666666666,0.0,-325.0,0.0,-24.0,-3.0,-705.0,-5.0,-2770.0,-1.0,-5290.0,-3.0,-612.0,-1.0,-2044.0,,,,,,,,,,,,,,,,,,,,,,,,,,
21.26667022705078,,,,,,,,,,,,,,,0.3825912,-0.6760635,1.160385,-0.1697922,0.1799774,-0.5504456,0.8073578,-0.9083176,-0.4410896,-0.7967834,-0.6498642,-0.8786087,-0.6848717,-0.7482986,-0.5393753,-0.9085159,-9.098221,-3.377815,-1.280952,-1.331039,-4.323013,-0.8778534,-1.896683,-0.8201065,-1.656425,-0.8449707
21.274999618530273,,,,,,,,,,,,,,,0.4050522,-0.6916885,1.17601,-0.1600266,0.1887665,-0.5475159,0.8317719,-0.9249191,-0.4352303,-0.8075256,-0.6479111,-0.8707962,-0.6858482,-0.7512283,-0.542305,-0.9182816,-9.10408,-3.381721,-1.285835,-1.327133,-4.320084,-0.8925018,-1.907425,-0.8308487,-1.663261,-0.8439941
21.2833309173584,,,,,,,,,,,,,,,0.4284897,-0.7092667,1.187729,-0.1473312,0.1995087,-0.5445862,0.8542328,-0.9444504,-0.4293709,-0.813385,-0.6430283,-0.8571243,-0.6858482,-0.7531815,-0.5462112,-0.9260941,-9.106033,-3.381721,-1.290718,-1.324203,-4.315201,-0.9022675,-1.915237,-0.8454971,-1.666191,-0.8410645
21.291669845581055,,,,,,,,,,,,,,,0.4509506,-0.7278214,1.198471,-0.1375656,0.2102509,-0.5455627,0.8718109,-0.9620285,-0.4283943,-0.8124084,-0.6361923,-0.8405228,-0.6829185,-0.7570877,-0.5510941,-0.9280472,-9.10701,-3.376839,-1.293648,-1.324203,-4.306412,-0.9042206,-1.913284,-0.8572159,-1.666191,-0.8361816
21.299999237060547,,,,,,,,,,,,,,,0.4753647,-0.7473526,1.205307,-0.1278,0.2190399,-0.5475159,0.8864594,-0.9776535,-0.4274178,-0.8045959,-0.6274033,-0.8239212,-0.6848717,-0.7629471,-0.5550003,-0.9280472,-9.103104,-3.370979,-1.298531,-1.326157,-4.29567,-0.9061737,-1.912308,-0.8650284,-1.666191,-0.8283691
21.3,-1.0,-327.0,0.0,-26.0,-4.0,-706.0,-5.0,-2771.0,-2.0,-5298.0,-3.0,-613.0,-1.0,-2047.0,,,,,,,,,,,,,,,,,,,,,,,,,,
21.308330535888672,,,,,,,,,,,,,,,0.4939194,-0.7639542,1.214096,-0.1170578,0.227829,-0.5523987,0.896225,-0.9913254,-0.4293709,-0.7938538,-0.6195908,-0.8092728,-0.6829185,-0.7707596,-0.5628128,-0.9231644,-9.099197,-3.366096,-1.30439,-1.329086,-4.281998,-0.9091034,-1.906448,-0.8699112,-1.664238,-0.817627
21.316669464111328,,,,,,,,,,,,,,,0.5114975,-0.7805557,1.222885,-0.1072922,0.2327118,-0.5602112,0.905014,-1.004021,-0.4283943,-0.7801819,-0.6088486,-0.797554,-0.681942,-0.7795486,-0.5676956,-0.9143753,-9.099197,-3.361214,-1.308296,-1.331039,-4.271255,-0.9110565,-1.896683,-0.8679581,-1.658379,-0.8039551
21.325000762939453,,,,,,,,,,,,,,,0.5290756,-0.7952042,1.233627,-0.1014328,0.2395477,-0.5660706,0.9138031,-1.00988,-0.4254646,-0.76651,-0.6020126,-0.7897415,-0.6790123,-0.7893143,-0.5745316,-0.9007034,-9.096268,-3.358284,-1.313179,-1.329086,-4.260513,-0.9169159,-1.88887,-0.8620987,-1.651543,-0.786377
21.333330154418945,,,,,,,,,,,,,,,0.5427475,-0.8049698,1.242416,-0.09654999,0.243454,-0.5690002,0.9216156,-1.013786,-0.4196053,-0.7567444,-0.5942001,-0.7868118,-0.675106,-0.7932205,-0.5813675,-0.8841019,-9.098221,-3.355354,-1.317085,-1.326157,-4.254654,-0.9276581,-1.881058,-0.8513565,-1.64373,-0.7668457
21.333333333333332,-1.0,-324.0,0.0,-30.0,-4.0,-706.0,-5.0,-2772.0,-2.0,-5304.0,-3.0,-616.0,-1.0,-2054.0,,,,,,,,,,,,,,,,,,,,,,,,,,
21.3416690826416,,,,,,,,,,,,,,,0.5593491,-0.8127823,1.254135,-0.09264374,0.2454071,-0.5670471,0.9304047,-1.017693,-0.4127693,-0.750885,-0.5863876,-0.7858353,-0.6702232,-0.7932205,-0.5872269,-0.8665237,-9.097244,-3.356331,-1.320992,-1.321274,-4.250748,-0.9335175,-1.876175,-0.8367081,-1.632011,-0.748291
21.350000381469727,,,,,,,,,,,,,,,0.5720444,-0.8196182,1.268784,-0.09166718,0.2493134,-0.5582581,0.9382172,-1.018669,-0.4039803,-0.7469788,-0.5805283,-0.7868118,-0.6633873,-0.7873611,-0.5901566,-0.8489456,-9.096268,-3.36219,-1.322945,-1.315414,-4.248795,-0.9364471,-1.875198,-0.8230362,-1.623222,-0.7336426
21.35832977294922,,,,,,,,,,,,,,,0.5857162,-0.8225479,1.282455,-0.0936203,0.2532196,-0.5455627,0.9499359,-1.017693,-0.3951912,-0.7460022,-0.5746689,-0.788765,-0.6604576,-0.776619,-0.5921097,-0.8362503,-9.092361,-3.370003,-1.325874,-1.312485,-4.248795,-0.9374237,-1.877151,-0.8113174,-1.61834,-0.7258301
21.366666666666667,0.0,-323.0,0.0,-32.0,-4.0,-704.0,-5.0,-2774.0,-2.0,-5308.0,-3.0,-616.0,0.0,-2056.0,,,,,,,,,,,,,,,,,,,,,,,,,,
21.366670608520508,,,,,,,,,,,,,,,0.6003647,-0.8225479,1.296127,-0.09654999,0.2600555,-0.5279846,0.9616547,-1.014763,-0.3903084,-0.7460022,-0.5727158,-0.7956009,-0.6585045,-0.7590408,-0.5930862,-0.8294144,-9.086502,-3.380745,-1.326851,-1.312485,-4.247818,-0.9305878,-1.882034,-0.8025284,-1.61541,-0.7248535
21.375,,,,,,,,,,,,,,,0.6140366,-0.8186417,1.308823,-0.1014328,0.2688446,-0.5094299,0.97435,-1.010857,-0.3864021,-0.7460022,-0.5697861,-0.8073196,-0.6585045,-0.7356033,-0.5930862,-0.8264847,-9.085526,-3.390511,-1.326851,-1.314438,-4.248795,-0.9198456,-1.887894,-0.7976456,-1.61834,-0.7297363
21.383329391479492,,,,,,,,,,,,,,,0.6277084,-0.8098526,1.322495,-0.1102219,0.2825165,-0.4889221,0.9870453,-1.004021,-0.3854256,-0.7450256,-0.5727158,-0.8209915,-0.6604576,-0.7150955,-0.5911331,-0.8274612,-9.086502,-3.402229,-1.322945,-1.315414,-4.247818,-0.9081268,-1.896683,-0.796669,-1.625175,-0.7404785
21.39167022705078,,,,,,,,,,,,,,,0.6433334,-0.7991104,1.334213,-0.1190109,0.2961884,-0.4703674,1.000717,-0.9942551,-0.3883553,-0.7391663,-0.5746689,-0.8327103,-0.6653404,-0.6965408,-0.5901566,-0.8333206,-9.092361,-3.411018,-1.320992,-1.318344,-4.246841,-0.8964081,-1.907425,-0.7976456,-1.635918,-0.7512207
21.399999618530273,,,,,,,,,,,,,,,0.6560287,-0.784462,1.348862,-0.1297531,0.3108368,-0.4566956,1.013412,-0.9864426,-0.3932381,-0.7284241,-0.5795517,-0.844429,-0.6702232,-0.6857986,-0.5901566,-0.8430862,-9.106033,-3.415901,-1.317085,-1.32225,-4.243912,-0.8905487,-1.92012,-0.8005753,-1.648613,-0.7600098
21.4,0.0,-321.0,0.0,-38.0,-4.0,-708.0,-5.0,-2778.0,-2.0,-5313.0,-3.0,-618.0,0.0,-2055.0,,,,,,,,,,,,,,,,,,,,,,,,,,
21.4083309173584,,,,,,,,,,,,,,,0.6726303,-0.768837,1.361557,-0.1404953,0.3284149,-0.4459534,1.028061,-0.9786301,-0.3981209,-0.7137756,-0.5854111,-0.8541946,-0.675106,-0.682869,-0.5872269,-0.8508987,-9.125565,-3.416878,-1.311226,-1.324203,-4.243912,-0.8837128,-1.928909,-0.8054581,-1.657402,-0.763916
21.416669845581055,,,,,,,,,,,,,,,0.6931381,-0.7522354,1.376205,-0.1512375,0.3450165,-0.440094,1.044662,-0.9708176,-0.3990974,-0.6981506,-0.5893173,-0.8571243,-0.6770592,-0.6897049,-0.5872269,-0.8587112,-9.145096,-3.411995,-1.30439,-1.326157,-4.248795,-0.8778534,-1.938675,-0.8103409,-1.665215,-0.7619629
21.424999237060547,,,,,,,,,,,,,,,0.7136459,-0.7385635,1.39476,-0.1580734,0.3586884,-0.4410706,1.062241,-0.9669113,-0.4010506,-0.6786194,-0.5942001,-0.8541946,-0.6790123,-0.7014236,-0.5842972,-0.8626175,-9.161697,-3.406136,-1.298531,-1.32811,-4.251724,-0.871994,-1.948441,-0.8132706,-1.667168,-0.7541504
21.433330535888672,,,,,,,,,,,,,,,0.7370834,-0.7297745,1.411362,-0.1610031,0.3694305,-0.4479065,1.079819,-0.9639816,-0.400074,-0.6629944,-0.5981064,-0.8463821,-0.6760826,-0.7190018,-0.5833206,-0.8635941,-9.176346,-3.400276,-1.296577,-1.327133,-4.25563,-0.8622284,-1.955276,-0.8162003,-1.667168,-0.7434082
21.433333333333334,0.0,-316.0,0.0,-46.0,-4.0,-711.0,-5.0,-2782.0,-2.0,-5321.0,-3.0,-619.0,0.0,-2054.0,,,,,,,,,,,,,,,,,,,,,,,,,,
21.441669464111328,,,,,,,,,,,,,,,0.7614975,-0.7239151,1.430893,-0.1639328,0.3791962,-0.4576721,1.098373,-0.9649582,-0.3951912,-0.6502991,-0.6020126,-0.8346634,-0.6741295,-0.7375565,-0.5784378,-0.8626175,-9.182205,-3.397346,-1.298531,-1.32811,-4.263443,-0.8524628,-1.961136,-0.8201065,-1.663261,-0.7336426
21.450000762939453,,,,,,,,,,,,,,,0.7878647,-0.7190323,1.452377,-0.1658859,0.3860321,-0.471344,1.116928,-0.9669113,-0.3864021,-0.6424866,-0.6098251,-0.8219681,-0.6711998,-0.7570877,-0.5764847,-0.8587112,-9.183182,-3.398323,-1.30732,-1.329086,-4.270279,-0.84758,-1.965042,-0.8249893,-1.659355,-0.7258301
21.458330154418945,,,,,,,,,,,,,,,0.8113022,-0.7161026,1.472885,-0.1668625,0.3909149,-0.4830627,1.134506,-0.969841,-0.3785896,-0.6463928,-0.6147079,-0.8092728,-0.6682701,-0.7707596,-0.5716019,-0.854805,-9.181229,-3.405159,-1.315132,-1.332016,-4.280045,-0.8456268,-1.961136,-0.8298721,-1.657402,-0.7209473
21.466666666666665,0.0,-312.0,0.0,-52.0,-4.0,-713.0,-5.0,-2787.0,-1.0,-5329.0,-3.0,-621.0,-1.0,-2056.0,,,,,,,,,,,,,,,,,,,,,,,,,,
21.4666690826416,,,,,,,,,,,,,,,0.8327866,-0.7141495,1.492416,-0.1688156,0.3957977,-0.4938049,1.150131,-0.9737473,-0.368824,-0.6581116,-0.6205673,-0.7985306,-0.666317,-0.7795486,-0.5676956,-0.8508987,-9.175369,-3.418831,-1.330757,-1.337875,-4.290787,-0.8495331,-1.958206,-0.8328018,-1.652519,-0.7180176
21.475000381469727,,,,,,,,,,,,,,,0.8532944,-0.7092667,1.510971,-0.174675,0.4016571,-0.5055237,1.162827,-0.9747238,-0.3619881,-0.6737366,-0.6264267,-0.788765,-0.6643639,-0.7834549,-0.5657425,-0.8469925,-9.16951,-3.432503,-1.345406,-1.341782,-4.302505,-0.8641815,-1.948441,-0.8396378,-1.652519,-0.7199707
21.48332977294922,,,,,,,,,,,,,,,0.8708725,-0.7014542,1.526596,-0.1824875,0.408493,-0.5123596,1.175522,-0.9737473,-0.3541756,-0.6942444,-0.6303329,-0.7809525,-0.6633873,-0.785408,-0.5647659,-0.8440628,-9.165604,-3.446175,-1.360054,-1.346664,-4.31813,-0.8846893,-1.935745,-0.8415909,-1.652519,-0.7258301
21.491670608520508,,,,,,,,,,,,,,,0.8855209,-0.6955948,1.537338,-0.1883469,0.4163055,-0.5191956,1.188217,-0.9727707,-0.3463631,-0.7137756,-0.6352158,-0.7741165,-0.6614342,-0.7824783,-0.5647659,-0.8421097,-9.164627,-3.457893,-1.368843,-1.352524,-4.334732,-0.9081268,-1.92012,-0.8386612,-1.651543,-0.7336426
21.5,0.0,-310.0,0.0,-54.0,-4.0,-715.0,-5.0,-2791.0,-1.0,-5339.0,-3.0,-626.0,-1.0,-2061.0,0.8991928,-0.6897354,1.545151,-0.1932297,0.424118,-0.5289612,1.201889,-0.9737473,-0.3405037,-0.7313538,-0.6361923,-0.7721634,-0.659481,-0.776619,-0.5657425,-0.8401566,-9.16951,-3.467659,-1.371773,-1.354477,-4.354263,-0.9276581,-1.902542,-0.8328018,-1.64959,-0.7443848
21.508329391479492,,,,,,,,,,,,,,,0.9128647,-0.6868057,1.55394,-0.1942062,0.4338837,-0.5397034,1.217514,-0.9747238,-0.3346443,-0.7411194,-0.6381454,-0.7711868,-0.6565514,-0.769783,-0.5696487,-0.8372269,-9.171463,-3.475471,-1.370796,-1.351547,-4.374771,-0.9403534,-1.887894,-0.8269424,-1.647636,-0.7590332
21.51667022705078,,,,,,,,,,,,,,,0.9265366,-0.6887589,1.557846,-0.1922531,0.4416962,-0.5553284,1.233139,-0.9747238,-0.3268318,-0.7420959,-0.6352158,-0.7692337,-0.6536217,-0.760994,-0.573555,-0.8342972,-9.179276,-3.479378,-1.362984,-1.343735,-4.38942,-0.9491425,-1.875198,-0.8162003,-1.644707,-0.7736816
21.524999618530273,,,,,,,,,,,,,,,0.941185,-0.6965714,1.564682,-0.1863937,0.4495087,-0.5719299,1.251694,-0.9747238,-0.3180428,-0.73526,-0.6303329,-0.7672806,-0.6497154,-0.7522049,-0.5784378,-0.8294144,-9.186111,-3.481331,-1.355171,-1.331039,-4.403091,-0.9481659,-1.867386,-0.8054581,-1.642754,-0.7883301
21.5333309173584,,,,,,,,,,,,,,,0.9587631,-0.706337,1.572495,-0.1785812,0.4563446,-0.5875549,1.269272,-0.9737473,-0.3053474,-0.7245178,-0.6205673,-0.7672806,-0.6458092,-0.7434158,-0.5842972,-0.8245316,-9.191971,-3.486214,-1.339546,-1.315414,-4.41481,-0.9403534,-1.86348,-0.7986221,-1.639824,-0.802002
21.533333333333335,0.0,-313.0,0.0,-54.0,-3.0,-718.0,-5.0,-2792.0,-1.0,-5349.0,-2.0,-630.0,-1.0,-2065.0,,,,,,,,,,,,,,,,,,,,,,,,,,
21.541669845581055,,,,,,,,,,,,,,,0.9802475,-0.7190323,1.584213,-0.1707687,0.4631805,-0.6012268,1.287827,-0.9708176,-0.2926521,-0.7127991,-0.6068954,-0.766304,-0.643856,-0.7356033,-0.5911331,-0.8196487,-9.194901,-3.492073,-1.330757,-1.299789,-4.418716,-0.9315643,-1.864456,-0.796669,-1.638847,-0.8117676
21.549999237060547,,,,,,,,,,,,,,,1.000755,-0.7317276,1.601791,-0.1619797,0.4680634,-0.6109924,1.302475,-0.9639816,-0.2819099,-0.7030334,-0.5902939,-0.7604446,-0.6389732,-0.7277908,-0.5950394,-0.8137894,-9.196854,-3.497932,-1.319038,-1.287094,-4.41774,-0.9208221,-1.868362,-0.8005753,-1.639824,-0.8195801
21.558330535888672,,,,,,,,,,,,,,,1.029076,-0.7414932,1.61937,-0.1522141,0.4719696,-0.6168518,1.314194,-0.9551926,-0.2711678,-0.6971741,-0.5727158,-0.7536087,-0.6340904,-0.7209549,-0.5989456,-0.80793,-9.194901,-3.505745,-1.310249,-1.281235,-4.413834,-0.9120331,-1.871292,-0.8093643,-1.645683,-0.8225098
21.566666666666666,0.0,-316.0,0.0,-51.0,-3.0,-722.0,-5.0,-2791.0,-1.0,-5357.0,-3.0,-632.0,-1.0,-2068.0,,,,,,,,,,,,,,,,,,,,,,,,,,
21.566669464111328,,,,,,,,,,,,,,,1.058372,-0.7434464,1.64476,-0.1424484,0.477829,-0.6197815,1.325912,-0.9434738,-0.259449,-0.6961975,-0.5551376,-0.7448196,-0.6331139,-0.7150955,-0.5999222,-0.8040237,-9.192947,-3.512581,-1.303413,-1.280258,-4.403091,-0.9091034,-1.880081,-0.8230362,-1.647636,-0.8244629
21.575000762939453,,,,,,,,,,,,,,,1.088646,-0.737587,1.668198,-0.1346359,0.4827118,-0.6188049,1.333725,-0.9327316,-0.2506599,-0.7020569,-0.5414658,-0.7370071,-0.6311607,-0.7102127,-0.5969925,-0.8030472,-9.191971,-3.519417,-1.296577,-1.287094,-4.394302,-0.9071503,-1.884964,-0.8386612,-1.650566,-0.8244629
21.583330154418945,,,,,,,,,,,,,,,1.118919,-0.7278214,1.692612,-0.1278,0.4944305,-0.6148987,1.343491,-0.9278488,-0.2457771,-0.7167053,-0.5307236,-0.7272415,-0.6301842,-0.7082596,-0.5882034,-0.8059769,-9.192947,-3.5243,-1.290718,-1.300766,-4.38649,-0.9071503,-1.887894,-0.8513565,-1.655449,-0.8225098
21.5916690826416,,,,,,,,,,,,,,,1.150169,-0.7161026,1.715073,-0.1229172,0.5032196,-0.6080627,1.353256,-0.9268723,-0.2418709,-0.73526,-0.5258408,-0.7184525,-0.6301842,-0.7082596,-0.5784378,-0.8089066,-9.191971,-3.5243,-1.285835,-1.317368,-4.379654,-0.9091034,-1.89473,-0.8581924,-1.653496,-0.8186035
21.6,0.0,-317.0,0.0,-47.0,-3.0,-725.0,-5.0,-2792.0,-1.0,-5366.0,-3.0,-632.0,-2.0,-2069.0,,,,,,,,,,,,,,,,,,,,,,,,,,
21.600000381469727,,,,,,,,,,,,,,,1.17849,-0.7034073,1.737534,-0.1190109,0.5149384,-0.5992737,1.365952,-0.9288254,-0.2389412,-0.7557678,-0.5248642,-0.7135696,-0.6301842,-0.7102127,-0.5647659,-0.8147659,-9.193924,-3.520393,-1.280952,-1.333969,-4.375748,-0.91008,-1.897659,-0.8601456,-1.652519,-0.8117676
21.60832977294922,,,,,,,,,,,,,,,1.20388,-0.6946182,1.759018,-0.1180344,0.5295868,-0.5856018,1.3806,-0.9327316,-0.2369881,-0.7772522,-0.5258408,-0.71064,-0.6321373,-0.7170486,-0.5491409,-0.8216019,-9.198807,-3.512581,-1.278023,-1.346664,-4.376724,-0.9091034,-1.901566,-0.8552628,-1.648613,-0.8039551
21.616670608520508,,,,,,,,,,,,,,,1.226341,-0.6916885,1.779526,-0.1209641,0.5442352,-0.5709534,1.399155,-0.938591,-0.2369881,-0.7948303,-0.529747,-0.7096634,-0.6331139,-0.7268143,-0.5364456,-0.8284378,-9.198807,-3.498909,-1.274117,-1.354477,-4.377701,-0.9081268,-1.901566,-0.843544,-1.639824,-0.7941895
21.625,,,,,,,,,,,,,,,1.241966,-0.6936417,1.80101,-0.1287766,0.5598602,-0.5572815,1.421616,-0.9464035,-0.2350349,-0.8085022,-0.5307236,-0.7125931,-0.6321373,-0.7375565,-0.5257034,-0.8362503,-9.193924,-3.481331,-1.27314,-1.357407,-4.381607,-0.9051971,-1.902542,-0.8298721,-1.632988,-0.7834473
21.633329391479492,,,,,,,,,,,,,,,1.256615,-0.699501,1.823471,-0.1356125,0.5784149,-0.5436096,1.444077,-0.9532394,-0.2330818,-0.8153381,-0.5317001,-0.7174759,-0.6321373,-0.7492752,-0.5208206,-0.8421097,-9.186111,-3.4618,-1.274117,-1.351547,-4.38356,-0.9012909,-1.899612,-0.8191299,-1.625175,-0.7727051
21.633333333333333,0.0,-321.0,0.0,-42.0,-2.0,-726.0,-5.0,-2793.0,-1.0,-5377.0,-3.0,-631.0,-1.0,-2074.0,,,,,,,,,,,,,,,,,,,,,,,,,,
21.64167022705078,,,,,,,,,,,,,,,1.271263,-0.7092667,1.844955,-0.1453781,0.5979462,-0.5318909,1.466537,-0.9581223,-0.228199,-0.8153381,-0.529747,-0.7243118,-0.628231,-0.7600174,-0.5169144,-0.8450394,-9.179276,-3.441292,-1.275093,-1.340805,-4.38649,-0.8964081,-1.898636,-0.8113174,-1.61834,-0.7668457
21.649999618530273,,,,,,,,,,,,,,,1.283958,-0.7180557,1.867416,-0.1580734,0.6194305,-0.5270081,1.488022,-0.9630051,-0.2233162,-0.8075256,-0.5248642,-0.7311478,-0.6243248,-0.7678299,-0.5198441,-0.8469925,-9.16951,-3.423714,-1.278999,-1.326157,-4.38942,-0.894455,-1.899612,-0.8074112,-1.614433,-0.763916
21.6583309173584,,,,,,,,,,,,,,,1.30056,-0.7229385,1.886948,-0.1668625,0.6438446,-0.5270081,1.510483,-0.9688644,-0.2155037,-0.7958069,-0.5199814,-0.74189,-0.6184654,-0.7727127,-0.5237503,-0.8469925,-9.161697,-3.411018,-1.279976,-1.312485,-4.392349,-0.8954315,-1.904495,-0.8083878,-1.61248,-0.7619629
21.666666666666668,0.0,-326.0,0.0,-37.0,-2.0,-724.0,-5.0,-2796.0,-1.0,-5383.0,-4.0,-628.0,-2.0,-2078.0,,,,,,,,,,,,,,,,,,,,,,,,,,
21.666669845581055,,,,,,,,,,,,,,,1.321068,-0.7258682,1.903549,-0.1736984,0.6702118,-0.5318909,1.528061,-0.9757004,-0.2096443,-0.7840881,-0.5131454,-0.750679,-0.612606,-0.7775955,-0.5286331,-0.8460159,-9.157791,-3.405159,-1.286812,-1.297836,-4.391373,-0.903244,-1.910355,-0.812294,-1.613457,-0.7619629
21.674999237060547,,,,,,,,,,,,,,,1.342552,-0.7287979,1.916245,-0.1766281,0.6975555,-0.5377502,1.547592,-0.9825363,-0.2018318,-0.7743225,-0.5043564,-0.7594681,-0.603817,-0.7824783,-0.5354691,-0.8421097,-9.157791,-3.404182,-1.290718,-1.282211,-4.394302,-0.9139862,-1.921097,-0.8152237,-1.611504,-0.7629395
21.683330535888672,,,,,,,,,,,,,,,1.370872,-0.7317276,1.929916,-0.1766281,0.7239227,-0.5465393,1.567123,-0.9893723,-0.1940193,-0.7655334,-0.4945908,-0.7653275,-0.5940514,-0.7873611,-0.5403519,-0.8382034,-9.161697,-3.410042,-1.296577,-1.272446,-4.395279,-0.9286346,-1.929886,-0.8162003,-1.61248,-0.7609863
21.691669464111328,,,,,,,,,,,,,,,1.399193,-0.7346573,1.940659,-0.1736984,0.7502899,-0.5543518,1.588608,-0.9962082,-0.1842537,-0.7606506,-0.4838486,-0.7702103,-0.588192,-0.792244,-0.5432816,-0.8362503,-9.170486,-3.421761,-1.303413,-1.264633,-4.394302,-0.9462128,-1.939651,-0.8142471,-1.613457,-0.7600098
21.7,0.0,-329.0,-1.0,-35.0,-2.0,-724.0,-5.0,-2801.0,-1.0,-5387.0,-3.0,-627.0,-2.0,-2081.0,,,,,,,,,,,,,,,,,,,,,,,,,,
21.700000762939453,,,,,,,,,,,,,,,1.42849,-0.7405167,1.953354,-0.1707687,0.7756805,-0.5582581,1.612045,-1.001091,-0.1725349,-0.7606506,-0.4731064,-0.7721634,-0.581356,-0.8000565,-0.5462112,-0.8372269,-9.180252,-3.434456,-1.311226,-1.25975,-4.395279,-0.9618378,-1.946487,-0.8064346,-1.61248,-0.7570801
21.708330154418945,,,,,,,,,,,,,,,1.45681,-0.7483292,1.967026,-0.1668625,0.8020477,-0.5582581,1.640366,-1.004997,-0.1598396,-0.7626038,-0.4652939,-0.7721634,-0.5784264,-0.8088455,-0.5481644,-0.8411331,-9.187088,-3.446175,-1.318062,-1.256821,-4.388443,-0.9755096,-1.948441,-0.796669,-1.613457,-0.7541504
21.7166690826416,,,,,,,,,,,,,,,1.483177,-0.7590714,1.98558,-0.1639328,0.8245087,-0.5563049,1.671616,-1.004021,-0.1442146,-0.7704163,-0.4594345,-0.7721634,-0.5754967,-0.8156815,-0.5491409,-0.8460159,-9.190018,-3.45594,-1.322945,-1.255844,-4.38063,-0.9852753,-1.948441,-0.7839737,-1.611504,-0.7512207
21.725000381469727,,,,,,,,,,,,,,,1.509544,-0.7707901,2.008041,-0.1639328,0.8469696,-0.5504456,1.702866,-1.001091,-0.1256599,-0.7782288,-0.4574814,-0.77314,-0.5774498,-0.8205643,-0.5481644,-0.854805,-9.190018,-3.463753,-1.324898,-1.255844,-4.369888,-0.9833221,-1.943558,-0.7761612,-1.614433,-0.7512207
21.73332977294922,,,,,,,,,,,,,,,1.532982,-0.7815323,2.032455,-0.1678391,0.868454,-0.5397034,1.734116,-0.9942551,-0.1080818,-0.7850647,-0.4565048,-0.7789993,-0.581356,-0.8215408,-0.5442581,-0.8645706,-9.190018,-3.463753,-1.325874,-1.258774,-4.360123,-0.9774628,-1.939651,-0.7693253,-1.617363,-0.7570801
21.733333333333334,0.0,-330.0,-1.0,-34.0,-2.0,-726.0,-6.0,-2803.0,-1.0,-5391.0,-3.0,-627.0,-3.0,-2085.0,,,,,,,,,,,,,,,,,,,,,,,,,,
21.741670608520508,,,,,,,,,,,,,,,1.557396,-0.7952042,2.060776,-0.174675,0.8870087,-0.5289612,1.762436,-0.9864426,-0.09050369,-0.7928772,-0.4584579,-0.7858353,-0.5862389,-0.8176346,-0.5413284,-0.8753128,-9.189041,-3.456917,-1.323921,-1.264633,-4.35231,-0.9676971,-1.933792,-0.7663956,-1.619316,-0.7629395
21.75,,,,,,,,,,,,,,,1.57888,-0.8059464,2.090073,-0.1805344,0.9045868,-0.5162659,1.788803,-0.9805832,-0.07585526,-0.7967834,-0.4594345,-0.7965775,-0.5950279,-0.8088455,-0.5354691,-0.8880081,-9.187088,-3.447151,-1.322945,-1.272446,-4.344498,-0.9559784,-1.929886,-0.7693253,-1.623222,-0.770752
21.758329391479492,,,,,,,,,,,,,,,1.603294,-0.8118057,2.121323,-0.1873703,0.9192352,-0.5035706,1.810287,-0.9727707,-0.06608963,-0.7967834,-0.4604111,-0.8082962,-0.6067467,-0.7961502,-0.52668,-0.9007034,-9.192947,-3.433479,-1.321968,-1.279282,-4.340591,-0.9432831,-1.92598,-0.7742081,-1.624199,-0.7805176
21.766666666666666,0.0,-328.0,-1.0,-34.0,-2.0,-730.0,-6.0,-2804.0,-2.0,-5396.0,-4.0,-628.0,-3.0,-2090.0,,,,,,,,,,,,,,,,,,,,,,,,,,
21.76667022705078,,,,,,,,,,,,,,,1.626732,-0.8176651,2.15062,-0.1961594,0.9338837,-0.4898987,1.829819,-0.9659348,-0.05925369,-0.7938538,-0.4574814,-0.8209915,-0.6155357,-0.7775955,-0.5159378,-0.9094925,-9.202713,-3.420784,-1.321968,-1.289047,-4.341568,-0.9325409,-1.92598,-0.7771378,-1.623222,-0.7902832
21.774999618530273,,,,,,,,,,,,,,,1.652122,-0.8196182,2.180893,-0.2049484,0.946579,-0.4801331,1.84642,-0.9610519,-0.05437088,-0.7870178,-0.451622,-0.828804,-0.6253014,-0.7551346,-0.5071487,-0.9163284,-9.216385,-3.408089,-1.321968,-1.304672,-4.346451,-0.9266815,-1.927933,-0.7781143,-1.624199,-0.7980957
21.7833309173584,,,,,,,,,,,,,,,1.677513,-0.8166885,2.205307,-0.2117844,0.9592743,-0.4772034,1.861069,-0.9581223,-0.05339432,-0.7772522,-0.4447861,-0.8327103,-0.6321373,-0.729744,-0.4973831,-0.9182816,-9.228104,-3.401253,-1.322945,-1.323227,-4.353287,-0.9227753,-1.932816,-0.7781143,-1.621269,-0.802002
21.791669845581055,,,,,,,,,,,,,,,1.70388,-0.8108292,2.230698,-0.2176437,0.9719696,-0.4801331,1.873764,-0.9581223,-0.04948807,-0.7694397,-0.4350204,-0.8307571,-0.6360435,-0.7063065,-0.4876175,-0.9153519,-9.244705,-3.403206,-1.324898,-1.342758,-4.362076,-0.9217987,-1.938675,-0.7732315,-1.620293,-0.8049316
21.799999237060547,,,,,,,,,,,,,,,1.731224,-0.8020401,2.254135,-0.2186203,0.9856415,-0.4898987,1.890366,-0.9590988,-0.04655838,-0.7626038,-0.4262314,-0.8239212,-0.635067,-0.6818924,-0.4817581,-0.9046097,-9.257401,-3.413948,-1.320015,-1.360336,-4.371841,-0.9217987,-1.948441,-0.7663956,-1.617363,-0.8039551
21.8,0.0,-325.0,-1.0,-35.0,-3.0,-730.0,-7.0,-2806.0,-2.0,-5400.0,-4.0,-630.0,-2.0,-2096.0,,,,,,,,,,,,,,,,,,,,,,,,,,
21.808330535888672,,,,,,,,,,,,,,,1.756615,-0.7922745,2.276596,-0.2166672,1.00029,-0.5084534,1.907944,-0.9600754,-0.04069901,-0.7606506,-0.4154892,-0.813179,-0.6321373,-0.6594315,-0.4768753,-0.8870316,-9.265213,-3.434456,-1.314156,-1.381821,-4.378677,-0.9208221,-1.9543,-0.7556534,-1.61834,-0.8039551
21.816669464111328,,,,,,,,,,,,,,,1.782982,-0.7834854,2.301987,-0.2117844,1.012985,-0.5289612,1.926498,-0.9639816,-0.03288651,-0.7645569,-0.4086533,-0.8024368,-0.6253014,-0.6428299,-0.4749222,-0.8675003,-9.273026,-3.4618,-1.308296,-1.402328,-4.384537,-0.918869,-1.965042,-0.7439346,-1.623222,-0.8068848
21.825000762939453,,,,,,,,,,,,,,,1.809349,-0.777626,2.328354,-0.2029953,1.026657,-0.549469,1.948959,-0.9688644,-0.02312088,-0.7743225,-0.3998642,-0.7956009,-0.6155357,-0.6330643,-0.4758987,-0.8450394,-9.276932,-3.489143,-1.302437,-1.417953,-4.38942,-0.9149628,-1.974808,-0.734169,-1.628105,-0.8098145
21.833330154418945,,,,,,,,,,,,,,,1.832787,-0.7727432,2.356674,-0.1903,1.039352,-0.565094,1.973373,-0.9708176,-0.01335526,-0.7870178,-0.3920517,-0.7946243,-0.6067467,-0.6262283,-0.4788284,-0.8264847,-9.280838,-3.520393,-1.296577,-1.426743,-4.388443,-0.9091034,-1.980667,-0.7263565,-1.635918,-0.8127441
21.833333333333332,0.0,-323.0,-1.0,-39.0,-3.0,-727.0,-8.0,-2810.0,-2.0,-5402.0,-4.0,-628.0,-2.0,-2101.0,,,,,,,,,,,,,,,,,,,,,,,,,,
21.8416690826416,,,,,,,,,,,,,,,1.86013,-0.768837,2.388901,-0.1785812,1.052048,-0.5768127,2.000717,-0.969841,-0.004566193,-0.7987366,-0.3842392,-0.797554,-0.5960045,-0.6242752,-0.479805,-0.8098831,-9.281815,-3.550667,-1.294624,-1.428696,-4.38649,-0.9022675,-1.98262,-0.7224503,-1.64666,-0.817627
21.850000381469727,,,,,,,,,,,,,,,1.886497,-0.7659073,2.418198,-0.1678391,1.06279,-0.580719,2.030014,-0.9669113,0.0003166199,-0.8075256,-0.3754501,-0.8053665,-0.5891685,-0.6281815,-0.4827347,-0.7971878,-9.276932,-3.572151,-1.295601,-1.424789,-4.384537,-0.894455,-1.98262,-0.7224503,-1.659355,-0.8234863
21.85832977294922,,,,,,,,,,,,,,,1.914818,-0.7629776,2.450424,-0.1619797,1.078415,-0.5777893,2.059311,-0.9610519,0.00422287,-0.8124084,-0.3686142,-0.8190384,-0.5833092,-0.6330643,-0.4846878,-0.7913284,-9.273026,-3.585823,-1.300484,-1.413071,-4.38063,-0.8866425,-1.98262,-0.7283096,-1.671074,-0.8254395
21.866666666666667,0.0,-322.0,-1.0,-47.0,-2.0,-727.0,-8.0,-2816.0,-2.0,-5402.0,-4.0,-623.0,-1.0,-2103.0,,,,,,,,,,,,,,,,,,,,,,,,,,
21.866670608520508,,,,,,,,,,,,,,,1.945091,-0.7580948,2.480698,-0.1551437,1.093063,-0.5690002,2.088608,-0.9522629,0.006175995,-0.8104553,-0.3588486,-0.8307571,-0.5784264,-0.6389236,-0.4866409,-0.7903519,-9.26326,-3.589729,-1.30439,-1.395493,-4.38063,-0.8817596,-1.978714,-0.7419815,-1.68084,-0.8254395
21.875,,,,,,,,,,,,,,,1.976341,-0.7502823,2.508041,-0.1512375,1.108688,-0.5572815,2.117905,-0.9473801,0.00812912,-0.79776,-0.3529892,-0.8395462,-0.5764732,-0.6467361,-0.4846878,-0.7942581,-9.252518,-3.584846,-1.309273,-1.373032,-4.378677,-0.8759003,-1.971878,-0.7624893,-1.692558,-0.8225098
21.883329391479492,,,,,,,,,,,,,,,2.008568,-0.7385635,2.531479,-0.1473312,1.12822,-0.5475159,2.143295,-0.9454269,0.01203537,-0.782135,-0.3461533,-0.8424759,-0.5745201,-0.6565018,-0.4827347,-0.8001175,-9.242752,-3.572151,-1.315132,-1.350571,-4.38356,-0.8729706,-1.965042,-0.7898331,-1.700371,-0.8166504
21.89167022705078,,,,,,,,,,,,,,,2.039818,-0.7258682,2.552963,-0.1444016,1.149704,-0.5367737,2.167709,-0.9454269,0.01789474,-0.7626038,-0.3402939,-0.8366165,-0.5715904,-0.6691971,-0.4817581,-0.8089066,-9.23494,-3.556526,-1.318062,-1.332016,-4.388443,-0.8749237,-1.959183,-0.8191299,-1.707207,-0.810791
21.899999618530273,,,,,,,,,,,,,,,2.072044,-0.7141495,2.570541,-0.1404953,1.172165,-0.5279846,2.185287,-0.9493332,0.02668381,-0.7430725,-0.3344345,-0.8219681,-0.5706139,-0.6838455,-0.4807816,-0.8225784,-9.231033,-3.540901,-1.321968,-1.32225,-4.396255,-0.87883,-1.955276,-0.8484268,-1.715019,-0.8039551
21.9,0.0,-323.0,-2.0,-51.0,-1.0,-728.0,-8.0,-2822.0,-2.0,-5406.0,-4.0,-623.0,-1.0,-2107.0,,,,,,,,,,,,,,,,,,,,,,,,,,
21.9083309173584,,,,,,,,,,,,,,,2.101341,-0.7004776,2.586166,-0.1365891,1.196579,-0.5231018,2.203842,-0.9571457,0.03742599,-0.7284241,-0.3324814,-0.7995071,-0.5667076,-0.7004471,-0.4817581,-0.8342972,-9.23201,-3.526253,-1.326851,-1.319321,-4.405045,-0.8856659,-1.9543,-0.8728409,-1.720879,-0.7971191
21.916669845581055,,,,,,,,,,,,,,,2.130638,-0.6897354,2.601791,-0.1346359,1.220016,-0.518219,2.217514,-0.9669113,0.05207443,-0.7186584,-0.3295517,-0.7721634,-0.5608482,-0.7209549,-0.4837112,-0.8460159,-9.238846,-3.517464,-1.331734,-1.321274,-4.41188,-0.8954315,-1.9543,-0.8913956,-1.730644,-0.7912598
21.924999237060547,,,,,,,,,,,,,,,2.159935,-0.6819229,2.614487,-0.1346359,1.243454,-0.5104065,2.234116,-0.9757004,0.06281662,-0.719635,-0.3285751,-0.7448196,-0.5559654,-0.738533,-0.4876175,-0.8577347,-9.245682,-3.517464,-1.33564,-1.331039,-4.41774,-0.91008,-1.961136,-0.8992081,-1.735527,-0.7883301
21.933330535888672,,,,,,,,,,,,,,,2.191185,-0.6780167,2.628159,-0.1375656,1.264938,-0.502594,2.249741,-0.9805832,0.07551193,-0.7294006,-0.3275986,-0.7204056,-0.5491295,-0.7561111,-0.4905472,-0.8626175,-9.249588,-3.52137,-1.339546,-1.346664,-4.419693,-0.9276581,-1.962112,-0.8953018,-1.739433,-0.7873535
21.933333333333334,0.0,-327.0,-3.0,-52.0,-1.0,-731.0,-8.0,-2830.0,-2.0,-5413.0,-5.0,-626.0,-1.0,-2114.0,,,,,,,,,,,,,,,,,,,,,,,,,,
21.941669464111328,,,,,,,,,,,,,,,2.216576,-0.6780167,2.645737,-0.1404953,1.28447,-0.4918518,2.270248,-0.9844894,0.08430099,-0.7430725,-0.3305283,-0.7018509,-0.541317,-0.7688065,-0.4934769,-0.8616409,-9.255447,-3.528206,-1.345406,-1.35936,-4.42067,-0.9432831,-1.968948,-0.8865128,-1.741386,-0.786377
21.950000762939453,,,,,,,,,,,,,,,2.245872,-0.6819229,2.662338,-0.1453781,1.302048,-0.4781799,2.292709,-0.9864426,0.08918381,-0.7596741,-0.3324814,-0.6911087,-0.5325279,-0.7756424,-0.4895706,-0.8538284,-9.255447,-3.535042,-1.346382,-1.366196,-4.418716,-0.9589081,-1.972855,-0.874794,-1.739433,-0.7844238
21.958330154418945,,,,,,,,,,,,,,,2.275169,-0.690712,2.683823,-0.1531906,1.316696,-0.4635315,2.319077,-0.9874191,0.09211349,-0.7772522,-0.3354111,-0.6891556,-0.5237389,-0.7756424,-0.4827347,-0.8372269,-9.255447,-3.541878,-1.347359,-1.371078,-4.413834,-0.9716034,-1.969925,-0.8650284,-1.732597,-0.7844238
21.966666666666665,0.0,-330.0,-3.0,-49.0,-1.0,-734.0,-7.0,-2839.0,-2.0,-5420.0,-5.0,-630.0,-1.0,-2115.0,,,,,,,,,,,,,,,,,,,,,,,,,,
21.9666690826416,,,,,,,,,,,,,,,2.304466,-0.7004776,2.709213,-0.1600266,1.332321,-0.4518127,2.350327,-0.9893723,0.09601974,-0.7899475,-0.3354111,-0.6911087,-0.5139732,-0.7707596,-0.4719925,-0.8176956,-9.253494,-3.544807,-1.348335,-1.372055,-4.407974,-0.9794159,-1.966019,-0.8581924,-1.725761,-0.7844238
21.975000381469727,,,,,,,,,,,,,,,2.333763,-0.7121964,2.736557,-0.1668625,1.345993,-0.4440002,2.38353,-0.9923019,0.09992599,-0.7997131,-0.3324814,-0.6959915,-0.5051842,-0.7619705,-0.4583206,-0.7942581,-9.249588,-3.540901,-1.348335,-1.371078,-4.402115,-0.9833221,-1.959183,-0.859169,-1.716972,-0.7834473
21.98332977294922,,,,,,,,,,,,,,,2.36306,-0.7239151,2.76683,-0.1717453,1.360641,-0.4410706,2.415756,-0.9962082,0.1077385,-0.8045959,-0.3295517,-0.6979446,-0.4954185,-0.7482986,-0.4446487,-0.7747269,-9.251541,-3.536995,-1.347359,-1.371078,-4.397232,-0.9803925,-1.95137,-0.8650284,-1.71209,-0.7844238
21.991670608520508,,,,,,,,,,,,,,,2.390404,-0.7346573,2.796127,-0.1736984,1.37822,-0.4440002,2.451889,-1.000114,0.1204338,-0.8065491,-0.3207626,-0.6979446,-0.4895592,-0.7316971,-0.4309769,-0.7600784,-9.254471,-3.533089,-1.342476,-1.375961,-4.393326,-0.9735565,-1.945511,-0.8728409,-1.707207,-0.786377
22.0,0.0,-332.0,-2.0,-45.0,-1.0,-733.0,-7.0,-2847.0,-2.0,-5427.0,-5.0,-628.0,-1.0,-2115.0,2.415794,-0.7453995,2.825424,-0.1756516,1.394821,-0.4518127,2.485092,-1.004997,0.1360588,-0.8065491,-0.310997,-0.6979446,-0.4836998,-0.7150955,-0.4192581,-0.7532425,-9.262283,-3.527229,-1.337593,-1.381821,-4.388443,-0.9618378,-1.940628,-0.8835831,-1.70623,-0.7883301
22.008329391479492,,,,,,,,,,,,,,,2.441185,-0.7522354,2.855698,-0.1776047,1.415329,-0.4654846,2.516342,-1.010857,0.1546135,-0.8075256,-0.3002548,-0.6959915,-0.4827232,-0.6965408,-0.4133987,-0.7532425,-9.274002,-3.525276,-1.334663,-1.38768,-4.387466,-0.9471893,-1.941605,-0.8933487,-1.708183,-0.7902832
22.01667022705078,,,,,,,,,,,,,,,2.461693,-0.7561417,2.884995,-0.174675,1.435837,-0.4762268,2.547592,-1.015739,0.1731682,-0.8114319,-0.2895126,-0.6969681,-0.4827232,-0.6789627,-0.4104691,-0.7600784,-9.29158,-3.527229,-1.326851,-1.394516,-4.38942,-0.9305878,-1.944534,-0.8962784,-1.710136,-0.7912598
22.024999618530273,,,,,,,,,,,,,,,2.482201,-0.7571182,2.913315,-0.1727219,1.457321,-0.4889221,2.576889,-1.017693,0.1946526,-0.8163147,-0.2758408,-0.7008743,-0.4856529,-0.660408,-0.4124222,-0.7717972,-9.308182,-3.529182,-1.318062,-1.398422,-4.396255,-0.9120331,-1.952347,-0.8943253,-1.710136,-0.7902832
22.0333309173584,,,,,,,,,,,,,,,2.501732,-0.7541885,2.945541,-0.1688156,1.478806,-0.4986877,2.600327,-1.018669,0.2122307,-0.8211975,-0.2670517,-0.7077103,-0.4905357,-0.6428299,-0.417305,-0.7805862,-9.329666,-3.529182,-1.309273,-1.396469,-4.404068,-0.8934784,-1.960159,-0.890419,-1.70916,-0.7844238
22.033333333333335,0.0,-332.0,-1.0,-40.0,-2.0,-731.0,-6.0,-2853.0,-1.0,-5435.0,-5.0,-627.0,-1.0,-2117.0,,,,,,,,,,,,,,,,,,,,,,,,,,
22.041669845581055,,,,,,,,,,,,,,,2.523216,-0.746376,2.978745,-0.1649094,1.502243,-0.502594,2.625717,-1.018669,0.2288322,-0.8260803,-0.2553329,-0.7164993,-0.494442,-0.6242752,-0.4231644,-0.7883987,-9.345291,-3.528206,-1.296577,-1.388657,-4.415787,-0.8768768,-1.967972,-0.8855362,-1.707207,-0.779541
22.049999237060547,,,,,,,,,,,,,,,2.546654,-0.7385635,3.013901,-0.1629562,1.526657,-0.502594,2.648178,-1.016716,0.2425041,-0.8319397,-0.2445908,-0.7252884,-0.5003014,-0.6086502,-0.43293,-0.7903519,-9.360916,-3.528206,-1.289742,-1.378891,-4.425552,-0.8622284,-1.977737,-0.8806534,-1.702324,-0.7746582
22.058330535888672,,,,,,,,,,,,,,,2.574974,-0.7268448,3.05394,-0.15905,1.552048,-0.4986877,2.673569,-1.013786,0.2551994,-0.8377991,-0.232872,-0.7311478,-0.5051842,-0.597908,-0.4407425,-0.7883987,-9.371658,-3.525276,-1.284859,-1.369125,-4.434341,-0.8514862,-1.98262,-0.874794,-1.698418,-0.7717285
22.066666666666666,0.0,-335.0,-2.0,-36.0,-2.0,-729.0,-6.0,-2856.0,-1.0,-5441.0,-6.0,-627.0,0.0,-2116.0,,,,,,,,,,,,,,,,,,,,,,,,,,
22.066669464111328,,,,,,,,,,,,,,,2.604271,-0.7112198,3.093002,-0.1531906,1.580368,-0.4957581,2.700912,-1.008904,0.2669182,-0.8417053,-0.2240829,-0.735054,-0.5090904,-0.5900955,-0.4495316,-0.7815628,-9.380447,-3.523323,-1.282906,-1.360336,-4.441177,-0.8456268,-1.98848,-0.8738174,-1.692558,-0.770752
22.075000762939453,,,,,,,,,,,,,,,2.637474,-0.6955948,3.129135,-0.1463547,1.606735,-0.4918518,2.728256,-1.004021,0.2786369,-0.844635,-0.217247,-0.7321243,-0.5129967,-0.5852127,-0.4553909,-0.7688675,-9.378494,-3.522346,-1.286812,-1.35643,-4.447037,-0.8456268,-1.991409,-0.874794,-1.688652,-0.7736816
22.083330154418945,,,,,,,,,,,,,,,2.670677,-0.6799698,3.166245,-0.1395187,1.637009,-0.4859924,2.760483,-0.9962082,0.287426,-0.8495178,-0.2123642,-0.7282181,-0.5159264,-0.5881424,-0.4583206,-0.7591019,-9.376541,-3.5243,-1.295601,-1.35936,-4.448013,-0.8524628,-1.991409,-0.8777237,-1.684746,-0.779541
22.0916690826416,,,,,,,,,,,,,,,2.705833,-0.6653214,3.203354,-0.1317062,1.669235,-0.4820862,2.794662,-0.9883957,0.2971916,-0.8563538,-0.2074814,-0.7252884,-0.5198326,-0.5959549,-0.4573441,-0.7512894,-9.371658,-3.532112,-1.311226,-1.362289,-4.449966,-0.8641815,-1.992386,-0.8816299,-1.681816,-0.7873535
22.1,0.0,-338.0,-2.0,-38.0,-2.0,-726.0,-6.0,-2859.0,-1.0,-5447.0,-6.0,-629.0,0.0,-2116.0,,,,,,,,,,,,,,,,,,,,,,,,,,
22.100000381469727,,,,,,,,,,,,,,,2.740013,-0.6555557,3.237534,-0.1219406,1.698532,-0.4811096,2.828842,-0.9815598,0.303051,-0.8612366,-0.2035751,-0.7223587,-0.518856,-0.6076736,-0.4534378,-0.74543,-9.363846,-3.543831,-1.326851,-1.369125,-4.450943,-0.8778534,-1.987503,-0.8845596,-1.685722,-0.7971191
22.10832977294922,,,,,,,,,,,,,,,2.773216,-0.6506729,3.271713,-0.1111984,1.727829,-0.4801331,2.863998,-0.9727707,0.3108635,-0.8641663,-0.201622,-0.7233353,-0.518856,-0.6262283,-0.4475784,-0.7444534,-9.355057,-3.556526,-1.339546,-1.377914,-4.45192,-0.8895721,-1.983597,-0.8865128,-1.691582,-0.8059082
22.116670608520508,,,,,,,,,,,,,,,2.807396,-0.6496964,3.307846,-0.09947968,1.758102,-0.4772034,2.898178,-0.9630051,0.3196526,-0.8661194,-0.1986923,-0.7272415,-0.5149498,-0.644783,-0.4387894,-0.7512894,-9.343338,-3.572151,-1.353218,-1.38475,-4.457779,-0.9012909,-1.977737,-0.8874893,-1.697441,-0.810791
22.125,,,,,,,,,,,,,,,2.842552,-0.6545792,3.345932,-0.08776093,1.785446,-0.4742737,2.933334,-0.9551926,0.3294182,-0.8641663,-0.1918564,-0.7321243,-0.5090904,-0.6623611,-0.4309769,-0.7600784,-9.331619,-3.585823,-1.361031,-1.38768,-4.459732,-0.9071503,-1.970901,-0.8865128,-1.708183,-0.8146973
22.133329391479492,,,,,,,,,,,,,,,2.875755,-0.6623917,3.387924,-0.07897186,1.81279,-0.4703674,2.966537,-0.9483566,0.3372307,-0.8573303,-0.1850204,-0.7389603,-0.5022545,-0.6799393,-0.4221878,-0.7757034,-9.318924,-3.595589,-1.365913,-1.389633,-4.467545,-0.9081268,-1.964066,-0.8855362,-1.719902,-0.817627
22.133333333333333,0.0,-340.0,-2.0,-40.0,-3.0,-724.0,-7.0,-2861.0,-1.0,-5448.0,-6.0,-629.0,-1.0,-2117.0,,,,,,,,,,,,,,,,,,,,,,,,,,
22.14167022705078,,,,,,,,,,,,,,,2.910912,-0.675087,3.429916,-0.0701828,1.837204,-0.4654846,3.00267,-0.9424973,0.3489494,-0.8475647,-0.1762314,-0.7457962,-0.4934654,-0.6936111,-0.4153519,-0.7913284,-9.308182,-3.604378,-1.362984,-1.391586,-4.473404,-0.9051971,-1.955276,-0.8796768,-1.728691,-0.8195801
22.149999618530273,,,,,,,,,,,,,,,2.945091,-0.6897354,3.468979,-0.0623703,1.862595,-0.4615784,3.035873,-0.938591,0.3596916,-0.8368225,-0.1674423,-0.7497025,-0.4836998,-0.7024002,-0.4104691,-0.8050003,-9.293533,-3.608284,-1.357124,-1.393539,-4.479263,-0.8973846,-1.948441,-0.8708878,-1.73455,-0.8205566
22.1583309173584,,,,,,,,,,,,,,,2.979271,-0.7053604,3.508041,-0.05553436,1.885056,-0.4566956,3.0681,-0.938591,0.3723869,-0.8241272,-0.1567001,-0.7497025,-0.4749107,-0.7063065,-0.4114456,-0.8137894,-9.283768,-3.608284,-1.351265,-1.395493,-4.482193,-0.8895721,-1.940628,-0.8620987,-1.73748,-0.8205566
22.166666666666668,0.0,-342.0,-1.0,-42.0,-3.0,-719.0,-8.0,-2861.0,-1.0,-5446.0,-5.0,-629.0,-1.0,-2120.0,,,,,,,,,,,,,,,,,,,,,,,,,,
22.166669845581055,,,,,,,,,,,,,,,3.009544,-0.721962,3.543198,-0.05065155,1.90947,-0.4537659,3.107162,-0.9424973,0.3860588,-0.8075256,-0.1420517,-0.7477493,-0.4670982,-0.7033768,-0.4143753,-0.8147659,-9.272049,-3.604378,-1.339546,-1.396469,-4.486099,-0.8798065,-1.936722,-0.8484268,-1.736504,-0.8234863
22.174999237060547,,,,,,,,,,,,,,,3.037865,-0.7385635,3.577377,-0.0467453,1.935837,-0.4518127,3.143295,-0.9473801,0.4007072,-0.7948303,-0.1303329,-0.7448196,-0.4622154,-0.6994705,-0.4202347,-0.8089066,-9.268143,-3.596565,-1.330757,-1.398422,-4.486099,-0.8729706,-1.933792,-0.8357315,-1.729668,-0.8293457
22.183330535888672,,,,,,,,,,,,,,,3.066185,-0.753212,3.609604,-0.04576874,1.964157,-0.4498596,3.180405,-0.9512863,0.4153557,-0.7811584,-0.1156845,-0.7428665,-0.4583092,-0.6926346,-0.4260941,-0.7991409,-9.265213,-3.589729,-1.316109,-1.399399,-4.484146,-0.8700409,-1.930862,-0.8240128,-1.718925,-0.8381348
22.191669464111328,,,,,,,,,,,,,,,3.093529,-0.7629776,3.640854,-0.04772186,1.995407,-0.4508362,3.217514,-0.9561691,0.4300041,-0.7655334,-0.1029892,-0.7438431,-0.456356,-0.6838455,-0.4309769,-0.7854691,-9.267166,-3.581917,-1.300484,-1.399399,-4.485123,-0.8690643,-1.928909,-0.8132706,-1.70916,-0.8479004
22.2,0.0,-343.0,-1.0,-38.0,-3.0,-717.0,-8.0,-2861.0,-1.0,-5450.0,-5.0,-629.0,0.0,-2124.0,,,,,,,,,,,,,,,,,,,,,,,,,,
22.200000762939453,,,,,,,,,,,,,,,3.123802,-0.768837,3.672104,-0.05260468,2.027634,-0.4508362,3.256577,-0.9600754,0.4466057,-0.7528381,-0.09029388,-0.7448196,-0.456356,-0.6731033,-0.4339066,-0.7727737,-9.270096,-3.577034,-1.287788,-1.396469,-4.487076,-0.8700409,-1.924026,-0.8064346,-1.700371,-0.8596191
22.208330154418945,,,,,,,,,,,,,,,3.156029,-0.7668839,3.706284,-0.06139374,2.064743,-0.4469299,3.295639,-0.9600754,0.4632072,-0.7401428,-0.07857513,-0.7467728,-0.4544029,-0.660408,-0.4309769,-0.7669144,-9.274979,-3.575081,-1.27314,-1.391586,-4.489029,-0.8739471,-1.919144,-0.7995987,-1.692558,-0.8674316
22.2166690826416,,,,,,,,,,,,,,,3.194115,-0.7590714,3.742416,-0.07506561,2.102829,-0.4440002,3.335678,-0.9561691,0.4798088,-0.7294006,-0.06685638,-0.7497025,-0.4524498,-0.6477127,-0.4221878,-0.7669144,-9.281815,-3.573128,-1.263374,-1.383774,-4.499771,-0.8778534,-1.909378,-0.7937393,-1.684746,-0.8742676
22.225000381469727,,,,,,,,,,,,,,,3.23513,-0.7473526,3.77562,-0.09166718,2.140915,-0.4410706,3.375717,-0.9464035,0.4964104,-0.7186584,-0.05513763,-0.7526321,-0.447567,-0.635994,-0.4133987,-0.7708206,-9.283768,-3.571175,-1.251656,-1.376938,-4.50856,-0.8798065,-1.897659,-0.7849503,-1.678886,-0.8771973
22.23332977294922,,,,,,,,,,,,,,,3.278099,-0.7346573,3.809799,-0.1102219,2.179977,-0.4352112,3.41478,-0.9337082,0.5139885,-0.7108459,-0.04537201,-0.7545853,-0.4417076,-0.6262283,-0.4036331,-0.7796097,-9.283768,-3.568245,-1.246773,-1.368149,-4.519302,-0.8827362,-1.890823,-0.7751846,-1.67498,-0.8742676
22.233333333333334,0.0,-344.0,-1.0,-33.0,-4.0,-719.0,-8.0,-2860.0,-1.0,-5457.0,-4.0,-631.0,0.0,-2128.0,,,,,,,,,,,,,,,,,,,,,,,,,,
22.241670608520508,,,,,,,,,,,,,,,3.324974,-0.7229385,3.842026,-0.1268234,2.21904,-0.4283752,3.454819,-0.9171066,0.5315666,-0.7079163,-0.03658295,-0.7526321,-0.4329185,-0.6154861,-0.3958206,-0.7883987,-9.281815,-3.563362,-1.247749,-1.358383,-4.531998,-0.8837128,-1.883011,-0.7634659,-1.673027,-0.8625488
22.25,,,,,,,,,,,,,,,3.371849,-0.7190323,3.871323,-0.1395187,2.255173,-0.4205627,3.495834,-0.8985519,0.5510979,-0.7059631,-0.02388763,-0.7477493,-0.425106,-0.6086502,-0.3919144,-0.792305,-9.280838,-3.55555,-1.256538,-1.349594,-4.541763,-0.8846893,-1.879105,-0.749794,-1.671074,-0.8469238
22.258329391479492,,,,,,,,,,,,,,,3.414818,-0.7200089,3.902573,-0.1473312,2.292282,-0.4127502,3.535873,-0.8799973,0.5676994,-0.70401,-0.01412201,-0.7448196,-0.4172935,-0.604744,-0.3909378,-0.792305,-9.279861,-3.543831,-1.269234,-1.339828,-4.549576,-0.8866425,-1.882034,-0.7410049,-1.673027,-0.8283691
22.266666666666666,0.0,-343.0,-1.0,-28.0,-4.0,-720.0,-7.0,-2861.0,-1.0,-5466.0,-3.0,-638.0,-1.0,-2130.0,,,,,,,,,,,,,,,,,,,,,,,,,,
22.26667022705078,,,,,,,,,,,,,,,3.457787,-0.7287979,3.932846,-0.1522141,2.328415,-0.4068909,3.575912,-0.8614426,0.5882072,-0.7049866,-0.002403259,-0.7409134,-0.4104576,-0.6037674,-0.3938675,-0.7874222,-9.279861,-3.530159,-1.280952,-1.330063,-4.554459,-0.8885956,-1.889847,-0.7370987,-1.674004,-0.8068848
22.274999618530273,,,,,,,,,,,,,,,3.498802,-0.7453995,3.964096,-0.1512375,2.362595,-0.4039612,3.612045,-0.8487473,0.6057854,-0.70401,0.007362366,-0.7379837,-0.4055748,-0.6037674,-0.3967972,-0.77668,-9.281815,-3.517464,-1.293648,-1.323227,-4.555435,-0.8954315,-1.901566,-0.7390518,-1.679863,-0.7834473
22.2833309173584,,,,,,,,,,,,,,,3.538841,-0.7649307,4.001205,-0.1444016,2.395798,-0.4049377,3.649155,-0.8419113,0.6253166,-0.7010803,0.02103424,-0.735054,-0.4016685,-0.6037674,-0.3987503,-0.7630081,-9.284744,-3.507698,-1.30732,-1.315414,-4.552505,-0.9051971,-1.919144,-0.7458878,-1.687675,-0.7648926
22.291669845581055,,,,,,,,,,,,,,,3.577904,-0.7815323,4.040268,-0.1346359,2.426071,-0.4068909,3.69017,-0.8409348,0.6419182,-0.6981506,0.03275299,-0.7321243,-0.3967857,-0.6037674,-0.3967972,-0.7522659,-9.283768,-3.498909,-1.313179,-1.312485,-4.54274,-0.9149628,-1.933792,-0.7566299,-1.700371,-0.7492676
22.299999237060547,,,,,,,,,,,,,,,3.615013,-0.7942276,4.078354,-0.1238937,2.457321,-0.4107971,3.729233,-0.844841,0.6594963,-0.6961975,0.04447174,-0.726265,-0.3909264,-0.6037674,-0.3928909,-0.7444534,-9.281815,-3.49305,-1.316109,-1.312485,-4.527115,-0.925705,-1.948441,-0.7722549,-1.71209,-0.7424316
22.3,0.0,-340.0,-2.0,-24.0,-4.0,-722.0,-6.0,-2863.0,-1.0,-5473.0,-2.0,-645.0,-1.0,-2133.0,,,,,,,,,,,,,,,,,,,,,,,,,,
22.308330535888672,,,,,,,,,,,,,,,3.652122,-0.800087,4.11937,-0.1141281,2.485641,-0.4195862,3.769272,-0.8546066,0.6751213,-0.6932678,0.06009674,-0.719429,-0.3860435,-0.6057205,-0.3880081,-0.7405472,-9.279861,-3.49012,-1.312202,-1.317368,-4.509537,-0.9364471,-1.960159,-0.7878799,-1.723808,-0.7434082
22.316669464111328,,,,,,,,,,,,,,,3.687279,-0.8010635,4.158432,-0.1053391,2.512009,-0.4293518,3.810287,-0.8712082,0.6897697,-0.6903381,0.07279205,-0.7096634,-0.3801842,-0.6096268,-0.3811722,-0.7425003,-9.274979,-3.49012,-1.305367,-1.32225,-4.490982,-0.9452362,-1.966995,-0.8044815,-1.736504,-0.7492676
22.325000762939453,,,,,,,,,,,,,,,3.720482,-0.7961807,4.198471,-0.09947968,2.538376,-0.4371643,3.853256,-0.8887863,0.7044182,-0.6903381,0.08548737,-0.6989212,-0.3743248,-0.6145096,-0.3762894,-0.7493362,-9.275955,-3.49305,-1.294624,-1.32811,-4.471451,-0.950119,-1.969925,-0.8201065,-1.748222,-0.7619629
22.333330154418945,,,,,,,,,,,,,,,3.751732,-0.7834854,4.234604,-0.09654999,2.560837,-0.4420471,3.895248,-0.9083176,0.7171135,-0.6913147,0.09622955,-0.6911087,-0.3674889,-0.6223221,-0.3694534,-0.7581253,-9.274002,-3.495003,-1.282906,-1.335922,-4.455826,-0.9520721,-1.969925,-0.8347549,-1.753105,-0.7766113
22.333333333333332,0.0,-336.0,-3.0,-22.0,-4.0,-728.0,-6.0,-2867.0,0.0,-5483.0,-2.0,-650.0,-1.0,-2131.0,,,,,,,,,,,,,,,,,,,,,,,,,,
22.3416690826416,,,,,,,,,,,,,,,3.782005,-0.7707901,4.270737,-0.09459686,2.584274,-0.4469299,3.937241,-0.9258957,0.7278557,-0.6942444,0.1050186,-0.6891556,-0.3606529,-0.6320877,-0.3626175,-0.7678909,-9.280838,-3.494026,-1.272163,-1.336899,-4.445084,-0.9471893,-1.962112,-0.8445206,-1.756035,-0.7922363
22.350000381469727,,,,,,,,,,,,,,,3.811302,-0.7561417,4.308823,-0.09264374,2.607712,-0.4498596,3.97435,-0.9376144,0.740551,-0.6961975,0.1138077,-0.6940384,-0.3547935,-0.6389236,-0.3567581,-0.7786331,-9.289627,-3.49012,-1.263374,-1.334946,-4.438248,-0.9384003,-1.961136,-0.8513565,-1.753105,-0.8059082
22.35832977294922,,,,,,,,,,,,,,,3.838646,-0.7385635,4.348862,-0.09069061,2.632126,-0.4469299,4.012436,-0.9454269,0.7503166,-0.6981506,0.1177139,-0.7057571,-0.3460045,-0.6438065,-0.3528519,-0.7844925,-9.304276,-3.482307,-1.260445,-1.330063,-4.439224,-0.9325409,-1.959183,-0.8513565,-1.745293,-0.8146973
22.366666666666667,0.0,-332.0,-3.0,-22.0,-3.0,-733.0,-5.0,-2869.0,0.0,-5492.0,-2.0,-653.0,-1.0,-2130.0,,,,,,,,,,,,,,,,,,,,,,,,,,
22.366670608520508,,,,,,,,,,,,,,,3.870872,-0.721962,4.386948,-0.08776093,2.657516,-0.4410706,4.047592,-0.9464035,0.7591057,-0.7010803,0.1206436,-0.7243118,-0.3401451,-0.6477127,-0.3489456,-0.7883987,-9.319901,-3.471565,-1.263374,-1.321274,-4.441177,-0.925705,-1.959183,-0.8464737,-1.73455,-0.817627
22.375,,,,,,,,,,,,,,,3.904076,-0.7053604,4.425034,-0.08483124,2.685837,-0.4303284,4.082748,-0.938591,0.7708244,-0.7010803,0.1225967,-0.7477493,-0.3333092,-0.6467361,-0.3460159,-0.7903519,-9.339432,-3.459846,-1.27314,-1.312485,-4.448013,-0.9208221,-1.964066,-0.8357315,-1.717949,-0.8137207
22.383329391479492,,,,,,,,,,,,,,,3.938255,-0.6877823,4.461166,-0.08092499,2.718063,-0.4127502,4.120834,-0.9258957,0.7815666,-0.7010803,0.1225967,-0.7711868,-0.3245201,-0.6428299,-0.3460159,-0.7903519,-9.358963,-3.445198,-1.286812,-1.302719,-4.453873,-0.9169159,-1.971878,-0.8201065,-1.705254,-0.8059082
22.39167022705078,,,,,,,,,,,,,,,3.974388,-0.6741104,4.496323,-0.07701874,2.75322,-0.3951721,4.160873,-0.9092941,0.7971916,-0.7010803,0.126503,-0.7897415,-0.3176842,-0.6379471,-0.3460159,-0.7903519,-9.377518,-3.435432,-1.30439,-1.29393,-4.463638,-0.91008,-1.980667,-0.8025284,-1.691582,-0.7971191
22.399999618530273,,,,,,,,,,,,,,,4.010521,-0.6623917,4.530502,-0.07506561,2.794235,-0.377594,4.202866,-0.891716,0.8128166,-0.7010803,0.1304092,-0.8014603,-0.3108482,-0.6330643,-0.3499222,-0.7893753,-9.396072,-3.432503,-1.322945,-1.284164,-4.468521,-0.9042206,-1.989456,-0.7849503,-1.68084,-0.7834473
22.4,0.0,-329.0,-3.0,-23.0,-3.0,-736.0,-5.0,-2871.0,0.0,-5497.0,-1.0,-657.0,-1.0,-2127.0,,,,,,,,,,,,,,,,,,,,,,,,,,
22.4083309173584,,,,,,,,,,,,,,,4.04763,-0.6545792,4.563705,-0.07604218,2.835251,-0.3629456,4.245834,-0.876091,0.8323479,-0.6991272,0.1382217,-0.8053665,-0.3030357,-0.6311111,-0.3538284,-0.7893753,-9.410721,-3.438362,-1.340523,-1.274399,-4.47438,-0.894455,-2.000198,-0.7703018,-1.675957,-0.7727051
22.416669845581055,,,,,,,,,,,,,,,4.08181,-0.6496964,4.594955,-0.0779953,2.879196,-0.3522034,4.291733,-0.8653488,0.8548088,-0.6981506,0.1509171,-0.7995071,-0.2942467,-0.6311111,-0.3557816,-0.7893753,-9.420486,-3.449104,-1.355171,-1.268539,-4.47731,-0.8837128,-2.005081,-0.7585831,-1.679863,-0.7629395
22.424999237060547,,,,,,,,,,,,,,,4.114037,-0.6457901,4.625229,-0.08092499,2.926071,-0.3502502,4.335678,-0.8614426,0.8801994,-0.6971741,0.1645889,-0.7858353,-0.2854576,-0.6330643,-0.3557816,-0.7874222,-9.426346,-3.465706,-1.36689,-1.26268,-4.476334,-0.8739471,-2.008987,-0.7517471,-1.686699,-0.755127
22.433330535888672,,,,,,,,,,,,,,,4.146263,-0.6467667,4.661362,-0.08385468,2.97197,-0.3551331,4.379623,-0.8614426,0.9046135,-0.6942444,0.1841202,-0.766304,-0.2766685,-0.6389236,-0.3557816,-0.7835159,-9.430252,-3.481331,-1.374702,-1.258774,-4.473404,-0.8651581,-2.005081,-0.7488174,-1.696465,-0.7492676
22.433333333333334,0.0,-326.0,-3.0,-27.0,-2.0,-739.0,-5.0,-2877.0,0.0,-5505.0,-2.0,-658.0,-1.0,-2125.0,,,,,,,,,,,,,,,,,,,,,,,,,,
22.441669464111328,,,,,,,,,,,,,,,4.177513,-0.6467667,4.698471,-0.0858078,3.015915,-0.3678284,4.422592,-0.8643723,0.9300041,-0.688385,0.2026749,-0.7467728,-0.2659264,-0.6457596,-0.3518753,-0.7786331,-9.426346,-3.495979,-1.382515,-1.256821,-4.469498,-0.8622284,-2.000198,-0.7488174,-1.708183,-0.7453613
22.450000762939453,,,,,,,,,,,,,,,4.211693,-0.6448135,4.739487,-0.0858078,3.056931,-0.3873596,4.467514,-0.8682785,0.9544182,-0.6815491,0.2222061,-0.7272415,-0.2551842,-0.651619,-0.3479691,-0.7747269,-9.426346,-3.506721,-1.388374,-1.25975,-4.461685,-0.8680878,-1.996292,-0.7527237,-1.719902,-0.7404785
22.458330154418945,,,,,,,,,,,,,,,4.245872,-0.6428604,4.782455,-0.08483124,3.095993,-0.4078674,4.511459,-0.8721848,0.9788322,-0.6717834,0.2427139,-0.7135696,-0.2415123,-0.6584549,-0.3401566,-0.7678909,-9.41951,-3.510628,-1.391304,-1.267563,-4.449966,-0.8778534,-1.98848,-0.7595596,-1.726738,-0.7346191
22.466666666666665,0.0,-325.0,-3.0,-33.0,-2.0,-743.0,-6.0,-2881.0,0.0,-5512.0,-3.0,-653.0,-1.0,-2127.0,,,,,,,,,,,,,,,,,,,,,,,,,,
22.4666690826416,,,,,,,,,,,,,,,4.281029,-0.6389542,4.827377,-0.07994843,3.135056,-0.4293518,4.556381,-0.8682785,1.001293,-0.6620178,0.2622452,-0.7047806,-0.2297935,-0.6613846,-0.3303909,-0.7649612,-9.411697,-3.508675,-1.391304,-1.275375,-4.442154,-0.8895721,-1.98262,-0.7663956,-1.731621,-0.7248535
22.475000381469727,,,,,,,,,,,,,,,4.319115,-0.6350479,4.874252,-0.07311249,3.172165,-0.4479065,4.603256,-0.860466,1.023754,-0.6542053,0.2807999,-0.7018509,-0.2180748,-0.660408,-0.3196487,-0.7659378,-9.401932,-3.498909,-1.387398,-1.286118,-4.437271,-0.903244,-1.980667,-0.7732315,-1.730644,-0.7131348
22.48332977294922,,,,,,,,,,,,,,,4.356224,-0.6301651,4.917221,-0.0623703,3.205368,-0.4654846,4.653061,-0.8497238,1.046215,-0.6444397,0.298378,-0.7047806,-0.2083092,-0.660408,-0.3089066,-0.7669144,-9.394119,-3.48719,-1.378609,-1.297836,-4.434341,-0.9110565,-1.976761,-0.7839737,-1.726738,-0.701416
22.491670608520508,,,,,,,,,,,,,,,4.393333,-0.6272354,4.959213,-0.05358124,3.240524,-0.4781799,4.703842,-0.8370285,1.066723,-0.6336975,0.3169327,-0.7135696,-0.2014732,-0.6594315,-0.2991409,-0.7717972,-9.381424,-3.478401,-1.365913,-1.305649,-4.435318,-0.9130096,-1.975784,-0.7956924,-1.719902,-0.6896973
22.5,0.0,-325.0,-3.0,-41.0,-2.0,-745.0,-6.0,-2887.0,0.0,-5517.0,-3.0,-647.0,-2.0,-2132.0,4.427513,-0.6252823,5.000229,-0.04576874,3.276657,-0.4850159,4.75853,-0.8262863,1.09016,-0.6239319,0.3306046,-0.726265,-0.1956139,-0.6555252,-0.2883987,-0.7786331,-9.371658,-3.469612,-1.350288,-1.314438,-4.442154,-0.9071503,-1.975784,-0.8035049,-1.71209,-0.6789551
22.508329391479492,,,,,,,,,,,,,,,4.457787,-0.6272354,5.037338,-0.03795624,3.314743,-0.486969,4.813217,-0.8214035,1.112621,-0.6141663,0.3442764,-0.7409134,-0.1926842,-0.6506424,-0.27668,-0.7844925,-9.360916,-3.462776,-1.331734,-1.320297,-4.453873,-0.8934784,-1.974808,-0.8103409,-1.70623,-0.6721191
22.51667022705078,,,,,,,,,,,,,,,4.487083,-0.6311417,5.075424,-0.03307343,3.353806,-0.4850159,4.871811,-0.8214035,1.134106,-0.6083069,0.3579483,-0.7545853,-0.1926842,-0.6438065,-0.2698441,-0.7932816,-9.350174,-3.459846,-1.315132,-1.32518,-4.471451,-0.8768768,-1.971878,-0.8152237,-1.700371,-0.6691895
22.524999618530273,,,,,,,,,,,,,,,4.515404,-0.6340714,5.112534,-0.03307343,3.395798,-0.4791565,4.929428,-0.8272629,1.154613,-0.6044006,0.3696671,-0.7682571,-0.1946373,-0.6330643,-0.2659378,-0.8010941,-9.342361,-3.456917,-1.300484,-1.329086,-4.486099,-0.8583221,-1.969925,-0.8191299,-1.696465,-0.6672363
22.5333309173584,,,,,,,,,,,,,,,4.541771,-0.6379776,5.153549,-0.0389328,3.433884,-0.4674377,4.988022,-0.8399582,1.177074,-0.6053772,0.3833389,-0.7799759,-0.1965904,-0.6193924,-0.2630081,-0.8108597,-9.339432,-3.454964,-1.288765,-1.329086,-4.502701,-0.840744,-1.969925,-0.8181534,-1.695488,-0.6691895
22.533333333333335,0.0,-327.0,-3.0,-51.0,-2.0,-747.0,-6.0,-2892.0,0.0,-5524.0,-3.0,-642.0,-2.0,-2137.0,,,,,,,,,,,,,,,,,,,,,,,,,,
22.541669845581055,,,,,,,,,,,,,,,4.567162,-0.6399307,5.194565,-0.04772186,3.473923,-0.4527893,5.050522,-0.8536301,1.201488,-0.6122131,0.3989639,-0.7848587,-0.1965904,-0.6037674,-0.2630081,-0.8225784,-9.341385,-3.453987,-1.280952,-1.330063,-4.51442,-0.8270721,-1.969925,-0.8152237,-1.694511,-0.6730957
22.549999237060547,,,,,,,,,,,,,,,4.594505,-0.6399307,5.240463,-0.05748749,3.510056,-0.4361877,5.109116,-0.8663254,1.226879,-0.6278381,0.4136124,-0.7877884,-0.197567,-0.5871658,-0.2639847,-0.8323441,-9.349197,-3.452034,-1.27314,-1.329086,-4.517349,-0.8202362,-1.971878,-0.812294,-1.692558,-0.6760254
22.558330535888672,,,,,,,,,,,,,,,4.624779,-0.6399307,5.285385,-0.06920624,3.545212,-0.4156799,5.166733,-0.8770676,1.253246,-0.6473694,0.4321671,-0.7858353,-0.1985435,-0.5705643,-0.2678909,-0.8421097,-9.35994,-3.449104,-1.269234,-1.327133,-4.517349,-0.8153534,-1.975784,-0.8083878,-1.694511,-0.6809082
22.566666666666666,0.0,-328.0,-2.0,-56.0,-2.0,-747.0,-6.0,-2897.0,-1.0,-5531.0,-3.0,-640.0,-2.0,-2144.0,,,,,,,,,,,,,,,,,,,,,,,,,,
22.566669464111328,,,,,,,,,,,,,,,4.659935,-0.6379776,5.33226,-0.08092499,3.577438,-0.3981018,5.225327,-0.8829269,1.279613,-0.6678772,0.4487686,-0.7809525,-0.1956139,-0.557869,-0.2708206,-0.8489456,-9.374588,-3.444221,-1.267281,-1.327133,-4.513443,-0.81633,-1.979691,-0.8054581,-1.695488,-0.6838379
22.575000762939453,,,,,,,,,,,,,,,4.697044,-0.637001,5.376205,-0.08971405,3.609665,-0.3834534,5.282944,-0.8878098,1.305004,-0.688385,0.4663467,-0.7721634,-0.190731,-0.551033,-0.2747269,-0.8508987,-9.39119,-3.439339,-1.264351,-1.330063,-4.50563,-0.8241425,-1.98555,-0.8035049,-1.695488,-0.6896973
22.583330154418945,,,,,,,,,,,,,,,4.737083,-0.6409073,5.420151,-0.09752655,3.643845,-0.3688049,5.340561,-0.8907394,1.331371,-0.7010803,0.4849014,-0.7672806,-0.181942,-0.5490799,-0.27668,-0.8460159,-9.404861,-3.435432,-1.262398,-1.338852,-4.496841,-0.8309784,-1.986526,-0.8064346,-1.693535,-0.6955566
22.5916690826416,,,,,,,,,,,,,,,4.780052,-0.6467667,5.459213,-0.1033859,3.679977,-0.3580627,5.399155,-0.8926926,1.353832,-0.7059631,0.501503,-0.7643509,-0.175106,-0.551033,-0.2786331,-0.8362503,-9.411697,-3.431526,-1.262398,-1.349594,-4.491959,-0.8417206,-1.989456,-0.8113174,-1.693535,-0.7033691
22.6,0.0,-329.0,-2.0,-58.0,-1.0,-749.0,-7.0,-2904.0,-1.0,-5536.0,-3.0,-638.0,-2.0,-2151.0,,,,,,,,,,,,,,,,,,,,,,,,,,
22.600000381469727,,,,,,,,,,,,,,,4.822044,-0.6565323,5.498276,-0.1063156,3.720016,-0.3522034,5.458725,-0.8946457,1.37727,-0.70401,0.5181046,-0.7633743,-0.1653404,-0.5559158,-0.2796097,-0.8206253,-9.414627,-3.428596,-1.264351,-1.365219,-4.490005,-0.8534393,-1.994339,-0.8181534,-1.690605,-0.7111816
22.60832977294922,,,,,,,,,,,,,,,4.865013,-0.6721573,5.533432,-0.112175,3.762009,-0.3502502,5.516342,-0.8985519,1.399731,-0.6961975,0.532753,-0.7623978,-0.1555748,-0.5627518,-0.2805862,-0.7981644,-9.408768,-3.426643,-1.268257,-1.381821,-4.490005,-0.8661346,-1.996292,-0.8288956,-1.687675,-0.7199707
22.616670608520508,,,,,,,,,,,,,,,4.907005,-0.6848526,5.568588,-0.1190109,3.806931,-0.3492737,5.577866,-0.9024582,1.423168,-0.6835022,0.548378,-0.7614212,-0.1448326,-0.566658,-0.2796097,-0.7727737,-9.392166,-3.42469,-1.275093,-1.392563,-4.496841,-0.8778534,-2.000198,-0.8406143,-1.683769,-0.7258301
22.625,,,,,,,,,,,,,,,4.948021,-0.6985245,5.605698,-0.1238937,3.853806,-0.3522034,5.636459,-0.9083176,1.449535,-0.6688538,0.5649796,-0.7633743,-0.1331139,-0.5676346,-0.27668,-0.74543,-9.377518,-3.423714,-1.284859,-1.399399,-4.499771,-0.8885956,-2.003128,-0.8523331,-1.676933,-0.7287598
22.633329391479492,,,,,,,,,,,,,,,4.986107,-0.7131729,5.642807,-0.1287766,3.897751,-0.3600159,5.695053,-0.9141769,1.478832,-0.6581116,0.5815811,-0.766304,-0.1213951,-0.5676346,-0.2727737,-0.7200394,-9.360916,-3.421761,-1.293648,-1.399399,-4.501724,-0.8983612,-2.006058,-0.8620987,-1.671074,-0.7268066
22.633333333333333,0.0,-331.0,-3.0,-56.0,-1.0,-751.0,-7.0,-2909.0,-1.0,-5540.0,-3.0,-638.0,-1.0,-2154.0,,,,,,,,,,,,,,,,,,,,,,,,,,
22.64167022705078,,,,,,,,,,,,,,,5.025169,-0.721962,5.680893,-0.1326828,3.941696,-0.3727112,5.756577,-0.9200363,1.511059,-0.6532288,0.5991592,-0.7682571,-0.1096764,-0.5656815,-0.2688675,-0.7014847,-9.345291,-3.423714,-1.305367,-1.393539,-4.498795,-0.9081268,-2.006058,-0.8689346,-1.666191,-0.7199707
22.649999618530273,,,,,,,,,,,,,,,5.062279,-0.7248917,5.718979,-0.1336594,3.987595,-0.3902893,5.816147,-0.9258957,1.543285,-0.6532288,0.6157608,-0.7692337,-0.09698105,-0.5617752,-0.2620316,-0.6897659,-9.337479,-3.426643,-1.314156,-1.38475,-4.490005,-0.9149628,-2.003128,-0.8718643,-1.662285,-0.7072754
22.6583309173584,,,,,,,,,,,,,,,5.096458,-0.7229385,5.761948,-0.1307297,4.029587,-0.4117737,5.878647,-0.9278488,1.576488,-0.657135,0.6313858,-0.7692337,-0.08428574,-0.5588455,-0.2542191,-0.6887894,-9.338455,-3.428596,-1.320992,-1.374008,-4.47731,-0.9198456,-1.996292,-0.8679581,-1.659355,-0.6936035
22.666666666666668,0.0,-331.0,-4.0,-55.0,-2.0,-756.0,-6.0,-2911.0,-1.0,-5540.0,-3.0,-641.0,-1.0,-2156.0,,,,,,,,,,,,,,,,,,,,,,,,,,
22.666669845581055,,,,,,,,,,,,,,,5.128685,-0.7161026,5.801987,-0.1209641,4.075485,-0.4361877,5.94017,-0.9249191,1.607738,-0.6629944,0.6470108,-0.7682571,-0.0696373,-0.5568924,-0.2434769,-0.698555,-9.348221,-3.431526,-1.322945,-1.364243,-4.463638,-0.925705,-1.98555,-0.8562393,-1.655449,-0.6779785
22.674999237060547,,,,,,,,,,,,,,,5.159935,-0.7014542,5.843979,-0.1043625,4.12236,-0.4576721,6.000717,-0.9200363,1.638988,-0.6708069,0.6616592,-0.7633743,-0.05596542,-0.557869,-0.2327347,-0.7171097,-9.366776,-3.436409,-1.320015,-1.35643,-4.444107,-0.9305878,-1.970901,-0.8386612,-1.652519,-0.6652832
22.683330535888672,,,,,,,,,,,,,,,5.189232,-0.6848526,5.884995,-0.08678436,4.172165,-0.4742737,6.063217,-0.9102707,1.666332,-0.6776428,0.6753311,-0.7545853,-0.04522324,-0.5627518,-0.2229691,-0.7434769,-9.38826,-3.439339,-1.318062,-1.351547,-4.428482,-0.9335175,-1.958206,-0.8162003,-1.651543,-0.6584473
22.691669464111328,,,,,,,,,,,,,,,5.216576,-0.6643448,5.92308,-0.07213593,4.225876,-0.4820862,6.125717,-0.8965988,1.691723,-0.6835022,0.6860733,-0.7409134,-0.03350449,-0.5695877,-0.2122269,-0.7737503,-9.411697,-3.442268,-1.310249,-1.350571,-4.419693,-0.9374237,-1.944534,-0.7937393,-1.652519,-0.6594238
22.7,0.0,-330.0,-4.0,-55.0,-2.0,-762.0,-7.0,-2914.0,-1.0,-5541.0,-3.0,-646.0,-1.0,-2158.0,,,,,,,,,,,,,,,,,,,,,,,,,,
22.700000762939453,,,,,,,,,,,,,,,5.245872,-0.6457901,5.961166,-0.05944061,4.282516,-0.4820862,6.188217,-0.8839035,1.717113,-0.688385,0.6977921,-0.7252884,-0.0227623,-0.5813065,-0.2044144,-0.8030472,-9.429276,-3.443245,-1.302437,-1.351547,-4.41188,-0.9384003,-1.939651,-0.7732315,-1.650566,-0.6682129
22.708330154418945,,,,,,,,,,,,,,,5.278099,-0.6301651,5.997299,-0.0545578,4.338181,-0.4723206,6.251694,-0.8721848,1.742504,-0.688385,0.7095108,-0.7116165,-0.01202011,-0.5930252,-0.1946487,-0.8294144,-9.440018,-3.443245,-1.298531,-1.351547,-4.413834,-0.9364471,-1.935745,-0.7585831,-1.651543,-0.6838379
22.7166690826416,,,,,,,,,,,,,,,5.311302,-0.6184464,6.031479,-0.05846405,4.394821,-0.455719,6.314194,-0.8633957,1.765942,-0.6835022,0.720253,-0.7008743,-0.006160736,-0.6057205,-0.1878128,-0.8499222,-9.446854,-3.442268,-1.299507,-1.352524,-4.41774,-0.9315643,-1.940628,-0.7546768,-1.652519,-0.7043457
22.725000381469727,,,,,,,,,,,,,,,5.344505,-0.6145401,6.065659,-0.0701828,4.449509,-0.4371643,6.379623,-0.8585129,1.789379,-0.6805725,0.735878,-0.695015,0.0006752014,-0.6174393,-0.18293,-0.8645706,-9.442947,-3.442268,-1.30439,-1.349594,-4.426529,-0.9217987,-1.95137,-0.7605362,-1.655449,-0.7229004
22.73332977294922,,,,,,,,,,,,,,,5.381615,-0.6184464,6.101791,-0.08678436,4.501266,-0.4205627,6.44603,-0.8575363,1.813793,-0.6747131,0.7524796,-0.6959915,0.005558014,-0.6272049,-0.1780472,-0.8723831,-9.432205,-3.441292,-1.316109,-1.344711,-4.435318,-0.9110565,-1.960159,-0.7722549,-1.660332,-0.7414551
22.733333333333334,0.0,-331.0,-4.0,-53.0,-2.0,-763.0,-7.0,-2916.0,-1.0,-5545.0,-3.0,-651.0,-1.0,-2159.0,,,,,,,,,,,,,,,,,,,,,,,,,,
22.741670608520508,,,,,,,,,,,,,,,5.417747,-0.6301651,6.138901,-0.1063156,4.550095,-0.4068909,6.515366,-0.8614426,1.838207,-0.6669006,0.7729874,-0.7008743,0.009464264,-0.6350174,-0.1741409,-0.8762894,-9.41951,-3.442268,-1.33271,-1.335922,-4.44606,-0.8973846,-1.968948,-0.7927628,-1.670097,-0.7561035
22.75,,,,,,,,,,,,,,,5.45388,-0.6428604,6.179916,-0.1238937,4.598923,-0.3951721,6.584702,-0.8673019,1.861645,-0.6590881,0.7944717,-0.71064,0.01337051,-0.6389236,-0.167305,-0.8762894,-9.409744,-3.446175,-1.350288,-1.321274,-4.453873,-0.8827362,-1.974808,-0.812294,-1.675957,-0.7658691
22.758329391479492,,,,,,,,,,,,,,,5.490013,-0.6565323,6.222885,-0.1385422,4.646774,-0.3873596,6.656967,-0.8721848,1.887035,-0.6561584,0.8179092,-0.719429,0.01825333,-0.6418533,-0.1614456,-0.8753128,-9.399002,-3.450081,-1.36689,-1.306625,-4.460709,-0.8690643,-1.971878,-0.827919,-1.683769,-0.770752
22.766666666666666,0.0,-331.0,-3.0,-51.0,-3.0,-764.0,-7.0,-2917.0,-1.0,-5550.0,-3.0,-655.0,-1.0,-2160.0,,,,,,,,,,,,,,,,,,,,,,,,,,
22.76667022705078,,,,,,,,,,,,,,,5.526146,-0.6702042,6.267807,-0.1492844,4.696579,-0.3834534,6.72728,-0.8780441,1.913403,-0.6581116,0.8413467,-0.7272415,0.02313614,-0.6418533,-0.1526566,-0.8733597,-9.397049,-3.459846,-1.385445,-1.290024,-4.463638,-0.8534393,-1.967972,-0.8406143,-1.691582,-0.7736816
22.774999618530273,,,,,,,,,,,,,,,5.561302,-0.6770401,6.314682,-0.1561203,4.744431,-0.3805237,6.801498,-0.8809738,1.938793,-0.6620178,0.8638077,-0.7360306,0.0319252,-0.6408768,-0.1448441,-0.87043,-9.397049,-3.474495,-1.397163,-1.278305,-4.462662,-0.8397675,-1.961136,-0.8474503,-1.697441,-0.7756348
22.7833309173584,,,,,,,,,,,,,,,5.598412,-0.6780167,6.36351,-0.1580734,4.795212,-0.3795471,6.872787,-0.8819504,1.969067,-0.6717834,0.8833389,-0.74189,0.04071426,-0.6389236,-0.136055,-0.8714066,-9.401932,-3.49012,-1.404976,-1.275375,-4.463638,-0.8290253,-1.952347,-0.8494034,-1.699394,-0.7775879
22.791669845581055,,,,,,,,,,,,,,,5.635521,-0.6731339,6.411362,-0.1570969,4.845993,-0.3815002,6.944077,-0.8799973,2.00227,-0.6893616,0.9048233,-0.7438431,0.05243301,-0.6369705,-0.1272659,-0.8723831,-9.405838,-3.510628,-1.410835,-1.276352,-4.461685,-0.81633,-1.948441,-0.8474503,-1.698418,-0.7814941
22.799999237060547,,,,,,,,,,,,,,,5.674583,-0.6614151,6.461166,-0.1541672,4.898727,-0.3873596,7.016342,-0.8770676,2.036449,-0.7079163,0.9243546,-0.74189,0.0631752,-0.6379471,-0.12043,-0.8733597,-9.408768,-3.531136,-1.412788,-1.283188,-4.461685,-0.8085175,-1.945511,-0.8425674,-1.694511,-0.7883301
22.8,0.0,-331.0,-3.0,-47.0,-3.0,-766.0,-6.0,-2918.0,-1.0,-5557.0,-3.0,-657.0,-1.0,-2167.0,,,,,,,,,,,,,,,,,,,,,,,,,,
22.808330535888672,,,,,,,,,,,,,,,5.715599,-0.6477432,6.512924,-0.1492844,4.951462,-0.393219,7.088608,-0.8741379,2.072582,-0.7274475,0.9458389,-0.74189,0.07587051,-0.6399002,-0.1145706,-0.8772659,-9.405838,-3.551643,-1.410835,-1.292953,-4.465591,-0.8016815,-1.945511,-0.8396378,-1.690605,-0.7971191
22.816669464111328,,,,,,,,,,,,,,,5.755638,-0.6330948,6.564682,-0.1444016,5.001266,-0.4039612,7.162827,-0.8692551,2.109692,-0.7440491,0.9663467,-0.7448196,0.0866127,-0.6438065,-0.1126175,-0.8831253,-9.397049,-3.567268,-1.402046,-1.302719,-4.472427,-0.7977753,-1.947464,-0.8357315,-1.685722,-0.8059082
22.825000762939453,,,,,,,,,,,,,,,5.79763,-0.6164932,6.61937,-0.1375656,5.050095,-0.4205627,7.240952,-0.8663254,2.148754,-0.7577209,0.9917374,-0.7467728,0.09637833,-0.6506424,-0.1116409,-0.8899612,-9.38533,-3.575081,-1.391304,-1.309555,-4.481216,-0.7967987,-1.95137,-0.8308487,-1.679863,-0.8127441
22.833330154418945,,,,,,,,,,,,,,,5.839622,-0.6037979,6.672104,-0.1307297,5.097946,-0.4361877,7.32103,-0.8682785,2.18977,-0.7694397,1.017128,-0.7487259,0.1041908,-0.6584549,-0.1116409,-0.8997269,-9.373611,-3.578011,-1.374702,-1.313461,-4.491959,-0.7987518,-1.952347,-0.8269424,-1.678886,-0.8186035
22.833333333333332,0.0,-334.0,-3.0,-44.0,-3.0,-769.0,-5.0,-2924.0,0.0,-5565.0,-3.0,-657.0,-1.0,-2172.0,,,,,,,,,,,,,,,,,,,,,,,,,,
22.8416690826416,,,,,,,,,,,,,,,5.880638,-0.5930557,6.727768,-0.1248703,5.145798,-0.4518127,7.405014,-0.8741379,2.230785,-0.7752991,1.042519,-0.7487259,0.1100502,-0.667244,-0.1106644,-0.9114456,-9.363846,-3.576057,-1.356148,-1.313461,-4.503677,-0.7997284,-1.955276,-0.8230362,-1.678886,-0.8225098
22.850000381469727,,,,,,,,,,,,,,,5.916771,-0.5823135,6.779526,-0.1180344,5.192673,-0.4674377,7.493881,-0.8829269,2.271801,-0.7782288,1.067909,-0.7477493,0.1168861,-0.6750565,-0.1096878,-0.9221878,-9.351151,-3.570198,-1.333687,-1.312485,-4.51149,-0.8026581,-1.9543,-0.8210831,-1.684746,-0.8225098
22.85832977294922,,,,,,,,,,,,,,,5.95388,-0.5774307,6.831284,-0.1131516,5.241501,-0.4801331,7.581772,-0.8956223,2.313793,-0.7792053,1.09037,-0.7448196,0.1227455,-0.6779861,-0.104805,-0.9358597,-9.346268,-3.563362,-1.313179,-1.314438,-4.513443,-0.8055878,-1.948441,-0.8181534,-1.690605,-0.8215332
22.866666666666667,0.0,-339.0,-3.0,-38.0,-3.0,-771.0,-5.0,-2929.0,0.0,-5573.0,-2.0,-655.0,-1.0,-2170.0,,,,,,,,,,,,,,,,,,,,,,,,,,
22.866670608520508,,,,,,,,,,,,,,,5.98806,-0.5764542,6.878159,-0.1111984,5.291306,-0.4898987,7.672592,-0.9112473,2.353832,-0.7772522,1.110878,-0.7399368,0.1295815,-0.6770096,-0.09699249,-0.9495316,-9.342361,-3.559456,-1.295601,-1.321274,-4.50856,-0.8055878,-1.946487,-0.8162003,-1.699394,-0.8195801
22.875,,,,,,,,,,,,,,,6.020287,-0.5784073,6.922104,-0.1063156,5.343063,-0.4947815,7.761459,-0.9288254,2.394848,-0.7743225,1.126503,-0.7321243,0.1393471,-0.6731033,-0.08625031,-0.9612503,-9.340408,-3.556526,-1.282906,-1.334946,-4.502701,-0.8046112,-1.942581,-0.8152237,-1.705254,-0.8166504
22.883329391479492,,,,,,,,,,,,,,,6.05056,-0.5842667,6.967026,-0.1033859,5.395798,-0.4957581,7.85228,-0.9434738,2.435863,-0.7733459,1.142128,-0.7243118,0.1510658,-0.6691971,-0.07160187,-0.9690628,-9.339432,-3.55555,-1.277046,-1.350571,-4.489029,-0.8036346,-1.937698,-0.8152237,-1.71209,-0.8146973
22.89167022705078,,,,,,,,,,,,,,,6.07888,-0.5930557,7.010971,-0.1033859,5.449509,-0.4918518,7.942123,-0.9561691,2.473949,-0.7713928,1.1558,-0.7184525,0.1647377,-0.6682205,-0.05890656,-0.9729691,-9.342361,-3.55555,-1.278999,-1.369125,-4.476334,-0.8016815,-1.938675,-0.8162003,-1.717949,-0.8117676
22.899999618530273,,,,,,,,,,,,,,,6.107201,-0.605751,7.052963,-0.1053391,5.502243,-0.4840393,8.034897,-0.9630051,2.513012,-0.76651,1.168495,-0.7145462,0.1784096,-0.6691971,-0.04523468,-0.9739456,-9.338455,-3.557503,-1.283882,-1.38768,-4.461685,-0.7997284,-1.939651,-0.8181534,-1.717949,-0.8098145
22.9,0.0,-342.0,-3.0,-35.0,-2.0,-770.0,-5.0,-2931.0,-1.0,-5578.0,-2.0,-654.0,-1.0,-2170.0,,,,,,,,,,,,,,,,,,,,,,,,,,
22.9083309173584,,,,,,,,,,,,,,,6.136497,-0.6203995,7.093002,-0.1102219,5.556931,-0.4742737,8.123764,-0.9639816,2.553051,-0.76651,1.183144,-0.7125931,0.1950111,-0.6740799,-0.03156281,-0.9719925,-9.340408,-3.557503,-1.294624,-1.401352,-4.450943,-0.7977753,-1.949417,-0.8201065,-1.719902,-0.8059082
22.916669845581055,,,,,,,,,,,,,,,6.167747,-0.637001,7.133041,-0.1170578,5.608688,-0.4606018,8.214584,-0.9590988,2.592113,-0.76651,1.201698,-0.71064,0.2096596,-0.682869,-0.02179718,-0.9680862,-9.340408,-3.557503,-1.311226,-1.409164,-4.441177,-0.7977753,-1.963089,-0.8201065,-1.721855,-0.8029785
22.924999237060547,,,,,,,,,,,,,,,6.201927,-0.6506729,7.172104,-0.1287766,5.65947,-0.4459534,8.303452,-0.9503098,2.633129,-0.76651,1.22123,-0.7086868,0.224308,-0.691658,-0.01300812,-0.9622269,-9.341385,-3.558479,-1.324898,-1.413071,-4.438248,-0.800705,-1.976761,-0.8171768,-1.723808,-0.8000488
22.933330535888672,,,,,,,,,,,,,,,6.23806,-0.6633682,7.212143,-0.1453781,5.708298,-0.4303284,8.389389,-0.9405441,2.674145,-0.76651,1.247597,-0.7116165,0.2379799,-0.7004471,-0.005195618,-0.9583206,-9.343338,-3.561409,-1.33857,-1.415024,-4.437271,-0.8085175,-1.991409,-0.8142471,-1.729668,-0.7961426
22.933333333333334,0.0,-344.0,-3.0,-34.0,-2.0,-768.0,-6.0,-2937.0,-1.0,-5581.0,-1.0,-655.0,-1.0,-2170.0,,,,,,,,,,,,,,,,,,,,,,,,,,
22.941669464111328,,,,,,,,,,,,,,,6.279076,-0.6731339,7.251205,-0.1658859,5.757126,-0.4137268,8.476303,-0.9317551,2.716137,-0.7674866,1.275917,-0.7145462,0.2526283,-0.7082596,0.003593445,-0.9553909,-9.346268,-3.564339,-1.353218,-1.413071,-4.438248,-0.8231659,-2.004105,-0.8103409,-1.733574,-0.7932129
22.950000762939453,,,,,,,,,,,,,,,6.323021,-0.6770401,7.291245,-0.1873703,5.804977,-0.4000549,8.560287,-0.9239426,2.758129,-0.7674866,1.30912,-0.7184525,0.2682533,-0.7111893,0.01433563,-0.9553909,-9.350174,-3.571175,-1.364937,-1.413071,-4.44606,-0.840744,-2.010941,-0.8064346,-1.739433,-0.7922363
22.958330154418945,,,,,,,,,,,,,,,6.370872,-0.6799698,7.333237,-0.2098312,5.852829,-0.3844299,8.643295,-0.9171066,2.799145,-0.7655334,1.341347,-0.7252884,0.2848549,-0.7121658,0.02605438,-0.9573441,-9.355057,-3.58094,-1.373726,-1.416,-4.452896,-0.8641815,-2.012894,-0.8015518,-1.741386,-0.7932129
22.966666666666665,0.0,-345.0,-2.0,-36.0,-2.0,-764.0,-7.0,-2941.0,-2.0,-5588.0,-1.0,-659.0,-2.0,-2172.0,,,,,,,,,,,,,,,,,,,,,,,,,,
22.9666690826416,,,,,,,,,,,,,,,6.416771,-0.6809464,7.377182,-0.2283859,5.900681,-0.3697815,8.728256,-0.9141769,2.84016,-0.7586975,1.375526,-0.7360306,0.3004799,-0.7131424,0.03777313,-0.9632034,-9.363846,-3.594612,-1.381538,-1.42186,-4.464615,-0.8866425,-2.008987,-0.7986221,-1.74334,-0.7980957
22.975000381469727,,,,,,,,,,,,,,,6.463646,-0.6828995,7.42308,-0.2430344,5.949509,-0.3590393,8.814194,-0.9132004,2.880199,-0.750885,1.406776,-0.7487259,0.3151283,-0.7160721,0.05144501,-0.9700394,-9.368729,-3.609261,-1.381538,-1.429672,-4.475357,-0.91008,-2.002151,-0.7986221,-1.742363,-0.8029785
22.98332977294922,,,,,,,,,,,,,,,6.507591,-0.6887589,7.472885,-0.2508469,6.00029,-0.3502502,8.902084,-0.9112473,2.920238,-0.7391663,1.43705,-0.7604446,0.3297768,-0.7199783,0.06121063,-0.979805,-9.375565,-3.627815,-1.380562,-1.440414,-4.488052,-0.9276581,-1.992386,-0.7995987,-1.73748,-0.810791
22.991670608520508,,,,,,,,,,,,,,,6.548607,-0.699501,7.51976,-0.2518234,6.052048,-0.3482971,8.996811,-0.9112473,2.959301,-0.7245178,1.464394,-0.7711868,0.340519,-0.7238846,0.06999969,-0.9846878,-9.382401,-3.64637,-1.373726,-1.451157,-4.498795,-0.9374237,-1.987503,-0.8035049,-1.732597,-0.8195801
23.0,0.0,-344.0,-3.0,-41.0,-1.0,-761.0,-8.0,-2942.0,-2.0,-5598.0,-1.0,-665.0,-2.0,-2175.0,6.583763,-0.7131729,7.567612,-0.2469406,6.104782,-0.3492737,9.092514,-0.9112473,3.000317,-0.7118225,1.487831,-0.7770462,0.349308,-0.7277908,0.07488251,-0.9837112,-9.38826,-3.663948,-1.36396,-1.464828,-4.510513,-0.9403534,-1.984573,-0.8083878,-1.725761,-0.8303223
23.008329391479492,,,,,,,,,,,,,,,6.618919,-0.7278214,7.61644,-0.2391281,6.162399,-0.3551331,9.19017,-0.9102707,3.042309,-0.7020569,1.511269,-0.7760696,0.3551674,-0.729744,0.07585907,-0.9758987,-9.395096,-3.68055,-1.353218,-1.476547,-4.51442,-0.9364471,-1.987503,-0.8132706,-1.720879,-0.8410645
23.01667022705078,,,,,,,,,,,,,,,6.650169,-0.7414932,7.666245,-0.2293625,6.220993,-0.3658752,9.293686,-0.9083176,3.083324,-0.6952209,1.535683,-0.7692337,0.3610268,-0.729744,0.07390594,-0.9622269,-9.407791,-3.695198,-1.33857,-1.488266,-4.520279,-0.9266815,-1.996292,-0.8181534,-1.719902,-0.8508301
23.024999618530273,,,,,,,,,,,,,,,6.679466,-0.753212,7.714096,-0.2186203,6.282516,-0.3805237,9.400131,-0.9063644,3.128246,-0.6932678,1.563026,-0.757515,0.3659096,-0.729744,0.06999969,-0.9436722,-9.411697,-3.707893,-1.325874,-1.497055,-4.518326,-0.9149628,-2.005081,-0.8230362,-1.716972,-0.8586426
23.0333309173584,,,,,,,,,,,,,,,6.710716,-0.7590714,7.764877,-0.2108078,6.34697,-0.3941956,9.50853,-0.9063644,3.173168,-0.6971741,1.59037,-0.7399368,0.371769,-0.7287674,0.06804657,-0.9241409,-9.425369,-3.716682,-1.313179,-1.500961,-4.51442,-0.9022675,-2.017776,-0.8259659,-1.719902,-0.8625488
23.033333333333335,0.0,-343.0,-3.0,-46.0,-2.0,-761.0,-8.0,-2944.0,-2.0,-5609.0,-2.0,-668.0,-3.0,-2179.0,,,,,,,,,,,,,,,,,,,,,,,,,,
23.041669845581055,,,,,,,,,,,,,,,6.742943,-0.7571182,7.815659,-0.205925,6.412399,-0.4059143,9.621811,-0.9044113,3.220043,-0.7049866,1.620644,-0.7184525,0.380558,-0.7277908,0.06511688,-0.9094925,-9.433182,-3.722542,-1.300484,-1.502914,-4.506607,-0.8915253,-2.028519,-0.827919,-1.723808,-0.8654785
23.049999237060547,,,,,,,,,,,,,,,6.778099,-0.7502823,7.86644,-0.2029953,6.476852,-0.4156799,9.737045,-0.9024582,3.267895,-0.7137756,1.650917,-0.6998978,0.3893471,-0.7268143,0.06609344,-0.8987503,-9.435135,-3.723518,-1.289742,-1.501938,-4.494888,-0.8846893,-2.036331,-0.8269424,-1.726738,-0.864502
23.058330535888672,,,,,,,,,,,,,,,6.812279,-0.737587,7.915268,-0.2029953,6.544235,-0.4215393,9.853256,-0.9034348,3.316723,-0.7225647,1.68412,-0.6842728,0.4010658,-0.7258377,0.06804657,-0.8958206,-9.436111,-3.722542,-1.27607,-1.494125,-4.48317,-0.8837128,-2.042191,-0.8269424,-1.729668,-0.8615723
23.066666666666666,0.0,-342.0,-4.0,-48.0,-2.0,-764.0,-8.0,-2946.0,-2.0,-5617.0,-3.0,-663.0,-3.0,-2183.0,,,,,,,,,,,,,,,,,,,,,,,,,,
23.066669464111328,,,,,,,,,,,,,,,6.849388,-0.721962,7.965073,-0.2029953,6.608688,-0.4205627,9.97142,-0.907341,3.369457,-0.7303772,1.714394,-0.6735306,0.4147377,-0.722908,0.07195282,-0.8987503,-9.431229,-3.719612,-1.267281,-1.487289,-4.473404,-0.8866425,-2.038284,-0.8288956,-1.729668,-0.8596191
23.075000762939453,,,,,,,,,,,,,,,6.886497,-0.706337,8.013901,-0.2010422,6.671188,-0.4137268,10.08958,-0.9112473,3.421215,-0.7342834,1.74662,-0.6696243,0.4293861,-0.7170486,0.07585907,-0.9046097,-9.418533,-3.716682,-1.255562,-1.482407,-4.467545,-0.8934784,-2.033401,-0.8288956,-1.725761,-0.8586426
23.083330154418945,,,,,,,,,,,,,,,6.92263,-0.6936417,8.057846,-0.1961594,6.732712,-0.4049377,10.20677,-0.9151535,3.473949,-0.73526,1.77494,-0.6715775,0.4469643,-0.7033768,0.08171844,-0.9075394,-9.401932,-3.710823,-1.248726,-1.480453,-4.461685,-0.9061737,-2.024612,-0.8308487,-1.716972,-0.8596191
23.0916690826416,,,,,,,,,,,,,,,6.95974,-0.6848526,8.100815,-0.1883469,6.796188,-0.3941956,10.32396,-0.9171066,3.524731,-0.7333069,1.801308,-0.6784134,0.4645424,-0.6877518,0.08757782,-0.9055862,-9.38826,-3.703011,-1.246773,-1.480453,-4.458755,-0.9159393,-2.009964,-0.8328018,-1.710136,-0.8625488
23.1,0.0,-338.0,-4.0,-46.0,-2.0,-766.0,-8.0,-2948.0,-2.0,-5623.0,-3.0,-654.0,-3.0,-2186.0,,,,,,,,,,,,,,,,,,,,,,,,,,
23.100000381469727,,,,,,,,,,,,,,,6.998802,-0.6770401,8.142807,-0.1815109,6.854782,-0.3805237,10.43431,-0.9171066,3.575512,-0.7303772,1.830605,-0.6891556,0.4840736,-0.6711502,0.09441376,-0.9007034,-9.370682,-3.699104,-1.247749,-1.482407,-4.461685,-0.9217987,-1.993362,-0.8347549,-1.701347,-0.8654785
23.10832977294922,,,,,,,,,,,,,,,7.033958,-0.6731339,8.183823,-0.1717453,6.915329,-0.3658752,10.54857,-0.9102707,3.625317,-0.7284241,1.858925,-0.7067337,0.5016518,-0.6535721,0.1012497,-0.8889847,-9.355057,-3.696175,-1.254585,-1.483383,-4.467545,-0.925705,-1.975784,-0.8347549,-1.691582,-0.8674316
23.116670608520508,,,,,,,,,,,,,,,7.071068,-0.6711807,8.223862,-0.1668625,6.970993,-0.3551331,10.65794,-0.9014816,3.674145,-0.7274475,1.890175,-0.7243118,0.5182533,-0.6408768,0.1100388,-0.8762894,-9.344315,-3.689339,-1.261421,-1.485336,-4.476334,-0.9227753,-1.959183,-0.8376846,-1.686699,-0.8703613
23.125,,,,,,,,,,,,,,,7.11013,-0.668251,8.263901,-0.1678391,7.029587,-0.346344,10.76634,-0.8907394,3.723949,-0.7294006,1.919472,-0.7438431,0.5358315,-0.6340408,0.1198044,-0.8645706,-9.334549,-3.678596,-1.268257,-1.488266,-4.486099,-0.9149628,-1.941605,-0.8386612,-1.68084,-0.8703613
23.133329391479492,,,,,,,,,,,,,,,7.150169,-0.6633682,8.30687,-0.1756516,7.084274,-0.3414612,10.87376,-0.8770676,3.775707,-0.7333069,1.951698,-0.7643509,0.5504799,-0.6311111,0.1305466,-0.854805,-9.32576,-3.664925,-1.274117,-1.491196,-4.498795,-0.903244,-1.925003,-0.8406143,-1.68084,-0.8674316
23.133333333333333,0.0,-334.0,-4.0,-46.0,-2.0,-769.0,-8.0,-2951.0,-2.0,-5625.0,-3.0,-649.0,-3.0,-2187.0,,,,,,,,,,,,,,,,,,,,,,,,,,
23.14167022705078,,,,,,,,,,,,,,,7.193138,-0.6575089,8.349838,-0.1863937,7.141891,-0.3395081,10.98216,-0.8633957,3.832348,-0.7372131,1.986855,-0.7877884,0.5651283,-0.6330643,0.1432419,-0.8479691,-9.319901,-3.6493,-1.278023,-1.493149,-4.51442,-0.8925018,-1.913284,-0.8415909,-1.684746,-0.8615723
23.149999618530273,,,,,,,,,,,,,,,7.237083,-0.6516495,8.396713,-0.2010422,7.199509,-0.3404846,11.09056,-0.8536301,3.891918,-0.7401428,2.023964,-0.8063431,0.5807533,-0.6389236,0.1559372,-0.8460159,-9.317947,-3.629768,-1.278999,-1.494125,-4.524185,-0.8856659,-1.905472,-0.843544,-1.686699,-0.8527832
23.1583309173584,,,,,,,,,,,,,,,7.282982,-0.6477432,8.444565,-0.2117844,7.259079,-0.3434143,11.20189,-0.8487473,3.956371,-0.7420959,2.05912,-0.8209915,0.5944252,-0.6438065,0.1676559,-0.8469925,-9.32283,-3.610237,-1.281929,-1.497055,-4.531021,-0.8807831,-1.902542,-0.8445206,-1.692558,-0.8439941
23.166666666666668,0.0,-329.0,-4.0,-48.0,-3.0,-773.0,-8.0,-2956.0,-2.0,-5629.0,-3.0,-648.0,-3.0,-2184.0,,,,,,,,,,,,,,,,,,,,,,,,,,
23.166669845581055,,,,,,,,,,,,,,,7.32888,-0.6448135,8.496323,-0.2147141,7.322556,-0.3482971,11.31419,-0.8477707,4.020824,-0.7411194,2.094276,-0.8317337,0.6090736,-0.6457596,0.1774216,-0.8518753,-9.327713,-3.595589,-1.284859,-1.501938,-4.535904,-0.87883,-1.904495,-0.843544,-1.696465,-0.833252
23.174999237060547,,,,,,,,,,,,,,,7.374779,-0.643837,8.54808,-0.2078781,7.388962,-0.3522034,11.43138,-0.8487473,4.084301,-0.7372131,2.132362,-0.8375931,0.6227455,-0.6467361,0.1852341,-0.8577347,-9.340408,-3.587776,-1.292671,-1.503891,-4.531998,-0.8768768,-1.907425,-0.8386612,-1.697441,-0.8234863
23.183330535888672,,,,,,,,,,,,,,,7.416771,-0.6428604,8.603745,-0.1942062,7.457321,-0.3561096,11.55247,-0.8526535,4.145824,-0.7342834,2.170448,-0.8375931,0.6403236,-0.6428299,0.1930466,-0.8665237,-9.357986,-3.5868,-1.298531,-1.502914,-4.527115,-0.8739471,-1.911331,-0.8318253,-1.701347,-0.8146973
23.191669464111328,,,,,,,,,,,,,,,7.461693,-0.643837,8.655502,-0.1736984,7.525681,-0.3570862,11.67455,-0.8585129,4.204418,-0.7333069,2.206581,-0.8336868,0.6559486,-0.635994,0.1989059,-0.8762894,-9.381424,-3.593636,-1.310249,-1.499008,-4.515396,-0.8690643,-1.912308,-0.8240128,-1.701347,-0.8078613
23.2,0.0,-331.0,-4.0,-54.0,-3.0,-775.0,-8.0,-2962.0,-1.0,-5633.0,-3.0,-645.0,-3.0,-2181.0,,,,,,,,,,,,,,,,,,,,,,,,,,
23.200000762939453,,,,,,,,,,,,,,,7.504662,-0.6457901,8.70726,-0.1512375,7.593063,-0.3580627,11.79759,-0.8673019,4.257153,-0.7342834,2.245644,-0.828804,0.6745033,-0.629158,0.2047653,-0.886055,-9.401932,-3.606331,-1.319038,-1.493149,-4.50563,-0.8602753,-1.909378,-0.8162003,-1.701347,-0.8010254
23.208330154418945,,,,,,,,,,,,,,,7.546654,-0.6457901,8.759018,-0.1287766,7.65947,-0.3590393,11.92162,-0.8790207,4.305981,-0.7381897,2.282753,-0.8229446,0.6940346,-0.6223221,0.2135544,-0.8977737,-9.424393,-3.621956,-1.325874,-1.483383,-4.491959,-0.8495331,-1.902542,-0.8093643,-1.701347,-0.7990723
23.2166690826416,,,,,,,,,,,,,,,7.590599,-0.6428604,8.808823,-0.1141281,7.723923,-0.3600159,12.04564,-0.8887863,4.348949,-0.7450256,2.322792,-0.8141556,0.7145424,-0.6145096,0.2252731,-0.9075394,-9.440018,-3.641487,-1.331734,-1.472641,-4.481216,-0.8387909,-1.887894,-0.8054581,-1.701347,-0.7980957
23.225000381469727,,,,,,,,,,,,,,,7.633568,-0.637001,8.86058,-0.1043625,7.786423,-0.3600159,12.16869,-0.8965988,4.392895,-0.7528381,2.362831,-0.8063431,0.7350502,-0.6096268,0.2408981,-0.9153519,-9.443924,-3.659065,-1.336617,-1.460922,-4.475357,-0.8290253,-1.875198,-0.8035049,-1.699394,-0.7971191
23.23332977294922,,,,,,,,,,,,,,,7.67556,-0.6301651,8.911362,-0.1004562,7.847946,-0.3639221,12.29271,-0.9014816,4.43684,-0.7596741,2.40287,-0.8004837,0.7536049,-0.6076736,0.2574997,-0.9202347,-9.440018,-3.675667,-1.339546,-1.45018,-4.469498,-0.8221893,-1.861526,-0.8035049,-1.699394,-0.7971191
23.233333333333334,0.0,-335.0,-3.0,-58.0,-3.0,-777.0,-8.0,-2965.0,-2.0,-5639.0,-4.0,-644.0,-3.0,-2181.0,,,,,,,,,,,,,,,,,,,,,,,,,,
23.241670608520508,,,,,,,,,,,,,,,7.720482,-0.6203995,8.964096,-0.1004562,7.907516,-0.3697815,12.4138,-0.9034348,4.481762,-0.7635803,2.444862,-0.7907181,0.7702065,-0.6096268,0.2770309,-0.9221878,-9.430252,-3.688362,-1.340523,-1.444321,-4.461685,-0.81633,-1.851761,-0.8074112,-1.696465,-0.7980957
23.25,,,,,,,,,,,,,,,7.762474,-0.6135635,9.01683,-0.1024094,7.968063,-0.377594,12.54173,-0.9005051,4.532543,-0.7616272,2.486855,-0.7809525,0.7877846,-0.6164627,0.2955856,-0.9241409,-9.412674,-3.698128,-1.339546,-1.441391,-4.458755,-0.8114471,-1.846878,-0.8103409,-1.690605,-0.7961426
23.258329391479492,,,,,,,,,,,,,,,7.804466,-0.6067276,9.073471,-0.1063156,8.029587,-0.3844299,12.66869,-0.8926926,4.585278,-0.7577209,2.528847,-0.7692337,0.8014565,-0.6242752,0.3141403,-0.9251175,-9.39119,-3.704964,-1.336617,-1.443344,-4.453873,-0.8065643,-1.848831,-0.812294,-1.688652,-0.7922363
23.266666666666666,0.0,-338.0,-3.0,-59.0,-3.0,-778.0,-8.0,-2970.0,-2.0,-5646.0,-4.0,-645.0,-3.0,-2184.0,,,,,,,,,,,,,,,,,,,,,,,,,,
23.26667022705078,,,,,,,,,,,,,,,7.848412,-0.6018448,9.128159,-0.112175,8.093063,-0.393219,12.79759,-0.8790207,4.641918,-0.7489319,2.572792,-0.7555618,0.8170815,-0.6350174,0.3278122,-0.9260941,-9.368729,-3.704964,-1.329781,-1.449203,-4.449966,-0.8036346,-1.854691,-0.8132706,-1.685722,-0.7902832
23.274999618530273,,,,,,,,,,,,,,,7.889427,-0.6008682,9.184799,-0.1170578,8.152634,-0.4000549,12.9304,-0.8643723,4.703442,-0.73526,2.612831,-0.7428665,0.8297768,-0.6457596,0.3375778,-0.9300003,-9.349197,-3.701057,-1.315132,-1.457016,-4.44606,-0.800705,-1.86348,-0.8132706,-1.678886,-0.7873535
23.2833309173584,,,,,,,,,,,,,,,7.929466,-0.6018448,9.23558,-0.1209641,8.218063,-0.4039612,13.0681,-0.8526535,4.767895,-0.7206116,2.650917,-0.7301712,0.8434486,-0.6545486,0.3424606,-0.9378128,-9.333572,-3.690315,-1.298531,-1.465805,-4.447037,-0.7967987,-1.870316,-0.812294,-1.673027,-0.7834473
23.291669845581055,,,,,,,,,,,,,,,7.971458,-0.6018448,9.287338,-0.1219406,8.283493,-0.4049377,13.2058,-0.8428879,4.835278,-0.7069397,2.688026,-0.7213821,0.8600502,-0.6643143,0.3444138,-0.9475784,-9.323807,-3.675667,-1.278999,-1.470688,-4.455826,-0.7928925,-1.877151,-0.8103409,-1.664238,-0.7814941
23.299999237060547,,,,,,,,,,,,,,,8.011497,-0.6018448,9.333237,-0.1238937,8.347946,-0.4039612,13.34544,-0.8399582,4.900707,-0.6932678,2.724159,-0.7155228,0.8776283,-0.6721268,0.3405075,-0.9573441,-9.315994,-3.660042,-1.261421,-1.471664,-4.466568,-0.7919159,-1.882034,-0.8074112,-1.657402,-0.7785645
23.3,0.0,-344.0,-3.0,-61.0,-2.0,-781.0,-8.0,-2975.0,-3.0,-5652.0,-4.0,-645.0,-2.0,-2187.0,,,,,,,,,,,,,,,,,,,,,,,,,,
23.308330535888672,,,,,,,,,,,,,,,8.052513,-0.6008682,9.378159,-0.1278,8.415329,-0.4029846,13.489,-0.8399582,4.970043,-0.6805725,2.755409,-0.7135696,0.896183,-0.6750565,0.3405075,-0.96418,-9.313065,-3.645393,-1.243843,-1.469711,-4.488052,-0.793869,-1.886917,-0.8044815,-1.650566,-0.7756348
23.316669464111328,,,,,,,,,,,,,,,8.093529,-0.596962,9.419174,-0.1297531,8.482712,-0.4020081,13.6306,-0.8438644,5.040356,-0.6708069,2.786659,-0.7155228,0.9157143,-0.6750565,0.3405075,-0.9651566,-9.314041,-3.635628,-1.237984,-1.462875,-4.50856,-0.8016815,-1.885941,-0.8005753,-1.64373,-0.7717285
23.325000762939453,,,,,,,,,,,,,,,8.132591,-0.5930557,9.459213,-0.1297531,8.551071,-0.4020081,13.7722,-0.8536301,5.109692,-0.6620178,2.818886,-0.7233353,0.9362221,-0.6740799,0.3453903,-0.9612503,-9.313065,-3.630745,-1.23896,-1.454086,-4.527115,-0.8114471,-1.885941,-0.7937393,-1.641777,-0.7668457
23.333330154418945,,,,,,,,,,,,,,,8.173607,-0.590126,9.499252,-0.1297531,8.62236,-0.4059143,13.91673,-0.8633957,5.181957,-0.6551819,2.852089,-0.7379837,0.9557533,-0.6721268,0.3541794,-0.9534378,-9.315994,-3.631721,-1.245796,-1.44725,-4.546646,-0.825119,-1.883987,-0.7829971,-1.644707,-0.7619629
23.333333333333332,0.0,-350.0,-3.0,-61.0,-1.0,-781.0,-7.0,-2979.0,-3.0,-5658.0,-4.0,-650.0,-2.0,-2186.0,,,,,,,,,,,,,,,,,,,,,,,,,,
23.3416690826416,,,,,,,,,,,,,,,8.213646,-0.5881729,9.544174,-0.1317062,8.694626,-0.4117737,14.06029,-0.876091,5.253246,-0.6502991,2.887245,-0.7516556,0.9782143,-0.6682205,0.3678513,-0.9397659,-9.321854,-3.636604,-1.253609,-1.439438,-4.558365,-0.8456268,-1.883987,-0.7722549,-1.651543,-0.7590332
23.350000381469727,,,,,,,,,,,,,,,8.252708,-0.5911026,9.593979,-0.1317062,8.767868,-0.4176331,14.20287,-0.8887863,5.327465,-0.6444397,2.926308,-0.766304,1.002628,-0.6613846,0.3864059,-0.9251175,-9.32283,-3.645393,-1.265327,-1.433578,-4.564224,-0.8700409,-1.883987,-0.7605362,-1.663261,-0.7600098
23.35832977294922,,,,,,,,,,,,,,,8.291771,-0.596962,9.643784,-0.1297531,8.84111,-0.4215393,14.34251,-0.8995285,5.398754,-0.6356506,2.9683,-0.7789993,1.025089,-0.6535721,0.4049606,-0.9133987,-9.327713,-3.655159,-1.268257,-1.432602,-4.561295,-0.8925018,-1.884964,-0.7468643,-1.675957,-0.7658691
23.366666666666667,0.0,-351.0,-3.0,-60.0,-1.0,-782.0,-7.0,-2980.0,-4.0,-5659.0,-4.0,-657.0,-2.0,-2182.0,,,,,,,,,,,,,,,,,,,,,,,,,,
23.366670608520508,,,,,,,,,,,,,,,8.330833,-0.6037979,9.698471,-0.1258469,8.913376,-0.4234924,14.48119,-0.9092941,5.47102,-0.6297913,3.015175,-0.7868118,1.048527,-0.6457596,0.4254684,-0.9065628,-9.331619,-3.662971,-1.267281,-1.434555,-4.557388,-0.9139862,-1.887894,-0.7380753,-1.685722,-0.7766113
23.375,,,,,,,,,,,,,,,8.368919,-0.6145401,9.755112,-0.1199875,8.983688,-0.4156799,14.62181,-0.9161301,5.541332,-0.6229553,3.063026,-0.7916946,1.071964,-0.6389236,0.44207,-0.9055862,-9.336502,-3.670784,-1.257515,-1.439438,-4.553482,-0.9315643,-1.89473,-0.7312393,-1.695488,-0.7932129
23.383329391479492,,,,,,,,,,,,,,,8.410912,-0.621376,9.813705,-0.112175,9.054001,-0.4059143,14.76341,-0.9171066,5.608715,-0.6170959,3.111855,-0.7868118,1.090519,-0.6350174,0.4567184,-0.9085159,-9.339432,-3.67469,-1.245796,-1.448227,-4.54567,-0.9432831,-1.901566,-0.7292862,-1.701347,-0.8166504
23.39167022705078,,,,,,,,,,,,,,,8.449974,-0.6252823,9.867416,-0.1024094,9.120407,-0.3941956,14.90306,-0.9132004,5.672192,-0.6112366,3.162636,-0.7770462,1.11005,-0.6340408,0.4694138,-0.9153519,-9.341385,-3.673714,-1.232124,-1.462875,-4.540787,-0.9481659,-1.909378,-0.7312393,-1.701347,-0.8439941
23.399999618530273,,,,,,,,,,,,,,,8.491966,-0.6262589,9.922104,-0.09264374,9.18486,-0.3824768,15.04466,-0.9044113,5.737621,-0.6053772,3.211464,-0.7643509,1.125675,-0.635994,0.4791794,-0.9251175,-9.342361,-3.669807,-1.221382,-1.476547,-4.535904,-0.9471893,-1.919144,-0.7380753,-1.699394,-0.8693848
23.4,0.0,-352.0,-3.0,-58.0,-1.0,-785.0,-6.0,-2980.0,-4.0,-5658.0,-3.0,-660.0,-2.0,-2181.0,,,,,,,,,,,,,,,,,,,,,,,,,,
23.4083309173584,,,,,,,,,,,,,,,8.535912,-0.6233292,9.975815,-0.08385468,9.252243,-0.3727112,15.19017,-0.8907394,5.798168,-0.6034241,3.262245,-0.7497025,1.140324,-0.6428299,0.4869919,-0.93293,-9.340408,-3.661995,-1.216499,-1.491196,-4.530045,-0.9393768,-1.924026,-0.7458878,-1.694511,-0.8918457
23.416669845581055,,,,,,,,,,,,,,,8.583763,-0.6184464,10.02855,-0.07408905,9.321579,-0.3688049,15.34154,-0.8741379,5.858715,-0.6044006,3.31205,-0.7340775,1.155949,-0.6535721,0.4948044,-0.9397659,-9.337479,-3.651253,-1.21357,-1.505844,-4.524185,-0.9276581,-1.925003,-0.7546768,-1.689629,-0.9104004
23.424999237060547,,,,,,,,,,,,,,,8.632591,-0.612587,10.08031,-0.06822968,9.390915,-0.3736877,15.49486,-0.8594894,5.919262,-0.6073303,3.358925,-0.719429,1.171574,-0.6662674,0.5026169,-0.9436722,-9.333572,-3.639534,-1.215523,-1.513657,-4.522232,-0.9120331,-1.92598,-0.7615128,-1.68084,-0.9221191
23.433330535888672,,,,,,,,,,,,,,,8.685326,-0.6077042,10.13304,-0.06725311,9.467087,-0.3844299,15.65208,-0.8487473,5.980785,-0.61026,3.403847,-0.7077103,1.193058,-0.6770096,0.5133591,-0.9466019,-9.32869,-3.623909,-1.220406,-1.513657,-4.518326,-0.8934784,-1.92598,-0.7663956,-1.67498,-0.9240723
23.433333333333334,0.0,-350.0,-3.0,-53.0,-1.0,-785.0,-6.0,-2981.0,-4.0,-5660.0,-3.0,-662.0,-1.0,-2182.0,,,,,,,,,,,,,,,,,,,,,,,,,,
23.441669464111328,,,,,,,,,,,,,,,8.73513,-0.6008682,10.18578,-0.06529999,9.543259,-0.393219,15.80931,-0.8409348,6.044262,-0.6131897,3.449745,-0.6989212,1.215519,-0.6848221,0.5221481,-0.9475784,-9.324783,-3.610237,-1.224312,-1.506821,-4.512466,-0.8749237,-1.922073,-0.7683487,-1.670097,-0.9172363
23.450000762939453,,,,,,,,,,,,,,,8.786888,-0.596962,10.23558,-0.06920624,9.617477,-0.4020081,15.97044,-0.8360519,6.105785,-0.6141663,3.49369,-0.695015,1.243839,-0.6887283,0.5309372,-0.9475784,-9.318924,-3.597542,-1.225288,-1.495102,-4.51149,-0.8573456,-1.922073,-0.7673721,-1.664238,-0.904541
23.458330154418945,,,,,,,,,,,,,,,8.837669,-0.5930557,10.28539,-0.07408905,9.69072,-0.4049377,16.12962,-0.8350754,6.173168,-0.6131897,3.535683,-0.695015,1.273136,-0.6877518,0.5407028,-0.9466019,-9.317947,-3.587776,-1.225288,-1.48143,-4.51149,-0.8426971,-1.92305,-0.765419,-1.660332,-0.8869629
23.466666666666665,0.0,-349.0,-3.0,-49.0,-1.0,-784.0,-7.0,-2979.0,-3.0,-5665.0,-3.0,-661.0,-1.0,-2185.0,,,,,,,,,,,,,,,,,,,,,,,,,,
23.4666690826416,,,,,,,,,,,,,,,8.887474,-0.5862198,10.33617,-0.07897186,9.759079,-0.4029846,16.28587,-0.8370285,6.240551,-0.6092834,3.580605,-0.6969681,1.305363,-0.6848221,0.5504684,-0.9446487,-9.318924,-3.581917,-1.221382,-1.467758,-4.51149,-0.8348846,-1.925003,-0.7644424,-1.658379,-0.8664551
23.475000381469727,,,,,,,,,,,,,,,8.933372,-0.5793839,10.38597,-0.08287811,9.826462,-0.3951721,16.43724,-0.8380051,6.30891,-0.6034241,3.62455,-0.6998978,1.337589,-0.6789627,0.5582809,-0.9426956,-9.318924,-3.582893,-1.215523,-1.457016,-4.512466,-0.8329315,-1.926956,-0.7644424,-1.657402,-0.8479004
23.48332977294922,,,,,,,,,,,,,,,8.980247,-0.5725479,10.43382,-0.08385468,9.888962,-0.3795471,16.58763,-0.8370285,6.382153,-0.5965881,3.672401,-0.7028275,1.367863,-0.6731033,0.5680466,-0.9407425,-9.323807,-3.590706,-1.209663,-1.451157,-4.510513,-0.8358612,-1.928909,-0.7644424,-1.656425,-0.8303223
23.491670608520508,,,,,,,,,,,,,,,9.025169,-0.5647354,10.48558,-0.08287811,9.953415,-0.3629456,16.73216,-0.8331223,6.457348,-0.594635,3.72123,-0.7057571,1.39716,-0.6662674,0.5739059,-0.9378128,-9.32869,-3.604378,-1.203804,-1.451157,-4.512466,-0.8456268,-1.931839,-0.765419,-1.656425,-0.8215332
23.5,0.0,-347.0,-3.0,-46.0,-1.0,-785.0,-7.0,-2978.0,-2.0,-5670.0,-3.0,-660.0,-1.0,-2187.0,9.071068,-0.5608292,10.53831,-0.07994843,10.01982,-0.3453674,16.87572,-0.8272629,6.53352,-0.5965881,3.772987,-0.7047806,1.42548,-0.6613846,0.5797653,-0.9319534,-9.335526,-3.623909,-1.196968,-1.458969,-4.513443,-0.8612518,-1.932816,-0.7693253,-1.658379,-0.8195801
23.508329391479492,,,,,,,,,,,,,,,9.118919,-0.5559464,10.59007,-0.07604218,10.09306,-0.3297424,17.02025,-0.8204269,6.611645,-0.6053772,3.823769,-0.6989212,1.451847,-0.6584549,0.5866013,-0.9260941,-9.340408,-3.645393,-1.190132,-1.465805,-4.516373,-0.8749237,-1.928909,-0.7722549,-1.657402,-0.8254395
23.51667022705078,,,,,,,,,,,,,,,9.166771,-0.5520401,10.64085,-0.07311249,10.16924,-0.3190002,17.1638,-0.8155441,6.68684,-0.6161194,3.87748,-0.6940384,1.478214,-0.6584549,0.5895309,-0.9212112,-9.344315,-3.663948,-1.188179,-1.471664,-4.520279,-0.8866425,-1.924026,-0.7742081,-1.659355,-0.8342285
23.524999618530273,,,,,,,,,,,,,,,9.217552,-0.550087,10.69261,-0.07506561,10.24834,-0.3131409,17.30833,-0.813591,6.763012,-0.6278381,3.930214,-0.6852493,1.502628,-0.6613846,0.5934372,-0.9133987,-9.347244,-3.681526,-1.187202,-1.473618,-4.526138,-0.8973846,-1.919144,-0.7742081,-1.662285,-0.8459473
23.5333309173584,,,,,,,,,,,,,,,9.268333,-0.5510635,10.74242,-0.07994843,10.32744,-0.3111877,17.46068,-0.813591,6.836254,-0.6424866,3.982948,-0.6754837,1.528019,-0.6682205,0.5934372,-0.9046097,-9.344315,-3.688362,-1.187202,-1.471664,-4.531998,-0.903244,-1.912308,-0.7722549,-1.665215,-0.8557129
23.533333333333335,0.0,-344.0,-3.0,-47.0,-1.0,-783.0,-7.0,-2975.0,-2.0,-5673.0,-3.0,-657.0,-1.0,-2187.0,,,,,,,,,,,,,,,,,,,,,,,,,,
23.541669845581055,,,,,,,,,,,,,,,9.318138,-0.5530167,10.7932,-0.08873749,10.40654,-0.3141174,17.61693,-0.8174973,6.90852,-0.6542053,4.036659,-0.6666946,1.55048,-0.6731033,0.5934372,-0.8938675,-9.340408,-3.686409,-1.185249,-1.465805,-4.538834,-0.9051971,-1.903519,-0.7683487,-1.665215,-0.8596191
23.549999237060547,,,,,,,,,,,,,,,9.367943,-0.5559464,10.84593,-0.1024094,10.48174,-0.3180237,17.7722,-0.8272629,6.975903,-0.6600647,4.088417,-0.6588821,1.571964,-0.6789627,0.5934372,-0.886055,-9.332596,-3.675667,-1.184273,-1.454086,-4.546646,-0.903244,-1.898636,-0.7634659,-1.661308,-0.8537598
23.558330535888672,,,,,,,,,,,,,,,9.416771,-0.5608292,10.89867,-0.1170578,10.55693,-0.3199768,17.93529,-0.8389816,7.047192,-0.6610413,4.142128,-0.6510696,1.593449,-0.6857986,0.5973434,-0.8821487,-9.319901,-3.656136,-1.18232,-1.439438,-4.547623,-0.8973846,-1.893753,-0.7556534,-1.658379,-0.8410645
23.566666666666666,0.0,-344.0,-3.0,-50.0,-1.0,-779.0,-7.0,-2973.0,-1.0,-5677.0,-3.0,-659.0,-1.0,-2187.0,,,,,,,,,,,,,,,,,,,,,,,,,,
23.566669464111328,,,,,,,,,,,,,,,9.464622,-0.5696182,10.95628,-0.1307297,10.6292,-0.3190002,18.10033,-0.8477707,7.115551,-0.6561584,4.196815,-0.6432571,1.611027,-0.6877518,0.6002731,-0.8821487,-9.311111,-3.633675,-1.180367,-1.424789,-4.546646,-0.8934784,-1.88887,-0.7449112,-1.652519,-0.8254395
23.575000762939453,,,,,,,,,,,,,,,9.515404,-0.581337,11.0139,-0.1424484,10.70146,-0.315094,18.26537,-0.8536301,7.18684,-0.6483459,4.250526,-0.6393509,1.630558,-0.6857986,0.6090622,-0.8880081,-9.302322,-3.607307,-1.177437,-1.411118,-4.541763,-0.8885956,-1.885941,-0.7351456,-1.644707,-0.8098145
23.583330154418945,,,,,,,,,,,,,,,9.566185,-0.5940323,11.07445,-0.1522141,10.77373,-0.3072815,18.42845,-0.8546066,7.263012,-0.6385803,4.305214,-0.6383743,1.651066,-0.6809158,0.6188278,-0.8987503,-9.29451,-3.582893,-1.178413,-1.400375,-4.532974,-0.8817596,-1.883987,-0.7273331,-1.633965,-0.7971191
23.5916690826416,,,,,,,,,,,,,,,9.619896,-0.6028214,11.13597,-0.1580734,10.84795,-0.3023987,18.59251,-0.8526535,7.34309,-0.6297913,4.361855,-0.6403275,1.669621,-0.6731033,0.6344528,-0.9104691,-9.289627,-3.563362,-1.17939,-1.394516,-4.522232,-0.8739471,-1.881058,-0.7224503,-1.630058,-0.7893066
23.6,0.0,-346.0,-3.0,-53.0,-1.0,-777.0,-7.0,-2973.0,-1.0,-5687.0,-3.0,-663.0,-1.0,-2188.0,,,,,,,,,,,,,,,,,,,,,,,,,,
23.600000381469727,,,,,,,,,,,,,,,9.67556,-0.6096573,11.19261,-0.1610031,10.92216,-0.2965393,18.75267,-0.8467941,7.427074,-0.6229553,4.418495,-0.6471634,1.693058,-0.6652908,0.6510544,-0.9212112,-9.285721,-3.548714,-1.18232,-1.391586,-4.510513,-0.8671112,-1.882034,-0.7175674,-1.624199,-0.7912598
23.60832977294922,,,,,,,,,,,,,,,9.737083,-0.6106339,11.24925,-0.1610031,10.99345,-0.2906799,18.9099,-0.8370285,7.517895,-0.6190491,4.477089,-0.6608353,1.714542,-0.6574783,0.6696091,-0.9290237,-9.283768,-3.538948,-1.190132,-1.392563,-4.499771,-0.8583221,-1.884964,-0.7126846,-1.624199,-0.7980957
23.616670608520508,,,,,,,,,,,,,,,9.798607,-0.6018448,11.30394,-0.1600266,11.06474,-0.2955627,19.06419,-0.8223801,7.611645,-0.6190491,4.53373,-0.6754837,1.74091,-0.6525955,0.6881638,-0.93293,-9.282791,-3.533089,-1.193062,-1.397446,-4.488052,-0.8485565,-1.88887,-0.7068253,-1.627129,-0.8078613
23.625,,,,,,,,,,,,,,,9.862083,-0.5871964,11.35765,-0.1570969,11.13213,-0.3023987,19.21751,-0.8067551,7.706371,-0.6249084,4.591347,-0.6901321,1.7663,-0.6506424,0.7086716,-0.9319534,-9.280838,-3.529182,-1.192085,-1.406235,-4.48024,-0.8397675,-1.896683,-0.7009659,-1.633965,-0.8195801
23.633329391479492,,,,,,,,,,,,,,,9.92556,-0.565712,11.40843,-0.1512375,11.19853,-0.3102112,19.37279,-0.7891769,7.801098,-0.6327209,4.648964,-0.703804,1.790714,-0.6506424,0.7291794,-0.9270706,-9.276932,-3.527229,-1.191109,-1.416,-4.475357,-0.8339081,-1.905472,-0.6921768,-1.637871,-0.8312988
23.633333333333333,0.0,-351.0,-4.0,-53.0,-1.0,-774.0,-7.0,-2977.0,-1.0,-5698.0,-3.0,-667.0,-1.0,-2193.0,,,,,,,,,,,,,,,,,,,,,,,,,,
23.64167022705078,,,,,,,,,,,,,,,9.99099,-0.5422745,11.45824,-0.1424484,11.26396,-0.3180237,19.52708,-0.7725754,7.889965,-0.6395569,4.705605,-0.7116165,1.813175,-0.6525955,0.7487106,-0.9212112,-9.273026,-3.527229,-1.191109,-1.425766,-4.472427,-0.8300018,-1.918167,-0.6814346,-1.645683,-0.8400879
23.649999618530273,,,,,,,,,,,,,,,10.05447,-0.5198135,11.51097,-0.1336594,11.3333,-0.3238831,19.68626,-0.7579269,7.977856,-0.6463928,4.759315,-0.7135696,1.836613,-0.6555252,0.7692184,-0.9153519,-9.26619,-3.530159,-1.186226,-1.431625,-4.471451,-0.8260956,-1.927933,-0.6706924,-1.654472,-0.8479004
23.6583309173584,,,,,,,,,,,,,,,10.11892,-0.503212,11.56273,-0.1258469,11.40263,-0.3248596,19.84837,-0.7462082,8.063793,-0.6522522,4.81205,-0.7096634,1.859074,-0.6565018,0.7867966,-0.9114456,-9.258377,-3.534065,-1.183296,-1.436508,-4.472427,-0.8221893,-1.935745,-0.6599503,-1.657402,-0.8547363
23.666666666666668,0.0,-354.0,-4.0,-53.0,-1.0,-773.0,-7.0,-2984.0,-1.0,-5705.0,-3.0,-672.0,-1.0,-2199.0,,,,,,,,,,,,,,,,,,,,,,,,,,
23.666669845581055,,,,,,,,,,,,,,,10.18142,-0.4924698,11.61546,-0.1151047,11.47588,-0.3209534,20.01341,-0.7383957,8.143871,-0.6551819,4.865761,-0.7008743,1.878605,-0.6555252,0.8073044,-0.9124222,-9.249588,-3.540901,-1.181343,-1.439438,-4.473404,-0.8212128,-1.936722,-0.6540909,-1.660332,-0.8596191
23.674999237060547,,,,,,,,,,,,,,,10.24294,-0.487587,11.67015,-0.1053391,11.554,-0.315094,20.1804,-0.7383957,8.221996,-0.6551819,4.913612,-0.688179,1.900089,-0.6535721,0.8248825,-0.9153519,-9.233963,-3.54969,-1.17939,-1.439438,-4.478287,-0.8192596,-1.934769,-0.6521378,-1.660332,-0.864502
23.683330535888672,,,,,,,,,,,,,,,10.30447,-0.4885635,11.72581,-0.09654999,11.63506,-0.3072815,20.35033,-0.7442551,8.300121,-0.6561584,4.964394,-0.6764603,1.92255,-0.6486893,0.8444138,-0.9192581,-9.217361,-3.556526,-1.178413,-1.437485,-4.481216,-0.8143768,-1.928909,-0.6531143,-1.657402,-0.8674316
23.691669464111328,,,,,,,,,,,,,,,10.36501,-0.4934464,11.7805,-0.08873749,11.71806,-0.2984924,20.52025,-0.7549973,8.375317,-0.6581116,5.015175,-0.6686478,1.945011,-0.6399002,0.8580856,-0.9231644,-9.201736,-3.564339,-1.178413,-1.434555,-4.488052,-0.8104706,-1.92012,-0.6550674,-1.653496,-0.8684082
23.7,0.0,-351.0,-3.0,-50.0,-1.0,-771.0,-7.0,-2993.0,-2.0,-5709.0,-3.0,-675.0,-1.0,-2201.0,,,,,,,,,,,,,,,,,,,,,,,,,,
23.700000762939453,,,,,,,,,,,,,,,10.42263,-0.5012589,11.83519,-0.07994843,11.80009,-0.2906799,20.68822,-0.7657394,8.454418,-0.6629944,5.067909,-0.6647415,1.969425,-0.629158,0.8727341,-0.9241409,-9.184158,-3.570198,-1.174507,-1.428696,-4.493912,-0.8065643,-1.903519,-0.6589737,-1.64959,-0.864502
23.708330154418945,,,,,,,,,,,,,,,10.48122,-0.5071182,11.89183,-0.07213593,11.87822,-0.2877502,20.85619,-0.7764816,8.535473,-0.6688538,5.12162,-0.6627884,1.994816,-0.6193924,0.8864059,-0.9192581,-9.170486,-3.570198,-1.167671,-1.424789,-4.501724,-0.8026581,-1.892776,-0.6628799,-1.645683,-0.857666
23.7166690826416,,,,,,,,,,,,,,,10.53786,-0.5110245,11.94456,-0.06529999,11.95244,-0.2877502,21.0222,-0.7862473,8.617504,-0.6747131,5.177284,-0.6627884,2.021183,-0.6106033,0.8961716,-0.9085159,-9.159744,-3.568245,-1.157906,-1.42186,-4.50563,-0.7987518,-1.880081,-0.6658096,-1.644707,-0.8518066
23.725000381469727,,,,,,,,,,,,,,,10.59646,-0.5159073,11.99632,-0.06432343,12.01982,-0.2897034,21.18626,-0.7960129,8.707348,-0.6815491,5.235878,-0.6647415,2.051456,-0.6057205,0.9020309,-0.8909378,-9.151932,-3.562386,-1.14814,-1.41893,-4.510513,-0.7967987,-1.874222,-0.6648331,-1.642754,-0.8449707
23.73332977294922,,,,,,,,,,,,,,,10.65505,-0.5198135,12.04808,-0.0701828,12.08427,-0.2926331,21.34837,-0.8057785,8.804028,-0.6864319,5.294472,-0.6657181,2.08173,-0.6086502,0.9059372,-0.8714066,-9.149002,-3.554573,-1.139351,-1.416,-4.51149,-0.7958221,-1.868362,-0.6619034,-1.645683,-0.8352051
23.733333333333334,0.0,-348.0,-3.0,-47.0,0.0,-770.0,-6.0,-3001.0,-2.0,-5713.0,-3.0,-677.0,-1.0,-2205.0,,,,,,,,,,,,,,,,,,,,,,,,,,
23.741670608520508,,,,,,,,,,,,,,,10.71365,-0.5227432,12.09984,-0.08287811,12.1458,-0.2965393,21.51146,-0.8126144,8.903637,-0.6854553,5.359901,-0.6647415,2.114933,-0.6184158,0.9059372,-0.8499222,-9.146072,-3.545784,-1.126656,-1.419907,-4.50856,-0.7928925,-1.861526,-0.6579971,-1.648613,-0.8303223
23.75,,,,,,,,,,,,,,,10.77029,-0.5256729,12.15062,-0.1014328,12.20537,-0.299469,21.67259,-0.8204269,9.006176,-0.6795959,5.425331,-0.6588821,2.14716,-0.6350174,0.9088669,-0.8313675,-9.146072,-3.536018,-1.114937,-1.425766,-4.503677,-0.7909393,-1.859573,-0.6511612,-1.654472,-0.8322754
23.758329391479492,,,,,,,,,,,,,,,10.82595,-0.5266495,12.19945,-0.1238937,12.26982,-0.2975159,21.83665,-0.8272629,9.109692,-0.6698303,5.49369,-0.6491165,2.180363,-0.6545486,0.91082,-0.8167191,-9.146072,-3.528206,-1.106148,-1.437485,-4.496841,-0.7880096,-1.854691,-0.6443253,-1.656425,-0.8381348
23.766666666666666,0.0,-349.0,-4.0,-45.0,0.0,-767.0,-6.0,-3005.0,-2.0,-5718.0,-3.0,-679.0,-2.0,-2212.0,,,,,,,,,,,,,,,,,,,,,,,,,,
23.76667022705078,,,,,,,,,,,,,,,10.88064,-0.5256729,12.2473,-0.1492844,12.33916,-0.2945862,22.00365,-0.8321457,9.208324,-0.657135,5.564003,-0.6383743,2.213566,-0.6740799,0.9137497,-0.80793,-9.145096,-3.523323,-1.100288,-1.452133,-4.490982,-0.7860565,-1.852737,-0.6365128,-1.660332,-0.8430176
23.774999618530273,,,,,,,,,,,,,,,10.9363,-0.5207901,12.2971,-0.174675,12.41631,-0.2877502,22.17357,-0.8311691,9.302074,-0.64151,5.633339,-0.6286087,2.244816,-0.6906815,0.9235153,-0.8040237,-9.140213,-3.517464,-1.095406,-1.471664,-4.489029,-0.7841034,-1.847855,-0.6316299,-1.661308,-0.8508301
23.7833309173584,,,,,,,,,,,,,,,10.99099,-0.5149307,12.34593,-0.1951828,12.49736,-0.2799377,22.34837,-0.8223801,9.386059,-0.6249084,5.703651,-0.6207962,2.275089,-0.7024002,0.9381638,-0.8050003,-9.13826,-3.511604,-1.092476,-1.492172,-4.487076,-0.7841034,-1.845901,-0.6316299,-1.658379,-0.8547363
23.791669845581055,,,,,,,,,,,,,,,11.04665,-0.5100479,12.39574,-0.2098312,12.58427,-0.2721252,22.5222,-0.8106613,9.461254,-0.6083069,5.767128,-0.6178665,2.304386,-0.7092361,0.9557419,-0.80793,-9.137283,-3.506721,-1.092476,-1.513657,-4.488052,-0.7860565,-1.841995,-0.6365128,-1.656425,-0.8566895
23.799999237060547,,,,,,,,,,,,,,,11.1072,-0.5041885,12.44945,-0.2186203,12.67119,-0.2662659,22.69505,-0.7940598,9.532543,-0.5926819,5.826698,-0.6207962,2.333683,-0.7092361,0.9772263,-0.8137894,-9.13533,-3.497932,-1.091499,-1.531235,-4.492935,-0.7880096,-1.842972,-0.6462784,-1.650566,-0.8566895
23.8,0.0,-352.0,-5.0,-41.0,-1.0,-764.0,-7.0,-3006.0,-2.0,-5725.0,-3.0,-681.0,-2.0,-2218.0,,,,,,,,,,,,,,,,,,,,,,,,,,
23.808330535888672,,,,,,,,,,,,,,,11.17263,-0.5002823,12.50804,-0.2205734,12.75908,-0.2613831,22.86302,-0.7755051,9.596996,-0.57901,5.879433,-0.6286087,2.364933,-0.7043533,0.9967575,-0.8196487,-9.139236,-3.49012,-1.092476,-1.547836,-4.494888,-0.7899628,-1.846878,-0.6570206,-1.64666,-0.8547363
23.816669464111328,,,,,,,,,,,,,,,11.24197,-0.5012589,12.56956,-0.2166672,12.84599,-0.2574768,23.02611,-0.7608566,9.665356,-0.5672913,5.927284,-0.641304,2.39423,-0.6975174,1.018242,-0.8255081,-9.143143,-3.483284,-1.089546,-1.554672,-4.497818,-0.7919159,-1.851761,-0.6697159,-1.641777,-0.8537598
23.825000762939453,,,,,,,,,,,,,,,11.31423,-0.5061417,12.63792,-0.205925,12.92998,-0.2565002,23.18333,-0.751091,9.736645,-0.5545959,5.974159,-0.6579056,2.42255,-0.6887283,1.03582,-0.8294144,-9.147049,-3.476448,-1.089546,-1.554672,-4.493912,-0.7928925,-1.851761,-0.6765518,-1.635918,-0.8518066
23.833330154418945,,,,,,,,,,,,,,,11.38943,-0.512001,12.70628,-0.1922531,13.00908,-0.2565002,23.33275,-0.7462082,9.810863,-0.5438538,6.019081,-0.6715775,2.449894,-0.676033,1.054375,-0.8323441,-9.149979,-3.473518,-1.08271,-1.549789,-4.490005,-0.7899628,-1.853714,-0.6785049,-1.633965,-0.8537598
23.833333333333332,0.0,-353.0,-5.0,-37.0,-1.0,-763.0,-7.0,-3012.0,-3.0,-5732.0,-3.0,-687.0,-3.0,-2220.0,,,,,,,,,,,,,,,,,,,,,,,,,,
23.8416690826416,,,,,,,,,,,,,,,11.4656,-0.5207901,12.77562,-0.1756516,13.0872,-0.2555237,23.48119,-0.7481613,9.888012,-0.5331116,6.067909,-0.6803665,2.475285,-0.6594315,1.071953,-0.8333206,-9.148026,-3.475471,-1.077827,-1.537094,-4.48317,-0.7831268,-1.850784,-0.6745987,-1.630058,-0.8605957
23.850000381469727,,,,,,,,,,,,,,,11.54079,-0.534462,12.84398,-0.1610031,13.16142,-0.2535706,23.63255,-0.7569504,9.972973,-0.5233459,6.119667,-0.6842728,2.499699,-0.6457596,1.090508,-0.8313675,-9.144119,-3.480354,-1.070015,-1.520493,-4.476334,-0.7743378,-1.845901,-0.6589737,-1.629082,-0.8674316
23.85832977294922,,,,,,,,,,,,,,,11.61501,-0.5491104,12.90648,-0.1483078,13.23271,-0.2496643,23.78783,-0.7696457,10.05891,-0.5155334,6.174355,-0.6813431,2.52216,-0.6301346,1.113945,-0.8255081,-9.13533,-3.489143,-1.060249,-1.504868,-4.470474,-0.7645721,-1.837112,-0.6423721,-1.630058,-0.8742676
23.866666666666667,0.0,-351.0,-5.0,-34.0,-1.0,-763.0,-8.0,-3019.0,-3.0,-5737.0,-3.0,-689.0,-3.0,-2223.0,,,,,,,,,,,,,,,,,,,,,,,,,,
23.866670608520508,,,,,,,,,,,,,,,11.68728,-0.5637589,12.96996,-0.1404953,13.30205,-0.2467346,23.94896,-0.7891769,10.14582,-0.5106506,6.234901,-0.6706009,2.545597,-0.6145096,1.137383,-0.8176956,-9.122635,-3.499886,-1.050484,-1.489243,-4.463638,-0.7548065,-1.824417,-0.6238174,-1.631035,-0.8820801
23.875,,,,,,,,,,,,,,,11.75564,-0.5823135,13.02757,-0.1356125,13.37041,-0.2418518,24.11595,-0.8106613,10.23762,-0.5067444,6.293495,-0.6559525,2.570011,-0.6027908,1.162773,-0.8059769,-9.10701,-3.512581,-1.042671,-1.4785,-4.456802,-0.7440643,-1.813675,-0.6072159,-1.636894,-0.8869629
23.883329391479492,,,,,,,,,,,,,,,11.824,-0.6008682,13.08617,-0.1346359,13.43681,-0.236969,24.28294,-0.8301926,10.33039,-0.5047913,6.355995,-0.6403275,2.594425,-0.5949783,1.187187,-0.7981644,-9.094315,-3.523323,-1.035835,-1.470688,-4.447037,-0.7323456,-1.802933,-0.5974503,-1.644707,-0.8859863
23.89167022705078,,,,,,,,,,,,,,,11.8904,-0.6184464,13.14769,-0.1375656,13.50517,-0.2320862,24.44896,-0.8487473,10.42219,-0.5047913,6.415565,-0.625679,2.620792,-0.5920486,1.206718,-0.792305,-9.084549,-3.530159,-1.028999,-1.468735,-4.442154,-0.7255096,-1.794144,-0.593544,-1.650566,-0.8830566
23.899999618530273,,,,,,,,,,,,,,,11.95779,-0.6340714,13.21214,-0.1395187,13.57549,-0.2262268,24.61302,-0.860466,10.51887,-0.5047913,6.476112,-0.6149368,2.646183,-0.5920486,1.225273,-0.7903519,-9.076736,-3.533089,-1.024117,-1.469711,-4.436295,-0.72258,-1.786331,-0.5974503,-1.656425,-0.8762207
23.9,0.0,-348.0,-5.0,-31.0,-1.0,-762.0,-8.0,-3023.0,-3.0,-5742.0,-3.0,-690.0,-2.0,-2225.0,,,,,,,,,,,,,,,,,,,,,,,,,,
23.9083309173584,,,,,,,,,,,,,,,12.02712,-0.6448135,13.27855,-0.1385422,13.64677,-0.2184143,24.77025,-0.8673019,10.61555,-0.5028381,6.535683,-0.610054,2.673527,-0.5930252,1.237968,-0.7952347,-9.074783,-3.533089,-1.019234,-1.472641,-4.430435,-0.72258,-1.781448,-0.6062393,-1.660332,-0.8674316
23.916669845581055,,,,,,,,,,,,,,,12.10232,-0.6516495,13.34789,-0.1365891,13.72099,-0.2106018,24.92259,-0.8663254,10.71028,-0.4999084,6.595253,-0.6129837,2.700871,-0.5930252,1.245781,-0.8050003,-9.07283,-3.528206,-1.018257,-1.4785,-4.428482,-0.7274628,-1.773636,-0.6160049,-1.659355,-0.8586426
23.924999237060547,,,,,,,,,,,,,,,12.17849,-0.6496964,13.41527,-0.1336594,13.79521,-0.2008362,25.07103,-0.860466,10.80305,-0.4940491,6.659706,-0.6188431,2.725285,-0.5920486,1.25457,-0.8186722,-9.069901,-3.520393,-1.019234,-1.485336,-4.429459,-0.7362518,-1.76973,-0.6277237,-1.657402,-0.848877
23.933330535888672,,,,,,,,,,,,,,,12.25954,-0.6418839,13.48167,-0.1317062,13.86943,-0.1930237,25.21751,-0.8497238,10.89094,-0.4881897,6.725136,-0.6276321,2.751652,-0.5900955,1.261406,-0.8352737,-9.069901,-3.510628,-1.022163,-1.491196,-4.431412,-0.7499237,-1.76387,-0.6365128,-1.650566,-0.8361816
23.933333333333334,0.0,-348.0,-5.0,-31.0,-1.0,-760.0,-8.0,-3027.0,-2.0,-5748.0,-3.0,-693.0,-2.0,-2225.0,,,,,,,,,,,,,,,,,,,,,,,,,,
23.941669464111328,,,,,,,,,,,,,,,12.34451,-0.6311417,13.54515,-0.1287766,13.94072,-0.1871643,25.364,-0.8389816,10.97688,-0.4823303,6.791542,-0.6393509,2.776066,-0.5861893,1.273125,-0.8469925,-9.061111,-3.498909,-1.025093,-1.496078,-4.438248,-0.7645721,-1.759964,-0.6413956,-1.642754,-0.8244629
23.950000762939453,,,,,,,,,,,,,,,12.43435,-0.6135635,13.6057,-0.1278,14.01201,-0.1861877,25.51244,-0.8311691,11.05696,-0.4754944,6.859901,-0.6520462,2.80048,-0.5813065,1.287773,-0.8577347,-9.054276,-3.488167,-1.031929,-1.503891,-4.444107,-0.7801971,-1.756058,-0.6433487,-1.631035,-0.810791
23.958330154418945,,,,,,,,,,,,,,,12.52419,-0.5940323,13.66234,-0.1287766,14.08037,-0.1891174,25.66087,-0.8243332,11.13606,-0.4735413,6.925331,-0.6598587,2.825871,-0.5744705,1.307304,-0.8645706,-9.042557,-3.480354,-1.034859,-1.50975,-4.453873,-0.7948456,-1.755081,-0.6462784,-1.625175,-0.7932129
23.966666666666665,0.0,-347.0,-4.0,-35.0,-1.0,-760.0,-7.0,-3031.0,-2.0,-5753.0,-4.0,-695.0,-2.0,-2229.0,,,,,,,,,,,,,,,,,,,,,,,,,,
23.9666690826416,,,,,,,,,,,,,,,12.61404,-0.5715714,13.71898,-0.1287766,14.14677,-0.1949768,25.81126,-0.8214035,11.21321,-0.4774475,6.991737,-0.6627884,2.851261,-0.5705643,1.327812,-0.8655472,-9.031815,-3.474495,-1.042671,-1.516586,-4.459732,-0.8055878,-1.759964,-0.6472549,-1.617363,-0.7727051
23.975000381469727,,,,,,,,,,,,,,,12.70193,-0.550087,13.7766,-0.1268234,14.21611,-0.2047424,25.96263,-0.8194504,11.29133,-0.48526,7.055214,-0.663765,2.877628,-0.5695877,1.352226,-0.8626175,-9.021072,-3.471565,-1.043648,-1.522446,-4.468521,-0.8143768,-1.7668,-0.6482315,-1.614433,-0.7473145
23.98332977294922,,,,,,,,,,,,,,,12.78884,-0.527626,13.83421,-0.1238937,14.28838,-0.2174377,26.11595,-0.8194504,11.37239,-0.4979553,7.115761,-0.6618118,2.903996,-0.5695877,1.373711,-0.8557816,-9.012283,-3.474495,-1.041695,-1.525375,-4.472427,-0.8212128,-1.777542,-0.6521378,-1.613457,-0.7219238
23.991670608520508,,,,,,,,,,,,,,,12.8738,-0.5061417,13.89574,-0.1180344,14.36455,-0.2291565,26.2683,-0.8184738,11.45442,-0.5126038,7.175331,-0.656929,2.930363,-0.5715408,1.394218,-0.8469925,-9.008377,-3.482307,-1.039742,-1.527328,-4.47438,-0.8212128,-1.788284,-0.6570206,-1.61248,-0.6965332
24.0,0.0,-345.0,-4.0,-38.0,-1.0,-762.0,-8.0,-3029.0,-2.0,-5762.0,-4.0,-699.0,-2.0,-2235.0,12.9529,-0.487587,13.95531,-0.112175,14.44365,-0.2408752,26.42357,-0.8116379,11.5384,-0.532135,7.236855,-0.6530228,2.95966,-0.5744705,1.411797,-0.8411331,-9.006424,-3.49305,-1.035835,-1.525375,-4.47438,-0.81633,-1.802933,-0.6619034,-1.616386,-0.6740723
24.008329391479492,,,,,,,,,,,,,,,13.03005,-0.4729385,14.01878,-0.1053391,14.52275,-0.252594,26.57494,-0.8038254,11.62629,-0.5506897,7.297401,-0.6461868,2.989933,-0.5793533,1.426445,-0.8372269,-9.003494,-3.509651,-1.028023,-1.518539,-4.469498,-0.8104706,-1.809769,-0.6677628,-1.619316,-0.6574707
24.01667022705078,,,,,,,,,,,,,,,13.10525,-0.4631729,14.07933,-0.1024094,14.60283,-0.2604065,26.72533,-0.7960129,11.71321,-0.5682678,7.359901,-0.641304,3.020206,-0.582283,1.435234,-0.8342972,-9.000565,-3.529182,-1.022163,-1.505844,-4.464615,-0.8065643,-1.812698,-0.671669,-1.624199,-0.6486816
24.024999618530273,,,,,,,,,,,,,,,13.17947,-0.4602432,14.14085,-0.1004562,14.67998,-0.268219,26.87376,-0.7891769,11.80012,-0.5809631,7.422401,-0.6383743,3.05048,-0.5842361,1.445,-0.8323441,-8.995682,-3.551643,-1.015327,-1.488266,-4.455826,-0.7997284,-1.813675,-0.6736221,-1.628105,-0.645752
24.0333309173584,,,,,,,,,,,,,,,13.25368,-0.465126,14.20238,-0.1014328,14.75127,-0.2740784,27.01732,-0.782341,11.88606,-0.5917053,7.483925,-0.6383743,3.080753,-0.5842361,1.451836,-0.8323441,-8.985916,-3.574104,-1.005562,-1.469711,-4.445084,-0.7919159,-1.807816,-0.6736221,-1.632011,-0.6516113
24.033333333333335,0.0,-342.0,-3.0,-41.0,-1.0,-765.0,-8.0,-3025.0,-1.0,-5770.0,-4.0,-702.0,-2.0,-2242.0,,,,,,,,,,,,,,,,,,,,,,,,,,
24.041669845581055,,,,,,,,,,,,,,,13.32888,-0.4758682,14.26585,-0.1033859,14.81474,-0.2770081,27.16283,-0.7794113,11.96418,-0.6004944,7.547401,-0.6393509,3.113956,-0.5813065,1.458672,-0.8323441,-8.973221,-3.593636,-0.9987259,-1.451157,-4.435318,-0.7860565,-1.80098,-0.6706924,-1.632988,-0.6652832
24.049999237060547,,,,,,,,,,,,,,,13.40701,-0.4885635,14.32835,-0.1053391,14.87236,-0.2789612,27.30345,-0.782341,12.04133,-0.6092834,7.607948,-0.641304,3.14716,-0.5774002,1.469414,-0.8342972,-8.961502,-3.606331,-0.9899368,-1.436508,-4.429459,-0.7792206,-1.794144,-0.6648331,-1.634941,-0.6828613
24.058330535888672,,,,,,,,,,,,,,,13.48806,-0.5041885,14.39476,-0.1063156,14.92607,-0.2818909,27.44603,-0.7852707,12.11457,-0.6200256,7.666542,-0.6471634,3.181339,-0.5754471,1.482109,-0.8352737,-8.944901,-3.61512,-0.9821243,-1.424789,-4.422623,-0.7684784,-1.785355,-0.656044,-1.633965,-0.7023926
24.066666666666666,0.0,-340.0,-3.0,-44.0,-1.0,-767.0,-8.0,-3022.0,-1.0,-5778.0,-4.0,-701.0,-2.0,-2243.0,,,,,,,,,,,,,,,,,,,,,,,,,,
24.066669464111328,,,,,,,,,,,,,,,13.57497,-0.5178604,14.46214,-0.1063156,14.97978,-0.2857971,27.58665,-0.7901535,12.18586,-0.6327209,7.725136,-0.656929,3.216496,-0.5744705,1.497734,-0.8352737,-8.931229,-3.617073,-0.9723587,-1.415024,-4.419693,-0.7577362,-1.779495,-0.6443253,-1.632988,-0.723877
24.075000762939453,,,,,,,,,,,,,,,13.66579,-0.5237198,14.53148,-0.1072922,15.03349,-0.2897034,27.72826,-0.7969894,12.25715,-0.6463928,7.7808,-0.6676712,3.253605,-0.5774002,1.519218,-0.8372269,-8.918533,-3.61512,-0.9616165,-1.407211,-4.419693,-0.7479706,-1.775589,-0.6326065,-1.627129,-0.7443848
24.083330154418945,,,,,,,,,,,,,,,13.75954,-0.5217667,14.60179,-0.1092453,15.09209,-0.2975159,27.87083,-0.7989426,12.33039,-0.6600647,7.83744,-0.6813431,3.290714,-0.5832596,1.540703,-0.8430862,-8.908768,-3.608284,-0.9518509,-1.401352,-4.41774,-0.738205,-1.774612,-0.6189346,-1.624199,-0.7648926
24.0916690826416,,,,,,,,,,,,,,,13.8572,-0.5139542,14.67113,-0.1102219,15.15654,-0.3023987,28.01146,-0.797966,12.40852,-0.6737366,7.895058,-0.695015,3.326847,-0.589119,1.566093,-0.854805,-8.901932,-3.598518,-0.9420853,-1.396469,-4.416763,-0.7294159,-1.778519,-0.6072159,-1.61541,-0.7814941
24.1,0.0,-337.0,-4.0,-43.0,-1.0,-772.0,-8.0,-3024.0,-1.0,-5785.0,-4.0,-694.0,-2.0,-2238.0,,,,,,,,,,,,,,,,,,,,,,,,,,
24.100000381469727,,,,,,,,,,,,,,,13.95681,-0.5022354,14.74046,-0.112175,15.22881,-0.3072815,28.15013,-0.7940598,12.4886,-0.6805725,7.949745,-0.7057571,3.36005,-0.5969315,1.590508,-0.8665237,-8.899979,-3.590706,-0.9323196,-1.389633,-4.415787,-0.7264862,-1.781448,-0.5994034,-1.607597,-0.7961426
24.10832977294922,,,,,,,,,,,,,,,14.0574,-0.4885635,14.80882,-0.1151047,15.30693,-0.3082581,28.28783,-0.7862473,12.57161,-0.6805725,8.006386,-0.7145462,3.389347,-0.6008377,1.610039,-0.8792191,-8.901932,-3.584846,-0.9245071,-1.383774,-4.41188,-0.7294159,-1.786331,-0.5954971,-1.592949,-0.8059082
24.116670608520508,,,,,,,,,,,,,,,14.15701,-0.4787979,14.87914,-0.1180344,15.39189,-0.3063049,28.42259,-0.7784348,12.65657,-0.6756897,8.064003,-0.7204056,3.416691,-0.597908,1.630547,-0.8958206,-8.912674,-3.579964,-0.9176712,-1.381821,-4.407974,-0.738205,-1.791214,-0.5954971,-1.582207,-0.8146973
24.125,,,,,,,,,,,,,,,14.25368,-0.4748917,14.95238,-0.1209641,15.47783,-0.3033752,28.55736,-0.7686691,12.7386,-0.6639709,8.123573,-0.7204056,3.443058,-0.5910721,1.647148,-0.9094925,-8.92244,-3.576057,-0.9147415,-1.38475,-4.404068,-0.7489471,-1.796097,-0.5974503,-1.570488,-0.8195801
24.133329391479492,,,,,,,,,,,,,,,14.35232,-0.480751,15.02855,-0.1238937,15.56474,-0.2984924,28.68822,-0.7589035,12.82063,-0.6483459,8.183144,-0.7164993,3.465519,-0.5774002,1.659843,-0.9192581,-8.931229,-3.575081,-0.9088821,-1.393539,-4.399185,-0.762619,-1.797073,-0.6003799,-1.559746,-0.8244629
24.133333333333333,0.0,-334.0,-4.0,-43.0,-1.0,-778.0,-8.0,-3027.0,-1.0,-5793.0,-3.0,-691.0,-2.0,-2233.0,,,,,,,,,,,,,,,,,,,,,,,,,,
24.14167022705078,,,,,,,,,,,,,,,14.45095,-0.4944229,15.10863,-0.1268234,15.65068,-0.2945862,28.8181,-0.751091,12.89582,-0.6307678,8.24369,-0.7077103,3.488956,-0.5588455,1.671562,-0.9251175,-8.940018,-3.571175,-0.9049759,-1.407211,-4.399185,-0.7772675,-1.796097,-0.6042862,-1.55291,-0.8283691
24.149999618530273,,,,,,,,,,,,,,,14.54958,-0.5129776,15.19261,-0.1307297,15.72978,-0.2926331,28.94896,-0.7462082,12.972,-0.6131897,8.303261,-0.6959915,3.510441,-0.5412674,1.684258,-0.9270706,-8.948807,-3.566292,-0.8991165,-1.425766,-4.398209,-0.7860565,-1.790237,-0.6042862,-1.54705,-0.8322754
24.1583309173584,,,,,,,,,,,,,,,14.65212,-0.534462,15.28148,-0.1375656,15.80595,-0.2906799,29.07494,-0.7462082,13.04622,-0.6004944,8.364784,-0.6823196,3.533878,-0.5236893,1.696953,-0.9270706,-8.948807,-3.560432,-0.8893509,-1.442368,-4.403091,-0.7919159,-1.780472,-0.6023331,-1.545097,-0.8381348
24.166666666666668,0.0,-332.0,-4.0,-46.0,-1.0,-788.0,-8.0,-3027.0,-2.0,-5800.0,-3.0,-693.0,-2.0,-2235.0,,,,,,,,,,,,,,,,,,,,,,,,,,
24.166669845581055,,,,,,,,,,,,,,,14.75173,-0.5549698,15.36937,-0.1453781,15.87431,-0.2887268,29.20384,-0.751091,13.11848,-0.5917053,8.425331,-0.6696243,3.557316,-0.510994,1.710625,-0.9221878,-8.941971,-3.54969,-0.8766556,-1.456039,-4.406998,-0.7958221,-1.771683,-0.6013565,-1.541191,-0.8430176
24.174999237060547,,,,,,,,,,,,,,,14.85525,-0.5676651,15.45335,-0.1551437,15.93877,-0.2857971,29.33177,-0.7598801,13.1927,-0.5877991,8.484901,-0.6608353,3.583683,-0.5031815,1.72625,-0.9153519,-8.932205,-3.536995,-0.860054,-1.465805,-4.41481,-0.7997284,-1.762894,-0.5994034,-1.539238,-0.8459473
24.183330535888672,,,,,,,,,,,,,,,14.95876,-0.5754776,15.53539,-0.1649094,16.0042,-0.2789612,29.46263,-0.7696457,13.26887,-0.5907288,8.539589,-0.6559525,3.608097,-0.4982986,1.741875,-0.9075394,-8.917557,-3.527229,-0.844429,-1.469711,-4.422623,-0.8036346,-1.752151,-0.6013565,-1.534355,-0.8479004
24.191669464111328,,,,,,,,,,,,,,,15.0613,-0.5754776,15.60863,-0.1707687,16.06963,-0.268219,29.59154,-0.782341,13.34895,-0.5965881,8.595253,-0.6539993,3.631535,-0.4982986,1.7575,-0.8987503,-8.899979,-3.517464,-0.828804,-1.467758,-4.427505,-0.809494,-1.746292,-0.6081924,-1.529472,-0.8469238
24.2,0.0,-329.0,-5.0,-50.0,-1.0,-791.0,-8.0,-3030.0,-2.0,-5802.0,-3.0,-695.0,-2.0,-2239.0,,,,,,,,,,,,,,,,,,,,,,,,,,
24.200000762939453,,,,,,,,,,,,,,,15.16482,-0.5696182,15.67894,-0.1736984,16.13603,-0.2516174,29.72142,-0.7950363,13.43,-0.6024475,8.64994,-0.6559525,3.655949,-0.5002518,1.774101,-0.8899612,-8.879471,-3.511604,-0.8141556,-1.462875,-4.427505,-0.8221893,-1.742386,-0.6169815,-1.52459,-0.8469238
24.208330154418945,,,,,,,,,,,,,,,15.26931,-0.5578995,15.74339,-0.1717453,16.2083,-0.2320862,29.84935,-0.7999191,13.51399,-0.6073303,8.704628,-0.6598587,3.681339,-0.5002518,1.789726,-0.8841019,-8.85701,-3.506721,-0.8053665,-1.45311,-4.418716,-0.8378143,-1.741409,-0.6287003,-1.52166,-0.848877
24.2166690826416,,,,,,,,,,,,,,,15.37185,-0.543251,15.80882,-0.1639328,16.28154,-0.2154846,29.97435,-0.7999191,13.59797,-0.6131897,8.758339,-0.6627884,3.705753,-0.4982986,1.809258,-0.8811722,-8.833572,-3.502815,-0.7995071,-1.443344,-4.408951,-0.856369,-1.742386,-0.6394424,-1.520683,-0.8518066
24.225000381469727,,,,,,,,,,,,,,,15.47732,-0.527626,15.87523,-0.1541672,16.35674,-0.1998596,30.09447,-0.7921066,13.68098,-0.6190491,8.81205,-0.6657181,3.733097,-0.4982986,1.825859,-0.8801956,-8.810135,-3.501839,-0.797554,-1.437485,-4.388443,-0.8749237,-1.742386,-0.6492081,-1.52459,-0.8615723
24.23332977294922,,,,,,,,,,,,,,,15.58376,-0.5100479,15.94749,-0.1414719,16.43095,-0.1910706,30.21263,-0.7784348,13.76399,-0.625885,8.865761,-0.6657181,3.760441,-0.4943924,1.843437,-0.886055,-8.790604,-3.501839,-0.7946243,-1.432602,-4.365982,-0.8885956,-1.742386,-0.6540909,-1.529472,-0.8762207
24.233333333333334,0.0,-329.0,-4.0,-50.0,-2.0,-791.0,-8.0,-3034.0,-2.0,-5802.0,-3.0,-695.0,-2.0,-2244.0,,,,,,,,,,,,,,,,,,,,,,,,,,
24.241670608520508,,,,,,,,,,,,,,,15.69118,-0.4944229,16.02367,-0.1307297,16.50322,-0.1891174,30.32494,-0.7647629,13.847,-0.6346741,8.915565,-0.6686478,3.792667,-0.4914627,1.864922,-0.8958206,-8.772049,-3.502815,-0.7965775,-1.430649,-4.342545,-0.8973846,-1.737503,-0.6521378,-1.538261,-0.895752
24.25,,,,,,,,,,,,,,,15.79763,-0.4827042,16.10374,-0.1229172,16.57451,-0.1930237,30.43431,-0.7501144,13.92707,-0.6463928,8.964394,-0.6735306,3.826847,-0.4904861,1.886406,-0.9065628,-8.761307,-3.504768,-0.7936478,-1.431625,-4.319107,-0.8993378,-1.731644,-0.6492081,-1.54705,-0.9143066
24.258329391479492,,,,,,,,,,,,,,,15.90798,-0.4739151,16.18675,-0.1190109,16.63896,-0.2008362,30.54466,-0.7374191,14.00618,-0.6639709,9.010292,-0.6813431,3.861027,-0.4914627,1.906914,-0.9182816,-8.751541,-3.509651,-0.7897415,-1.436508,-4.299576,-0.8934784,-1.722855,-0.6443253,-1.55291,-0.935791
24.266666666666666,0.0,-336.0,-4.0,-49.0,-3.0,-791.0,-8.0,-3038.0,-2.0,-5802.0,-3.0,-693.0,-2.0,-2243.0,,,,,,,,,,,,,,,,,,,,,,,,,,
24.26667022705078,,,,,,,,,,,,,,,16.01931,-0.4700089,16.27269,-0.1190109,16.70341,-0.2145081,30.65306,-0.7305832,14.08332,-0.6805725,9.057167,-0.6930618,3.895206,-0.4943924,1.928398,-0.9290237,-8.747635,-3.516487,-0.7838821,-1.444321,-4.284927,-0.8807831,-1.714066,-0.640419,-1.554863,-0.9543457
24.274999618530273,,,,,,,,,,,,,,,16.13064,-0.4690323,16.35765,-0.1219406,16.76591,-0.2291565,30.76146,-0.7315598,14.1595,-0.6981506,9.104042,-0.7028275,3.929386,-0.4992752,1.945976,-0.9387894,-8.749588,-3.527229,-0.7780228,-1.454086,-4.276138,-0.8671112,-1.705276,-0.6413956,-1.55291,-0.9660645
24.2833309173584,,,,,,,,,,,,,,,16.24587,-0.4729385,16.44456,-0.1238937,16.83037,-0.2447815,30.86986,-0.7364426,14.22981,-0.7137756,9.148964,-0.7125931,3.962589,-0.504158,1.962578,-0.9466019,-8.751541,-3.540901,-0.7711868,-1.466782,-4.276138,-0.8505096,-1.70137,-0.6453018,-1.549004,-0.9729004
24.291669845581055,,,,,,,,,,,,,,,16.36013,-0.4817276,16.52953,-0.1238937,16.89482,-0.2604065,30.98021,-0.7471848,14.29914,-0.7235413,9.196815,-0.719429,3.994816,-0.510994,1.975273,-0.9495316,-8.756424,-3.557503,-0.7633743,-1.479477,-4.278091,-0.8348846,-1.700394,-0.6550674,-1.539238,-0.9748535
24.299999237060547,,,,,,,,,,,,,,,16.47634,-0.4924698,16.61546,-0.1219406,16.96318,-0.2721252,31.09056,-0.7618332,14.36164,-0.7313538,9.24662,-0.7213821,4.025089,-0.5158768,1.986015,-0.9475784,-8.759354,-3.577034,-0.7565384,-1.494125,-4.28688,-0.8241425,-1.700394,-0.6677628,-1.527519,-0.9729004
24.3,0.0,-344.0,-3.0,-48.0,-3.0,-789.0,-8.0,-3044.0,-2.0,-5806.0,-2.0,-692.0,-2.0,-2241.0,,,,,,,,,,,,,,,,,,,,,,,,,,
24.308330535888672,,,,,,,,,,,,,,,16.5906,-0.5041885,16.70238,-0.1151047,17.03545,-0.283844,31.20189,-0.7794113,14.42317,-0.7362366,9.299355,-0.7184525,4.05048,-0.5207596,1.994804,-0.9417191,-8.762283,-3.599495,-0.7526321,-1.508774,-4.298599,-0.8182831,-1.70137,-0.6804581,-1.513847,-0.9660645
24.316669464111328,,,,,,,,,,,,,,,16.7029,-0.5149307,16.78929,-0.1063156,17.10966,-0.2955627,31.31029,-0.7999191,14.48079,-0.7362366,9.354042,-0.7116165,4.076847,-0.526619,2.002617,-0.9319534,-8.757401,-3.620979,-0.750679,-1.522446,-4.308365,-0.8143768,-1.7043,-0.6912003,-1.502129,-0.9533691
24.325000762939453,,,,,,,,,,,,,,,16.81521,-0.5227432,16.87816,-0.09557343,17.18584,-0.3033752,31.41966,-0.8204269,14.53743,-0.73526,9.40873,-0.703804,4.103214,-0.5324783,2.013359,-0.9192581,-8.749588,-3.642464,-0.7467728,-1.535141,-4.319107,-0.8212128,-1.702347,-0.6999893,-1.495293,-0.9396973
24.333330154418945,,,,,,,,,,,,,,,16.92458,-0.5286026,16.968,-0.0858078,17.26494,-0.3092346,31.52415,-0.8419113,14.59407,-0.7323303,9.464394,-0.6959915,4.128605,-0.5393143,2.026054,-0.9065628,-8.731033,-3.661018,-0.7448196,-1.544907,-4.327896,-0.8309784,-1.697464,-0.7038956,-1.488457,-0.9230957
24.333333333333332,0.0,-347.0,-3.0,-52.0,-3.0,-792.0,-8.0,-3052.0,-1.0,-5817.0,-2.0,-692.0,-2.0,-2239.0,,,,,,,,,,,,,,,,,,,,,,,,,,
24.3416690826416,,,,,,,,,,,,,,,17.03298,-0.5305557,17.05492,-0.07897186,17.34306,-0.315094,31.62572,-0.8594894,14.65364,-0.7274475,9.522011,-0.688179,4.152042,-0.5451736,2.040703,-0.8928909,-8.707596,-3.676643,-0.7409134,-1.549789,-4.332779,-0.8456268,-1.690628,-0.7048721,-1.488457,-0.9064941
24.350000381469727,,,,,,,,,,,,,,,17.14236,-0.5295792,17.14183,-0.07604218,17.42216,-0.3190002,31.72337,-0.8741379,14.71614,-0.7215881,9.575722,-0.6842728,4.174503,-0.5520096,2.059258,-0.8841019,-8.680252,-3.685432,-0.7340775,-1.550766,-4.328873,-0.863205,-1.681839,-0.7019424,-1.489433,-0.8918457
24.35832977294922,,,,,,,,,,,,,,,17.25466,-0.5295792,17.2307,-0.07604218,17.49834,-0.3219299,31.8181,-0.8819504,14.78254,-0.7147522,9.630409,-0.6803665,4.197941,-0.5598221,2.079765,-0.8811722,-8.649002,-3.687386,-0.7223587,-1.544907,-4.32399,-0.8817596,-1.675003,-0.6980362,-1.495293,-0.8771973
24.366666666666667,0.0,-346.0,-3.0,-59.0,-3.0,-795.0,-8.0,-3057.0,-2.0,-5827.0,-1.0,-692.0,-2.0,-2241.0,,,,,,,,,,,,,,,,,,,,,,,,,,
24.366670608520508,,,,,,,,,,,,,,,17.37185,-0.5315323,17.31761,-0.07897186,17.57256,-0.3238831,31.90697,-0.8809738,14.8509,-0.7069397,9.685097,-0.6784134,4.222355,-0.5686111,2.10125,-0.8850784,-8.620682,-3.684456,-0.7116165,-1.533188,-4.316177,-0.8993378,-1.666214,-0.6921768,-1.502129,-0.8635254
24.375,,,,,,,,,,,,,,,17.49685,-0.5364151,17.40648,-0.08385468,17.64482,-0.3248596,31.99681,-0.8741379,14.92122,-0.6961975,9.737831,-0.6784134,4.246769,-0.5774002,2.122734,-0.8958206,-8.597244,-3.675667,-0.695015,-1.520493,-4.302505,-0.9149628,-1.659378,-0.687294,-1.509941,-0.8498535
24.383329391479492,,,,,,,,,,,,,,,17.62966,-0.5471573,17.49632,-0.08971405,17.71123,-0.3248596,32.08275,-0.8585129,14.9925,-0.688385,9.788612,-0.6803665,4.27216,-0.5881424,2.144218,-0.9104691,-8.580643,-3.664925,-0.6803665,-1.507797,-4.285904,-0.925705,-1.655472,-0.6814346,-1.51873,-0.8381348
24.39167022705078,,,,,,,,,,,,,,,17.77224,-0.5578995,17.593,-0.09752655,17.77568,-0.3229065,32.16673,-0.8409348,15.06477,-0.6805725,9.841347,-0.6842728,4.301456,-0.597908,2.162773,-0.9251175,-8.569901,-3.653206,-0.6618118,-1.495102,-4.270279,-0.9335175,-1.654495,-0.6804581,-1.52459,-0.8215332
24.399999618530273,,,,,,,,,,,,,,,17.92165,-0.5696182,17.69261,-0.1014328,17.83916,-0.3209534,32.25169,-0.8233566,15.13606,-0.6756897,9.897987,-0.688179,4.33173,-0.604744,2.181328,-0.9358597,-8.568924,-3.639534,-0.6461868,-1.488266,-4.253677,-0.94133,-1.652542,-0.6853409,-1.529472,-0.8039551
24.4,0.0,-345.0,-3.0,-64.0,-3.0,-798.0,-8.0,-3060.0,-2.0,-5835.0,-1.0,-694.0,-2.0,-2243.0,,,,,,,,,,,,,,,,,,,,,,,,,,
24.4083309173584,,,,,,,,,,,,,,,18.07595,-0.5803604,17.79808,-0.1014328,17.8997,-0.3190002,32.33568,-0.8106613,15.20637,-0.67276,9.951698,-0.6959915,4.364933,-0.6086502,2.198906,-0.9436722,-8.567947,-3.626839,-0.6315384,-1.487289,-4.240982,-0.9452362,-1.652542,-0.6931534,-1.534355,-0.786377
24.416669845581055,,,,,,,,,,,,,,,18.2322,-0.5891495,17.90746,-0.1024094,17.96025,-0.315094,32.41869,-0.8038254,15.27668,-0.6678772,10.00736,-0.7047806,4.39716,-0.6115799,2.217461,-0.9436722,-8.57283,-3.61512,-0.6188431,-1.490219,-4.235123,-0.9442596,-1.651566,-0.7068253,-1.534355,-0.7687988
24.424999237060547,,,,,,,,,,,,,,,18.38747,-0.5930557,18.02074,-0.1014328,18.0247,-0.3102112,32.50169,-0.8067551,15.34602,-0.6629944,10.06498,-0.7145462,4.433292,-0.6096268,2.234062,-0.9397659,-8.57576,-3.604378,-0.6051712,-1.499008,-4.235123,-0.9432831,-1.645706,-0.7224503,-1.536308,-0.755127
24.433330535888672,,,,,,,,,,,,,,,18.53884,-0.5911026,18.13402,-0.1004562,18.09209,-0.3053284,32.58372,-0.8165207,15.41731,-0.6551819,10.12455,-0.7252884,4.467472,-0.6037674,2.249687,-0.9319534,-8.57576,-3.597542,-0.5954056,-1.510727,-4.239029,-0.9364471,-1.640823,-0.7380753,-1.537285,-0.7443848
24.433333333333334,0.0,-342.0,-3.0,-67.0,-3.0,-800.0,-8.0,-3060.0,-2.0,-5842.0,0.0,-694.0,-2.0,-2246.0,,,,,,,,,,,,,,,,,,,,,,,,,,
24.441669464111328,,,,,,,,,,,,,,,18.68728,-0.5862198,18.2473,-0.09850311,18.16826,-0.3004456,32.66869,-0.8311691,15.48664,-0.6473694,10.18021,-0.7370071,4.503605,-0.597908,2.267265,-0.9270706,-8.566971,-3.594612,-0.5807571,-1.521469,-4.243912,-0.925705,-1.633011,-0.7517471,-1.536308,-0.7375488
24.450000762939453,,,,,,,,,,,,,,,18.8279,-0.5754776,18.36058,-0.09654999,18.24638,-0.2936096,32.75169,-0.8487473,15.555,-0.6385803,10.23685,-0.7438431,4.540714,-0.5920486,2.28289,-0.9251175,-8.561111,-3.599495,-0.5670853,-1.533188,-4.253677,-0.9139862,-1.625198,-0.7585831,-1.539238,-0.7385254
24.458330154418945,,,,,,,,,,,,,,,18.96755,-0.5627823,18.47191,-0.09654999,18.33134,-0.2857971,32.8347,-0.8643723,15.62532,-0.6307678,10.28959,-0.7477493,4.576847,-0.5881424,2.296562,-0.9290237,-8.549393,-3.610237,-0.55439,-1.542953,-4.254654,-0.9022675,-1.616409,-0.7605362,-1.541191,-0.7443848
24.466666666666665,0.0,-338.0,-3.0,-68.0,-3.0,-800.0,-8.0,-3060.0,-2.0,-5845.0,0.0,-697.0,-1.0,-2252.0,,,,,,,,,,,,,,,,,,,,,,,,,,
24.4666690826416,,,,,,,,,,,,,,,19.10818,-0.5461807,18.57738,-0.09850311,18.41924,-0.283844,32.91673,-0.8780441,15.6927,-0.6239319,10.34135,-0.7487259,4.61298,-0.5861893,2.311211,-0.9348831,-8.534744,-3.626839,-0.5397415,-1.547836,-4.249771,-0.8895721,-1.61055,-0.7556534,-1.544121,-0.7561035
24.475000381469727,,,,,,,,,,,,,,,19.24783,-0.5266495,18.6848,-0.09947968,18.5081,-0.2848206,32.99681,-0.8868332,15.75715,-0.6200256,10.38725,-0.7448196,4.650089,-0.5881424,2.323906,-0.9417191,-8.519119,-3.64344,-0.5289993,-1.550766,-4.237076,-0.8798065,-1.605667,-0.7468643,-1.549004,-0.7697754
24.48332977294922,,,,,,,,,,,,,,,19.39333,-0.5080948,18.78831,-0.1004562,18.59502,-0.2897034,33.07201,-0.8887863,15.81965,-0.6200256,10.42924,-0.7379837,4.686222,-0.5930252,2.339531,-0.9446487,-8.503494,-3.661018,-0.5153275,-1.550766,-4.220474,-0.8729706,-1.603714,-0.7400284,-1.553886,-0.7873535
24.491670608520508,,,,,,,,,,,,,,,19.54079,-0.4895401,18.89378,-0.1014328,18.679,-0.3004456,33.1433,-0.8868332,15.87727,-0.6229553,10.46928,-0.7252884,4.724308,-0.597908,2.356133,-0.9426956,-8.488846,-3.675667,-0.5045853,-1.549789,-4.200943,-0.8690643,-1.601761,-0.7322159,-1.559746,-0.8068848
24.5,0.0,-336.0,-2.0,-69.0,-3.0,-799.0,-7.0,-3062.0,-2.0,-5848.0,0.0,-698.0,-1.0,-2257.0,19.69314,-0.4748917,19.00023,-0.1004562,18.7581,-0.3111877,33.21654,-0.8809738,15.93586,-0.6249084,10.50541,-0.7135696,4.760441,-0.604744,2.37664,-0.93293,-8.470291,-3.682503,-0.4967728,-1.547836,-4.181412,-0.863205,-1.600784,-0.7283096,-1.562675,-0.8234863
24.508329391479492,,,,,,,,,,,,,,,19.84548,-0.4661026,19.10765,-0.09850311,18.83525,-0.3209534,33.28587,-0.8692551,15.99153,-0.6288147,10.53959,-0.7028275,4.794621,-0.6125565,2.401054,-0.9182816,-8.457596,-3.681526,-0.4889603,-1.545883,-4.169693,-0.8514862,-1.598831,-0.7302628,-1.564629,-0.8381348
24.51667022705078,,,,,,,,,,,,,,,20.00076,-0.4631729,19.21703,-0.09557343,18.90849,-0.330719,33.35423,-0.8555832,16.04622,-0.6297913,10.57572,-0.6930618,4.827824,-0.620369,2.429375,-0.9007034,-8.440994,-3.676643,-0.4821243,-1.542953,-4.157974,-0.8387909,-1.594925,-0.7351456,-1.561699,-0.8479004
24.524999618530273,,,,,,,,,,,,,,,20.15505,-0.4641495,19.32542,-0.08873749,18.97881,-0.3385315,33.4265,-0.8409348,16.1009,-0.6278381,10.61381,-0.6823196,4.858097,-0.629158,2.457695,-0.8811722,-8.428299,-3.666878,-0.4772415,-1.540024,-4.151138,-0.8221893,-1.591995,-0.7419815,-1.559746,-0.8527832
24.5333309173584,,,,,,,,,,,,,,,20.3074,-0.4680557,19.4348,-0.08190155,19.04716,-0.3404846,33.49681,-0.8253098,16.15852,-0.625885,10.65678,-0.6745071,4.881535,-0.635994,2.490898,-0.8665237,-8.413651,-3.659065,-0.4723587,-1.539047,-4.149185,-0.7997284,-1.589066,-0.7488174,-1.550957,-0.8527832
24.533333333333335,0.0,-337.0,-2.0,-68.0,-3.0,-800.0,-8.0,-3067.0,-1.0,-5853.0,0.0,-697.0,-1.0,-2259.0,,,,,,,,,,,,,,,,,,,,,,,,,,
24.541669845581055,,,,,,,,,,,,,,,20.45681,-0.471962,19.5432,-0.07408905,19.11357,-0.3375549,33.56908,-0.8116379,16.21516,-0.6219788,10.7017,-0.6706009,4.901066,-0.6418533,2.522148,-0.8577347,-8.402908,-3.653206,-0.4645462,-1.535141,-4.147232,-0.7801971,-1.586136,-0.7556534,-1.540215,-0.8508301
24.549999237060547,,,,,,,,,,,,,,,20.61111,-0.4729385,19.65257,-0.06725311,19.17998,-0.3316956,33.63744,-0.8018723,16.2718,-0.6190491,10.75443,-0.6686478,4.915714,-0.644783,2.552422,-0.8567581,-8.392166,-3.6493,-0.4557571,-1.533188,-4.143326,-0.762619,-1.577347,-0.7595596,-1.531425,-0.8518066
24.558330535888672,,,,,,,,,,,,,,,20.76638,-0.4709854,19.75902,-0.05748749,19.24541,-0.3268127,33.70775,-0.7969894,16.33137,-0.6151428,10.81107,-0.6706009,4.929386,-0.6418533,2.579765,-0.8635941,-8.378494,-3.648323,-0.445015,-1.532211,-4.137466,-0.7509003,-1.571487,-0.7585831,-1.522636,-0.8547363
24.566666666666666,0.0,-339.0,-2.0,-66.0,-2.0,-798.0,-8.0,-3073.0,-1.0,-5859.0,-1.0,-696.0,0.0,-2262.0,,,,,,,,,,,,,,,,,,,,,,,,,,
24.566669464111328,,,,,,,,,,,,,,,20.92361,-0.4631729,19.86546,-0.04967499,19.31084,-0.3219299,33.77318,-0.7960129,16.38801,-0.6141663,10.86967,-0.6745071,4.943058,-0.635994,2.606133,-0.8753128,-8.361893,-3.6493,-0.4254837,-1.532211,-4.13063,-0.746994,-1.563675,-0.749794,-1.514824,-0.8596191
24.575000762939453,,,,,,,,,,,,,,,21.08962,-0.449501,19.97777,-0.04479218,19.3792,-0.3180237,33.83568,-0.7969894,16.44758,-0.6151428,10.92826,-0.6813431,4.957706,-0.6262283,2.627617,-0.8909378,-8.349197,-3.653206,-0.4059525,-1.533188,-4.123795,-0.7489471,-1.551956,-0.7380753,-1.509941,-0.8703613
24.583330154418945,,,,,,,,,,,,,,,21.25857,-0.4368057,20.09007,-0.04088593,19.45146,-0.3131409,33.90013,-0.7989426,16.5052,-0.6190491,10.98783,-0.6901321,4.975285,-0.6125565,2.648125,-0.9046097,-8.32869,-3.656136,-0.382515,-1.536118,-4.116959,-0.7567596,-1.540237,-0.7253799,-1.508965,-0.8850098
24.5916690826416,,,,,,,,,,,,,,,21.43337,-0.425087,20.20628,-0.03697968,19.53252,-0.3092346,33.96263,-0.8018723,16.56379,-0.6268616,11.04642,-0.6969681,4.997746,-0.6008377,2.665703,-0.9114456,-8.304276,-3.657112,-0.3561478,-1.539047,-4.115982,-0.7655487,-1.526566,-0.7097549,-1.507988,-0.8996582
24.6,0.0,-341.0,-2.0,-63.0,-2.0,-798.0,-8.0,-3078.0,-1.0,-5862.0,-1.0,-698.0,0.0,-2267.0,,,,,,,,,,,,,,,,,,,,,,,,,,
24.600000381469727,,,,,,,,,,,,,,,21.60818,-0.4143448,20.32835,-0.03209686,19.62041,-0.3014221,34.02513,-0.8038254,16.62043,-0.6356506,11.10111,-0.7018509,5.027042,-0.5930252,2.681328,-0.9114456,-8.284744,-3.658089,-0.3317337,-1.542953,-4.116959,-0.7723846,-1.514847,-0.6970596,-1.511894,-0.911377
24.60832977294922,,,,,,,,,,,,,,,21.78689,-0.4123917,20.45433,-0.02721405,19.71806,-0.2906799,34.08958,-0.8057785,16.67805,-0.6473694,11.15287,-0.7047806,5.059269,-0.5900955,2.696953,-0.9026566,-8.264236,-3.657112,-0.3102493,-1.544907,-4.119888,-0.7801971,-1.504105,-0.6912003,-1.512871,-0.9221191
24.616670608520508,,,,,,,,,,,,,,,21.96365,-0.4143448,20.58519,-0.02135468,19.82256,-0.2779846,34.15208,-0.8077316,16.73176,-0.6581116,11.2017,-0.7028275,5.094425,-0.5949783,2.712578,-0.8850784,-8.245682,-3.653206,-0.2877884,-1.545883,-4.124771,-0.7811737,-1.495316,-0.6902237,-1.514824,-0.9260254
24.625,,,,,,,,,,,,,,,22.14431,-0.4211807,20.72191,-0.01354218,19.93095,-0.2623596,34.21361,-0.8116379,16.78938,-0.6659241,11.2476,-0.6989212,5.131535,-0.6057205,2.731133,-0.8606644,-8.226151,-3.647346,-0.2702103,-1.544907,-4.126724,-0.7772675,-1.490433,-0.6970596,-1.516777,-0.9230957
24.633329391479492,,,,,,,,,,,,,,,22.32497,-0.4289932,20.86058,-0.00377655,20.04033,-0.2467346,34.27025,-0.8174973,16.84016,-0.67276,11.2935,-0.695015,5.171574,-0.6164627,2.747734,-0.8342972,-8.212479,-3.638557,-0.2526321,-1.54393,-4.123795,-0.7675018,-1.483597,-0.7107315,-1.517754,-0.9152832
24.633333333333333,0.0,-343.0,-3.0,-59.0,-2.0,-800.0,-8.0,-3082.0,-1.0,-5864.0,-1.0,-702.0,0.0,-2268.0,,,,,,,,,,,,,,,,,,,,,,,,,,
24.64167022705078,,,,,,,,,,,,,,,22.50857,-0.4358292,21.00316,0.005989075,20.1458,-0.2379456,34.32396,-0.8253098,16.88899,-0.6747131,11.33549,-0.6901321,5.20966,-0.629158,2.767265,-0.8089066,-8.19783,-3.628792,-0.2360306,-1.542953,-4.114029,-0.7587128,-1.474808,-0.7244034,-1.51873,-0.904541
24.649999618530273,,,,,,,,,,,,,,,22.69411,-0.440712,21.14964,0.01282501,20.24736,-0.2350159,34.37474,-0.8331223,16.93879,-0.6737366,11.37846,-0.6872025,5.247746,-0.6369705,2.786797,-0.7883987,-8.182205,-3.619026,-0.2213821,-1.541,-4.100357,-0.7528534,-1.467972,-0.7390518,-1.522636,-0.8908691
24.6583309173584,,,,,,,,,,,,,,,22.88064,-0.4436417,21.2971,0.01868439,20.34209,-0.2389221,34.41966,-0.8409348,16.9886,-0.6717834,11.41947,-0.6852493,5.282902,-0.6408768,2.809258,-0.7737503,-8.164627,-3.61219,-0.2067337,-1.542953,-4.083755,-0.7509003,-1.459183,-0.7527237,-1.523613,-0.8742676
24.666666666666668,0.0,-343.0,-4.0,-52.0,-2.0,-803.0,-8.0,-3085.0,-1.0,-5866.0,-1.0,-706.0,0.0,-2268.0,,,,,,,,,,,,,,,,,,,,,,,,,,
24.666669845581055,,,,,,,,,,,,,,,23.07302,-0.4426651,21.44652,0.01770782,20.429,-0.2496643,34.46263,-0.844841,17.03938,-0.6678772,11.45853,-0.6852493,5.317081,-0.6408768,2.829765,-0.761055,-8.146072,-3.607307,-0.1959915,-1.541,-4.062271,-0.75383,-1.450394,-0.7595596,-1.525566,-0.8605957
24.674999237060547,,,,,,,,,,,,,,,23.26833,-0.4377823,21.59593,0.01282501,20.51006,-0.2652893,34.50365,-0.8458176,17.09211,-0.6659241,11.5015,-0.6842728,5.345402,-0.6340408,2.854179,-0.7551956,-8.128494,-3.606331,-0.1911087,-1.542953,-4.03981,-0.762619,-1.441605,-0.7605362,-1.523613,-0.8518066
24.683330535888672,,,,,,,,,,,,,,,23.46169,-0.4319229,21.74242,0.005012512,20.59013,-0.2799377,34.54759,-0.8409348,17.14778,-0.6688538,11.53861,-0.6813431,5.376652,-0.6232986,2.875664,-0.7522659,-8.108963,-3.607307,-0.1901321,-1.544907,-4.019302,-0.7743378,-1.435745,-0.7556534,-1.51873,-0.8430176
24.691669464111328,,,,,,,,,,,,,,,23.65798,-0.4280167,21.89281,-0.005729675,20.66826,-0.2945862,34.59154,-0.8331223,17.20344,-0.6717834,11.57572,-0.67939,5.403019,-0.6125565,2.898125,-0.7532425,-8.093338,-3.607307,-0.1920853,-1.54686,-4.001724,-0.7909393,-1.434769,-0.7419815,-1.507988,-0.833252
24.7,0.0,-340.0,-5.0,-45.0,-1.0,-805.0,-8.0,-3090.0,-2.0,-5868.0,-1.0,-710.0,0.0,-2272.0,,,,,,,,,,,,,,,,,,,,,,,,,,
24.700000762939453,,,,,,,,,,,,,,,23.85525,-0.4270401,22.04027,-0.01842499,20.75224,-0.3004456,34.63744,-0.8214035,17.26204,-0.6766663,11.61185,-0.6745071,5.426456,-0.6037674,2.920586,-0.7571487,-8.081619,-3.606331,-0.1959915,-1.54686,-3.98317,-0.8075409,-1.433792,-0.7263565,-1.492363,-0.8273926
24.708330154418945,,,,,,,,,,,,,,,24.05154,-0.4270401,22.18871,-0.03209686,20.83916,-0.3023987,34.68626,-0.8077316,17.3177,-0.6795959,11.64701,-0.6657181,5.451847,-0.5949783,2.94207,-0.7600784,-8.069901,-3.602425,-0.1969681,-1.54686,-3.971451,-0.8221893,-1.439651,-0.7048721,-1.475761,-0.8215332
24.7166690826416,,,,,,,,,,,,,,,24.25076,-0.4260635,22.33617,-0.04088593,20.93486,-0.3004456,34.73607,-0.7960129,17.37239,-0.6795959,11.68412,-0.6549759,5.477238,-0.5910721,2.960625,-0.7639847,-8.060135,-3.592659,-0.195015,-1.54393,-3.962662,-0.8309784,-1.445511,-0.6853409,-1.450371,-0.810791
24.725000381469727,,,,,,,,,,,,,,,24.449,-0.425087,22.48753,-0.0467453,21.03838,-0.2906799,34.78294,-0.7842941,17.42414,-0.6756897,11.72025,-0.6422806,5.504581,-0.5910721,2.977226,-0.7708206,-8.056229,-3.578011,-0.1872025,-1.539047,-3.959732,-0.8387909,-1.449417,-0.671669,-1.433769,-0.7971191
24.73332977294922,,,,,,,,,,,,,,,24.64431,-0.4260635,22.6389,-0.04869843,21.1497,-0.2789612,34.82982,-0.7774582,17.47493,-0.6659241,11.76127,-0.6276321,5.533878,-0.5949783,2.990898,-0.7747269,-8.051346,-3.559456,-0.1784134,-1.535141,-3.957779,-0.8446503,-1.450394,-0.6609268,-1.415215,-0.7805176
24.733333333333334,0.0,-338.0,-5.0,-40.0,-1.0,-803.0,-8.0,-3093.0,-2.0,-5871.0,-2.0,-712.0,0.0,-2272.0,,,,,,,,,,,,,,,,,,,,,,,,,,
24.741670608520508,,,,,,,,,,,,,,,24.8406,-0.425087,22.79124,-0.04186249,21.26591,-0.2662659,34.8679,-0.7725754,17.52571,-0.6532288,11.80326,-0.6139603,5.564152,-0.6027908,3.00457,-0.7796097,-8.046463,-3.541878,-0.1627884,-1.530258,-3.953873,-0.84758,-1.45137,-0.6589737,-1.402519,-0.7619629
24.75,,,,,,,,,,,,,,,25.03982,-0.4241104,22.94456,-0.02721405,21.3831,-0.2516174,34.90208,-0.7696457,17.57942,-0.6385803,11.85014,-0.5993118,5.600285,-0.6115799,3.018242,-0.7835159,-8.039627,-3.529182,-0.1510696,-1.525375,-3.950943,-0.84758,-1.443558,-0.6648331,-1.392754,-0.7404785
24.758329391479492,,,,,,,,,,,,,,,25.23904,-0.4241104,23.10277,-0.004753113,21.49931,-0.2379456,34.93333,-0.7686691,17.63215,-0.6268616,11.89896,-0.58564,5.635441,-0.6193924,3.031914,-0.7903519,-8.031815,-3.52137,-0.1373978,-1.520493,-3.947037,-0.8436737,-1.435745,-0.6765518,-1.386894,-0.723877
24.766666666666666,0.0,-338.0,-5.0,-38.0,-1.0,-798.0,-8.0,-3094.0,-2.0,-5876.0,-2.0,-710.0,-1.0,-2275.0,,,,,,,,,,,,,,,,,,,,,,,,,,
24.76667022705078,,,,,,,,,,,,,,,25.44216,-0.425087,23.26195,0.02063751,21.61357,-0.2272034,34.96361,-0.7676926,17.68684,-0.6190491,11.94389,-0.5719681,5.67255,-0.6262283,3.047539,-0.7991409,-8.021072,-3.520393,-0.1207962,-1.51561,-3.942154,-0.8387909,-1.422073,-0.6892471,-1.382011,-0.7102051
24.774999618530273,,,,,,,,,,,,,,,25.64626,-0.4289932,23.42699,0.0470047,21.72002,-0.2154846,34.99193,-0.7618332,17.7425,-0.6170959,11.99174,-0.5592728,5.707706,-0.6272049,3.066093,-0.8089066,-8.005447,-3.527229,-0.1041946,-1.511703,-3.936295,-0.8339081,-1.408401,-0.6990128,-1.382011,-0.7023926
24.7833309173584,,,,,,,,,,,,,,,25.8572,-0.4348526,23.59496,0.07434845,21.82549,-0.2037659,35.02513,-0.7540207,17.79524,-0.6200256,12.03471,-0.5524368,5.743839,-0.6232986,3.085625,-0.8196487,-7.983963,-3.538948,-0.08563995,-1.511703,-3.932388,-0.8260956,-1.39473,-0.7048721,-1.382011,-0.7004395
24.791669845581055,,,,,,,,,,,,,,,26.07107,-0.4397354,23.76878,0.0938797,21.92705,-0.1940002,35.06322,-0.7442551,17.84993,-0.6239319,12.07572,-0.547554,5.780949,-0.6125565,3.108086,-0.8284378,-7.960526,-3.551643,-0.06415558,-1.508774,-3.927505,-0.8182831,-1.381058,-0.7009659,-1.384941,-0.7053223
24.799999237060547,,,,,,,,,,,,,,,26.28884,-0.4426651,23.94359,0.1075516,22.03056,-0.1803284,35.10814,-0.7325363,17.90071,-0.6307678,12.11576,-0.5446243,5.817081,-0.597908,3.131523,-0.8352737,-7.933182,-3.564339,-0.03974152,-1.506821,-3.926529,-0.8114471,-1.364456,-0.6902237,-1.386894,-0.7180176
24.8,0.0,-334.0,-5.0,-42.0,0.0,-796.0,-7.0,-3092.0,-2.0,-5881.0,-2.0,-703.0,-1.0,-2278.0,,,,,,,,,,,,,,,,,,,,,,,,,,
24.808330535888672,,,,,,,,,,,,,,,26.50661,-0.4446182,24.1223,0.1134109,22.1331,-0.1647034,35.15794,-0.7217941,17.95149,-0.6366272,12.15189,-0.5465775,5.853214,-0.5832596,3.155937,-0.8382034,-7.904861,-3.574104,-0.01825714,-1.506821,-3.928482,-0.8085175,-1.351761,-0.6745987,-1.387871,-0.732666
24.816669464111328,,,,,,,,,,,,,,,26.72732,-0.4455948,24.30589,0.1134109,22.24052,-0.1451721,35.21263,-0.7130051,18.00032,-0.6376038,12.18998,-0.55439,5.888371,-0.566658,3.181328,-0.83918,-7.874588,-3.578011,0.0002975464,-1.507797,-3.931412,-0.8085175,-1.337112,-0.6589737,-1.389824,-0.7492676
24.825000762939453,,,,,,,,,,,,,,,26.94704,-0.4436417,24.48851,0.1085281,22.35088,-0.1197815,35.26634,-0.7051926,18.0511,-0.6376038,12.22904,-0.5641556,5.92255,-0.5529861,3.205742,-0.8382034,-7.845291,-3.577034,0.01299286,-1.505844,-3.931412,-0.8114471,-1.323441,-0.6472549,-1.386894,-0.7687988
24.833330154418945,,,,,,,,,,,,,,,27.16775,-0.4397354,24.67699,0.1016922,22.46611,-0.09634399,35.32396,-0.6993332,18.09993,-0.6317444,12.27006,-0.578804,5.9538,-0.5432205,3.234062,-0.8352737,-7.816971,-3.573128,0.01885223,-1.504868,-3.929459,-0.8153534,-1.312698,-0.6384659,-1.383965,-0.786377
24.833333333333332,0.0,-329.0,-6.0,-45.0,-1.0,-793.0,-8.0,-3094.0,-2.0,-5885.0,-2.0,-698.0,-1.0,-2278.0,,,,,,,,,,,,,,,,,,,,,,,,,,
24.8416690826416,,,,,,,,,,,,,,,27.3904,-0.4377823,24.86449,0.09583282,22.58525,-0.07290649,35.37767,-0.6954269,18.15071,-0.6239319,12.31498,-0.5924759,5.983097,-0.535408,3.260429,-0.8372269,-7.788651,-3.567268,0.02275848,-1.502914,-3.923599,-0.8202362,-1.303909,-0.6365128,-1.377129,-0.802002
24.850000381469727,,,,,,,,,,,,,,,27.61208,-0.4348526,25.05589,0.09192657,22.70634,-0.05337524,35.4265,-0.6915207,18.20344,-0.6190491,12.36088,-0.6041946,6.008488,-0.5344315,3.286797,-0.8421097,-7.761307,-3.556526,0.02666473,-1.500961,-3.910904,-0.8231659,-1.30098,-0.640419,-1.371269,-0.8166504
24.85832977294922,,,,,,,,,,,,,,,27.83669,-0.4309464,25.25121,0.09192657,22.82939,-0.04263306,35.47435,-0.6876144,18.25227,-0.6141663,12.41068,-0.6149368,6.029972,-0.5402908,3.315117,-0.8469925,-7.731033,-3.544807,0.03252411,-1.498032,-3.895279,-0.8221893,-1.300003,-0.6453018,-1.35955,-0.8283691
24.866666666666667,0.0,-326.0,-7.0,-47.0,-1.0,-790.0,-8.0,-3096.0,-1.0,-5890.0,-2.0,-698.0,-1.0,-2278.0,,,,,,,,,,,,,,,,,,,,,,,,,,
24.866670608520508,,,,,,,,,,,,,,,28.07107,-0.425087,25.45238,0.09485626,22.95439,-0.03872681,35.51439,-0.6846848,18.30207,-0.6122131,12.46146,-0.6237259,6.051456,-0.5461502,3.340508,-0.8538284,-7.704666,-3.531136,0.04131317,-1.495102,-3.872818,-0.8192596,-1.302933,-0.6511612,-1.350761,-0.8391113
24.875,,,,,,,,,,,,,,,28.31033,-0.4192276,25.6555,0.1016922,23.07939,-0.04458618,35.55345,-0.6817551,18.34895,-0.6170959,12.51615,-0.6286087,6.074894,-0.5549393,3.364922,-0.8587112,-7.679276,-3.520393,0.05205536,-1.493149,-3.847427,-0.81633,-1.301956,-0.6550674,-1.340019,-0.8469238
24.883329391479492,,,,,,,,,,,,,,,28.55642,-0.409462,25.86351,0.1075516,23.20634,-0.05630493,35.58861,-0.6807785,18.3968,-0.6249084,12.56889,-0.6276321,6.097355,-0.5617752,3.388359,-0.8616409,-7.656815,-3.514534,0.06963348,-1.491196,-3.822037,-0.8143768,-1.305862,-0.656044,-1.333183,-0.8547363
24.89167022705078,,,,,,,,,,,,,,,28.81033,-0.4016495,26.07054,0.1143875,23.3372,-0.07095337,35.62181,-0.6856613,18.44465,-0.6356506,12.61771,-0.6247025,6.123722,-0.5656815,3.40789,-0.8596878,-7.637283,-3.514534,0.0901413,-1.488266,-3.798599,-0.81633,-1.305862,-0.6540909,-1.327324,-0.8586426
24.899999618530273,,,,,,,,,,,,,,,29.06618,-0.3967667,26.28246,0.1212234,23.46806,-0.08657837,35.65013,-0.6934738,18.49153,-0.6502991,12.6685,-0.6178665,6.152042,-0.566658,3.428398,-0.8538284,-7.620682,-3.52137,0.1106491,-1.488266,-3.779068,-0.8212128,-1.304886,-0.6511612,-1.324394,-0.8605957
24.9,0.0,-328.0,-7.0,-50.0,-1.0,-790.0,-8.0,-3097.0,-1.0,-5894.0,-3.0,-700.0,-1.0,-2281.0,,,,,,,,,,,,,,,,,,,,,,,,,,
24.9083309173584,,,,,,,,,,,,,,,29.32888,-0.3957901,26.49046,0.1251297,23.60381,-0.09927368,35.68333,-0.7051926,18.53938,-0.6610413,12.71342,-0.6051712,6.183292,-0.5607986,3.443047,-0.8440628,-7.608963,-3.532112,0.1301804,-1.490219,-3.769302,-0.8260956,-1.301956,-0.6492081,-1.326347,-0.8596191
24.916669845581055,,,,,,,,,,,,,,,29.58865,-0.3977432,26.70042,0.1270828,23.74541,-0.1080627,35.71556,-0.7178879,18.58528,-0.6688538,12.75736,-0.5924759,6.216496,-0.5481033,3.459648,-0.8372269,-7.600174,-3.547737,0.1536179,-1.491196,-3.759537,-0.8348846,-1.29805,-0.6462784,-1.330254,-0.8547363
24.924999237060547,,,,,,,,,,,,,,,29.84939,-0.4045792,26.90843,0.1261063,23.89091,-0.1100159,35.75072,-0.7276535,18.62825,-0.6747131,12.79642,-0.5748978,6.250675,-0.5295486,3.478203,-0.8333206,-7.592361,-3.566292,0.1751022,-1.495102,-3.751724,-0.8436737,-1.291214,-0.6433487,-1.33709,-0.8498535
24.933330535888672,,,,,,,,,,,,,,,30.10622,-0.4172745,27.11937,0.1231766,24.03838,-0.1070862,35.78685,-0.7344894,18.67219,-0.6737366,12.83158,-0.5553665,6.284855,-0.5119705,3.494804,-0.8333206,-7.583572,-3.581917,0.19561,-1.501938,-3.743912,-0.8505096,-1.283401,-0.6394424,-1.345879,-0.8459473
24.933333333333334,0.0,-328.0,-7.0,-55.0,-2.0,-791.0,-8.0,-3100.0,0.0,-5896.0,-3.0,-699.0,0.0,-2285.0,,,,,,,,,,,,,,,,,,,,,,,,,,
24.941669464111328,,,,,,,,,,,,,,,30.36501,-0.4299698,27.32933,0.1182938,24.18974,-0.09927368,35.82982,-0.7344894,18.71321,-0.6688538,12.86674,-0.5377884,6.320988,-0.4943924,3.516289,-0.8362503,-7.571854,-3.595589,0.218071,-1.506821,-3.734146,-0.8534393,-1.273636,-0.6345596,-1.352715,-0.842041
24.950000762939453,,,,,,,,,,,,,,,30.62576,-0.4426651,27.54124,0.1075516,24.34404,-0.09048462,35.87767,-0.7247238,18.7552,-0.657135,12.89896,-0.5211868,6.355167,-0.4836502,3.537773,-0.8430862,-7.556229,-3.604378,0.2385788,-1.50975,-3.716568,-0.8524628,-1.26387,-0.6277237,-1.354668,-0.8410645
24.958330154418945,,,,,,,,,,,,,,,30.89236,-0.4543839,27.75511,0.09680939,24.50029,-0.08071899,35.93236,-0.7110519,18.79817,-0.64151,12.92924,-0.5094681,6.387394,-0.4787674,3.56414,-0.8518753,-7.535721,-3.610237,0.2571335,-1.511703,-3.694107,-0.8505096,-1.249222,-0.6208878,-1.355644,-0.8430176
24.966666666666665,0.0,-326.0,-6.0,-60.0,-2.0,-795.0,-7.0,-3102.0,0.0,-5902.0,-3.0,-699.0,0.0,-2292.0,,,,,,,,,,,,,,,,,,,,,,,,,,
24.9666690826416,,,,,,,,,,,,,,,31.16286,-0.4661026,27.97289,0.08509064,24.65849,-0.06900024,35.989,-0.6915207,18.84895,-0.6268616,12.96146,-0.5036087,6.418644,-0.4787674,3.588554,-0.8626175,-7.508377,-3.614143,0.2766647,-1.50975,-3.66481,-0.8466034,-1.230667,-0.6160049,-1.348808,-0.8508301
24.975000381469727,,,,,,,,,,,,,,,31.44216,-0.4748917,28.19359,0.07141876,24.81572,-0.06021118,36.04955,-0.6690598,18.90461,-0.6122131,12.99467,-0.5055618,6.448917,-0.4846268,3.614922,-0.8714066,-7.474197,-3.617073,0.296196,-1.505844,-3.634537,-0.840744,-1.214066,-0.6140518,-1.33709,-0.8605957
24.98332977294922,,,,,,,,,,,,,,,31.72732,-0.480751,28.41624,0.05677032,24.97588,-0.05337524,36.11107,-0.6465988,18.96614,-0.5965881,13.02787,-0.516304,6.477238,-0.4943924,3.644218,-0.8772659,-7.438065,-3.619026,0.3157272,-1.501938,-3.609146,-0.8348846,-1.193558,-0.6150284,-1.322441,-0.8693848
24.991670608520508,,,,,,,,,,,,,,,32.01736,-0.487587,28.64574,0.04505157,25.13408,-0.04556274,36.17455,-0.6270676,19.03254,-0.5858459,13.06303,-0.531929,6.506535,-0.504158,3.672539,-0.8801956,-7.402908,-3.617073,0.336235,-1.496078,-3.584732,-0.8270721,-1.175003,-0.6189346,-1.304863,-0.880127
25.0,0.0,-328.0,-5.0,-64.0,-3.0,-800.0,-7.0,-3107.0,0.0,-5910.0,-2.0,-702.0,0.0,-2299.0,32.31033,-0.4924698,28.87914,0.03235626,25.29326,-0.03482056,36.23509,-0.6085129,19.10188,-0.57901,13.10111,-0.5495071,6.534855,-0.5129471,3.700859,-0.8821487,-7.369705,-3.61219,0.358696,-1.495102,-3.566177,-0.8153534,-1.151566,-0.6296768,-1.286308,-0.8908691
25.008329391479492,,,,,,,,,,,,,,,32.6072,-0.4924698,29.1223,0.01966095,25.45049,-0.02407837,36.29369,-0.594841,19.17024,-0.5741272,13.14115,-0.5709915,6.563175,-0.5168533,3.729179,-0.8821487,-7.338455,-3.605354,0.3821335,-1.496078,-3.551529,-0.8016815,-1.132034,-0.6413956,-1.269707,-0.895752
25.01667022705078,,,,,,,,,,,,,,,32.90603,-0.4895401,29.37425,0.0079422,25.61064,-0.01138306,36.34642,-0.5860519,19.23664,-0.5711975,13.18705,-0.5895462,6.594425,-0.5188065,3.756523,-0.8821487,-7.313065,-3.591682,0.4075241,-1.499008,-3.540787,-0.7860565,-1.111526,-0.6540909,-1.255058,-0.8996582
25.024999618530273,,,,,,,,,,,,,,,33.20486,-0.4836807,29.63499,0.001106262,25.76884,0.007171631,36.3972,-0.5782394,19.30012,-0.5702209,13.23588,-0.6041946,6.627628,-0.519783,3.780937,-0.8821487,-7.29158,-3.575081,0.4329147,-1.504868,-3.532974,-0.7645721,-1.093948,-0.6687393,-1.242363,-0.9035645
25.0333309173584,,,,,,,,,,,,,,,33.50466,-0.4739151,29.89964,-0.005729675,25.93193,0.02279663,36.44701,-0.5733566,19.35774,-0.5692444,13.28959,-0.6159134,6.661808,-0.5188065,3.804375,-0.8811722,-7.274979,-3.557503,0.4573288,-1.50975,-3.530045,-0.7411346,-1.077347,-0.6843643,-1.231621,-0.904541
25.033333333333335,0.0,-329.0,-4.0,-66.0,-3.0,-806.0,-7.0,-3111.0,0.0,-5914.0,-2.0,-708.0,0.0,-2305.0,,,,,,,,,,,,,,,,,,,,,,,,,,
25.041669845581055,,,,,,,,,,,,,,,33.80642,-0.4602432,30.17503,-0.009635925,26.09599,0.03744507,36.49486,-0.5723801,19.41243,-0.5702209,13.34623,-0.6207962,6.698917,-0.5149002,3.824883,-0.8811722,-7.256424,-3.539925,0.4856491,-1.511703,-3.523209,-0.7147675,-1.064651,-0.6999893,-1.220879,-0.9025879
25.049999237060547,,,,,,,,,,,,,,,34.10329,-0.4436417,30.45628,-0.008659363,26.26689,0.04818726,36.54173,-0.5762863,19.46614,-0.5721741,13.4058,-0.6227493,6.73505,-0.5119705,3.844414,-0.8811722,-7.23201,-3.528206,0.5110397,-1.514633,-3.519302,-0.6903534,-1.052933,-0.7175674,-1.21209,-0.8977051
25.058330535888672,,,,,,,,,,,,,,,34.39919,-0.4299698,30.74144,-0.00377655,26.4417,0.05209351,36.58763,-0.5821457,19.51789,-0.5760803,13.46342,-0.6247025,6.773136,-0.5090408,3.862968,-0.8811722,-7.204666,-3.520393,0.5374069,-1.518539,-3.516373,-0.668869,-1.042191,-0.7322159,-1.2033,-0.888916
25.066666666666666,0.0,-331.0,-4.0,-64.0,-3.0,-813.0,-7.0,-3112.0,0.0,-5921.0,-2.0,-713.0,0.0,-2308.0,,,,,,,,,,,,,,,,,,,,,,,,,,
25.066669464111328,,,,,,,,,,,,,,,34.69216,-0.4202042,31.0266,0.005989075,26.62431,0.04818726,36.63646,-0.5889816,19.57161,-0.5809631,13.52006,-0.6276321,6.813175,-0.504158,3.884453,-0.8792191,-7.173416,-3.516487,0.5627975,-1.523422,-3.51149,-0.653244,-1.034378,-0.7439346,-1.190605,-0.880127
25.075000762939453,,,,,,,,,,,,,,,34.98318,-0.4133682,31.31468,0.02259064,26.81181,0.03549194,36.68724,-0.5997238,19.62532,-0.5848694,13.57182,-0.6295853,6.852238,-0.5012283,3.908867,-0.8782425,-7.13826,-3.51844,0.5872116,-1.530258,-3.506607,-0.6434784,-1.027542,-0.7537003,-1.178886,-0.8674316
25.083330154418945,,,,,,,,,,,,,,,35.27419,-0.4123917,31.60277,0.04016876,27.0081,0.02084351,36.739,-0.6163254,19.68196,-0.5917053,13.61869,-0.6334915,6.889347,-0.4982986,3.937187,-0.8743362,-7.101151,-3.5243,0.6077194,-1.539047,-3.499771,-0.6405487,-1.01973,-0.7556534,-1.170097,-0.8557129
25.0916690826416,,,,,,,,,,,,,,,35.56814,-0.4172745,31.89085,0.05774689,27.2083,0.005218506,36.7888,-0.6348801,19.74543,-0.5975647,13.66557,-0.6373978,6.926456,-0.4982986,3.969414,-0.8675003,-7.064041,-3.533089,0.6282272,-1.551743,-3.486099,-0.6454315,-1.010941,-0.7517471,-1.158379,-0.8459473
25.1,0.0,-332.0,-5.0,-60.0,-3.0,-817.0,-7.0,-3110.0,0.0,-5925.0,-1.0,-717.0,0.0,-2311.0,,,,,,,,,,,,,,,,,,,,,,,,,,
25.100000381469727,,,,,,,,,,,,,,,35.86501,-0.4231339,32.17894,0.07727814,27.41338,-0.01040649,36.84056,-0.6524582,19.80891,-0.6034241,13.70951,-0.6422806,6.962589,-0.5012283,4.00164,-0.8606644,-7.029861,-3.544807,0.6497116,-1.560532,-3.469498,-0.6591034,-1.004105,-0.7400284,-1.150566,-0.8361816
25.10832977294922,,,,,,,,,,,,,,,36.16677,-0.4289932,32.4641,0.09680939,27.62236,-0.01919556,36.89525,-0.6700363,19.87825,-0.6092834,13.75053,-0.6452103,6.996769,-0.5080643,4.037773,-0.8538284,-6.997635,-3.556526,0.6721725,-1.568344,-3.44899,-0.6766815,-0.9953156,-0.7244034,-1.145683,-0.8283691
25.116670608520508,,,,,,,,,,,,,,,36.47439,-0.4368057,32.75218,0.1124344,27.82939,-0.02114868,36.95287,-0.6846848,19.94954,-0.6151428,13.79252,-0.6452103,7.030949,-0.5178299,4.070976,-0.8479691,-6.969315,-3.566292,0.6965866,-1.571274,-3.428482,-0.6991425,-0.9884796,-0.7058487,-1.14373,-0.8273926
25.125,,,,,,,,,,,,,,,36.78786,-0.4436417,33.04124,0.1231766,28.03838,-0.02017212,37.01146,-0.6954269,20.02082,-0.6210022,13.83842,-0.641304,7.065128,-0.5305252,4.10125,-0.8440628,-6.941971,-3.578011,0.72686,-1.571274,-3.406021,-0.7186737,-0.9816437,-0.6882706,-1.14373,-0.8273926
25.133329391479492,,,,,,,,,,,,,,,37.10525,-0.4475479,33.33128,0.1309891,28.24541,-0.01724243,37.07396,-0.7012863,20.09309,-0.6278381,13.88236,-0.6344681,7.102238,-0.5432205,4.127617,-0.8440628,-6.913651,-3.589729,0.7561569,-1.568344,-3.385513,-0.7391815,-0.9738312,-0.6706924,-1.142754,-0.826416
25.133333333333333,0.0,-332.0,-5.0,-52.0,-3.0,-816.0,-7.0,-3109.0,0.0,-5924.0,-1.0,-718.0,0.0,-2313.0,,,,,,,,,,,,,,,,,,,,,,,,,,
25.14167022705078,,,,,,,,,,,,,,,37.42654,-0.449501,33.62621,0.1348953,28.45634,-0.01235962,37.13939,-0.7032394,20.16438,-0.6336975,13.92728,-0.6247025,7.140324,-0.5529861,4.153008,-0.8508987,-6.883377,-3.599495,0.78936,-1.566391,-3.367935,-0.7557831,-0.9679718,-0.6570206,-1.139824,-0.8283691
25.149999618530273,,,,,,,,,,,,,,,37.75173,-0.4485245,33.92015,0.1339188,28.66728,-0.006500244,37.21654,-0.6993332,20.23274,-0.6376038,13.97123,-0.6149368,7.179386,-0.5607986,4.173515,-0.8635941,-6.849197,-3.608284,0.8167038,-1.567368,-3.354263,-0.7655487,-0.963089,-0.6482315,-1.136894,-0.8303223
25.1583309173584,,,,,,,,,,,,,,,38.0779,-0.4455948,34.21507,0.1329422,28.88408,-0.006500244,37.29759,-0.6934738,20.30207,-0.6444397,14.01615,-0.6041946,7.220402,-0.5637283,4.199883,-0.8792191,-6.817947,-3.614143,0.8381882,-1.573227,-3.340591,-0.769455,-0.9582062,-0.6472549,-1.131035,-0.8312988
25.166666666666668,0.0,-334.0,-6.0,-47.0,-3.0,-812.0,-7.0,-3110.0,0.0,-5926.0,-1.0,-719.0,0.0,-2308.0,,,,,,,,,,,,,,,,,,,,,,,,,,
25.166669845581055,,,,,,,,,,,,,,,38.40993,-0.4426651,34.51097,0.1339188,29.10478,-0.01040649,37.38548,-0.688591,20.36946,-0.6502991,14.05912,-0.594429,7.262394,-0.5647049,4.22332,-0.8938675,-6.784744,-3.619026,0.8547897,-1.585922,-3.324966,-0.7684784,-0.9533234,-0.6492081,-1.124199,-0.833252
25.174999237060547,,,,,,,,,,,,,,,38.74099,-0.4387589,34.81078,0.1348953,29.33427,-0.02017212,37.4763,-0.6856613,20.43782,-0.657135,14.10209,-0.5875931,7.30048,-0.5637283,4.250664,-0.9114456,-6.751541,-3.621956,0.867485,-1.598618,-3.310318,-0.7655487,-0.9464874,-0.6540909,-1.116386,-0.833252
25.183330535888672,,,,,,,,,,,,,,,39.07693,-0.4348526,35.11156,0.1388016,29.5667,-0.03091431,37.57005,-0.6827316,20.50911,-0.6649475,14.1431,-0.5846634,7.341496,-0.5617752,4.279961,-0.9260941,-6.722244,-3.619026,0.8792038,-1.611313,-3.291763,-0.7606659,-0.9416046,-0.6628799,-1.10955,-0.8352051
25.191669464111328,,,,,,,,,,,,,,,39.41384,-0.4319229,35.41722,0.1505203,29.80302,-0.04556274,37.66966,-0.6807785,20.5843,-0.67276,14.18998,-0.58564,7.379581,-0.5598221,4.310234,-0.93293,-6.698807,-3.616096,0.8928757,-1.622055,-3.269302,-0.7548065,-0.9357452,-0.6736221,-1.106621,-0.8410645
25.2,0.0,-335.0,-6.0,-44.0,-2.0,-808.0,-7.0,-3114.0,0.0,-5935.0,-2.0,-718.0,0.0,-2301.0,,,,,,,,,,,,,,,,,,,,,,,,,,
25.200000762939453,,,,,,,,,,,,,,,39.75271,-0.4289932,35.73363,0.1632156,30.04521,-0.06118774,37.7683,-0.6807785,20.66145,-0.6795959,14.23588,-0.5885696,7.418644,-0.5607986,4.343437,-0.9358597,-6.675369,-3.613167,0.9124069,-1.626938,-3.246841,-0.7509003,-0.9269562,-0.6824112,-1.10955,-0.8439941
25.208330154418945,,,,,,,,,,,,,,,40.0906,-0.4289932,36.05882,0.1759109,30.29228,-0.07681274,37.8679,-0.6817551,20.7425,-0.6854553,14.28666,-0.5934525,7.4538,-0.5647049,4.37664,-0.9309769,-6.657791,-3.606331,0.936821,-1.624008,-3.225357,-0.7499237,-0.916214,-0.6892471,-1.114433,-0.848877
25.2166690826416,,,,,,,,,,,,,,,40.43337,-0.4309464,36.39574,0.1876297,30.54228,-0.09146118,37.96165,-0.6837082,20.82551,-0.6815491,14.34135,-0.6002884,7.492863,-0.5725174,4.408867,-0.9212112,-6.637283,-3.598518,0.9700241,-1.616196,-3.205826,-0.7518768,-0.9035187,-0.6931534,-1.124199,-0.8547363
25.225000381469727,,,,,,,,,,,,,,,40.77419,-0.4309464,36.74144,0.1944656,30.79716,-0.1012268,38.05638,-0.6846848,20.91047,-0.67276,14.40092,-0.6051712,7.528996,-0.5813065,4.441093,-0.9085159,-6.618729,-3.592659,1.009087,-1.604477,-3.189224,-0.7587128,-0.8917999,-0.6960831,-1.135918,-0.8615723
25.23332977294922,,,,,,,,,,,,,,,41.12087,-0.4319229,37.10179,0.1954422,31.05595,-0.1080627,38.15013,-0.6866379,20.99543,-0.6600647,14.46049,-0.6090775,7.568058,-0.5881424,4.474297,-0.8928909,-6.593338,-3.584846,1.048149,-1.588852,-3.181412,-0.7684784,-0.8791046,-0.6990128,-1.147636,-0.8664551
25.233333333333334,0.0,-335.0,-6.0,-43.0,-3.0,-800.0,-7.0,-3119.0,0.0,-5946.0,-3.0,-714.0,0.0,-2297.0,,,,,,,,,,,,,,,,,,,,,,,,,,
25.241670608520508,,,,,,,,,,,,,,,41.46853,-0.4319229,37.468,0.1886063,31.3167,-0.1090393,38.24486,-0.6866379,21.08137,-0.6424866,14.52299,-0.6120071,7.61005,-0.5949783,4.505547,-0.8792191,-6.565994,-3.577034,1.088188,-1.574203,-3.172623,-0.7811737,-0.8654327,-0.7038956,-1.157402,-0.8703613
25.25,,,,,,,,,,,,,,,41.82107,-0.4289932,37.83617,0.1778641,31.58134,-0.1070862,38.3347,-0.6866379,21.16536,-0.6288147,14.58353,-0.6149368,7.653996,-0.597908,4.53875,-0.8684769,-6.535721,-3.568245,1.125298,-1.563461,-3.16188,-0.7948456,-0.8517609,-0.7117081,-1.160332,-0.8742676
25.258329391479492,,,,,,,,,,,,,,,42.17751,-0.4280167,38.20726,0.1641922,31.84697,-0.1022034,38.42747,-0.6895676,21.24934,-0.6190491,14.6431,-0.6178665,7.702824,-0.5949783,4.570976,-0.8616409,-6.497635,-3.562386,1.157524,-1.554672,-3.153091,-0.8085175,-0.8371124,-0.7214737,-1.156425,-0.8762207
25.266666666666666,-1.0,-332.0,-7.0,-44.0,-3.0,-794.0,-7.0,-3124.0,0.0,-5955.0,-3.0,-713.0,-1.0,-2296.0,,,,,,,,,,,,,,,,,,,,,,,,,,
25.26667022705078,,,,,,,,,,,,,,,42.53884,-0.4280167,38.58324,0.1475906,32.11552,-0.09634399,38.5222,-0.6924973,21.33039,-0.6131897,14.70072,-0.6247025,7.756535,-0.5861893,4.603203,-0.8596878,-6.454666,-3.560432,1.185844,-1.549789,-3.138443,-0.8212128,-0.8214874,-0.7331924,-1.147636,-0.8762207
25.274999618530273,,,,,,,,,,,,,,,42.90505,-0.4280167,38.95726,0.1309891,32.38408,-0.08950806,38.62279,-0.6964035,21.4134,-0.6141663,14.75834,-0.6334915,7.813175,-0.5705643,4.6325,-0.8606644,-6.409744,-3.562386,1.210258,-1.548813,-3.117935,-0.8300018,-0.8000031,-0.7449112,-1.133965,-0.8762207
25.2833309173584,,,,,,,,,,,,,,,43.27322,-0.4299698,39.33421,0.1173172,32.65849,-0.08071899,38.72728,-0.7022629,21.49641,-0.6180725,14.81303,-0.6422806,7.872746,-0.5520096,4.66375,-0.8665237,-6.365799,-3.569221,1.231743,-1.552719,-3.095474,-0.8339081,-0.7794952,-0.7576065,-1.11541,-0.8762207
25.291669845581055,,,,,,,,,,,,,,,43.64626,-0.4368057,39.71214,0.1046219,32.93877,-0.07388306,38.83958,-0.7100754,21.58039,-0.6229553,14.86967,-0.6530228,7.929386,-0.5285721,4.694023,-0.8762894,-6.317947,-3.581917,1.251274,-1.558578,-3.070084,-0.8348846,-0.7570343,-0.7634659,-1.095879,-0.8752441
25.299999237060547,,,,,,,,,,,,,,,44.01931,-0.4465714,40.09203,0.09290314,33.22197,-0.06802368,38.95384,-0.7169113,21.67024,-0.6268616,14.92631,-0.6588821,7.984074,-0.5051346,4.727226,-0.8880081,-6.277908,-3.597542,1.272758,-1.566391,-3.047623,-0.8309784,-0.7326202,-0.7644424,-1.075371,-0.8723145
25.3,-1.0,-328.0,-7.0,-43.0,-3.0,-789.0,-7.0,-3132.0,0.0,-5965.0,-3.0,-716.0,0.0,-2298.0,,,,,,,,,,,,,,,,,,,,,,,,,,
25.308330535888672,,,,,,,,,,,,,,,44.39529,-0.456337,40.47484,0.08704376,33.51201,-0.06021118,39.07982,-0.7217941,21.76399,-0.6288147,14.98978,-0.6598587,8.032902,-0.4826736,4.760429,-0.8997269,-6.240799,-3.61219,1.296196,-1.573227,-3.025162,-0.8260956,-0.7121124,-0.7595596,-1.054863,-0.8693848
25.316669464111328,,,,,,,,,,,,,,,44.77224,-0.4670792,40.86253,0.0860672,33.80791,-0.05337524,39.20872,-0.7217941,21.86457,-0.6307678,15.05521,-0.6539993,8.074894,-0.4660721,4.794609,-0.9133987,-6.206619,-3.627815,1.321587,-1.580063,-3.007584,-0.8212128,-0.6906281,-0.7537003,-1.033379,-0.864502
25.325000762939453,,,,,,,,,,,,,,,45.15017,-0.4739151,41.25121,0.08802032,34.11259,-0.04751587,39.34154,-0.7178879,21.96614,-0.6356506,15.12162,-0.641304,8.112003,-0.4533768,4.830742,-0.9270706,-6.177322,-3.636604,1.349907,-1.583969,-2.990982,-0.8202362,-0.6701202,-0.7468643,-1.012871,-0.8586426
25.333330154418945,,,,,,,,,,,,,,,45.5281,-0.4748917,41.64769,0.09192657,34.42119,-0.03872681,39.48021,-0.7110519,22.07161,-0.64151,15.19291,-0.6286087,8.140324,-0.4465408,4.866875,-0.9387894,-6.149002,-3.640511,1.38018,-1.581039,-2.975357,-0.8241425,-0.6486359,-0.7419815,-0.9894333,-0.8518066
25.333333333333332,-1.0,-327.0,-7.0,-40.0,-3.0,-789.0,-7.0,-3136.0,0.0,-5973.0,-3.0,-718.0,0.0,-2302.0,,,,,,,,,,,,,,,,,,,,,,,,,,
25.3416690826416,,,,,,,,,,,,,,,45.90701,-0.4690323,42.04613,0.1007156,34.73564,-0.03286743,39.61986,-0.7003098,22.18,-0.6522522,15.26127,-0.6178665,8.171574,-0.4465408,4.901054,-0.9466019,-6.122635,-3.638557,1.41143,-1.577133,-2.957779,-0.8348846,-0.6300812,-0.7380753,-0.9669724,-0.8439941
25.350000381469727,,,,,,,,,,,,,,,46.28591,-0.4553604,42.44847,0.1104813,35.05498,-0.03091431,39.76146,-0.6895676,22.29133,-0.6659241,15.32963,-0.6071243,8.200871,-0.4524002,4.934258,-0.9514847,-6.095291,-3.635628,1.439751,-1.569321,-2.936295,-0.8514862,-0.6115265,-0.7400284,-0.9464645,-0.8352051
25.35832977294922,,,,,,,,,,,,,,,46.66775,-0.4387589,42.85863,0.1163406,35.38017,-0.03091431,39.90404,-0.6798019,22.40071,-0.6795959,15.39603,-0.6041946,8.23505,-0.4602127,4.965508,-0.9495316,-6.061111,-3.633675,1.464165,-1.559555,-2.91188,-0.8749237,-0.5910187,-0.7458878,-0.9269333,-0.8283691
25.366666666666667,-1.0,-332.0,-7.0,-41.0,-3.0,-791.0,-7.0,-3137.0,0.0,-5979.0,-2.0,-719.0,0.0,-2303.0,,,,,,,,,,,,,,,,,,,,,,,,,,
25.366670608520508,,,,,,,,,,,,,,,47.05642,-0.4202042,43.27171,0.1192703,35.70634,-0.03482056,40.05052,-0.6739426,22.51399,-0.6932678,15.45853,-0.6090775,8.27216,-0.472908,4.994804,-0.9436722,-6.031815,-3.632698,1.487602,-1.552719,-2.88356,-0.9022675,-0.5705109,-0.7556534,-0.9132614,-0.8195801
25.375,,,,,,,,,,,,,,,47.44997,-0.3996964,43.68675,0.1192703,36.03447,-0.03872681,40.19603,-0.6719894,22.62727,-0.7010803,15.5181,-0.6178665,8.317081,-0.4875565,5.026054,-0.9348831,-5.999588,-3.634651,1.50811,-1.549789,-2.853287,-0.9276581,-0.5509796,-0.7673721,-0.9034958,-0.8127441
25.383329391479492,,,,,,,,,,,,,,,47.85232,-0.3850479,44.10472,0.1163406,36.35966,-0.04556274,40.34642,-0.6749191,22.74153,-0.7030334,15.57767,-0.6276321,8.36591,-0.504158,5.056328,-0.9251175,-5.964432,-3.639534,1.526665,-1.551743,-2.822037,-0.9471893,-0.5304718,-0.7790909,-0.8976364,-0.8039551
25.39167022705078,,,,,,,,,,,,,,,48.25759,-0.3772354,44.52855,0.1104813,36.68388,-0.05337524,40.49681,-0.6798019,22.85481,-0.6991272,15.64017,-0.6354446,8.419621,-0.5207596,5.087578,-0.9143753,-5.933182,-3.645393,1.549126,-1.559555,-2.78981,-0.9579315,-0.5109406,-0.7898331,-0.8956833,-0.7922363
25.399999618530273,,,,,,,,,,,,,,,48.67263,-0.3694229,44.95042,0.106575,37.00713,-0.06118774,40.65208,-0.6846848,22.97004,-0.6922913,15.7017,-0.6393509,8.476261,-0.5393143,5.119804,-0.9065628,-5.902908,-3.651253,1.572563,-1.57518,-2.757584,-0.9598846,-0.4884796,-0.7986221,-0.8937302,-0.7814941
25.4,0.0,-337.0,-7.0,-47.0,-3.0,-793.0,-7.0,-3140.0,0.0,-5984.0,-2.0,-719.0,0.0,-2298.0,,,,,,,,,,,,,,,,,,,,,,,,,,
25.4083309173584,,,,,,,,,,,,,,,49.09158,-0.3664932,45.37425,0.106575,37.33525,-0.06607056,40.81029,-0.6895676,23.0843,-0.6815491,15.7681,-0.6393509,8.535831,-0.5568924,5.150078,-0.9036331,-5.873611,-3.654182,1.602837,-1.593735,-2.72731,-0.9520721,-0.4699249,-0.8035049,-0.8927536,-0.770752
25.416669845581055,,,,,,,,,,,,,,,49.51736,-0.3664932,45.80394,0.1095047,37.66826,-0.06900024,40.97337,-0.6905441,23.19856,-0.67276,15.84037,-0.6354446,8.593449,-0.5705643,5.183281,-0.9046097,-5.844315,-3.652229,1.637016,-1.614243,-2.69606,-0.9364471,-0.4494171,-0.8025284,-0.8888474,-0.7609863
25.424999237060547,,,,,,,,,,,,,,,49.93826,-0.3645401,46.2346,0.1173172,38.0081,-0.06997681,41.13646,-0.6895676,23.31477,-0.6659241,15.91459,-0.6295853,8.651066,-0.5813065,5.212578,-0.9065628,-5.813065,-3.6493,1.678032,-1.63475,-2.66774,-0.9178925,-0.4347687,-0.796669,-0.882988,-0.7512207
25.433330535888672,,,,,,,,,,,,,,,50.36013,-0.3586807,46.67015,0.1280594,38.35966,-0.06900024,41.3054,-0.6866379,23.43293,-0.6629944,15.99076,-0.6247025,8.705753,-0.5871658,5.242851,-0.9075394,-5.775955,-3.64344,1.72686,-1.649399,-2.638443,-0.9012909,-0.4201202,-0.7878799,-0.8732224,-0.7463379
25.433333333333334,0.0,-339.0,-7.0,-52.0,-3.0,-797.0,-7.0,-3147.0,0.0,-5986.0,-2.0,-722.0,-1.0,-2296.0,,,,,,,,,,,,,,,,,,,,,,,,,,
25.441669464111328,,,,,,,,,,,,,,,50.77908,-0.3489151,47.11058,0.1427078,38.72197,-0.06704712,41.47826,-0.6807785,23.555,-0.6639709,16.06693,-0.6217728,8.760441,-0.5900955,5.276054,-0.9085159,-5.73494,-3.637581,1.774712,-1.657211,-2.610123,-0.887619,-0.4103546,-0.781044,-0.860527,-0.7453613
25.450000762939453,,,,,,,,,,,,,,,51.19509,-0.3381729,47.55589,0.1544266,39.09404,-0.06314087,41.65697,-0.6739426,23.67903,-0.6688538,16.14408,-0.6247025,8.810246,-0.5852127,5.308281,-0.9055862,-5.690018,-3.631721,1.824516,-1.661118,-2.583755,-0.8817596,-0.3996124,-0.7761612,-0.844902,-0.7463379
25.458330154418945,,,,,,,,,,,,,,,51.60915,-0.3254776,48.01292,0.1612625,39.47588,-0.05728149,41.84154,-0.6671066,23.80793,-0.6756897,16.22025,-0.6344681,8.86005,-0.5764236,5.34539,-0.8938675,-5.639236,-3.623909,1.870415,-1.658188,-2.556412,-0.8827362,-0.3908234,-0.7732315,-0.8253708,-0.7473145
25.466666666666665,0.0,-340.0,-6.0,-58.0,-3.0,-801.0,-7.0,-3152.0,-1.0,-5988.0,-2.0,-723.0,-2.0,-2296.0,,,,,,,,,,,,,,,,,,,,,,,,,,
25.4666690826416,,,,,,,,,,,,,,,52.02322,-0.3137589,48.47386,0.1651688,39.86259,-0.05239868,42.03001,-0.6592941,23.93782,-0.6835022,16.29447,-0.6491165,8.908878,-0.5686111,5.386406,-0.8821487,-5.590408,-3.620003,1.912407,-1.650375,-2.534927,-0.8915253,-0.3820343,-0.7732315,-0.8019333,-0.7492676
25.475000381469727,,,,,,,,,,,,,,,52.4363,-0.3069229,48.94261,0.1602859,40.25322,-0.04849243,42.22533,-0.6544113,24.07258,-0.6913147,16.36771,-0.6657181,8.955753,-0.5617752,5.430351,-0.8684769,-5.54158,-3.61805,1.949516,-1.639633,-2.513443,-0.9042206,-0.3712921,-0.7771378,-0.7814255,-0.7512207
25.48332977294922,,,,,,,,,,,,,,,52.85036,-0.3059464,49.41527,0.1485672,40.64775,-0.04653931,42.42455,-0.6505051,24.2093,-0.6961975,16.44389,-0.6784134,9.005558,-0.5539627,5.475273,-0.854805,-5.491776,-3.616096,1.97686,-1.627914,-2.492935,-0.9169159,-0.3576202,-0.7790909,-0.7570114,-0.7512207
25.491670608520508,,,,,,,,,,,,,,,53.26931,-0.3098526,49.89183,0.1319656,41.04814,-0.04556274,42.62962,-0.6495285,24.34797,-0.6952209,16.52103,-0.6891556,9.05341,-0.551033,5.523125,-0.8421097,-5.446854,-3.61512,2.006157,-1.615219,-2.476334,-0.9266815,-0.3429718,-0.7790909,-0.7325974,-0.7463379
25.5,0.0,-344.0,-6.0,-60.0,-2.0,-804.0,-7.0,-3157.0,-1.0,-5994.0,-2.0,-725.0,-2.0,-2299.0,53.6863,-0.3186417,50.37035,0.1163406,41.45439,-0.04263306,42.83763,-0.6485519,24.49055,-0.6893616,16.60111,-0.6940384,9.105167,-0.5529861,5.570976,-0.8342972,-5.398026,-3.61512,2.030571,-1.607407,-2.458755,-0.9296112,-0.322464,-0.781044,-0.7101364,-0.7434082
25.508329391479492,,,,,,,,,,,,,,,54.11013,-0.331337,50.84886,0.09876251,41.8665,-0.04067993,43.04466,-0.6485519,24.63606,-0.6795959,16.6851,-0.688179,9.161808,-0.5568924,5.618828,-0.8294144,-5.348221,-3.617073,2.059868,-1.600571,-2.434341,-0.9276581,-0.2990265,-0.7820206,-0.6925583,-0.7414551
25.51667022705078,,,,,,,,,,,,,,,54.53103,-0.3459854,51.32933,0.08704376,42.28154,-0.03970337,43.25462,-0.6505051,24.7845,-0.6678772,16.77689,-0.6735306,9.217472,-0.5637283,5.665703,-0.8284378,-5.29744,-3.620003,2.095024,-1.593735,-2.408951,-0.9198456,-0.2736359,-0.781044,-0.6788864,-0.7385254
25.524999618530273,,,,,,,,,,,,,,,54.95388,-0.3567276,51.80785,0.08216095,42.70341,-0.03579712,43.46654,-0.6514816,24.93684,-0.6551819,16.86674,-0.6539993,9.278996,-0.573494,5.709648,-0.8323441,-5.239822,-3.624886,2.135063,-1.591782,-2.378677,-0.9071503,-0.2462921,-0.781044,-0.6720505,-0.7385254
25.5333309173584,,,,,,,,,,,,,,,55.37283,-0.3616104,52.29124,0.08411407,43.13017,-0.03091431,43.6804,-0.6514816,25.09309,-0.64151,16.96244,-0.6286087,9.338566,-0.5842361,5.75457,-0.8362503,-5.181229,-3.630745,2.181938,-1.587875,-2.344498,-0.8905487,-0.2179718,-0.781044,-0.673027,-0.7424316
25.533333333333335,0.0,-348.0,-7.0,-60.0,-3.0,-807.0,-7.0,-3158.0,-1.0,-6000.0,-3.0,-725.0,-2.0,-2305.0,,,,,,,,,,,,,,,,,,,,,,,,,,
25.541669845581055,,,,,,,,,,,,,,,55.79275,-0.362587,52.78734,0.09192657,43.55791,-0.02603149,43.89915,-0.6485519,25.25032,-0.6297913,17.05912,-0.6051712,9.403019,-0.5920486,5.800468,-0.8401566,-5.123611,-3.636604,2.228813,-1.586899,-2.308365,-0.8768768,-0.1876984,-0.7800674,-0.6759567,-0.7492676
25.549999237060547,,,,,,,,,,,,,,,56.21267,-0.3596573,53.28539,0.1046219,43.99052,-0.01919556,44.12181,-0.6426926,25.41047,-0.6190491,17.15287,-0.5866165,9.464542,-0.597908,5.843437,-0.8440628,-5.073807,-3.642464,2.276665,-1.586899,-2.269302,-0.8671112,-0.1593781,-0.7761612,-0.6866989,-0.7590332
25.558330535888672,,,,,,,,,,,,,,,56.63747,-0.3518448,53.79222,0.1163406,44.42412,-0.01431274,44.3513,-0.6368332,25.57161,-0.6083069,17.24564,-0.5739212,9.525089,-0.6018143,5.887383,-0.8450394,-5.027908,-3.650276,2.327446,-1.584946,-2.232193,-0.863205,-0.1281281,-0.7712784,-0.6915817,-0.7687988
25.566666666666666,0.0,-349.0,-7.0,-61.0,-3.0,-809.0,-7.0,-3154.0,-2.0,-6008.0,-3.0,-721.0,-2.0,-2310.0,,,,,,,,,,,,,,,,,,,,,,,,,,
25.566669464111328,,,,,,,,,,,,,,,57.06618,-0.3450089,54.30882,0.1261063,44.85966,-0.01040649,44.58763,-0.6280441,25.73274,-0.5956116,17.33939,-0.5709915,9.583683,-0.604744,5.931328,-0.8460159,-4.994705,-3.658089,2.373344,-1.582016,-2.19606,-0.8671112,-0.09883118,-0.7634659,-0.6945114,-0.7766113
25.575000762939453,,,,,,,,,,,,,,,57.50368,-0.3420792,54.8264,0.1309891,45.30107,-0.008453369,44.82689,-0.6173019,25.89485,-0.5838928,17.4351,-0.5748978,9.640324,-0.6037674,5.975273,-0.8469925,-4.971268,-3.663948,2.415337,-1.581039,-2.160904,-0.8749237,-0.06855774,-0.7537003,-0.6915817,-0.779541
25.583330154418945,,,,,,,,,,,,,,,57.949,-0.340126,55.34984,0.1309891,45.75127,-0.007476807,45.07103,-0.6065598,26.05891,-0.5702209,17.52885,-0.58564,9.697941,-0.6018143,6.018242,-0.8479691,-4.95076,-3.671761,2.453423,-1.57811,-2.126724,-0.8846893,-0.03730774,-0.7419815,-0.6779099,-0.779541
25.5916690826416,,,,,,,,,,,,,,,58.40603,-0.3430557,55.87132,0.1300125,46.20537,-0.008453369,45.32005,-0.5977707,26.22493,-0.5555725,17.62357,-0.6002884,9.753605,-0.6027908,6.062187,-0.8518753,-4.934158,-3.678596,2.493462,-1.573227,-2.094498,-0.8954315,-0.008010864,-0.7351456,-0.657402,-0.7785645
25.6,0.0,-350.0,-7.0,-59.0,-3.0,-811.0,-8.0,-3152.0,-2.0,-6014.0,-3.0,-719.0,-2.0,-2313.0,,,,,,,,,,,,,,,,,,,,,,,,,,
25.600000381469727,,,,,,,,,,,,,,,58.86697,-0.3528214,56.39574,0.1270828,46.67021,-0.01138306,45.57103,-0.5899582,26.39289,-0.5448303,17.72416,-0.61689,9.813175,-0.6027908,6.103203,-0.8606644,-4.914627,-3.681526,2.53643,-1.565414,-2.060318,-0.9051971,0.02128601,-0.7322159,-0.6320114,-0.7775879
25.60832977294922,,,,,,,,,,,,,,,59.32986,-0.3635635,56.91527,0.1280594,47.14287,-0.01724243,45.82787,-0.5850754,26.56575,-0.5409241,17.82572,-0.6295853,9.876652,-0.6018143,6.142265,-0.8723831,-4.88533,-3.683479,2.579399,-1.551743,-2.031021,-0.91008,0.04960632,-0.7302628,-0.6027145,-0.779541
25.616670608520508,,,,,,,,,,,,,,,59.79177,-0.3733292,57.43675,0.1339188,47.6292,-0.02310181,46.08958,-0.5831223,26.74543,-0.5419006,17.92826,-0.6403275,9.944035,-0.6008377,6.180351,-0.8870316,-4.848221,-3.683479,2.63018,-1.534164,-2.004654,-0.91008,0.07304382,-0.7331924,-0.5734177,-0.7844238
25.625,,,,,,,,,,,,,,,60.25076,-0.3840714,57.96214,0.1456375,48.12334,-0.02896118,46.364,-0.5831223,26.93,-0.5487366,18.03275,-0.6510696,10.0163,-0.597908,6.218437,-0.9026566,-4.803299,-3.681526,2.680962,-1.517563,-1.978287,-0.9061737,0.09355164,-0.7419815,-0.5460739,-0.7971191
25.633329391479492,,,,,,,,,,,,,,,60.70876,-0.3889542,58.48949,0.1622391,48.62627,-0.03579712,46.64427,-0.5860519,27.12532,-0.5624084,18.13725,-0.6579056,10.09345,-0.5920486,6.25457,-0.9143753,-4.749588,-3.67762,2.734673,-1.499008,-1.958755,-0.903244,0.1140594,-0.7537003,-0.5206833,-0.8137207
25.633333333333333,0.0,-351.0,-8.0,-58.0,-3.0,-812.0,-9.0,-3156.0,-3.0,-6020.0,-3.0,-719.0,-2.0,-2317.0,,,,,,,,,,,,,,,,,,,,,,,,,,
25.64167022705078,,,,,,,,,,,,,,,61.16189,-0.3909073,59.02562,0.1788406,49.13408,-0.04360962,46.94115,-0.5909348,27.32454,-0.5780334,18.24857,-0.6627884,10.17255,-0.5832596,6.294609,-0.9212112,-4.693924,-3.672737,2.787407,-1.486313,-1.942154,-0.9012909,0.130661,-0.7644424,-0.4982224,-0.8303223
25.649999618530273,,,,,,,,,,,,,,,61.61306,-0.3909073,59.57445,0.1964188,49.64775,-0.04849243,47.25169,-0.5938644,27.5345,-0.5965881,18.36088,-0.6686478,10.25165,-0.5705643,6.338554,-0.9212112,-4.63533,-3.668831,2.843071,-1.477524,-1.924576,-0.9012909,0.1482391,-0.7781143,-0.4796677,-0.8479004
25.6583309173584,,,,,,,,,,,,,,,62.06033,-0.3889542,60.13499,0.2081375,50.16338,-0.05337524,47.57005,-0.5958176,27.74543,-0.6131897,18.47904,-0.6754837,10.33075,-0.5568924,6.388359,-0.917305,-4.57869,-3.664925,2.892876,-1.472641,-1.905045,-0.9081268,0.1648407,-0.7927628,-0.4620895,-0.8566895
25.666666666666668,0.0,-350.0,-9.0,-57.0,-3.0,-812.0,-9.0,-3163.0,-3.0,-6025.0,-3.0,-722.0,-2.0,-2323.0,,,,,,,,,,,,,,,,,,,,,,,,,,
25.666669845581055,,,,,,,,,,,,,,,62.50759,-0.3889542,60.70824,0.21595,50.68095,-0.05728149,47.90111,-0.5977707,27.96028,-0.625885,18.60209,-0.6823196,10.40888,-0.5432205,6.441093,-0.9085159,-4.523026,-3.662971,2.938774,-1.473618,-1.887466,-0.9217987,0.1824188,-0.8025284,-0.4435349,-0.8615723
25.674999237060547,,,,,,,,,,,,,,,62.95388,-0.3909073,61.2932,0.2198563,51.20146,-0.05728149,48.239,-0.5958176,28.1761,-0.6346741,18.73002,-0.6862259,10.48407,-0.5315018,6.499687,-0.8938675,-4.470291,-3.663948,2.97979,-1.476547,-1.860123,-0.9393768,0.1999969,-0.812294,-0.4240036,-0.8605957
25.683330535888672,,,,,,,,,,,,,,,63.40115,-0.3948135,61.89085,0.2227859,51.72295,-0.05435181,48.5847,-0.5938644,28.39289,-0.6376038,18.86478,-0.6901321,10.55634,-0.526619,6.562187,-0.8801956,-4.414627,-3.665901,3.022758,-1.48143,-1.827896,-0.9598846,0.224411,-0.8220596,-0.4025192,-0.8527832
25.691669464111328,,,,,,,,,,,,,,,63.84548,-0.3996964,62.49242,0.2266922,52.24736,-0.04556274,48.93138,-0.594841,28.61262,-0.6356506,19.00443,-0.6940384,10.62958,-0.526619,6.624687,-0.8675003,-4.357986,-3.666878,3.063774,-1.48436,-1.78981,-0.9784393,0.2458954,-0.8318253,-0.3810349,-0.8410645
25.7,0.0,-346.0,-9.0,-56.0,-3.0,-813.0,-9.0,-3172.0,-3.0,-6032.0,-3.0,-722.0,-2.0,-2332.0,,,,,,,,,,,,,,,,,,,,,,,,,,
25.700000762939453,,,,,,,,,,,,,,,64.29568,-0.402626,63.093,0.2296219,52.78056,-0.02798462,49.28294,-0.5977707,28.83235,-0.6317444,19.14994,-0.695015,10.7038,-0.5285721,6.687187,-0.8587112,-4.302322,-3.666878,3.103813,-1.48436,-1.748795,-0.9930878,0.2703094,-0.8425674,-0.3595505,-0.826416
25.708330154418945,,,,,,,,,,,,,,,64.7449,-0.4006729,63.69456,0.2345047,53.31865,-0.005523682,49.63451,-0.6055832,29.05793,-0.625885,19.29642,-0.6969681,10.78095,-0.5334549,6.746758,-0.8499222,-4.241776,-3.664925,3.144829,-1.482407,-1.70192,-0.9989471,0.2986298,-0.8542862,-0.3322067,-0.8156738
25.7166690826416,,,,,,,,,,,,,,,65.19802,-0.3957901,64.29613,0.2403641,53.86357,0.02182007,49.98021,-0.6163254,29.28938,-0.6180725,19.44682,-0.6979446,10.86298,-0.5412674,6.809258,-0.8450394,-4.182205,-3.658089,3.187798,-1.477524,-1.655045,-0.9960175,0.3259735,-0.8669815,-0.3116989,-0.8078613
25.725000381469727,,,,,,,,,,,,,,,65.6531,-0.3850479,64.89378,0.2452469,54.41826,0.05111694,50.32494,-0.6329269,29.52961,-0.61026,19.59525,-0.6989212,10.94892,-0.5441971,6.865898,-0.8440628,-4.124588,-3.6493,3.231743,-1.471664,-1.60817,-0.9872284,0.3591766,-0.8796768,-0.2921677,-0.802002
25.73332977294922,,,,,,,,,,,,,,,66.11208,-0.3684464,65.49046,0.2472,54.97588,0.07650757,50.67162,-0.6505051,29.77571,-0.6053772,19.74174,-0.7018509,11.03681,-0.5461502,6.921562,-0.8460159,-4.066971,-3.640511,3.274712,-1.466782,-1.564224,-0.9735565,0.3933563,-0.8894424,-0.2784958,-0.7990723
25.733333333333334,0.0,-340.0,-9.0,-56.0,-3.0,-816.0,-8.0,-3179.0,-3.0,-6035.0,-2.0,-721.0,-2.0,-2341.0,,,,,,,,,,,,,,,,,,,,,,,,,,
25.741670608520508,,,,,,,,,,,,,,,66.574,-0.3528214,66.08714,0.2452469,55.54521,0.09701538,51.01634,-0.6661301,30.03059,-0.5995178,19.88529,-0.703804,11.12958,-0.5451736,6.980156,-0.8489456,-4.014236,-3.629768,3.321587,-1.465805,-1.524185,-0.9608612,0.427536,-0.8982315,-0.2677536,-0.7980957
25.75,,,,,,,,,,,,,,,67.03884,-0.3371964,66.68773,0.2403641,56.11748,0.1087341,51.37083,-0.6758957,30.29036,-0.5936584,20.02787,-0.7047806,11.22431,-0.5451736,7.03875,-0.8567581,-3.965408,-3.619026,3.369438,-1.467758,-1.486099,-0.9520721,0.4568329,-0.9040909,-0.2589645,-0.8010254
25.758329391479492,,,,,,,,,,,,,,,67.50466,-0.3235245,67.28929,0.2335281,56.69853,0.1116638,51.72826,-0.6817551,30.55207,-0.5858459,20.17142,-0.7008743,11.32099,-0.5461502,7.097343,-0.8675003,-3.91658,-3.610237,3.415337,-1.472641,-1.456802,-0.9481659,0.4880829,-0.9079971,-0.2540817,-0.8039551
25.766666666666666,0.0,-338.0,-8.0,-57.0,-3.0,-818.0,-7.0,-3187.0,-3.0,-6039.0,-2.0,-724.0,-2.0,-2348.0,,,,,,,,,,,,,,,,,,,,,,,,,,
25.76667022705078,,,,,,,,,,,,,,,67.96755,-0.315712,67.89574,0.2257156,57.28642,0.1058044,52.10423,-0.6798019,30.81575,-0.5760803,20.31889,-0.6940384,11.41571,-0.5461502,7.15789,-0.8762894,-3.868729,-3.604378,3.463188,-1.482407,-1.427505,-0.950119,0.5154266,-0.9089737,-0.2501755,-0.8068848
25.774999618530273,,,,,,,,,,,,,,,68.43142,-0.315712,68.50414,0.2188797,57.88506,0.09408569,52.49193,-0.6719894,31.08528,-0.5653381,20.4683,-0.6862259,11.51142,-0.5471268,7.219414,-0.8821487,-3.817947,-3.600471,3.515923,-1.497055,-1.401138,-0.9550018,0.5427704,-0.9099503,-0.2443161,-0.810791
25.7833309173584,,,,,,,,,,,,,,,68.8904,-0.3225479,69.11351,0.2130203,58.49345,0.07846069,52.89427,-0.6592941,31.35383,-0.5545959,20.6265,-0.67939,11.60614,-0.5461502,7.279961,-0.8880081,-3.768143,-3.601448,3.56768,-1.516586,-1.379654,-0.9598846,0.5691376,-0.9099503,-0.2365036,-0.8137207
25.791669845581055,,,,,,,,,,,,,,,69.34548,-0.331337,69.72972,0.2091141,59.11259,0.06088257,53.31224,-0.6426926,31.62532,-0.54776,20.79642,-0.6715775,11.70575,-0.5412674,7.339531,-0.8909378,-3.717361,-3.606331,3.622368,-1.535141,-1.356216,-0.9637909,0.5974579,-0.9089737,-0.2238083,-0.8215332
25.799999237060547,,,,,,,,,,,,,,,69.79763,-0.3440323,70.35374,0.2081375,59.73759,0.04428101,53.739,-0.6251144,31.89778,-0.5448303,20.97123,-0.6647415,11.80341,-0.5315018,7.400078,-0.8909378,-3.663651,-3.616096,3.676079,-1.553696,-1.328873,-0.9618378,0.6296844,-0.9070206,-0.2101364,-0.8312988
25.8,0.0,-338.0,-8.0,-63.0,-3.0,-817.0,-6.0,-3194.0,-2.0,-6044.0,-2.0,-726.0,-2.0,-2353.0,,,,,,,,,,,,,,,,,,,,,,,,,,
25.808330535888672,,,,,,,,,,,,,,,70.24392,-0.3586807,70.98363,0.2091141,60.37529,0.02670288,54.17259,-0.6085129,32.17707,-0.5516663,21.15482,-0.6598587,11.90497,-0.5188065,7.459648,-0.8909378,-3.60994,-3.630745,3.72979,-1.571274,-1.297623,-0.956955,0.6697235,-0.9050674,-0.1935349,-0.842041
25.816669464111328,,,,,,,,,,,,,,,70.69216,-0.371376,71.62132,0.2110672,61.02177,0.01303101,54.61205,-0.594841,32.46223,-0.5663147,21.33744,-0.6549759,12.00556,-0.5061111,7.521172,-0.8909378,-3.557205,-3.64637,3.776665,-1.588852,-1.260513,-0.9491425,0.708786,-0.9021378,-0.1749802,-0.8508301
25.825000762939453,,,,,,,,,,,,,,,71.14236,-0.3811417,72.26878,0.2130203,61.679,0.004241943,55.05931,-0.5831223,32.7552,-0.5838928,21.52299,-0.6491165,12.11103,-0.4943924,7.581718,-0.8899612,-3.505447,-3.661995,3.825493,-1.601547,-1.220474,-0.9374237,0.7527313,-0.8982315,-0.1554489,-0.8557129
25.833330154418945,,,,,,,,,,,,,,,71.59158,-0.3850479,72.92503,0.2169266,62.34404,-0.001617432,55.51146,-0.5733566,33.05403,-0.6073303,21.70853,-0.6403275,12.21845,-0.4895096,7.647148,-0.8889847,-3.451736,-3.676643,3.867485,-1.611313,-1.175552,-0.9266815,0.7966766,-0.8943253,-0.1320114,-0.8537598
25.833333333333332,0.0,-340.0,-7.0,-67.0,-3.0,-815.0,-6.0,-3195.0,-1.0,-6048.0,-2.0,-729.0,-3.0,-2357.0,,,,,,,,,,,,,,,,,,,,,,,,,,
25.8416690826416,,,,,,,,,,,,,,,72.04568,-0.3830948,73.5891,0.2208328,63.01884,0.002288818,55.97044,-0.5694504,33.36555,-0.625885,21.89506,-0.6286087,12.3288,-0.4904861,7.713554,-0.8899612,-3.393143,-3.686409,3.901665,-1.615219,-1.127701,-0.9169159,0.8376923,-0.8874893,-0.1095505,-0.8449707
25.850000381469727,,,,,,,,,,,,,,,72.50271,-0.3772354,74.25316,0.2237625,63.70732,0.01205444,56.43529,-0.5694504,33.68586,-0.6385803,22.08353,-0.6159134,12.43818,-0.4982986,7.783867,-0.8919144,-3.333572,-3.692268,3.938774,-1.614243,-1.081802,-0.9091034,0.8757782,-0.8787003,-0.08415985,-0.8273926
25.85832977294922,,,,,,,,,,,,,,,72.96072,-0.3674698,74.92113,0.2286453,64.3997,0.02767944,56.91283,-0.5704269,34.01497,-0.6454163,22.27494,-0.6022415,12.5495,-0.5080643,7.856133,-0.8928909,-3.270096,-3.692268,3.974907,-1.611313,-1.035904,-0.9012909,0.9128876,-0.8679581,-0.0568161,-0.8059082
25.866666666666667,0.0,-342.0,-7.0,-68.0,-3.0,-813.0,-6.0,-3195.0,-1.0,-6053.0,-2.0,-732.0,-2.0,-2354.0,,,,,,,,,,,,,,,,,,,,,,,,,,
25.866670608520508,,,,,,,,,,,,,,,73.42068,-0.3537979,75.58421,0.2257156,65.09892,0.05014038,57.39427,-0.5714035,34.35579,-0.6405334,22.47416,-0.5875931,12.66376,-0.5168533,7.928398,-0.8938675,-3.205643,-3.687386,4.014946,-1.60643,-0.9968414,-0.8934784,0.9509735,-0.8581924,-0.02654266,-0.7814941
25.875,,,,,,,,,,,,,,,73.88357,-0.3371964,76.24828,0.2198563,65.80205,0.07162476,57.8933,-0.5723801,34.70442,-0.6278381,22.67826,-0.5739212,12.77802,-0.5236893,8.003593,-0.8938675,-3.143143,-3.678596,4.058891,-1.598618,-0.9528961,-0.887619,0.9880829,-0.8494034,0.0008010864,-0.7600098
25.883329391479492,,,,,,,,,,,,,,,74.34841,-0.3186417,76.91331,0.2110672,66.50517,0.09310913,58.39915,-0.5723801,35.05793,-0.6122131,22.89115,-0.5651321,12.89325,-0.5295486,8.080742,-0.8967972,-3.079666,-3.668831,4.108696,-1.588852,-0.9138336,-0.8798065,1.027145,-0.8396378,0.02326202,-0.7463379
25.89167022705078,,,,,,,,,,,,,,,74.8113,-0.3030167,77.57835,0.1983719,67.21513,0.1077576,58.91869,-0.5694504,35.41633,-0.5926819,23.106,-0.5582962,13.01142,-0.5295486,8.162773,-0.8967972,-3.020096,-3.657112,4.165337,-1.580063,-0.872818,-0.8729706,1.069138,-0.8328018,0.0447464,-0.7414551
25.899999618530273,,,,,,,,,,,,,,,75.27712,-0.2893448,78.24828,0.1847,67.92412,0.1165466,59.44603,-0.5606613,35.77864,-0.5780334,23.32377,-0.5553665,13.13251,-0.5275955,8.247734,-0.8928909,-2.964432,-3.647346,4.224907,-1.57518,-0.8308258,-0.8671112,1.110153,-0.8328018,0.05841827,-0.7463379
25.9,0.0,-342.0,-7.0,-66.0,-3.0,-814.0,-6.0,-3193.0,-1.0,-6059.0,-1.0,-732.0,-2.0,-2349.0,,,,,,,,,,,,,,,,,,,,,,,,,,
25.9083309173584,,,,,,,,,,,,,,,75.7449,-0.277626,78.92503,0.169075,68.63896,0.1214294,59.98412,-0.5499191,36.14094,-0.5663147,23.54642,-0.5534134,13.25458,-0.5285721,8.335625,-0.8899612,-2.911697,-3.637581,4.28643,-1.573227,-0.7839508,-0.863205,1.149216,-0.8357315,0.07404327,-0.7609863
25.916669845581055,,,,,,,,,,,,,,,76.21072,-0.2678604,79.60667,0.1593094,69.36357,0.1253357,60.53197,-0.5333176,36.50715,-0.5565491,23.77103,-0.5514603,13.38642,-0.5334549,8.429375,-0.8831253,-2.85701,-3.627815,4.346977,-1.571274,-0.7360992,-0.8622284,1.185349,-0.8406143,0.08576202,-0.7785645
25.924999237060547,,,,,,,,,,,,,,,76.67751,-0.2649307,80.29808,0.1573563,70.09892,0.1233826,61.08763,-0.5157394,36.87629,-0.5526428,23.99467,-0.5495071,13.51728,-0.5393143,8.524101,-0.8743362,-2.798416,-3.620003,4.405571,-1.57225,-0.6862946,-0.8641815,1.217575,-0.8464737,0.09845734,-0.7980957
25.933330535888672,,,,,,,,,,,,,,,77.14333,-0.2659073,80.99828,0.1612625,70.84404,0.1253357,61.6472,-0.4991379,37.25227,-0.5526428,24.22221,-0.5495071,13.65204,-0.5461502,8.620781,-0.8675003,-2.736893,-3.614143,4.464165,-1.576157,-0.6364899,-0.8710175,1.246872,-0.8552628,0.1179886,-0.8137207
25.933333333333334,0.0,-342.0,-7.0,-61.0,-2.0,-816.0,-6.0,-3194.0,-1.0,-6066.0,-1.0,-729.0,-2.0,-2342.0,,,,,,,,,,,,,,,,,,,,,,,,,,
25.941669464111328,,,,,,,,,,,,,,,77.60915,-0.2698135,81.70433,0.1729813,71.60283,0.1263123,62.21556,-0.4815598,37.63508,-0.5497131,24.45463,-0.5514603,13.78681,-0.5549393,8.714531,-0.8635941,-2.66951,-3.604378,4.516899,-1.581039,-0.5847321,-0.8778534,1.270309,-0.8640518,0.139473,-0.8244629
25.950000762939453,,,,,,,,,,,,,,,78.07009,-0.2746964,82.41917,0.1895828,72.37529,0.1253357,62.79076,-0.4649582,38.03157,-0.5438538,24.68705,-0.55439,13.9206,-0.5637283,8.805351,-0.8616409,-2.597244,-3.596565,4.57061,-1.582016,-0.5329742,-0.8837128,1.294724,-0.8699112,0.1677933,-0.826416
25.958330154418945,,,,,,,,,,,,,,,78.53396,-0.2786026,83.13988,0.2061844,73.15849,0.122406,63.37767,-0.4522629,38.43782,-0.5389709,24.92533,-0.5612259,14.05536,-0.5695877,8.894218,-0.8635941,-2.520096,-3.589729,4.624321,-1.581039,-0.4841461,-0.8885956,1.320114,-0.8728409,0.1970901,-0.8205566
25.966666666666665,0.0,-341.0,-8.0,-56.0,-2.0,-813.0,-6.0,-3196.0,-1.0,-6074.0,-2.0,-731.0,-2.0,-2339.0,,,,,,,,,,,,,,,,,,,,,,,,,,
25.9666690826416,,,,,,,,,,,,,,,78.99978,-0.2825089,83.86742,0.2227859,73.95049,0.1204529,63.9724,-0.4444504,38.85774,-0.5311584,25.16752,-0.5748978,14.19306,-0.573494,8.980156,-0.8684769,-2.439041,-3.581917,4.678032,-1.576157,-0.4323883,-0.8905487,1.351364,-0.8777237,0.2273636,-0.810791
25.975000381469727,,,,,,,,,,,,,,,79.46365,-0.2854385,84.59984,0.2384109,74.75517,0.1155701,64.57982,-0.4424973,39.2884,-0.5213928,25.41654,-0.5895462,14.33271,-0.5774002,9.065117,-0.8733597,-2.360916,-3.578011,4.734673,-1.567368,-0.3855133,-0.8866425,1.38652,-0.8806534,0.2556839,-0.7961426
25.98332977294922,,,,,,,,,,,,,,,79.92947,-0.2864151,85.3391,0.2481766,75.56963,0.1087341,65.20287,-0.4434738,39.7259,-0.5106506,25.66752,-0.6032181,14.47431,-0.5793533,9.149101,-0.8743362,-2.284744,-3.578011,4.790337,-1.554672,-0.3376617,-0.8798065,1.429489,-0.8816299,0.2830276,-0.7785645
25.991670608520508,,,,,,,,,,,,,,,80.39236,-0.284462,86.08128,0.2520828,76.39189,0.1038513,65.84056,-0.4464035,40.17805,-0.500885,25.92728,-0.6129837,14.6247,-0.5832596,9.232109,-0.87043,-2.212479,-3.579964,4.84893,-1.539047,-0.2898102,-0.8690643,1.477341,-0.8826065,0.3084183,-0.763916
26.0,0.0,-341.0,-8.0,-50.0,-2.0,-804.0,-7.0,-3196.0,-1.0,-6081.0,-2.0,-736.0,-2.0,-2340.0,80.85329,-0.2786026,86.82738,0.2540359,77.22685,0.1009216,66.49583,-0.4532394,40.63801,-0.4911194,26.19193,-0.61689,14.77997,-0.5871658,9.321953,-0.8616409,-2.142166,-3.582893,4.902641,-1.522446,-0.2390289,-0.856369,1.531052,-0.8806534,0.3279495,-0.755127
26.008329391479492,,,,,,,,,,,,,,,81.30447,-0.2727432,87.57542,0.2540359,78.06572,0.09994507,67.16185,-0.4630051,41.10481,-0.4842834,26.46049,-0.6159134,14.93915,-0.5900955,9.41082,-0.8479691,-2.076736,-3.5868,4.958305,-1.504868,-0.1911774,-0.8446503,1.588669,-0.8787003,0.3474808,-0.7512207
26.01667022705078,,,,,,,,,,,,,,,81.75173,-0.2649307,88.32542,0.2530594,78.91826,0.1028748,67.83958,-0.4727707,41.58332,-0.4803772,26.73783,-0.6090775,15.10224,-0.589119,9.50457,-0.8323441,-2.009354,-3.589729,5.012016,-1.487289,-0.1394196,-0.8348846,1.645309,-0.8777237,0.3689651,-0.7561035
26.024999618530273,,,,,,,,,,,,,,,82.19314,-0.2571182,89.07249,0.2530594,79.77666,0.1087341,68.52513,-0.485466,42.06965,-0.4794006,27.02299,-0.5963821,15.26532,-0.5852127,9.603203,-0.8157425,-1.940994,-3.588753,5.066704,-1.471664,-0.08766174,-0.8290253,1.699997,-0.8777237,0.3836136,-0.7668457
26.0333309173584,,,,,,,,,,,,,,,82.62966,-0.2483292,89.82054,0.2559891,80.65068,0.1145935,69.22435,-0.4991379,42.56282,-0.4813538,27.31498,-0.5836868,15.43232,-0.5813065,9.703789,-0.8001175,-1.867752,-3.581917,5.122368,-1.457016,-0.03590393,-0.8260956,1.754684,-0.8767471,0.4021683,-0.7844238
26.033333333333335,0.0,-342.0,-8.0,-47.0,-2.0,-796.0,-7.0,-3194.0,-1.0,-6084.0,-2.0,-739.0,-2.0,-2341.0,,,,,,,,,,,,,,,,,,,,,,,,,,
26.041669845581055,,,,,,,,,,,,,,,83.06228,-0.2385635,90.56761,0.2618484,81.53252,0.1214294,69.92943,-0.5137863,43.0677,-0.4872131,27.61674,-0.5719681,15.59931,-0.5725174,9.807304,-0.7874222,-1.788651,-3.575081,5.180962,-1.446274,0.01585388,-0.8241425,1.804489,-0.874794,0.4187698,-0.8049316
26.049999237060547,,,,,,,,,,,,,,,83.49392,-0.2297745,91.31468,0.2716141,82.43095,0.1282654,70.64622,-0.5284348,43.58039,-0.4969788,27.92631,-0.5612259,15.77021,-0.5598221,9.914726,-0.7757034,-1.702713,-3.565315,5.242485,-1.442368,0.06761169,-0.8231659,1.853317,-0.8787003,0.4324417,-0.8244629
26.058330535888672,,,,,,,,,,,,,,,83.92556,-0.2190323,92.06273,0.2823563,83.33916,0.1321716,71.37279,-0.5421066,44.10188,-0.5077209,28.24662,-0.55439,15.94794,-0.5471268,10.02703,-0.7630081,-1.615799,-3.556526,5.307915,-1.444321,0.1154633,-0.8221893,1.896286,-0.8826065,0.4490433,-0.8430176
26.066666666666666,0.0,-345.0,-8.0,-46.0,-3.0,-791.0,-7.0,-3193.0,-1.0,-6085.0,-2.0,-739.0,-1.0,-2346.0,,,,,,,,,,,,,,,,,,,,,,,,,,
26.066669464111328,,,,,,,,,,,,,,,84.36111,-0.2092667,92.81664,0.2960281,84.26591,0.1341248,72.11009,-0.5508957,44.63313,-0.5174866,28.57475,-0.5504837,16.13056,-0.5363846,10.13934,-0.7542191,-1.527908,-3.548714,5.378227,-1.451157,0.1613617,-0.8192596,1.937302,-0.8874893,0.4685745,-0.8547363
26.075000762939453,,,,,,,,,,,,,,,84.7947,-0.199501,93.57542,0.3106766,85.20537,0.1302185,72.85912,-0.5538254,45.17903,-0.5272522,28.90482,-0.547554,16.31903,-0.526619,10.25457,-0.7434769,-1.441971,-3.541878,5.449516,-1.463852,0.2043304,-0.8124237,1.976364,-0.8923721,0.4881058,-0.8596191
26.083330154418945,,,,,,,,,,,,,,,85.23904,-0.1926651,94.3391,0.3214188,86.15556,0.1263123,73.62279,-0.5548019,45.73469,-0.5370178,29.24271,-0.5446243,16.51239,-0.5168533,10.37371,-0.7346878,-1.361893,-3.539925,5.519829,-1.4785,0.2433929,-0.8036346,2.013474,-0.8933487,0.5115433,-0.8566895
26.0916690826416,,,,,,,,,,,,,,,85.68533,-0.1887589,95.11253,0.3282547,87.11259,0.1194763,74.39525,-0.5528488,46.30403,-0.5438538,29.58451,-0.5407181,16.71259,-0.5070877,10.49383,-0.7268753,-1.287674,-3.539925,5.590141,-1.494125,0.2824554,-0.7919159,2.049606,-0.8913956,0.5379105,-0.8498535
26.1,0.0,-349.0,-8.0,-47.0,-3.0,-786.0,-7.0,-3193.0,-1.0,-6087.0,-1.0,-743.0,-1.0,-2348.0,,,,,,,,,,,,,,,,,,,,,,,,,,
26.100000381469727,,,,,,,,,,,,,,,86.12771,-0.1868057,95.88988,0.3341141,88.07939,0.1136169,75.1804,-0.547966,46.88606,-0.54776,29.93412,-0.5358353,16.91376,-0.4982986,10.61687,-0.7239456,-1.217361,-3.540901,5.657524,-1.510727,0.314682,-0.778244,2.082809,-0.8826065,0.5623245,-0.8361816
26.10832977294922,,,,,,,,,,,,,,,86.5779,-0.1868057,96.67601,0.3360672,89.04814,0.106781,75.97728,-0.5421066,47.47786,-0.5497131,30.28861,-0.5299759,17.11689,-0.4875565,10.74187,-0.7249222,-1.149979,-3.544807,5.725883,-1.525375,0.3508148,-0.7635956,2.114059,-0.8660049,0.5877151,-0.8186035
26.116670608520508,,,,,,,,,,,,,,,87.03103,-0.1887589,97.46507,0.3350906,90.01787,0.1028748,76.79173,-0.5382004,48.08137,-0.54776,30.65385,-0.52314,17.32099,-0.4807205,10.86785,-0.729805,-1.082596,-3.547737,5.793266,-1.536118,0.3889008,-0.7489471,2.149216,-0.8445206,0.6150589,-0.8029785
26.125,,,,,,,,,,,,,,,87.48122,-0.1887589,98.26781,0.3331375,90.99638,0.1028748,77.6179,-0.5382004,48.69172,-0.5419006,31.02494,-0.5192337,17.52607,-0.4748611,10.99578,-0.7346878,-1.008377,-3.54969,5.859673,-1.54393,0.4299164,-0.7362518,2.187302,-0.8152237,0.6345901,-0.7873535
26.133329391479492,,,,,,,,,,,,,,,87.92947,-0.1848526,99.07445,0.3292313,91.97392,0.1058044,78.45482,-0.5391769,49.31379,-0.5311584,31.40189,-0.5153275,17.73407,-0.4699783,11.12566,-0.7415237,-0.9331818,-3.551643,5.929008,-1.54686,0.4777679,-0.7255096,2.228317,-0.7849503,0.6541214,-0.7736816
26.133333333333333,0.0,-350.0,-8.0,-51.0,-3.0,-783.0,-7.0,-3192.0,-2.0,-6093.0,-1.0,-745.0,-1.0,-2352.0,,,,,,,,,,,,,,,,,,,,,,,,,,
26.14167022705078,,,,,,,,,,,,,,,88.37771,-0.1780167,99.88402,0.3243484,92.96416,0.1106873,79.30931,-0.5411301,49.94661,-0.5145569,31.78666,-0.5133743,17.94501,-0.4690018,11.2575,-0.7493362,-0.8491974,-3.55555,5.998344,-1.54686,0.5314789,-0.7186737,2.274216,-0.7585831,0.6746292,-0.763916
26.149999618530273,,,,,,,,,,,,,,,88.824,-0.1702042,100.6955,0.3223953,93.96416,0.1165466,80.1804,-0.5411301,50.59114,-0.4950256,32.17338,-0.5123978,18.16278,-0.4709549,11.39324,-0.7542191,-0.7593536,-3.561409,6.07061,-1.541,0.5910492,-0.7167206,2.325974,-0.7331924,0.6902542,-0.7600098
26.1583309173584,,,,,,,,,,,,,,,89.27029,-0.1604385,101.5129,0.3233719,94.97978,0.1263123,81.06322,-0.5382004,51.24739,-0.4725647,32.564,-0.5104446,18.38446,-0.4758377,11.52898,-0.7581253,-0.6646271,-3.569221,6.138969,-1.532211,0.6476898,-0.7216034,2.384567,-0.7156143,0.7127151,-0.7609863
26.166666666666668,0.0,-347.0,-8.0,-52.0,-3.0,-784.0,-8.0,-3191.0,-2.0,-6097.0,-1.0,-747.0,-1.0,-2358.0,,,,,,,,,,,,,,,,,,,,,,,,,,
26.166669845581055,,,,,,,,,,,,,,,89.71755,-0.152626,102.3284,0.325325,96.01591,0.1360779,81.96361,-0.5303879,51.91438,-0.45401,32.96049,-0.507515,18.60907,-0.4807205,11.66766,-0.761055,-0.5659943,-3.578011,6.209282,-1.520493,0.7101898,-0.731369,2.444138,-0.7038956,0.7381058,-0.7697754
26.174999237060547,,,,,,,,,,,,,,,90.16189,-0.1506729,103.1389,0.3302078,97.07646,0.1477966,82.88255,-0.5186691,52.59309,-0.4403381,33.36576,-0.5026321,18.84052,-0.4856033,11.81219,-0.761055,-0.4654083,-3.585823,6.270805,-1.508774,0.7668304,-0.7460175,2.509567,-0.7019424,0.7654495,-0.7834473
26.183330535888672,,,,,,,,,,,,,,,90.60427,-0.1565323,103.9514,0.3380203,98.15068,0.1614685,83.81517,-0.501091,53.28254,-0.4286194,33.78373,-0.4967728,19.07392,-0.4904861,11.9577,-0.7600784,-0.3667755,-3.593636,6.334282,-1.494125,0.8195648,-0.7596893,2.567184,-0.7038956,0.7996292,-0.8000488
26.191669464111328,,,,,,,,,,,,,,,91.0447,-0.1702042,104.7688,0.3477859,99.25029,0.1780701,84.76244,-0.4815598,53.9759,-0.4217834,34.21537,-0.4909134,19.31025,-0.4943924,12.10516,-0.7600784,-0.2730255,-3.599495,6.393852,-1.482407,0.8703461,-0.7743378,2.623825,-0.7126846,0.8386917,-0.8186035
26.2,0.0,-345.0,-8.0,-54.0,-3.0,-785.0,-8.0,-3193.0,-2.0,-6101.0,-1.0,-748.0,-1.0,-2361.0,,,,,,,,,,,,,,,,,,,,,,,,,,
26.200000762939453,,,,,,,,,,,,,,,91.48025,-0.1887589,105.5862,0.356575,100.3665,0.1985779,85.7224,-0.4639816,54.67707,-0.42276,34.66068,-0.4879837,19.55243,-0.4973221,12.2575,-0.7581253,-0.1812286,-3.600471,6.452446,-1.472641,0.9211273,-0.7880096,2.672653,-0.7234268,0.8797073,-0.8361816
26.208330154418945,,,,,,,,,,,,,,,91.91286,-0.2131729,106.4114,0.3604813,101.4964,0.2220154,86.69701,-0.4473801,55.38313,-0.4256897,35.11967,-0.4889603,19.79853,-0.4992752,12.41082,-0.7551956,-0.09724426,-3.598518,6.50811,-1.464828,0.970932,-0.7967987,2.715622,-0.7351456,0.9285355,-0.8508301
26.2166690826416,,,,,,,,,,,,,,,92.33669,-0.2395401,107.2414,0.3624344,102.6429,0.2454529,87.68236,-0.4346848,56.1009,-0.4315491,35.59232,-0.49189,20.05439,-0.4973221,12.56805,-0.7522659,-0.01716614,-3.594612,6.563774,-1.458969,1.018784,-0.8026581,2.749802,-0.7449112,0.9754105,-0.857666
26.225000381469727,,,,,,,,,,,,,,,92.75271,-0.262001,108.0764,0.3624344,103.8011,0.2698669,88.68236,-0.4278488,56.83039,-0.438385,36.08158,-0.4967728,20.31513,-0.4914627,12.72918,-0.7522659,0.05900574,-3.587776,6.620415,-1.457016,1.065659,-0.8065643,2.781052,-0.7556534,1.021309,-0.857666
26.23332977294922,,,,,,,,,,,,,,,93.16677,-0.2786026,108.926,0.3614578,104.9671,0.2893982,89.69994,-0.4258957,57.58039,-0.4422913,36.57865,-0.5016556,20.58857,-0.4826736,12.89129,-0.7542191,0.1332245,-3.582893,6.679008,-1.458969,1.114487,-0.8075409,2.809372,-0.7615128,1.063301,-0.8508301
26.233333333333334,0.0,-347.0,-8.0,-55.0,-3.0,-788.0,-8.0,-3197.0,-2.0,-6108.0,-2.0,-746.0,-1.0,-2359.0,,,,,,,,,,,,,,,,,,,,,,,,,,
26.241670608520508,,,,,,,,,,,,,,,93.57693,-0.2873917,109.7785,0.3595047,106.1399,0.3059998,90.73314,-0.4268723,58.34993,-0.4452209,37.08549,-0.5055618,20.86982,-0.4748611,13.0573,-0.7581253,0.2064667,-3.581917,6.736626,-1.459946,1.162338,-0.8085175,2.841599,-0.765419,1.10334,-0.8400879
26.25,,,,,,,,,,,,,,,93.98611,-0.284462,110.6409,0.3624344,107.3255,0.3167419,91.78587,-0.4288254,59.14582,-0.4432678,37.59916,-0.5045853,21.15888,-0.4670486,13.22527,-0.7639847,0.2797089,-3.581917,6.799126,-1.463852,1.211166,-0.8114471,2.872849,-0.7683487,1.133614,-0.826416
26.258329391479492,,,,,,,,,,,,,,,94.39236,-0.2727432,111.509,0.3722,108.512,0.3196716,92.85912,-0.4337082,59.96223,-0.4393616,38.1226,-0.500679,21.4538,-0.4621658,13.3991,-0.7717972,0.3558807,-3.5868,6.869438,-1.469711,1.263901,-0.8182831,2.909958,-0.7712784,1.157051,-0.810791
26.266666666666666,0.0,-347.0,-9.0,-58.0,-3.0,-794.0,-9.0,-3199.0,-1.0,-6115.0,-2.0,-745.0,-1.0,-2356.0,,,,,,,,,,,,,,,,,,,,,,,,,,
26.26667022705078,,,,,,,,,,,,,,,94.80056,-0.2551651,112.383,0.3858719,109.7103,0.3167419,93.9597,-0.4366379,60.80305,-0.4305725,38.64994,-0.4957962,21.75263,-0.4611893,13.57391,-0.7786331,0.4349823,-3.593636,6.943657,-1.474594,1.318588,-0.825119,2.950974,-0.7751846,1.178535,-0.7922363
26.274999618530273,,,,,,,,,,,,,,,95.20779,-0.2327042,113.2639,0.4014969,110.9134,0.3108826,95.07787,-0.4366379,61.66926,-0.4198303,39.1851,-0.4879837,22.05536,-0.4660721,13.75457,-0.7844925,0.5179901,-3.603401,7.021782,-1.480453,1.377182,-0.831955,2.992966,-0.7771378,1.195137,-0.7756348
26.2833309173584,,,,,,,,,,,,,,,95.61599,-0.2112198,114.1428,0.4151688,112.136,0.3040466,96.2097,-0.4366379,62.55403,-0.407135,39.72709,-0.4801712,22.36298,-0.4748611,13.93816,-0.7893753,0.6019745,-3.614143,7.105766,-1.48436,1.438705,-0.840744,3.040817,-0.7790909,1.213692,-0.7609863
26.291669845581055,,,,,,,,,,,,,,,96.02517,-0.1916885,115.0227,0.4259109,113.3714,0.2981873,97.3679,-0.4317551,63.45637,-0.3944397,40.27494,-0.476265,22.6745,-0.488533,14.12371,-0.792305,0.696701,-3.622932,7.193657,-1.489243,1.505112,-0.8485565,3.088669,-0.7800674,1.238106,-0.7463379
26.299999237060547,,,,,,,,,,,,,,,96.42751,-0.1780167,115.8977,0.4317703,114.6263,0.294281,98.5388,-0.4200363,64.3802,-0.3817444,40.83158,-0.4723587,22.98993,-0.5051346,14.31512,-0.792305,0.7933807,-3.627815,7.276665,-1.493149,1.568588,-0.8524628,3.138474,-0.7781143,1.261543,-0.7316895
26.3,0.0,-345.0,-9.0,-62.0,-2.0,-799.0,-9.0,-3203.0,-1.0,-6122.0,-3.0,-745.0,-2.0,-2356.0,,,,,,,,,,,,,,,,,,,,,,,,,,
26.308330535888672,,,,,,,,,,,,,,,96.82986,-0.1692276,116.7678,0.4366531,115.8978,0.2923279,99.7224,-0.4044113,65.3177,-0.3710022,41.40189,-0.4704056,23.30829,-0.5178299,14.50652,-0.7903519,0.899826,-3.631721,7.357719,-1.496078,1.634995,-0.8544159,3.186325,-0.7732315,1.29084,-0.7160645
26.316669464111328,,,,,,,,,,,,,,,97.23122,-0.1643448,117.6389,0.4356766,117.1858,0.2933044,100.9245,-0.3878098,66.26595,-0.3631897,41.98392,-0.4704056,23.63251,-0.526619,14.70086,-0.7893753,1.011154,-3.632698,7.435844,-1.498032,1.698471,-0.8514862,3.23613,-0.7673721,1.32209,-0.701416
26.325000762939453,,,,,,,,,,,,,,,97.63259,-0.1614151,118.5119,0.4347,118.4876,0.2981873,102.1423,-0.3682785,67.22591,-0.3583069,42.57767,-0.469429,23.9665,-0.5334549,14.90008,-0.7874222,1.125412,-3.627815,7.51104,-1.498032,1.765854,-0.8417206,3.285934,-0.7585831,1.35334,-0.6887207
26.333330154418945,,,,,,,,,,,,,,,98.03493,-0.1604385,119.3909,0.4366531,119.7972,0.3040466,103.3738,-0.3497238,68.19173,-0.3573303,43.18412,-0.4723587,24.30439,-0.535408,15.0993,-0.7844925,1.242599,-3.620003,7.582329,-1.495102,1.831284,-0.8280487,3.339645,-0.7517471,1.383614,-0.6760254
26.333333333333332,0.0,-342.0,-8.0,-64.0,-2.0,-797.0,-9.0,-3212.0,-1.0,-6129.0,-3.0,-743.0,-2.0,-2354.0,,,,,,,,,,,,,,,,,,,,,,,,,,
26.3416690826416,,,,,,,,,,,,,,,98.44216,-0.159462,120.2766,0.4405594,121.1224,0.3089294,104.6208,-0.3360519,69.16731,-0.3563538,43.80424,-0.4743118,24.64814,-0.5344315,15.30535,-0.7796097,1.35881,-3.610237,7.647758,-1.494125,1.89769,-0.8124237,3.39238,-0.7468643,1.413887,-0.6662598
26.350000381469727,,,,,,,,,,,,,,,98.84451,-0.159462,121.178,0.4493484,122.4515,0.3147888,105.8874,-0.3262863,70.14876,-0.3583069,44.439,-0.476265,24.99775,-0.5315018,15.51336,-0.7747269,1.470139,-3.594612,7.719048,-1.492172,1.966049,-0.7958221,3.445114,-0.7449112,1.440254,-0.661377
26.35832977294922,,,,,,,,,,,,,,,99.2488,-0.1614151,122.094,0.4620438,123.7942,0.3206482,107.1697,-0.3243332,71.14583,-0.3612366,45.08256,-0.4811478,25.35419,-0.526619,15.7243,-0.7659378,1.576584,-3.576057,7.78936,-1.490219,2.034409,-0.7801971,3.502731,-0.7468643,1.466621,-0.6633301
26.366666666666667,0.0,-340.0,-8.0,-64.0,-3.0,-794.0,-9.0,-3220.0,-2.0,-6133.0,-3.0,-741.0,-2.0,-2350.0,,,,,,,,,,,,,,,,,,,,,,,,,,
26.366670608520508,,,,,,,,,,,,,,,99.65408,-0.1653214,123.0178,0.4757156,125.1448,0.3284607,108.4626,-0.3262863,72.1595,-0.3661194,45.74076,-0.4879837,25.71845,-0.5227127,15.93621,-0.7571487,1.676193,-3.557503,7.858696,-1.487289,2.101791,-0.7684784,3.555466,-0.7517471,1.492012,-0.6740723
26.375,,,,,,,,,,,,,,,100.0545,-0.1711807,123.9504,0.4884109,126.512,0.3372498,109.7732,-0.3340988,73.19563,-0.3700256,46.4058,-0.4928665,26.08857,-0.5178299,16.14812,-0.7464066,1.771896,-3.536995,7.932915,-1.486313,2.168198,-0.7596893,3.6082,-0.7537003,1.517403,-0.6887207
26.383329391479492,,,,,,,,,,,,,,,100.45,-0.1770401,124.886,0.5011063,127.888,0.3440857,111.1013,-0.3409348,74.24837,-0.3739319,47.08256,-0.4967728,26.4665,-0.5100174,16.36395,-0.7337112,1.871506,-3.515511,8.012016,-1.48436,2.228745,-0.7557831,3.660934,-0.7556534,1.545723,-0.7053223
26.39167022705078,,,,,,,,,,,,,,,100.8426,-0.1828995,125.8166,0.5098953,129.2767,0.3499451,112.4411,-0.3467941,75.32649,-0.3778381,47.7681,-0.4997025,26.85028,-0.5022049,16.58172,-0.7219925,1.970139,-3.494026,8.089165,-1.480453,2.287338,-0.7557831,3.712692,-0.7556534,1.573067,-0.7199707
26.399999618530273,,,,,,,,,,,,,,,101.2254,-0.1887589,126.7395,0.5157547,130.6722,0.3538513,113.7927,-0.3507004,76.4261,-0.3807678,48.46635,-0.4997025,27.23993,-0.4914627,16.8073,-0.7132034,2.078537,-3.477425,8.166313,-1.474594,2.343979,-0.7587128,3.766403,-0.749794,1.601387,-0.7287598
26.4,0.0,-339.0,-7.0,-63.0,-3.0,-795.0,-9.0,-3226.0,-2.0,-6138.0,-3.0,-738.0,-2.0,-2348.0,,,,,,,,,,,,,,,,,,,,,,,,,,
26.4083309173584,,,,,,,,,,,,,,,101.6062,-0.1926651,127.6594,0.5225906,132.0823,0.3548279,115.1589,-0.3536301,77.54427,-0.3846741,49.17435,-0.4967728,27.63642,-0.479744,17.0368,-0.7063675,2.189865,-3.465706,8.251274,-1.466782,2.398666,-0.762619,3.823044,-0.7439346,1.629707,-0.7268066
26.416669845581055,,,,,,,,,,,,,,,101.9793,-0.1936417,128.5764,0.52845,133.5032,0.3538513,116.5447,-0.3536301,78.68098,-0.3895569,49.89408,-0.4928665,28.04071,-0.4670486,17.27703,-0.7034378,2.308029,-3.456917,8.332329,-1.455063,2.45433,-0.7684784,3.880661,-0.7370987,1.659004,-0.7150879
26.424999237060547,,,,,,,,,,,,,,,102.3426,-0.1936417,129.4944,0.5343094,134.9388,0.3509216,117.9451,-0.3546066,79.84016,-0.3963928,50.62846,-0.4870071,28.44794,-0.4533768,17.52312,-0.7024612,2.428146,-3.453011,8.416313,-1.443344,2.511948,-0.7762909,3.940231,-0.7292862,1.684395,-0.6955566
26.433330535888672,,,,,,,,,,,,,,,102.701,-0.1936417,130.4133,0.5421219,136.3958,0.3440857,119.3679,-0.3633957,81.00911,-0.4022522,51.37943,-0.4782181,28.862,-0.441658,17.77605,-0.7024612,2.547287,-3.453987,8.500298,-1.429672,2.572495,-0.7860565,4.000778,-0.7244034,1.713692,-0.6711426
26.433333333333334,0.0,-340.0,-8.0,-64.0,-3.0,-797.0,-8.0,-3231.0,-2.0,-6143.0,-3.0,-737.0,-1.0,-2348.0,,,,,,,,,,,,,,,,,,,,,,,,,,
26.441669464111328,,,,,,,,,,,,,,,103.0496,-0.1936417,131.3459,0.5509109,137.8733,0.3362732,120.8152,-0.3770676,82.19563,-0.4081116,52.14701,-0.469429,29.2829,-0.4357986,18.03289,-0.7044144,2.662521,-3.460823,8.585258,-1.415024,2.636948,-0.7997284,4.057419,-0.7214737,1.745918,-0.6467285
26.450000762939453,,,,,,,,,,,,,,,103.3982,-0.1936417,132.2854,0.5606766,139.3704,0.3265076,122.2849,-0.391716,83.40169,-0.4159241,52.92631,-0.4596634,29.71161,-0.4348221,18.29363,-0.7053909,2.768967,-3.471565,8.670219,-1.404282,2.702377,-0.8153534,4.112106,-0.7244034,1.776192,-0.6271973
26.458330154418945,,,,,,,,,,,,,,,103.742,-0.1946182,133.2346,0.5684891,140.8851,0.3157654,123.7781,-0.4092941,84.62044,-0.4237366,53.72123,-0.4508743,30.14716,-0.4387283,18.55437,-0.7053909,2.870529,-3.483284,8.752251,-1.397446,2.76683,-0.8348846,4.160934,-0.7322159,1.810371,-0.6164551
26.466666666666665,0.0,-339.0,-8.0,-68.0,-3.0,-802.0,-8.0,-3234.0,-2.0,-6148.0,-3.0,-737.0,-2.0,-2351.0,,,,,,,,,,,,,,,,,,,,,,,,,,
26.4666690826416,,,,,,,,,,,,,,,104.0867,-0.1955948,134.1877,0.5714188,142.4192,0.3030701,125.3005,-0.4278488,85.86165,-0.4276428,54.53178,-0.4391556,30.5915,-0.4494705,18.81805,-0.7034378,2.967209,-3.498909,8.837212,-1.396469,2.826401,-0.8534393,4.203903,-0.7449112,1.848457,-0.6154785
26.475000381469727,,,,,,,,,,,,,,,104.4363,-0.1985245,135.1496,0.5704422,143.9612,0.2903748,126.8454,-0.4395676,87.11653,-0.4325256,55.35697,-0.4303665,31.04853,-0.4631424,19.0866,-0.6995316,3.063889,-3.514534,8.920219,-1.400375,2.881088,-0.8710175,4.244919,-0.7605362,1.888496,-0.6213379
26.48332977294922,,,,,,,,,,,,,,,104.7957,-0.2024307,136.1077,0.5645828,145.5169,0.2796326,128.4099,-0.4454269,88.39485,-0.4364319,56.19682,-0.4254837,31.51337,-0.4777908,19.35906,-0.6946487,3.160568,-3.527229,8.999321,-1.410141,2.930893,-0.8846893,4.289841,-0.7790909,1.926582,-0.6350098
26.491670608520508,,,,,,,,,,,,,,,105.1629,-0.2053604,137.0657,0.5538406,147.0774,0.2718201,129.988,-0.4473801,89.69173,-0.4374084,57.05326,-0.4235306,31.99091,-0.4943924,19.63934,-0.6878128,3.258224,-3.537971,9.079399,-1.427719,2.974838,-0.8895721,4.32988,-0.7986221,1.966621,-0.6506348
26.5,0.0,-337.0,-8.0,-70.0,-3.0,-805.0,-8.0,-3235.0,-2.0,-6159.0,-3.0,-738.0,-2.0,-2354.0,105.531,-0.2073135,138.0198,0.5430984,148.6468,0.2679138,131.5935,-0.4405441,91.01204,-0.4374084,57.92435,-0.4254837,32.47626,-0.5061111,19.92547,-0.6809769,3.36174,-3.546761,9.158501,-1.446274,3.015854,-0.8866425,4.378708,-0.8162003,2.004707,-0.6662598
26.508329391479492,,,,,,,,,,,,,,,105.9002,-0.206337,138.9768,0.5333328,150.222,0.2688904,133.2126,-0.4278488,92.35091,-0.438385,58.80912,-0.4303665,32.97235,-0.5129471,20.21941,-0.6731644,3.469162,-3.548714,9.239555,-1.466782,3.054916,-0.8778534,4.427536,-0.8328018,2.041817,-0.6838379
26.51667022705078,,,,,,,,,,,,,,,106.2664,-0.2034073,139.9348,0.5245438,151.8079,0.2747498,134.8435,-0.4132004,93.71126,-0.438385,59.70463,-0.4362259,33.47431,-0.5178299,20.51531,-0.6633987,3.58049,-3.544807,9.321587,-1.487289,3.099838,-0.863205,4.48027,-0.8454971,2.074043,-0.6984863
26.524999618530273,,,,,,,,,,,,,,,106.6199,-0.1975479,140.8909,0.5196609,153.4017,0.2835388,136.4958,-0.3946457,95.08919,-0.4354553,60.60892,-0.4391556,33.98603,-0.519783,20.82,-0.6555862,3.693771,-3.535042,9.407524,-1.507797,3.149643,-0.8426971,4.538864,-0.8533096,2.111153,-0.7111816
26.5333309173584,,,,,,,,,,,,,,,106.9627,-0.1897354,141.8518,0.5216141,155.0091,0.2952576,138.1618,-0.3721848,96.48177,-0.4315491,61.51908,-0.4401321,34.4997,-0.5217361,21.12566,-0.6487503,3.805099,-3.522346,9.496391,-1.523422,3.199448,-0.8231659,4.600388,-0.8572159,2.147285,-0.7248535
26.533333333333335,0.0,-335.0,-8.0,-73.0,-4.0,-805.0,-8.0,-3234.0,-2.0,-6170.0,-3.0,-741.0,-2.0,-2359.0,,,,,,,,,,,,,,,,,,,,,,,,,,
26.541669845581055,,,,,,,,,,,,,,,107.2927,-0.1809464,142.8118,0.5255203,156.6272,0.309906,139.8484,-0.3467941,97.8968,-0.4286194,62.43607,-0.4352493,35.02216,-0.5227127,21.43719,-0.6428909,3.92131,-3.506721,9.584282,-1.537094,3.259018,-0.8036346,4.661911,-0.8562393,2.185371,-0.7385254
26.549999237060547,,,,,,,,,,,,,,,107.6111,-0.175087,143.7805,0.5304031,158.2542,0.3235779,141.5574,-0.3214035,99.32747,-0.4237366,63.36088,-0.4245071,35.54853,-0.5207596,21.75164,-0.6409378,4.036545,-3.488167,9.675102,-1.547836,3.320541,-0.7889862,4.726364,-0.8503799,2.223457,-0.7521973
26.558330535888672,,,,,,,,,,,,,,,107.9217,-0.1711807,144.7502,0.5352859,159.8987,0.3382263,143.2888,-0.2989426,100.7747,-0.4188538,64.29545,-0.4118118,36.08368,-0.5178299,22.07098,-0.6409378,4.152756,-3.470589,9.763969,-1.552719,3.386948,-0.7772675,4.785934,-0.8406143,2.261543,-0.7648926
26.566666666666666,0.0,-333.0,-8.0,-71.0,-4.0,-800.0,-8.0,-3232.0,-2.0,-6178.0,-3.0,-743.0,-1.0,-2360.0,,,,,,,,,,,,,,,,,,,,,,,,,,
26.566669464111328,,,,,,,,,,,,,,,108.2293,-0.1692276,145.7209,0.5401688,161.554,0.3548279,145.0388,-0.2803879,102.2474,-0.4139709,65.24955,-0.3961868,36.62372,-0.5139236,22.39617,-0.6419144,4.273849,-3.456917,9.849907,-1.554672,3.453354,-0.7675018,4.842575,-0.827919,2.298653,-0.7746582
26.575000762939453,,,,,,,,,,,,,,,108.5369,-0.1711807,146.6955,0.5421219,163.2239,0.3714294,146.8064,-0.2686691,103.7435,-0.4090881,66.22221,-0.3834915,37.17157,-0.5051346,22.72332,-0.6438675,4.398849,-3.451057,9.929008,-1.553696,3.520737,-0.7616425,4.895309,-0.8152237,2.333809,-0.7805176
26.583330154418945,,,,,,,,,,,,,,,108.8445,-0.1760635,147.6731,0.5401688,164.9095,0.388031,148.6023,-0.266716,105.2611,-0.4051819,67.2183,-0.375679,37.72626,-0.4934158,23.05535,-0.6458206,4.522873,-3.451057,10.00713,-1.551743,3.591049,-0.7577362,4.940231,-0.8035049,2.367989,-0.7814941
26.5916690826416,,,,,,,,,,,,,,,109.1541,-0.1819229,148.6545,0.5352859,166.6058,0.4046326,150.4138,-0.2706223,106.8089,-0.4002991,68.23783,-0.3717728,38.28681,-0.4836502,23.39031,-0.6419144,4.654709,-3.463753,10.08331,-1.547836,3.659409,-0.75383,4.981247,-0.7937393,2.397285,-0.7775879
26.6,0.0,-330.0,-8.0,-63.0,-4.0,-797.0,-8.0,-3233.0,-2.0,-6181.0,-3.0,-743.0,-1.0,-2365.0,,,,,,,,,,,,,,,,,,,,,,,,,,
26.600000381469727,,,,,,,,,,,,,,,109.4685,-0.1848526,149.6379,0.5245438,168.3196,0.4173279,152.2361,-0.2794113,108.3743,-0.3973694,69.27982,-0.3698196,38.85517,-0.4748611,23.72625,-0.6331253,4.786545,-3.481331,10.15557,-1.54393,3.729721,-0.7528534,5.01738,-0.7839737,2.429512,-0.7658691
26.60832977294922,,,,,,,,,,,,,,,109.783,-0.1897354,150.6174,0.5069656,170.0462,0.4231873,154.0769,-0.2921066,109.9613,-0.39151,70.34135,-0.3707962,39.43134,-0.4699783,24.06512,-0.6223831,4.917404,-3.499886,10.23174,-1.544907,3.80394,-0.7518768,5.058395,-0.7781143,2.463692,-0.7502441
26.616670608520508,,,,,,,,,,,,,,,110.0984,-0.1955948,151.593,0.4884109,171.7854,0.4222107,155.9304,-0.3008957,111.5638,-0.3836975,71.42045,-0.3717728,40.01825,-0.4709549,24.40789,-0.6106644,5.047287,-3.52137,10.31377,-1.54686,3.873276,-0.7518768,5.099411,-0.7732315,2.498848,-0.732666
26.625,,,,,,,,,,,,,,,110.4119,-0.1985245,152.5666,0.4669266,173.5325,0.4134216,157.7995,-0.3057785,113.181,-0.375885,72.51127,-0.3707962,40.61298,-0.4758377,24.75164,-0.5989456,5.17717,-3.538948,10.39776,-1.548813,3.942612,-0.7528534,5.148239,-0.7683487,2.536934,-0.7131348
26.633329391479492,,,,,,,,,,,,,,,110.7244,-0.199501,153.5364,0.4473953,175.2903,0.3987732,159.6833,-0.3057785,114.8118,-0.3651428,73.61771,-0.3698196,41.21747,-0.4846268,25.10223,-0.5901566,5.307053,-3.551643,10.49151,-1.554672,4.012924,-0.7557831,5.199997,-0.7624893,2.57502,-0.6916504
26.633333333333333,0.0,-329.0,-9.0,-56.0,-4.0,-796.0,-7.0,-3239.0,-2.0,-6184.0,-3.0,-742.0,-1.0,-2369.0,,,,,,,,,,,,,,,,,,,,,,,,,,
26.64167022705078,,,,,,,,,,,,,,,111.0379,-0.1975479,154.5051,0.4298172,177.0511,0.3811951,161.5798,-0.3018723,116.4574,-0.3485413,74.73392,-0.3659134,41.82978,-0.4982986,25.45672,-0.5852737,5.438889,-3.554573,10.58526,-1.562485,4.081284,-0.7577362,5.26152,-0.7527237,2.614082,-0.6740723
26.649999618530273,,,,,,,,,,,,,,,111.3396,-0.1936417,155.4719,0.4229813,178.8196,0.3636169,163.489,-0.2960129,118.1156,-0.3319397,75.85795,-0.3620071,42.45282,-0.5129471,25.82293,-0.5862503,5.570724,-3.550667,10.68096,-1.574203,4.14769,-0.7587128,5.32402,-0.7410049,2.653145,-0.6623535
26.6583309173584,,,,,,,,,,,,,,,111.6463,-0.1868057,156.4436,0.4249344,180.5901,0.3518982,165.4031,-0.2891769,119.7904,-0.3163147,76.99857,-0.3610306,43.08173,-0.5275955,26.19695,-0.5901566,5.707443,-3.541878,10.77374,-1.586899,4.205307,-0.7567596,5.387497,-0.7302628,2.689278,-0.6555176
26.666666666666668,0.0,-330.0,-10.0,-55.0,-4.0,-797.0,-7.0,-3243.0,-2.0,-6189.0,-3.0,-747.0,-2.0,-2371.0,,,,,,,,,,,,,,,,,,,,,,,,,,
26.666669845581055,,,,,,,,,,,,,,,111.948,-0.1760635,157.4162,0.4347,182.3675,0.3440857,167.3367,-0.282341,121.4818,-0.3006897,78.14994,-0.3639603,43.71943,-0.5393143,26.58074,-0.5979691,5.848068,-3.531136,10.86749,-1.596664,4.263901,-0.7567596,5.447067,-0.7224503,2.722481,-0.6574707
26.674999237060547,,,,,,,,,,,,,,,112.2449,-0.1633682,158.3987,0.4513016,184.1478,0.3440857,169.2868,-0.2764816,123.1956,-0.2889709,79.30814,-0.3698196,44.36884,-0.5461502,26.9743,-0.6096878,5.984787,-3.519417,10.95342,-1.604477,4.319565,-0.7548065,5.505661,-0.7156143,2.755684,-0.6652832
26.683330535888672,,,,,,,,,,,,,,,112.5359,-0.1477432,159.3782,0.4727859,185.9378,0.3509216,171.2507,-0.2715988,124.9271,-0.2831116,80.47611,-0.3805618,45.02704,-0.5481033,27.37078,-0.6223831,6.123459,-3.508675,11.03838,-1.610336,4.375229,-0.7528534,5.557419,-0.7156143,2.784981,-0.6809082
26.691669464111328,,,,,,,,,,,,,,,112.825,-0.1321182,160.3567,0.4962234,187.7317,0.3616638,173.2351,-0.2647629,126.682,-0.2840881,81.6558,-0.3922806,45.69599,-0.5402908,27.77508,-0.6331253,6.260178,-3.503792,11.12041,-1.60936,4.42894,-0.7548065,5.609177,-0.7224503,2.810371,-0.6984863
26.7,0.0,-332.0,-10.0,-58.0,-3.0,-798.0,-7.0,-3244.0,-1.0,-6194.0,-3.0,-752.0,-2.0,-2373.0,,,,,,,,,,,,,,,,,,,,,,,,,,
26.700000762939453,,,,,,,,,,,,,,,113.1052,-0.1184464,161.3362,0.5177078,189.5364,0.3733826,175.2488,-0.2579269,128.4583,-0.2919006,82.84135,-0.4059525,46.37568,-0.5227127,28.17547,-0.6467972,6.396896,-3.502815,11.20342,-1.6035,4.484604,-0.7616425,5.658005,-0.7331924,2.839668,-0.7180176
26.708330154418945,,,,,,,,,,,,,,,113.3826,-0.1106339,162.3078,0.5382156,191.346,0.3860779,177.2908,-0.2491379,130.2572,-0.3026428,84.03568,-0.4166946,47.06415,-0.4982986,28.57684,-0.6594925,6.531662,-3.505745,11.29229,-1.592758,4.544174,-0.7704315,5.707809,-0.749794,2.865059,-0.7346191
26.7166690826416,,,,,,,,,,,,,,,113.6521,-0.1037979,163.2737,0.5538406,193.1614,0.3977966,179.3454,-0.2403488,132.0736,-0.3182678,85.23978,-0.4215775,47.76239,-0.4709549,28.9743,-0.6692581,6.669357,-3.514534,11.38409,-1.573227,4.607651,-0.7821503,5.760544,-0.7663956,2.89045,-0.748291
26.725000381469727,,,,,,,,,,,,,,,113.9138,-0.09989166,164.2346,0.5645828,194.9847,0.4065857,181.4158,-0.2344894,133.9085,-0.3338928,86.45951,-0.4196243,48.4665,-0.4426346,29.37371,-0.6741409,6.812912,-3.5243,11.48467,-1.555649,4.675034,-0.7948456,5.813278,-0.7820206,2.919746,-0.7590332
26.73332977294922,,,,,,,,,,,,,,,114.1726,-0.1028214,165.1926,0.5714188,196.8079,0.4124451,183.5027,-0.2305832,135.7611,-0.3475647,87.69584,-0.4108353,49.1745,-0.4191971,29.77605,-0.6790237,6.957443,-3.534065,11.59405,-1.540024,4.745346,-0.8055878,5.870895,-0.796669,2.951973,-0.7648926
26.733333333333334,0.0,-336.0,-11.0,-59.0,-2.0,-803.0,-7.0,-3246.0,-2.0,-6201.0,-3.0,-748.0,-2.0,-2374.0,,,,,,,,,,,,,,,,,,,,,,,,,,
26.741670608520508,,,,,,,,,,,,,,,114.4275,-0.1086807,166.1418,0.5714188,198.6419,0.4173279,185.5867,-0.2266769,137.6341,-0.3592834,88.9517,-0.3952103,49.88739,-0.4035721,30.1823,-0.6809769,7.106857,-3.546761,11.70733,-1.528305,4.818588,-0.8124237,5.927536,-0.8054581,2.982246,-0.770752
26.75,,,,,,,,,,,,,,,114.6756,-0.1155167,167.0901,0.5665359,200.4759,0.4212341,187.6726,-0.2257004,139.5208,-0.3641663,90.22904,-0.3795853,50.60419,-0.3977127,30.59441,-0.6790237,7.260178,-3.558479,11.82452,-1.520493,4.889877,-0.81633,5.985153,-0.812294,3.017403,-0.7736816
26.758329391479492,,,,,,,,,,,,,,,114.9168,-0.1272354,168.0354,0.5557938,202.3147,0.4212341,189.7654,-0.2266769,141.431,-0.3583069,91.52592,-0.3649368,51.32685,-0.4006424,31.01531,-0.6770706,7.414474,-3.569221,11.94366,-1.516586,4.964096,-0.8182831,6.039841,-0.8162003,3.050606,-0.7756348
26.766666666666666,0.0,-336.0,-11.0,-59.0,-2.0,-807.0,-6.0,-3251.0,-3.0,-6204.0,-3.0,-742.0,-1.0,-2372.0,,,,,,,,,,,,,,,,,,,,,,,,,,
26.76667022705078,,,,,,,,,,,,,,,115.1541,-0.1379776,168.9768,0.5411453,204.1653,0.4173279,191.8591,-0.2276535,143.3587,-0.344635,92.83939,-0.3522415,52.05536,-0.4113846,31.44012,-0.6751175,7.572678,-3.578011,12.05694,-1.517563,5.035385,-0.81633,6.099411,-0.8171768,3.085762,-0.7756348
26.774999618530273,,,,,,,,,,,,,,,115.3787,-0.1496964,169.9114,0.5235672,206.0276,0.4075623,193.9617,-0.2276535,145.3138,-0.3270569,94.17045,-0.3434525,52.79071,-0.4250565,31.86883,-0.6741409,7.73381,-3.587776,12.16729,-1.518539,5.104721,-0.8143768,6.156052,-0.8171768,3.117989,-0.7736816
26.7833309173584,,,,,,,,,,,,,,,115.6004,-0.1614151,170.8401,0.5089188,207.8968,0.3968201,196.0769,-0.2266769,147.2874,-0.3006897,95.51908,-0.3405228,53.5329,-0.4377518,32.30437,-0.6721878,7.899826,-3.596565,12.26983,-1.521469,5.17601,-0.8124237,6.209763,-0.8181534,3.151192,-0.7687988
26.791669845581055,,,,,,,,,,,,,,,115.8133,-0.1741104,171.7639,0.4991531,209.7806,0.3851013,198.2136,-0.2247238,149.2835,-0.2752991,96.87455,-0.3424759,54.28583,-0.4514236,32.73992,-0.667305,8.068771,-3.604378,12.36749,-1.525375,5.245346,-0.8124237,6.26445,-0.8162003,3.183418,-0.7619629
26.799999237060547,,,,,,,,,,,,,,,116.0174,-0.1868057,172.6828,0.4952469,211.6683,0.372406,200.366,-0.2227707,151.2991,-0.2528381,98.24662,-0.3463821,55.04853,-0.464119,33.17742,-0.6643753,8.242599,-3.610237,12.45831,-1.528305,5.315659,-0.8134003,6.320114,-0.812294,3.221504,-0.755127
26.8,0.0,-334.0,-11.0,-59.0,-1.0,-808.0,-6.0,-3256.0,-3.0,-6203.0,-3.0,-739.0,-1.0,-2372.0,,,,,,,,,,,,,,,,,,,,,,,,,,
26.808330535888672,,,,,,,,,,,,,,,116.2156,-0.1985245,173.5881,0.4981766,213.5667,0.3626404,202.5378,-0.219841,153.3265,-0.2362366,99.62943,-0.3522415,55.81903,-0.4748611,33.61785,-0.6614456,8.419357,-3.616096,12.5501,-1.533188,5.386948,-0.8143768,6.373825,-0.8083878,3.25666,-0.7473145
26.816669464111328,,,,,,,,,,,,,,,116.4109,-0.2131729,174.4924,0.5069656,215.4661,0.356781,204.7312,-0.2139816,155.3714,-0.2284241,101.0249,-0.3590775,56.59735,-0.4836502,34.06707,-0.6585159,8.600021,-3.620003,12.64092,-1.538071,5.456284,-0.8192596,6.428513,-0.8035049,3.298653,-0.7443848
26.825000762939453,,,,,,,,,,,,,,,116.5965,-0.2287979,175.3909,0.5206375,217.3665,0.3548279,206.9441,-0.2071457,157.4241,-0.2284241,102.4322,-0.3639603,57.38153,-0.4895096,34.51922,-0.6555862,8.775803,-3.620979,12.73858,-1.547836,5.528549,-0.8241425,6.479294,-0.7986221,3.339668,-0.7443848
26.833330154418945,,,,,,,,,,,,,,,116.7781,-0.2444229,176.2785,0.5323563,219.2649,0.3597107,209.1745,-0.1964035,159.4808,-0.2333069,103.8511,-0.36689,58.17353,-0.4943924,34.98016,-0.6526566,8.950607,-3.622932,12.84209,-1.554672,5.599838,-0.8280487,6.533005,-0.7937393,3.38166,-0.7492676
26.833333333333332,0.0,-336.0,-11.0,-59.0,-1.0,-808.0,-6.0,-3261.0,-3.0,-6204.0,-4.0,-740.0,0.0,-2373.0,,,,,,,,,,,,,,,,,,,,,,,,,,
26.8416690826416,,,,,,,,,,,,,,,116.951,-0.2600479,177.1594,0.5372391,221.1624,0.3694763,211.4167,-0.1866379,161.5374,-0.2440491,105.2818,-0.3698196,58.96845,-0.5002518,35.44988,-0.6487503,9.123459,-3.622932,12.95342,-1.555649,5.67601,-0.8329315,6.586716,-0.7888565,3.424629,-0.7590332
26.850000381469727,,,,,,,,,,,,,,,117.1218,-0.2746964,178.0383,0.5382156,223.054,0.3811951,213.6765,-0.1788254,163.5999,-0.2547913,106.7212,-0.3747025,59.77021,-0.5012283,35.92937,-0.6419144,9.293381,-3.619026,13.07159,-1.550766,5.752182,-0.8378143,6.637497,-0.7859268,3.470528,-0.770752
26.85832977294922,,,,,,,,,,,,,,,117.2888,-0.2883682,178.9172,0.5333328,224.9446,0.3919373,215.9411,-0.172966,165.6654,-0.2645569,108.1685,-0.375679,60.57489,-0.4982986,36.41375,-0.636055,9.460373,-3.613167,13.19561,-1.537094,5.828354,-0.8426971,6.690231,-0.7839737,3.513496,-0.7824707
26.866666666666667,0.0,-339.0,-10.0,-60.0,-1.0,-809.0,-6.0,-3266.0,-3.0,-6209.0,-4.0,-743.0,0.0,-2369.0,,,,,,,,,,,,,,,,,,,,,,,,,,
26.866670608520508,,,,,,,,,,,,,,,117.4529,-0.2981339,179.7922,0.5216141,226.8392,0.4046326,218.2146,-0.1671066,167.7435,-0.2762756,109.6265,-0.3747025,61.38446,-0.4934158,36.90203,-0.6282425,9.624435,-3.605354,13.32061,-1.521469,5.907455,-0.8446503,6.741989,-0.7829971,3.555489,-0.7932129
26.875,,,,,,,,,,,,,,,117.616,-0.3020401,180.6692,0.5079422,228.7249,0.4173279,220.4929,-0.1671066,169.8265,-0.2840881,111.0845,-0.3737259,62.20185,-0.488533,37.39422,-0.6184769,9.788498,-3.593636,13.44268,-1.502914,5.984604,-0.8466034,6.79277,-0.7820206,3.60041,-0.8029785
26.883329391479492,,,,,,,,,,,,,,,117.7771,-0.3020401,181.5481,0.4952469,230.6077,0.4270935,222.7712,-0.1719894,171.93,-0.2909241,112.5454,-0.3707962,63.02607,-0.4856033,37.88445,-0.6106644,9.949631,-3.578987,13.56377,-1.48436,6.060776,-0.8485565,6.844528,-0.7820206,3.641426,-0.8098145
26.89167022705078,,,,,,,,,,,,,,,117.9373,-0.300087,182.4231,0.4825516,232.4974,0.4339294,225.0447,-0.1788254,174.0472,-0.2997131,114.0122,-0.36689,63.85614,-0.4836502,38.37176,-0.6077347,10.11565,-3.566292,13.67901,-1.475571,6.130112,-0.8505096,6.895309,-0.7839737,3.683418,-0.8156738
26.899999618530273,,,,,,,,,,,,,,,118.0926,-0.2991104,183.2961,0.4718094,234.3811,0.4397888,227.3113,-0.1876144,176.18,-0.3065491,115.479,-0.360054,64.69306,-0.4816971,38.86004,-0.6077347,10.28459,-3.55262,13.78936,-1.476547,6.196518,-0.8524628,6.947067,-0.7878799,3.726387,-0.8186035
26.9,0.0,-341.0,-11.0,-61.0,-2.0,-809.0,-6.0,-3271.0,-3.0,-6211.0,-4.0,-745.0,0.0,-2365.0,,,,,,,,,,,,,,,,,,,,,,,,,,
26.9083309173584,,,,,,,,,,,,,,,118.2429,-0.300087,184.1604,0.4698563,236.2601,0.4485779,229.5818,-0.1954269,178.3245,-0.3124084,116.9507,-0.3483353,65.53876,-0.4816971,39.3493,-0.6096878,10.45647,-3.543831,13.89678,-1.489243,6.260971,-0.8524628,6.996872,-0.7937393,3.766426,-0.8205566
26.916669845581055,,,,,,,,,,,,,,,118.3875,-0.3020401,185.0178,0.4718094,238.1351,0.4573669,231.8425,-0.2022629,180.4866,-0.3143616,118.4292,-0.3385696,66.38935,-0.4787674,39.83465,-0.6126175,10.63127,-3.539925,14.00518,-1.51268,6.319565,-0.8534393,7.049606,-0.7986221,3.808418,-0.8215332
26.924999237060547,,,,,,,,,,,,,,,118.5222,-0.3069229,185.8645,0.4766922,240.0032,0.4642029,234.1033,-0.2061691,182.6605,-0.3114319,119.9244,-0.3258743,67.24384,-0.4758377,40.32293,-0.6184769,10.81389,-3.541878,14.11163,-1.538071,6.381088,-0.8544159,7.102341,-0.8035049,3.851387,-0.8186035
26.933330535888672,,,,,,,,,,,,,,,118.6541,-0.3137589,186.6985,0.4835281,241.8606,0.4720154,236.3747,-0.2061691,184.8529,-0.3026428,121.4302,-0.3122025,68.10419,-0.472908,40.81902,-0.6194534,11.00334,-3.551643,14.22295,-1.565414,6.443588,-0.8524628,7.155075,-0.8083878,3.893379,-0.8166504
26.933333333333334,0.0,-342.0,-11.0,-61.0,-2.0,-806.0,-6.0,-3276.0,-2.0,-6213.0,-5.0,-744.0,0.0,-2362.0,,,,,,,,,,,,,,,,,,,,,,,,,,
26.941669464111328,,,,,,,,,,,,,,,118.7732,-0.3215714,187.5256,0.4952469,243.6985,0.4788513,238.6423,-0.2003098,187.0638,-0.2889709,122.9497,-0.3014603,68.97041,-0.4680252,41.31707,-0.6135941,11.19963,-3.563362,14.33916,-1.587875,6.509018,-0.8495331,7.209763,-0.8103409,3.937325,-0.8127441
26.950000762939453,,,,,,,,,,,,,,,118.8894,-0.3274307,188.3391,0.5069656,245.5198,0.4788513,240.9118,-0.1924973,189.2913,-0.2723694,124.4849,-0.2907181,69.83857,-0.4631424,41.81805,-0.6067581,11.39787,-3.578011,14.45831,-1.601547,6.578354,-0.8456268,7.269333,-0.8132706,3.97834,-0.8029785
26.958330154418945,,,,,,,,,,,,,,,118.9968,-0.3303604,189.1438,0.5177078,247.3255,0.4739685,243.1804,-0.1807785,191.5306,-0.2528381,126.0328,-0.2838821,70.71064,-0.4611893,42.32293,-0.5960159,11.60002,-3.592659,14.5794,-1.60643,6.651596,-0.8417206,7.32988,-0.8152237,4.021309,-0.7912598
26.966666666666665,0.0,-340.0,-11.0,-62.0,-1.0,-806.0,-6.0,-3280.0,-2.0,-6218.0,-5.0,-745.0,0.0,-2362.0,,,,,,,,,,,,,,,,,,,,,,,,,,
26.9666690826416,,,,,,,,,,,,,,,119.1013,-0.3284073,189.9358,0.5255203,249.1067,0.4632263,245.449,-0.1671066,193.7796,-0.2362366,127.5884,-0.2809525,71.58466,-0.4631424,42.82977,-0.5842972,11.80608,-3.600471,14.70342,-1.601547,6.727768,-0.8397675,7.391403,-0.8181534,4.059395,-0.7805176
26.975000381469727,,,,,,,,,,,,,,,119.2029,-0.324501,190.7141,0.52845,250.8753,0.4476013,247.7126,-0.1514816,196.0247,-0.2225647,129.1499,-0.281929,72.46064,-0.4690018,43.33562,-0.5764847,12.0092,-3.604378,14.82745,-1.589828,6.80101,-0.8387909,7.453903,-0.8240128,4.098457,-0.7678223
26.98332977294922,,,,,,,,,,,,,,,119.2937,-0.3205948,191.4836,0.52845,252.6311,0.4309998,249.9675,-0.1368332,198.2699,-0.2167053,130.7203,-0.2868118,73.33564,-0.4787674,43.84637,-0.5755081,12.21233,-3.607307,14.94952,-1.571274,6.871323,-0.840744,7.518356,-0.8288956,4.132637,-0.7561035
26.991670608520508,,,,,,,,,,,,,,,119.3845,-0.3127823,192.2346,0.5264969,254.3763,0.4134216,252.2165,-0.1231613,200.5052,-0.2167053,132.2896,-0.2946243,74.21064,-0.4895096,44.35418,-0.5823441,12.41545,-3.604378,15.07256,-1.552719,6.941635,-0.8417206,7.575974,-0.8367081,4.167793,-0.7463379
27.0,0.0,-338.0,-11.0,-65.0,-1.0,-807.0,-6.0,-3283.0,-1.0,-6224.0,-6.0,-749.0,0.0,-2362.0,119.4705,-0.3059464,192.9719,0.5245438,256.1155,0.4017029,254.4548,-0.1143723,202.7288,-0.219635,133.8628,-0.3063431,75.08369,-0.4992752,44.86492,-0.5940628,12.61565,-3.600471,15.1917,-1.532211,7.009995,-0.8426971,7.633591,-0.8425674,4.200996,-0.7404785
27.008329391479492,,,,,,,,,,,,,,,119.5457,-0.3010635,193.7014,0.5235672,257.8558,0.3977966,256.6853,-0.1094894,204.9505,-0.2254944,135.4429,-0.320015,75.95869,-0.5070877,45.37469,-0.6126175,12.81389,-3.597542,15.3167,-1.516586,7.075424,-0.8436737,7.687302,-0.8445206,4.232246,-0.7385254
27.01667022705078,,,,,,,,,,,,,,,119.6189,-0.300087,194.4202,0.5225906,259.5999,0.3997498,258.9148,-0.1085129,207.1654,-0.2303772,137.0269,-0.3317337,76.83759,-0.510994,45.89227,-0.6321487,13.01018,-3.594612,15.44073,-1.505844,7.140854,-0.8456268,7.741013,-0.8484268,4.266426,-0.7424316
27.024999618530273,,,,,,,,,,,,,,,119.6824,-0.3020401,195.135,0.5235672,261.3421,0.4104919,261.1423,-0.1114426,209.3792,-0.2274475,138.6089,-0.3434525,77.72431,-0.5119705,46.40984,-0.6507034,13.21135,-3.591682,15.56573,-1.496078,7.211166,-0.8446503,7.797653,-0.8503799,4.303535,-0.7502441
27.0333309173584,,,,,,,,,,,,,,,119.7342,-0.3069229,195.8332,0.5274734,263.0814,0.4290466,263.3748,-0.1182785,211.598,-0.2186584,140.1988,-0.3522415,78.62275,-0.5061111,46.9323,-0.6614456,13.41057,-3.590706,15.69561,-1.494125,7.282455,-0.8426971,7.85527,-0.8523331,4.339668,-0.7619629
27.033333333333335,0.0,-339.0,-11.0,-68.0,-2.0,-807.0,-7.0,-3289.0,-1.0,-6233.0,-6.0,-751.0,-1.0,-2359.0,,,,,,,,,,,,,,,,,,,,,,,,,,
27.041669845581055,,,,,,,,,,,,,,,119.7869,-0.3147354,196.5285,0.5323563,264.8226,0.4485779,265.5935,-0.126091,213.8206,-0.2049866,141.7896,-0.3590775,79.52216,-0.495369,47.45379,-0.6653519,13.61076,-3.587776,15.82842,-1.497055,7.355698,-0.8417206,7.922653,-0.8552628,4.379707,-0.7766113
27.049999237060547,,,,,,,,,,,,,,,119.8279,-0.324501,197.2131,0.5323563,266.556,0.4700623,267.8259,-0.1309738,216.0491,-0.1864319,143.3833,-0.360054,80.4333,-0.4856033,47.98113,-0.6624222,13.81389,-3.582893,15.96026,-1.503891,7.43187,-0.8417206,7.993942,-0.8611221,4.422676,-0.7893066
27.058330535888672,,,,,,,,,,,,,,,119.8689,-0.3371964,197.8938,0.5294266,268.2776,0.4886169,270.0525,-0.1319504,218.2806,-0.1649475,144.9781,-0.3561478,81.35029,-0.4748611,48.50652,-0.65168,14.01701,-3.578011,16.096,-1.514633,7.509018,-0.840744,8.069138,-0.8699112,4.464668,-0.8039551
27.066666666666666,0.0,-342.0,-10.0,-69.0,-2.0,-809.0,-7.0,-3295.0,-1.0,-6241.0,-6.0,-748.0,-1.0,-2359.0,,,,,,,,,,,,,,,,,,,,,,,,,,
27.066669464111328,,,,,,,,,,,,,,,119.8992,-0.346962,198.5578,0.5235672,269.9778,0.5071716,272.2683,-0.1299973,220.512,-0.1473694,146.566,-0.351265,82.26826,-0.4660721,49.03094,-0.636055,14.21623,-3.574104,16.22979,-1.527328,7.590073,-0.8368378,8.150192,-0.8777237,4.510567,-0.8127441
27.075000762939453,,,,,,,,,,,,,,,119.9226,-0.355751,199.2102,0.5138016,271.6556,0.5227966,274.4744,-0.1251144,222.7445,-0.1327209,148.1568,-0.3454056,83.1833,-0.4602127,49.55437,-0.62043,14.42033,-3.570198,16.36163,-1.54393,7.674057,-0.8339081,8.231247,-0.8845596,4.555489,-0.8156738
27.083330154418945,,,,,,,,,,,,,,,119.9412,-0.362587,199.8518,0.5020828,273.3079,0.5364685,276.6619,-0.1163254,224.9691,-0.1239319,149.7437,-0.3395462,84.09248,-0.4582596,50.07488,-0.6038284,14.62151,-3.566292,16.49639,-1.557602,7.757065,-0.8300018,8.310349,-0.8913956,4.604317,-0.817627
27.0916690826416,,,,,,,,,,,,,,,119.95,-0.3655167,200.4748,0.4893875,274.9368,0.5481873,278.8357,-0.1085129,227.1927,-0.1210022,151.3248,-0.3317337,85.00263,-0.4582596,50.58953,-0.5862503,14.82561,-3.561409,16.62627,-1.568344,7.843979,-0.825119,8.384567,-0.8953018,4.651192,-0.8137207
27.1,0.0,-344.0,-10.0,-70.0,-3.0,-813.0,-7.0,-3301.0,-1.0,-6248.0,-5.0,-742.0,-1.0,-2363.0,,,,,,,,,,,,,,,,,,,,,,,,,,
27.100000381469727,,,,,,,,,,,,,,,119.949,-0.3664932,201.0823,0.4766922,276.5482,0.5589294,280.9949,-0.1016769,229.4066,-0.1210022,152.9039,-0.3248978,85.904,-0.4611893,51.0993,-0.5725784,15.02971,-3.55555,16.75909,-1.577133,7.93187,-0.8231659,8.456833,-0.8962784,4.70002,-0.8039551
27.10832977294922,,,,,,,,,,,,,,,119.9392,-0.362587,201.6711,0.4639969,278.1341,0.5667419,283.1365,-0.09874725,231.6195,-0.1239319,154.479,-0.3190384,86.80341,-0.464119,51.61199,-0.5628128,15.23869,-3.548714,16.89385,-1.582016,8.01976,-0.8231659,8.525192,-0.8923721,4.748848,-0.7932129
27.116670608520508,,,,,,,,,,,,,,,119.9187,-0.3528214,202.2405,0.4542313,279.7025,0.5716248,285.2634,-0.1016769,233.8216,-0.1278381,156.0513,-0.3122025,87.70185,-0.4650955,52.11883,-0.5540237,15.45451,-3.537971,17.03252,-1.582016,8.107651,-0.8241425,8.588669,-0.8874893,4.798653,-0.7824707
27.125,,,,,,,,,,,,,,,119.8894,-0.3381729,202.7912,0.4493484,281.2591,0.575531,287.3796,-0.1085129,236.0189,-0.1307678,157.6236,-0.3063431,88.60126,-0.464119,52.62957,-0.5501175,15.67424,-3.526253,17.17413,-1.581039,8.192612,-0.8260956,8.650192,-0.8826065,4.849434,-0.7678223
27.133329391479492,,,,,,,,,,,,,,,119.8504,-0.3186417,203.3215,0.4483719,282.7943,0.5774841,289.4851,-0.1182785,238.2132,-0.1307678,159.1998,-0.3024368,89.50068,-0.4611893,53.14227,-0.5481644,15.90276,-3.514534,17.31866,-1.579086,8.276596,-0.8280487,8.709763,-0.8767471,4.902168,-0.7541504
27.133333333333333,0.0,-347.0,-10.0,-67.0,-3.0,-814.0,-7.0,-3305.0,-1.0,-6255.0,-5.0,-740.0,-1.0,-2369.0,,,,,,,,,,,,,,,,,,,,,,,,,,
27.14167022705078,,,,,,,,,,,,,,,119.8103,-0.2971573,203.8371,0.4483719,284.3109,0.5735779,291.5769,-0.1309738,240.3988,-0.1297913,160.7779,-0.2995071,90.39814,-0.457283,53.65691,-0.5491409,16.13127,-3.504768,17.471,-1.57811,8.359604,-0.8290253,8.769333,-0.8728409,4.95002,-0.7414551
27.149999618530273,,,,,,,,,,,,,,,119.7625,-0.2756729,204.342,0.450325,285.7991,0.5657654,293.6492,-0.1426926,242.5736,-0.1268616,162.3521,-0.2995071,91.29658,-0.4533768,54.17254,-0.5520706,16.36467,-3.495003,17.62139,-1.576157,8.440659,-0.8309784,8.82695,-0.8738174,4.997871,-0.7316895
27.1583309173584,,,,,,,,,,,,,,,119.7097,-0.2571182,204.8293,0.4522781,287.2513,0.559906,295.7039,-0.1514816,244.7406,-0.1249084,163.9283,-0.3024368,92.19404,-0.4514236,54.69305,-0.5550003,16.59416,-3.49012,17.77374,-1.57518,8.51976,-0.8339081,8.887497,-0.8787003,5.04084,-0.7258301
27.166666666666668,0.0,-346.0,-11.0,-62.0,-3.0,-813.0,-7.0,-3303.0,-1.0,-6261.0,-5.0,-742.0,-1.0,-2375.0,,,,,,,,,,,,,,,,,,,,,,,,,,
27.166669845581055,,,,,,,,,,,,,,,119.6609,-0.2424698,205.3088,0.4513016,288.6771,0.5530701,297.7292,-0.1524582,246.8929,-0.125885,165.5015,-0.3082962,93.08466,-0.4524002,55.21062,-0.5559769,16.82365,-3.491096,17.92413,-1.576157,8.598862,-0.8378143,8.94902,-0.8894424,5.082832,-0.7248535
27.174999237060547,,,,,,,,,,,,,,,119.6023,-0.237587,205.7746,0.4493484,290.0687,0.5462341,299.7458,-0.1446457,249.0316,-0.1278381,167.066,-0.3141556,93.97724,-0.4543533,55.73113,-0.5550003,17.05315,-3.495003,18.07159,-1.574203,8.679916,-0.8456268,9.012497,-0.9040909,5.120918,-0.7297363
27.183330535888672,,,,,,,,,,,,,,,119.5447,-0.2395401,206.2356,0.4454422,291.4407,0.5384216,301.7322,-0.1309738,251.1468,-0.1327209,168.6275,-0.3180618,94.86396,-0.4563065,56.25066,-0.5530472,17.28166,-3.503792,18.221,-1.571274,8.761948,-0.8553925,9.07402,-0.921669,5.154121,-0.7385254
27.191669464111328,,,,,,,,,,,,,,,119.4832,-0.2483292,206.6858,0.4405594,292.7952,0.5335388,303.7068,-0.110466,253.2464,-0.1395569,170.1773,-0.3151321,95.75166,-0.4543533,56.77117,-0.5491409,17.51408,-3.510628,18.37237,-1.567368,8.852768,-0.871994,9.140427,-0.9382706,5.186348,-0.7512207
27.2,0.0,-343.0,-10.0,-57.0,-3.0,-812.0,-8.0,-3305.0,-1.0,-6268.0,-5.0,-743.0,-1.0,-2377.0,,,,,,,,,,,,,,,,,,,,,,,,,,
27.200000762939453,,,,,,,,,,,,,,,119.4217,-0.262001,207.1282,0.4327469,294.1331,0.5296326,305.6599,-0.08995819,255.3265,-0.1483459,171.7242,-0.3073196,96.6374,-0.4475174,57.2907,-0.5442581,17.75334,-3.515511,18.52569,-1.561508,8.945541,-0.8905487,9.203903,-0.9509659,5.217598,-0.7658691
27.208330154418945,,,,,,,,,,,,,,,119.3582,-0.2756729,207.5637,0.4259109,295.4632,0.5247498,307.5896,-0.06847382,257.386,-0.1542053,173.2623,-0.2946243,97.51533,-0.4387283,57.80828,-0.5432816,17.99944,-3.51844,18.68584,-1.553696,9.043198,-0.9091034,9.270309,-0.9597549,5.253731,-0.7775879
27.2166690826416,,,,,,,,,,,,,,,119.2888,-0.2893448,207.9875,0.4229813,296.7796,0.5208435,309.5076,-0.05382538,259.4388,-0.157135,174.7925,-0.2789993,98.39423,-0.4231033,58.32098,-0.542305,18.24651,-3.520393,18.84893,-1.545883,9.149643,-0.9276581,9.32988,-0.9626846,5.28791,-0.7854004
27.225000381469727,,,,,,,,,,,,,,,119.2146,-0.2991104,208.3996,0.4220047,298.0765,0.5179138,311.4001,-0.04308319,261.4739,-0.1542053,176.316,-0.2633743,99.26533,-0.4045486,58.83074,-0.5432816,18.50041,-3.52137,19.02276,-1.537094,9.259995,-0.9442596,9.391403,-0.9568253,5.329903,-0.7902832
27.23332977294922,,,,,,,,,,,,,,,119.1336,-0.3078995,208.7912,0.4210281,299.3509,0.513031,313.2625,-0.04210663,263.5042,-0.1493225,177.8277,-0.2526321,100.1257,-0.3879471,59.33367,-0.5452347,18.75822,-3.520393,19.19952,-1.529282,9.36937,-0.9579315,9.448044,-0.9451065,5.369942,-0.7893066
27.233333333333334,1.0,-342.0,-10.0,-57.0,-2.0,-815.0,-8.0,-3307.0,-1.0,-6275.0,-4.0,-745.0,-1.0,-2379.0,,,,,,,,,,,,,,,,,,,,,,,,,,
27.241670608520508,,,,,,,,,,,,,,,119.0369,-0.315712,209.1643,0.4220047,300.5989,0.5091248,315.1003,-0.047966,265.5267,-0.1405334,179.3335,-0.2497025,100.9811,-0.3732986,59.82977,-0.5471878,19.01506,-3.52137,19.37823,-1.522446,9.478745,-0.9676971,9.507614,-0.9324112,5.41584,-0.7844238
27.25,,,,,,,,,,,,,,,118.9295,-0.3215714,209.5061,0.4229813,301.8138,0.5081482,316.9207,-0.05675507,267.5433,-0.1307678,180.8169,-0.2526321,101.8288,-0.3625565,60.32293,-0.5491409,19.27678,-3.523323,19.55987,-1.517563,9.58519,-0.97258,9.562302,-0.9177628,5.463692,-0.7775879
27.258329391479492,,,,,,,,,,,,,,,118.8084,-0.3284073,209.8176,0.4210281,302.9984,0.5081482,318.7185,-0.06945038,269.5482,-0.1229553,182.2867,-0.2594681,102.6696,-0.3566971,60.81023,-0.5481644,19.53947,-3.526253,19.73858,-1.514633,9.691635,-0.97258,9.621872,-0.9050674,5.51252,-0.7717285
27.266666666666666,1.0,-342.0,-11.0,-60.0,-3.0,-814.0,-9.0,-3310.0,-1.0,-6281.0,-4.0,-746.0,-1.0,-2382.0,,,,,,,,,,,,,,,,,,,,,,,,,,
27.26667022705078,,,,,,,,,,,,,,,118.6726,-0.3381729,210.1018,0.4200516,304.1595,0.5081482,320.4958,-0.08214569,271.5335,-0.1161194,183.7369,-0.2672806,103.5036,-0.354744,61.29363,-0.5462112,19.81096,-3.530159,19.92022,-1.513657,9.793198,-0.9676971,9.681442,-0.8962784,5.561348,-0.7668457
27.274999618530273,,,,,,,,,,,,,,,118.5252,-0.3450089,210.3586,0.4171219,305.2982,0.5091248,322.2585,-0.09288788,273.5023,-0.1112366,185.1685,-0.2711868,104.3337,-0.3557205,61.77703,-0.5452347,20.08537,-3.532112,20.09698,-1.51268,9.896713,-0.9608612,9.745895,-0.8933487,5.614082,-0.763916
27.2833309173584,,,,,,,,,,,,,,,118.3689,-0.3489151,210.595,0.4122391,306.4144,0.5110779,324.0046,-0.09874725,275.4603,-0.1073303,186.5865,-0.2721634,105.1657,-0.3576736,62.25652,-0.5432816,20.36272,-3.535042,20.27764,-1.510727,9.996323,-0.9520721,9.819138,-0.8943253,5.661934,-0.7629395
27.291669845581055,,,,,,,,,,,,,,,118.2068,-0.3498917,210.8098,0.4054031,307.511,0.5101013,325.7224,-0.09777069,277.3909,-0.1053772,187.9888,-0.2672806,105.9919,-0.3625565,62.73504,-0.5432816,20.64494,-3.536018,20.45635,-1.510727,10.09984,-0.9403534,9.894333,-0.8972549,5.709785,-0.763916
27.299999237060547,,,,,,,,,,,,,,,118.0369,-0.3479385,211.009,0.4005203,308.5882,0.5110779,327.4138,-0.08898163,279.2933,-0.09854126,189.3716,-0.257515,106.8122,-0.3654861,63.20965,-0.5462112,20.92522,-3.536018,20.63799,-1.510727,10.20335,-0.9305878,9.976364,-0.8992081,5.757637,-0.7668457
27.3,1.0,-341.0,-10.0,-66.0,-3.0,-812.0,-10.0,-3313.0,-2.0,-6290.0,-4.0,-746.0,-1.0,-2384.0,,,,,,,,,,,,,,,,,,,,,,,,,,
27.308330535888672,,,,,,,,,,,,,,,117.8592,-0.3420792,211.1965,0.3985672,309.6292,0.5110779,329.0701,-0.07335663,281.1614,-0.0897522,190.7496,-0.2477493,107.6345,-0.3664627,63.68523,-0.5471878,21.20354,-3.537971,20.82452,-1.508774,10.30882,-0.9227753,10.06133,-0.9011612,5.803535,-0.7687988
27.316669464111328,,,,,,,,,,,,,,,117.6736,-0.3342667,211.3664,0.4005203,310.6458,0.5110779,330.7,-0.05382538,282.9915,-0.07998657,192.1148,-0.2379837,108.4519,-0.3674393,64.15203,-0.5520706,21.47697,-3.536995,21.01495,-1.508774,10.41331,-0.9159393,10.14824,-0.8982315,5.85041,-0.7717285
27.325000762939453,,,,,,,,,,,,,,,117.4832,-0.3274307,211.5168,0.40345,311.6224,0.5120544,332.2937,-0.03136444,284.7864,-0.06826782,193.4742,-0.2301712,109.2575,-0.3693924,64.61785,-0.5589066,21.74651,-3.532112,21.20733,-1.51268,10.51683,-0.91008,10.23515,-0.8913956,5.896309,-0.7727051
27.333330154418945,,,,,,,,,,,,,,,117.281,-0.3235245,211.6477,0.4083328,312.5628,0.5149841,333.8689,-0.01085663,286.5423,-0.05557251,194.8189,-0.226265,110.0573,-0.3742752,65.07488,-0.5676956,22.01799,-3.527229,21.40362,-1.519516,10.61937,-0.9042206,10.32304,-0.8835831,5.941231,-0.7746582
27.333333333333332,0.0,-340.0,-10.0,-69.0,-3.0,-805.0,-9.0,-3316.0,-2.0,-6294.0,-4.0,-746.0,-2.0,-2384.0,,,,,,,,,,,,,,,,,,,,,,,,,,
27.3416690826416,,,,,,,,,,,,,,,117.0769,-0.3235245,211.759,0.4132156,313.4573,0.5179138,335.4197,0.003791809,288.2747,-0.0428772,196.1441,-0.2243118,110.8503,-0.3801346,65.53484,-0.5745316,22.28752,-3.52137,21.60577,-1.527328,10.72289,-0.8993378,10.40703,-0.8728409,5.988106,-0.7785645
27.350000381469727,,,,,,,,,,,,,,,116.8699,-0.324501,211.8547,0.4161453,314.3128,0.5208435,336.9353,0.01062775,289.9827,-0.03115845,197.4517,-0.2243118,111.6345,-0.3879471,65.98602,-0.5823441,22.56584,-3.512581,21.80791,-1.536118,10.82347,-0.8973846,10.49004,-0.8620987,6.03791,-0.7844238
27.35832977294922,,,,,,,,,,,,,,,116.6599,-0.3264542,211.9319,0.4141922,315.1341,0.5237732,338.4148,0.008674622,291.6761,-0.01748657,198.7476,-0.2252884,112.405,-0.3967361,66.4323,-0.5901566,22.851,-3.505745,22.01495,-1.545883,10.92992,-0.8983612,10.57011,-0.8533096,6.084785,-0.7873535
27.366666666666667,0.0,-338.0,-10.0,-70.0,-4.0,-802.0,-9.0,-3316.0,-1.0,-6297.0,-4.0,-748.0,-3.0,-2385.0,,,,,,,,,,,,,,,,,,,,,,,,,,
27.366670608520508,,,,,,,,,,,,,,,116.4451,-0.3293839,211.9983,0.4093094,315.9241,0.5276794,339.8552,0.001838684,293.3568,-0.006744385,200.0279,-0.2272415,113.1657,-0.4055252,66.87664,-0.5960159,23.14201,-3.499886,22.22588,-1.550766,11.03929,-0.9051971,10.64922,-0.8474503,6.138496,-0.7893066
27.375,,,,,,,,,,,,,,,116.2312,-0.331337,212.0559,0.3995438,316.6868,0.5296326,341.2488,-0.01085663,295.0198,0.00302124,201.2906,-0.2311478,113.9186,-0.4123611,67.31707,-0.6018753,23.44279,-3.498909,22.43682,-1.550766,11.15648,-0.9139862,10.72734,-0.8454971,6.188301,-0.7902832
27.383329391479492,,,,,,,,,,,,,,,116.0154,-0.3303604,212.1018,0.3868484,317.4212,0.5306091,342.5896,-0.02745819,296.6634,0.01083374,202.5435,-0.2379837,114.6647,-0.4182205,67.74773,-0.6067581,23.74358,-3.505745,22.65264,-1.545883,11.27855,-0.925705,10.80644,-0.8474503,6.244942,-0.7883301
27.39167022705078,,,,,,,,,,,,,,,115.7927,-0.3293839,212.1399,0.3770828,318.1273,0.5315857,343.8816,-0.04308319,298.2864,0.01571655,203.7847,-0.2487259,115.403,-0.4182205,68.17352,-0.6106644,24.05217,-3.515511,22.87041,-1.537094,11.40746,-0.9393768,10.88359,-0.8552628,6.300606,-0.786377
27.399999618530273,,,,,,,,,,,,,,,115.5662,-0.3293839,212.1672,0.3712234,318.8099,0.5325623,345.1326,-0.0557785,299.8821,0.01669312,205.0093,-0.2633743,116.1325,-0.4113846,68.59734,-0.6106644,24.35979,-3.527229,23.08819,-1.526352,11.5432,-0.9540253,10.96269,-0.8640518,6.360176,-0.7824707
27.4,0.0,-336.0,-11.0,-68.0,-3.0,-803.0,-9.0,-3317.0,-1.0,-6303.0,-5.0,-750.0,-3.0,-2388.0,,,,,,,,,,,,,,,,,,,,,,,,,,
27.4083309173584,,,,,,,,,,,,,,,115.3347,-0.3323135,212.1868,0.3673172,319.4612,0.5315857,346.3435,-0.06554413,301.4495,0.01376343,206.2193,-0.2799759,116.8561,-0.4025955,69.01336,-0.6077347,24.66447,-3.539925,23.30889,-1.514633,11.67992,-0.9647675,11.04472,-0.8796768,6.41877,-0.7814941
27.416669845581055,,,,,,,,,,,,,,,115.0935,-0.3371964,212.1858,0.3673172,320.0755,0.528656,347.5232,-0.07335663,302.9876,0.004974365,207.4117,-0.2936478,117.571,-0.3938065,69.42254,-0.6008987,24.97014,-3.551643,23.52569,-1.506821,11.81956,-0.9716034,11.1248,-0.8972549,6.480293,-0.786377
27.424999237060547,,,,,,,,,,,,,,,114.8455,-0.3450089,212.1702,0.3731766,320.6614,0.5227966,348.6843,-0.07726288,304.4944,-0.007720947,208.5816,-0.30439,118.278,-0.3840408,69.83367,-0.5911331,25.27483,-3.562386,23.75225,-1.503891,11.95726,-0.9764862,11.21367,-0.9148331,6.54084,-0.7941895
27.433330535888672,,,,,,,,,,,,,,,114.5886,-0.3537979,212.135,0.3790359,321.2034,0.5120544,349.8181,-0.07823944,305.971,-0.02432251,209.733,-0.3092728,118.9724,-0.3742752,70.24187,-0.5803909,25.57951,-3.568245,23.97881,-1.503891,12.09496,-0.9755096,11.30449,-0.9324112,6.60334,-0.8049316
27.433333333333334,0.0,-330.0,-11.0,-66.0,-3.0,-803.0,-9.0,-3318.0,-2.0,-6314.0,-6.0,-754.0,-2.0,-2390.0,,,,,,,,,,,,,,,,,,,,,,,,,,
27.441669464111328,,,,,,,,,,,,,,,114.324,-0.3635635,212.0705,0.3858719,321.7142,0.4964294,350.9314,-0.07628632,307.4212,-0.03897095,210.8667,-0.3082962,119.653,-0.3693924,70.64422,-0.5716019,25.8842,-3.571175,24.21221,-1.507797,12.2307,-0.9735565,11.39824,-0.9431534,6.666817,-0.817627
27.450000762939453,,,,,,,,,,,,,,,114.0506,-0.3723526,211.9758,0.3936844,322.1878,0.4808044,352.0183,-0.06847382,308.8333,-0.04971313,211.979,-0.3034134,120.319,-0.3693924,71.04461,-0.5657425,26.18987,-3.570198,24.44756,-1.511703,12.36742,-0.97258,11.49199,-0.9499893,6.726387,-0.8303223
27.458330154418945,,,,,,,,,,,,,,,113.7693,-0.3791885,211.8577,0.3995438,322.6331,0.4642029,353.0662,-0.05870819,310.2161,-0.05654907,213.0708,-0.2956009,120.9763,-0.370369,71.43621,-0.5608597,26.49358,-3.567268,24.69073,-1.511703,12.50804,-0.9716034,11.58965,-0.952919,6.785957,-0.8410645
27.466666666666665,0.0,-323.0,-11.0,-67.0,-3.0,-805.0,-9.0,-3321.0,-2.0,-6328.0,-6.0,-758.0,-2.0,-2392.0,,,,,,,,,,,,,,,,,,,,,,,,,,
27.4666690826416,,,,,,,,,,,,,,,113.4851,-0.3821182,211.7063,0.40345,323.0394,0.4456482,354.0701,-0.04698944,311.5667,-0.0585022,214.1343,-0.2897415,121.6159,-0.3762283,71.82098,-0.5628128,26.80022,-3.563362,24.93487,-1.506821,12.64574,-0.9745331,11.68925,-0.9490128,6.846504,-0.8479004
27.475000381469727,,,,,,,,,,,,,,,113.198,-0.3850479,211.5383,0.4063797,323.4163,0.4319763,355.0388,-0.032341,312.8802,-0.05557251,215.1773,-0.2868118,122.2517,-0.3830643,72.19109,-0.5667191,27.10686,-3.559456,25.18291,-1.496078,12.78441,-0.9803925,11.78691,-0.9402237,6.905098,-0.8518066
27.48332977294922,,,,,,,,,,,,,,,112.9099,-0.3879776,211.3508,0.4073563,323.765,0.4231873,355.9626,-0.01769257,314.1585,-0.04580688,216.1988,-0.2868118,122.8757,-0.385994,72.5534,-0.5667191,27.41447,-3.55555,25.43389,-1.480453,12.92699,-0.988205,11.88359,-0.9294815,6.964668,-0.8537598
27.491670608520508,,,,,,,,,,,,,,,112.6179,-0.3909073,211.1604,0.4044266,324.0843,0.4202576,356.8416,-0.001091003,315.3978,-0.03115845,217.1968,-0.2907181,123.486,-0.3879471,72.90984,-0.5637894,27.72795,-3.554573,25.68487,-1.462875,13.06664,-0.996994,11.97734,-0.9148331,7.028145,-0.8537598
27.5,0.0,-320.0,-11.0,-68.0,-3.0,-811.0,-9.0,-3323.0,-2.0,-6341.0,-5.0,-762.0,-2.0,-2391.0,112.323,-0.3948135,210.9729,0.3975906,324.3802,0.4202576,357.6794,0.01258087,316.598,-0.01455688,218.1792,-0.2946243,124.0876,-0.3840408,73.25262,-0.5550003,28.04631,-3.553596,25.94073,-1.445297,13.20726,-1.00676,12.07304,-0.9031143,7.087715,-0.8537598
27.508329391479492,,,,,,,,,,,,,,,112.0232,-0.3967667,210.7737,0.3839188,324.6439,0.4231873,358.491,0.0223465,317.7591,9.155273e-05,219.1509,-0.297554,124.6755,-0.3772049,73.5866,-0.542305,28.36955,-3.553596,26.2044,-1.433578,13.34593,-1.013596,12.16191,-0.8933487,7.151192,-0.8557129
27.51667022705078,,,,,,,,,,,,,,,111.7156,-0.3987198,210.5764,0.3663406,324.889,0.4300232,359.2693,0.030159,318.888,0.01083374,220.108,-0.2985306,125.2477,-0.3625565,73.91766,-0.52668,28.69963,-3.554573,26.47491,-1.430649,13.48363,-1.019455,12.25273,-0.8845596,7.210762,-0.857666
27.524999618530273,,,,,,,,,,,,,,,111.3953,-0.3996964,210.3723,0.3419266,325.1097,0.4388123,360.0183,0.03113556,319.9749,0.01669312,221.0503,-0.2956009,125.8015,-0.3459549,74.24578,-0.5100784,29.03654,-3.55262,26.74834,-1.433578,13.62621,-1.019455,12.34062,-0.874794,7.273262,-0.8586426
27.5333309173584,,,,,,,,,,,,,,,111.0623,-0.3977432,210.1535,0.3136063,325.2923,0.4476013,360.7283,0.02625275,321.0286,0.02157593,221.9859,-0.288765,126.3483,-0.3254471,74.56902,-0.4983597,29.37639,-3.545784,27.02959,-1.442368,13.77074,-1.014572,12.43047,-0.8669815,7.332832,-0.8615723
27.533333333333335,0.0,-318.0,-11.0,-65.0,-3.0,-815.0,-9.0,-3324.0,-3.0,-6350.0,-4.0,-763.0,-2.0,-2386.0,,,,,,,,,,,,,,,,,,,,,,,,,,
27.541669845581055,,,,,,,,,,,,,,,110.7185,-0.3928604,209.9123,0.2852859,325.4378,0.4563904,361.407,0.01551056,322.0452,0.02059937,222.8951,-0.281929,126.8884,-0.3049393,74.89324,-0.4925003,29.71819,-3.533089,27.30987,-1.45311,13.92601,-1.004807,12.52129,-0.8611221,7.393379,-0.8684082
27.549999237060547,,,,,,,,,,,,,,,110.3592,-0.3879776,209.6516,0.2618484,325.5364,0.466156,362.0378,0.001838684,323.0218,0.01571655,223.7769,-0.2760696,127.4216,-0.2844315,75.21746,-0.4905472,30.06487,-3.517464,27.59502,-1.465805,14.08421,-0.9911346,12.61699,-0.8572159,7.454903,-0.8703613
27.558330535888672,,,,,,,,,,,,,,,109.9929,-0.3830948,209.3606,0.2432938,325.5931,0.4759216,362.6179,-0.01378632,323.9671,0.007904053,224.6314,-0.2692337,127.9431,-0.2658768,75.53777,-0.49543,30.40764,-3.495979,27.87139,-1.472641,14.25218,-0.9735565,12.71953,-0.8562393,7.517403,-0.8703613
27.566666666666666,0.0,-317.0,-11.0,-63.0,-3.0,-816.0,-9.0,-3324.0,-3.0,-6359.0,-4.0,-763.0,-2.0,-2383.0,,,,,,,,,,,,,,,,,,,,,,,,,,
27.566669464111328,,,,,,,,,,,,,,,109.6199,-0.3811417,209.0403,0.2345047,325.5941,0.4827576,363.1609,-0.02745819,324.8782,0.001068115,225.4537,-0.2672806,128.4645,-0.2531815,75.85711,-0.5032425,30.75139,-3.475471,28.14581,-1.476547,14.42406,-0.9589081,12.82793,-0.8562393,7.585762,-0.8693848
27.575000762939453,,,,,,,,,,,,,,,109.241,-0.3830948,208.6975,0.2345047,325.5579,0.4876404,363.6492,-0.03917694,325.7523,-0.003814697,226.2447,-0.2653275,128.9792,-0.245369,76.17547,-0.511055,31.10002,-3.454964,28.42315,-1.476547,14.60374,-0.9471893,12.94023,-0.859169,7.656075,-0.8664551
27.583330154418945,,,,,,,,,,,,,,,108.8601,-0.3879776,208.3362,0.2413406,325.4896,0.4905701,364.0837,-0.04601288,326.6019,-0.00869751,227.0054,-0.2672806,129.485,-0.2414627,76.48602,-0.5178909,31.45061,-3.437386,28.69366,-1.476547,14.78148,-0.9393768,13.06133,-0.8650284,7.730293,-0.8625488
27.5916690826416,,,,,,,,,,,,,,,108.4744,-0.3957901,207.9514,0.2550125,325.39,0.4886169,364.4744,-0.04894257,327.4241,-0.01358032,227.7369,-0.2672806,129.9694,-0.245369,76.78387,-0.5247269,31.80803,-3.423714,28.97002,-1.475571,14.96117,-0.9442596,13.18925,-0.8699112,7.809395,-0.8547363
27.6,0.0,-319.0,-12.0,-58.0,-4.0,-816.0,-9.0,-3325.0,-4.0,-6366.0,-3.0,-765.0,-1.0,-2383.0,,,,,,,,,,,,,,,,,,,,,,,,,,
27.600000381469727,,,,,,,,,,,,,,,108.0886,-0.4075089,207.5627,0.2725906,325.2747,0.481781,364.8357,-0.047966,328.2151,-0.01455688,228.4458,-0.2633743,130.4489,-0.2551346,77.07098,-0.5305862,32.17424,-3.413948,29.25518,-1.474594,15.1389,-0.9520721,13.31523,-0.8728409,7.88459,-0.8459473
27.60832977294922,,,,,,,,,,,,,,,107.7019,-0.4172745,207.1575,0.2901688,325.1487,0.4729919,365.1482,-0.04601288,328.9749,-0.01455688,229.1402,-0.2555618,130.9069,-0.2649002,77.3493,-0.5354691,32.54729,-3.407112,29.54131,-1.476547,15.31761,-0.9608612,13.44414,-0.8728409,7.964668,-0.8381348
27.616670608520508,,,,,,,,,,,,,,,107.3133,-0.4231339,206.7463,0.3057938,325.0032,0.4622498,365.4382,-0.04210663,329.7073,-0.01358032,229.816,-0.2448196,131.3493,-0.2756424,77.6159,-0.542305,32.92815,-3.401253,29.83331,-1.482407,15.49437,-0.9716034,13.57402,-0.8689346,8.039864,-0.8303223
27.625,,,,,,,,,,,,,,,106.9265,-0.4260635,206.3274,0.3204422,324.8441,0.4476013,365.7058,-0.03917694,330.3997,-0.01260376,230.4751,-0.2301712,131.7809,-0.285408,77.8698,-0.5540237,33.31682,-3.395393,30.13506,-1.488266,15.67601,-0.9794159,13.70488,-0.8611221,8.112129,-0.8244629
27.633329391479492,,,,,,,,,,,,,,,106.5476,-0.4231339,205.8957,0.3311844,324.6556,0.4358826,365.9529,-0.03527069,331.0589,-0.0116272,231.1255,-0.2174759,132.2028,-0.2951736,78.11785,-0.5706253,33.70744,-3.390511,30.44073,-1.496078,15.8557,-0.9803925,13.83476,-0.8503799,8.182442,-0.8215332
27.633333333333333,0.0,-319.0,-12.0,-52.0,-4.0,-814.0,-9.0,-3328.0,-4.0,-6371.0,-3.0,-768.0,-1.0,-2385.0,,,,,,,,,,,,,,,,,,,,,,,,,,
27.64167022705078,,,,,,,,,,,,,,,106.1687,-0.4153214,205.4582,0.3380203,324.4407,0.4270935,366.1736,-0.03136444,331.6917,-0.01358032,231.7535,-0.2077103,132.6091,-0.301033,78.36199,-0.58918,34.10002,-3.387581,30.7542,-1.505844,16.03929,-0.9764862,13.95976,-0.8386612,8.251778,-0.817627
27.649999618530273,,,,,,,,,,,,,,,105.7918,-0.4075089,205.0002,0.3429031,324.1917,0.419281,366.3621,-0.02843475,332.2864,-0.01358032,232.3677,-0.2008743,133.0095,-0.3020096,78.5993,-0.6116409,34.49162,-3.383675,31.07061,-1.516586,16.2307,-0.9667206,14.08086,-0.8269424,8.32502,-0.8127441
27.6583309173584,,,,,,,,,,,,,,,105.4177,-0.3977432,204.5325,0.3458328,323.9075,0.4124451,366.5232,-0.02745819,332.8548,-0.01260376,232.9556,-0.2018509,133.404,-0.3000565,78.8366,-0.6350784,34.88127,-3.381721,31.39581,-1.527328,16.42308,-0.9540253,14.20097,-0.8181534,8.397285,-0.8088379
27.666666666666668,0.0,-317.0,-12.0,-49.0,-3.0,-808.0,-8.0,-3334.0,-3.0,-6371.0,-3.0,-772.0,-2.0,-2389.0,,,,,,,,,,,,,,,,,,,,,,,,,,
27.666669845581055,,,,,,,,,,,,,,,105.0427,-0.3879776,204.051,0.3507156,323.5892,0.4095154,366.6462,-0.02843475,333.39,-0.01065063,233.5132,-0.2116165,133.7907,-0.2941971,79.07098,-0.6546097,35.26994,-3.380745,31.72686,-1.537094,16.6223,-0.9384003,14.31816,-0.8103409,8.477364,-0.8039551
27.674999237060547,,,,,,,,,,,,,,,104.657,-0.378212,203.551,0.3546219,323.2376,0.4095154,366.7273,-0.03038788,333.8987,-0.006744385,234.0445,-0.226265,134.1599,-0.2824783,79.30145,-0.6702347,35.66252,-3.382698,32.06377,-1.545883,16.82249,-0.9247284,14.4334,-0.8083878,8.564278,-0.7971191
27.683330535888672,,,,,,,,,,,,,,,104.2713,-0.3684464,203.0383,0.3575516,322.8568,0.4134216,366.7693,-0.03331757,334.3763,-0.0008850098,234.5445,-0.2448196,134.5182,-0.2688065,79.52605,-0.6809769,36.0551,-3.388557,32.40069,-1.547836,17.03343,-0.9110565,14.54863,-0.8083878,8.659004,-0.786377
27.691669464111328,,,,,,,,,,,,,,,103.8767,-0.3616104,202.51,0.3604813,322.4407,0.4212341,366.7791,-0.032341,334.8226,0.007904053,235.0035,-0.2643509,134.8649,-0.2551346,79.74676,-0.6839066,36.45158,-3.397346,32.74639,-1.544907,17.2473,-0.8973846,14.66289,-0.8093643,8.75959,-0.7746582
27.7,0.0,-312.0,-13.0,-49.0,-3.0,-804.0,-8.0,-3341.0,-2.0,-6372.0,-3.0,-774.0,-2.0,-2394.0,,,,,,,,,,,,,,,,,,,,,,,,,,
27.700000762939453,,,,,,,,,,,,,,,103.4744,-0.355751,201.9729,0.3643875,322.0003,0.4319763,366.738,-0.02745819,335.2337,0.01766968,235.4332,-0.2838821,135.196,-0.2404861,79.95965,-0.6800003,36.85197,-3.409065,33.09209,-1.537094,17.46996,-0.887619,14.78203,-0.8132706,8.865059,-0.7658691
27.708330154418945,,,,,,,,,,,,,,,103.0662,-0.3518448,201.4211,0.3682938,321.5306,0.4476013,366.6609,-0.01769257,335.6126,0.02450562,235.8287,-0.2965775,135.5134,-0.2287674,80.16766,-0.6721878,37.25432,-3.42469,33.43877,-1.525375,17.69359,-0.8807831,14.90898,-0.8152237,8.974434,-0.7590332
27.7166690826416,,,,,,,,,,,,,,,102.6511,-0.3528214,200.8625,0.3682938,321.0276,0.4642029,366.5525,-0.004020691,335.9544,0.0274353,236.2027,-0.3024368,135.8151,-0.222908,80.37078,-0.6614456,37.66252,-3.443245,33.79229,-1.50975,17.92503,-0.87883,15.04179,-0.8162003,9.083809,-0.7521973
27.725000381469727,,,,,,,,,,,,,,,102.2322,-0.355751,200.3049,0.3653641,320.4984,0.4788513,366.4099,0.01648712,336.2552,0.0274353,236.5611,-0.3034134,136.11,-0.222908,80.56805,-0.6487503,38.07268,-3.462776,34.14874,-1.489243,18.15843,-0.87883,15.1834,-0.8142471,9.189278,-0.7541504
27.73332977294922,,,,,,,,,,,,,,,101.8025,-0.3596573,199.7327,0.3614578,319.9417,0.4934998,366.2302,0.03406525,336.515,0.02450562,236.9039,-0.3004837,136.3864,-0.2277908,80.75652,-0.6380081,38.48186,-3.480354,34.51006,-1.471664,18.39378,-0.8798065,15.33476,-0.8103409,9.294746,-0.7609863
27.733333333333334,0.0,-312.0,-13.0,-48.0,-3.0,-804.0,-8.0,-3344.0,-1.0,-6377.0,-3.0,-774.0,-2.0,-2395.0,,,,,,,,,,,,,,,,,,,,,,,,,,
27.741670608520508,,,,,,,,,,,,,,,101.367,-0.3655167,199.1506,0.3555984,319.3548,0.5052185,366.0349,0.04871368,336.7366,0.0196228,237.23,-0.2946243,136.6472,-0.2336502,80.93523,-0.6301956,38.89494,-3.49305,34.87725,-1.456039,18.63109,-0.8827362,15.49297,-0.8064346,9.396309,-0.7717285
27.75,,,,,,,,,,,,,,,100.9217,-0.3703995,198.5588,0.3487625,318.7386,0.5081482,365.8074,0.05750275,336.9124,0.01473999,237.5435,-0.288765,136.8972,-0.2395096,81.10809,-0.6253128,39.30901,-3.502815,35.24932,-1.446274,18.86937,-0.8856659,15.66289,-0.8035049,9.495918,-0.7873535
27.758329391479492,,,,,,,,,,,,,,,100.4676,-0.3752823,197.9494,0.3419266,318.0931,0.5061951,365.5496,0.05554962,337.0569,0.01278687,237.8404,-0.2858353,137.1315,-0.2414627,81.2702,-0.6223831,39.73283,-3.505745,35.62432,-1.442368,19.1096,-0.8866425,15.83476,-0.8015518,9.591621,-0.8059082
27.766666666666666,0.0,-315.0,-13.0,-50.0,-3.0,-806.0,-9.0,-3346.0,-1.0,-6382.0,-2.0,-773.0,-2.0,-2393.0,,,,,,,,,,,,,,,,,,,,,,,,,,
27.76667022705078,,,,,,,,,,,,,,,100.0047,-0.3772354,197.3186,0.3350906,317.4232,0.5022888,365.2595,0.04285431,337.1702,0.01571655,238.1158,-0.2848587,137.3503,-0.2375565,81.42352,-0.62043,40.16447,-3.501839,36.00909,-1.442368,19.3557,-0.8856659,16.00664,-0.8054581,9.686348,-0.8225098
27.774999618530273,,,,,,,,,,,,,,,99.54275,-0.3772354,196.6594,0.3302078,316.7308,0.4954529,364.9402,0.02625275,337.2493,0.02450562,238.3638,-0.2897415,137.5583,-0.2316971,81.56902,-0.6184769,40.60393,-3.492073,36.39385,-1.446274,19.60863,-0.8817596,16.18047,-0.812294,9.785957,-0.8342285
27.7833309173584,,,,,,,,,,,,,,,99.07888,-0.3772354,195.9846,0.3263016,316.0218,0.4886169,364.5779,0.003791809,337.305,0.03720093,238.5874,-0.2965775,137.7487,-0.222908,81.7077,-0.6106644,41.05119,-3.483284,36.78643,-1.452133,19.86156,-0.87883,16.35039,-0.8230362,9.885567,-0.842041
27.791669845581055,,,,,,,,,,,,,,,98.61794,-0.3762589,195.2873,0.3223953,315.2894,0.481781,364.1755,-0.01573944,337.3343,0.05477905,238.7896,-0.3034134,137.9323,-0.214119,81.84051,-0.5969925,41.50529,-3.473518,37.18291,-1.460922,20.12328,-0.8817596,16.51836,-0.8357315,9.988106,-0.8430176
27.799999237060547,,,,,,,,,,,,,,,98.15896,-0.3733292,194.5715,0.3184891,314.5472,0.4749451,363.7322,-0.032341,337.3362,0.07626343,238.9712,-0.3102493,138.1052,-0.2092361,81.9743,-0.5813675,41.96526,-3.465706,37.58428,-1.469711,20.38792,-0.887619,16.68633,-0.8474503,10.08967,-0.8361816
27.8,0.0,-319.0,-13.0,-52.0,-4.0,-807.0,-9.0,-3346.0,-1.0,-6384.0,-2.0,-773.0,-2.0,-2390.0,,,,,,,,,,,,,,,,,,,,,,,,,,
27.808330535888672,,,,,,,,,,,,,,,97.71169,-0.371376,193.844,0.3116531,313.7816,0.4690857,363.2507,-0.04503632,337.305,0.09579468,239.1343,-0.3161087,138.2751,-0.2082596,82.10223,-0.5647659,42.42424,-3.4618,37.98565,-1.475571,20.65746,-0.8964081,16.85039,-0.8562393,10.19123,-0.8254395
27.816669464111328,,,,,,,,,,,,,,,97.26443,-0.3703995,193.1106,0.3048172,312.9935,0.4622498,362.7351,-0.04991913,337.2464,0.1182556,239.2769,-0.3209915,138.4362,-0.2131424,82.22625,-0.5481644,42.88029,-3.459846,38.39483,-1.4785,20.93089,-0.91008,17.02031,-0.8630753,10.29084,-0.810791
27.825000762939453,,,,,,,,,,,,,,,96.81716,-0.371376,192.3723,0.3038406,312.1819,0.4554138,362.1824,-0.04991913,337.1487,0.1358337,239.4156,-0.3248978,138.5974,-0.2209549,82.34441,-0.5364456,43.33049,-3.459846,38.80206,-1.482407,21.20335,-0.9237518,17.19121,-0.8660049,10.38752,-0.7961426
27.833330154418945,,,,,,,,,,,,,,,96.37185,-0.3762589,191.6262,0.3038406,311.3401,0.4495544,361.6042,-0.04991913,337.013,0.1465759,239.5249,-0.3278275,138.7614,-0.2307205,82.46453,-0.5286331,43.77776,-3.457893,39.21319,-1.487289,21.48265,-0.9384003,17.36601,-0.8660049,10.48322,-0.7824707
27.833333333333332,0.0,-320.0,-13.0,-50.0,-4.0,-809.0,-9.0,-3346.0,-2.0,-6385.0,-2.0,-773.0,-1.0,-2390.0,,,,,,,,,,,,,,,,,,,,,,,,,,
27.8416690826416,,,,,,,,,,,,,,,95.92263,-0.3840714,190.884,0.3057938,310.471,0.4446716,361.0007,-0.05089569,336.8401,0.1534119,239.6197,-0.3307571,138.9255,-0.2395096,82.58172,-0.52668,44.22209,-3.453987,39.62627,-1.491196,21.76781,-0.9510956,17.54668,-0.8650284,10.57502,-0.770752
27.850000381469727,,,,,,,,,,,,,,,95.46853,-0.393837,190.136,0.3155594,309.5823,0.4417419,360.3621,-0.05773163,336.6341,0.1514587,239.691,-0.33564,139.0915,-0.245369,82.69207,-0.5276566,44.65666,-3.446175,40.04522,-1.497055,22.05589,-0.9559784,17.73027,-0.8620987,10.66975,-0.7609863
27.85832977294922,,,,,,,,,,,,,,,95.00857,-0.4084854,189.3772,0.3272781,308.6673,0.4427185,359.7068,-0.06945038,336.4017,0.1455994,239.7339,-0.3395462,139.2458,-0.2502518,82.80145,-0.5296097,45.09807,-3.435432,40.47002,-1.505844,22.34398,-0.9550018,17.91972,-0.859169,10.76838,-0.7502441
27.866666666666667,0.0,-317.0,-13.0,-49.0,-4.0,-807.0,-9.0,-3348.0,-2.0,-6386.0,-2.0,-770.0,-2.0,-2388.0,,,,,,,,,,,,,,,,,,,,,,,,,,
27.866670608520508,,,,,,,,,,,,,,,94.54861,-0.4270401,188.6125,0.3389969,307.7318,0.4456482,359.0281,-0.08409882,336.1497,0.1348572,239.7525,-0.3405228,139.3942,-0.254158,82.90301,-0.5296097,45.53654,-3.422737,40.90264,-1.511703,22.64476,-0.9491425,18.11308,-0.8523331,10.87287,-0.7424316
27.875,,,,,,,,,,,,,,,94.08181,-0.4455948,187.8401,0.3516922,306.7816,0.4485779,358.324,-0.09874725,335.8782,0.1221619,239.7476,-0.3375931,139.528,-0.2551346,82.99969,-0.52668,45.98088,-3.410042,41.346,-1.518539,22.94847,-0.9403534,18.31816,-0.843544,10.98127,-0.7365723
27.883329391479492,,,,,,,,,,,,,,,93.61501,-0.4641495,187.053,0.3614578,305.8196,0.450531,357.5925,-0.1094894,335.5941,0.1104431,239.7134,-0.3327103,139.6452,-0.2551346,83.08758,-0.5178909,46.43401,-3.402229,41.80206,-1.524399,23.25804,-0.9315643,18.52422,-0.8318253,11.09748,-0.732666
27.89167022705078,,,,,,,,,,,,,,,93.14626,-0.4778214,186.26,0.3673172,304.8382,0.4515076,356.8474,-0.1124191,335.2825,0.09970093,239.6636,-0.3209915,139.7477,-0.2551346,83.17059,-0.5091019,46.89494,-3.398323,42.2669,-1.524399,23.57542,-0.9217987,18.73906,-0.8201065,11.21662,-0.7316895
27.899999618530273,,,,,,,,,,,,,,,92.67165,-0.487587,185.4641,0.3712234,303.8362,0.4534607,356.0828,-0.1075363,334.9466,0.09286499,239.5953,-0.3063431,139.8347,-0.2570877,83.24676,-0.5012894,47.36565,-3.397346,42.73565,-1.522446,23.9016,-0.9149628,18.95586,-0.8083878,11.33967,-0.732666
27.9,0.0,-318.0,-12.0,-51.0,-4.0,-805.0,-9.0,-3353.0,-1.0,-6390.0,-3.0,-769.0,-2.0,-2385.0,,,,,,,,,,,,,,,,,,,,,,,,,,
27.9083309173584,,,,,,,,,,,,,,,92.19411,-0.4914932,184.6672,0.3741531,302.8216,0.4534607,355.2966,-0.09874725,334.5775,0.09091187,239.5132,-0.2926712,139.9059,-0.2590408,83.32098,-0.49543,47.84807,-3.401253,43.21124,-1.516586,24.22581,-0.9120331,19.17754,-0.7995987,11.46564,-0.7355957
27.916669845581055,,,,,,,,,,,,,,,91.71365,-0.4895401,183.8713,0.3761063,301.7845,0.4544373,354.5007,-0.08409882,334.1653,0.09286499,239.4205,-0.2809525,139.9675,-0.2600174,83.3952,-0.4934769,48.33733,-3.402229,43.6917,-1.508774,24.55882,-0.9120331,19.40312,-0.7927628,11.59357,-0.739502
27.924999237060547,,,,,,,,,,,,,,,91.23318,-0.4797745,183.0823,0.3780594,300.7327,0.4573669,353.6814,-0.06652069,333.7151,0.09579468,239.315,-0.2702103,140.0212,-0.2619705,83.46746,-0.4983597,48.83049,-3.406136,44.17315,-1.499008,24.88597,-0.9110565,19.63261,-0.7908096,11.72346,-0.7434082
27.933330535888672,,,,,,,,,,,,,,,90.74978,-0.465126,182.301,0.3780594,299.6644,0.4602966,352.8367,-0.04991913,333.2405,0.1006775,239.191,-0.2623978,140.0622,-0.2658768,83.53289,-0.5061722,49.32854,-3.411018,44.65557,-1.488266,25.21605,-0.9091034,19.86015,-0.7956924,11.86018,-0.748291
27.933333333333334,0.0,-317.0,-12.0,-55.0,-4.0,-799.0,-9.0,-3358.0,-1.0,-6398.0,-3.0,-769.0,-2.0,-2384.0,,,,,,,,,,,,,,,,,,,,,,,,,,
27.941669464111328,,,,,,,,,,,,,,,90.26247,-0.4465714,181.5198,0.3761063,298.5726,0.4651794,351.9636,-0.03917694,332.7318,0.1104431,239.0542,-0.2565384,140.1003,-0.2717361,83.59051,-0.5149612,49.82463,-3.414925,45.14288,-1.475571,25.54613,-0.9042206,20.0955,-0.7986221,12.00178,-0.7512207
27.950000762939453,,,,,,,,,,,,,,,89.77908,-0.4289932,180.7356,0.3741531,297.473,0.4710388,351.0613,-0.03136444,332.2083,0.1143494,238.9039,-0.250679,140.1257,-0.2756424,83.64715,-0.5257034,50.31975,-3.419807,45.63311,-1.464828,25.87132,-0.894455,20.33281,-0.8015518,12.14826,-0.755127
27.958330154418945,,,,,,,,,,,,,,,89.2947,-0.4114151,179.9494,0.3663406,296.3489,0.4749451,350.1277,-0.02648163,331.6683,0.1172791,238.73,-0.2438431,140.1432,-0.2805252,83.69012,-0.5335159,50.81975,-3.426643,46.13116,-1.451157,26.20433,-0.8837128,20.57793,-0.8035049,12.30061,-0.7590332
27.966666666666665,0.0,-317.0,-12.0,-55.0,-4.0,-793.0,-9.0,-3360.0,-1.0,-6402.0,-3.0,-764.0,-2.0,-2386.0,,,,,,,,,,,,,,,,,,,,,,,,,,
27.9666690826416,,,,,,,,,,,,,,,88.81033,-0.3996964,179.1535,0.356575,295.2103,0.4768982,349.1648,-0.02355194,331.1253,0.1163025,238.5533,-0.2340775,140.1579,-0.2824783,83.72039,-0.5344925,51.3217,-3.435432,46.63995,-1.437485,26.53831,-0.8700409,20.825,-0.8015518,12.4549,-0.7619629
27.975000381469727,,,,,,,,,,,,,,,88.32986,-0.393837,178.3371,0.3448563,294.0618,0.4759216,348.1726,-0.0245285,330.5657,0.1114197,238.3619,-0.2223587,140.1569,-0.2805252,83.74383,-0.5325394,51.82854,-3.444221,47.15557,-1.425766,26.88011,-0.8583221,21.075,-0.7976456,12.61311,-0.7648926
27.98332977294922,,,,,,,,,,,,,,,87.85232,-0.3957901,177.508,0.3331375,292.8939,0.4749451,347.1619,-0.02648163,329.9993,0.1016541,238.1636,-0.2116165,140.1481,-0.2756424,83.76043,-0.5247269,52.34514,-3.450081,47.67901,-1.415024,27.23363,-0.8495331,21.325,-0.7898331,12.76545,-0.7648926
27.991670608520508,,,,,,,,,,,,,,,87.37576,-0.4036026,176.6594,0.3214188,291.7142,0.4710388,346.1248,-0.03136444,329.4202,0.08895874,237.9507,-0.2028275,140.1325,-0.2649002,83.77312,-0.5149612,52.86369,-3.453011,48.20733,-1.408188,27.59984,-0.8456268,21.57304,-0.781044,12.91584,-0.7609863
28.0,0.0,-314.0,-12.0,-55.0,-5.0,-790.0,-9.0,-3357.0,-2.0,-6405.0,-3.0,-760.0,-1.0,-2385.0,86.90017,-0.4172745,175.7961,0.3126297,290.5276,0.4642029,345.0613,-0.04113007,328.8157,0.07821655,237.73,-0.1979446,140.1042,-0.2512283,83.78875,-0.5071487,53.39299,-3.452034,48.73858,-1.407211,27.97386,-0.8485565,21.82207,-0.7722549,13.06525,-0.7541504
28.008329391479492,,,,,,,,,,,,,,,86.43337,-0.4319229,174.9221,0.3077469,289.3314,0.4563904,343.9763,-0.04894257,328.1966,0.07040405,237.4927,-0.195015,140.0759,-0.2365799,83.80437,-0.5003128,53.91447,-3.449104,49.27276,-1.410141,28.35765,-0.8544159,22.06718,-0.7644424,13.21272,-0.7424316
28.01667022705078,,,,,,,,,,,,,,,85.96755,-0.4475479,174.0452,0.3048172,288.1234,0.4476013,342.8708,-0.0557785,327.5452,0.06747437,237.2408,-0.1911087,140.0329,-0.2238846,83.82391,-0.4973831,54.43889,-3.444221,49.80596,-1.41893,28.75218,-0.8622284,22.3123,-0.7556534,13.36115,-0.7297363
28.024999618530273,,,,,,,,,,,,,,,85.50076,-0.4631729,173.1692,0.3057938,286.9026,0.4407654,341.7429,-0.063591,326.8685,0.07235718,236.9683,-0.1891556,139.9841,-0.2170486,83.84344,-0.5012894,54.95647,-3.438362,50.33916,-1.428696,29.15843,-0.8710175,22.56035,-0.7468643,13.51057,-0.7180176
28.0333309173584,,,,,,,,,,,,,,,85.03493,-0.4739151,172.2903,0.3077469,285.6732,0.434906,340.6003,-0.07335663,326.1478,0.0821228,236.6763,-0.188179,139.9284,-0.2180252,83.86785,-0.5100784,55.46916,-3.435432,50.87627,-1.440414,29.56859,-0.8778534,22.81523,-0.7419815,13.66486,-0.7053223
28.033333333333335,0.0,-314.0,-11.0,-54.0,-5.0,-789.0,-10.0,-3353.0,-2.0,-6408.0,-3.0,-758.0,-1.0,-2385.0,,,,,,,,,,,,,,,,,,,,,,,,,,
28.041669845581055,,,,,,,,,,,,,,,84.56911,-0.4797745,171.4172,0.3077469,284.429,0.4300232,339.4431,-0.08116913,325.4007,0.09677124,236.3667,-0.1832962,139.8659,-0.2209549,83.89227,-0.5208206,55.976,-3.435432,51.4251,-1.451157,29.98851,-0.8837128,23.07793,-0.7390518,13.82307,-0.6965332
28.049999237060547,,,,,,,,,,,,,,,84.09451,-0.4827042,170.551,0.3048172,283.1732,0.4270935,338.2751,-0.08507538,324.6273,0.1153259,236.0337,-0.1764603,139.7985,-0.2307205,83.9157,-0.5325394,56.48381,-3.435432,51.97588,-1.458969,30.40843,-0.8885956,23.35136,-0.7410049,13.98615,-0.6896973
28.058330535888672,,,,,,,,,,,,,,,83.61794,-0.4836807,169.6789,0.2979813,281.9144,0.4241638,337.0906,-0.09093475,323.8216,0.1299744,235.689,-0.1686478,139.7233,-0.2434158,83.93523,-0.5413284,56.99455,-3.436409,52.54229,-1.460922,30.83617,-0.8915253,23.64043,-0.7468643,14.15607,-0.685791
28.066666666666666,0.0,-316.0,-11.0,-52.0,-4.0,-786.0,-10.0,-3354.0,-2.0,-6411.0,-3.0,-760.0,0.0,-2386.0,,,,,,,,,,,,,,,,,,,,,,,,,,
28.066669464111328,,,,,,,,,,,,,,,83.13064,-0.4797745,168.801,0.2872391,280.639,0.4241638,335.8943,-0.09386444,322.9808,0.1416931,235.3267,-0.1598587,139.6481,-0.2551346,83.95281,-0.5481644,57.50432,-3.435432,53.11456,-1.459946,31.26683,-0.8954315,23.93828,-0.7546768,14.32795,-0.6809082
28.075000762939453,,,,,,,,,,,,,,,82.64626,-0.4739151,167.9231,0.2774734,279.3636,0.4261169,334.6785,-0.094841,322.1234,0.1475525,234.9488,-0.1491165,139.5671,-0.2639236,83.97039,-0.5530472,58.02092,-3.432503,53.69756,-1.456039,31.69554,-0.8964081,24.24492,-0.7615128,14.50275,-0.6760254
28.083330154418945,,,,,,,,,,,,,,,82.1531,-0.4709854,167.0393,0.2677078,278.0784,0.4300232,333.4441,-0.09191132,321.2454,0.1465759,234.565,-0.1403275,139.486,-0.269783,83.98016,-0.5520706,58.54436,-3.42762,54.29131,-1.449203,32.12523,-0.8954315,24.56035,-0.7673721,14.68049,-0.6711426
28.0916690826416,,,,,,,,,,,,,,,81.66189,-0.4700089,166.1477,0.2589188,276.7806,0.434906,332.1853,-0.08605194,320.3519,0.1387634,234.1675,-0.1354446,139.402,-0.2727127,83.98602,-0.5471878,59.07072,-3.415901,54.89288,-1.436508,32.55296,-0.8915253,24.87968,-0.765419,14.86115,-0.6643066
28.1,0.0,-320.0,-10.0,-53.0,-5.0,-786.0,-10.0,-3355.0,-2.0,-6413.0,-3.0,-763.0,0.0,-2386.0,,,,,,,,,,,,,,,,,,,,,,,,,,
28.100000381469727,,,,,,,,,,,,,,,81.17849,-0.4729385,165.2493,0.2569656,275.4759,0.4407654,330.905,-0.07628632,319.4417,0.1260681,233.7603,-0.1315384,139.3102,-0.2746658,83.99285,-0.5432816,59.601,-3.403206,55.50323,-1.423813,32.98656,-0.8827362,25.19804,-0.7576065,15.04084,-0.6574707
28.10832977294922,,,,,,,,,,,,,,,80.69704,-0.4778214,164.3537,0.2608719,274.1624,0.4476013,329.6062,-0.06554413,318.5296,0.1094666,233.3404,-0.1266556,139.2145,-0.2727127,83.98699,-0.5393753,60.1342,-3.387581,56.11944,-1.407211,33.42406,-0.8690643,25.51543,-0.7439346,15.22346,-0.6516113
28.116670608520508,,,,,,,,,,,,,,,80.21853,-0.4885635,163.4524,0.2686844,272.8362,0.4534607,328.2869,-0.05675507,317.6068,0.08895874,232.9087,-0.1266556,139.1159,-0.2668533,83.98602,-0.5374222,60.67131,-3.369026,56.74639,-1.39061,33.87035,-0.8553925,25.83379,-0.7253799,15.409,-0.6477051
28.125,,,,,,,,,,,,,,,79.74685,-0.5002823,162.552,0.2755203,271.5032,0.4563904,326.9509,-0.05089569,316.681,0.07138062,232.4683,-0.1286087,139.0114,-0.2619705,83.98113,-0.5383987,61.21037,-3.351448,57.37627,-1.374008,34.33226,-0.8446503,26.15508,-0.7068253,15.5965,-0.6447754
28.133329391479492,,,,,,,,,,,,,,,79.28005,-0.5100479,161.6506,0.2823563,270.1624,0.4534607,325.6033,-0.04698944,315.764,0.05575562,232.0162,-0.1315384,138.905,-0.2561111,83.9743,-0.5403519,61.75041,-3.335823,58.01006,-1.361313,34.80492,-0.8329315,26.47929,-0.6921768,15.78889,-0.6447754
28.133333333333333,0.0,-322.0,-10.0,-51.0,-5.0,-789.0,-9.0,-3355.0,-2.0,-6417.0,-3.0,-770.0,0.0,-2385.0,,,,,,,,,,,,,,,,,,,,,,,,,,
28.14167022705078,,,,,,,,,,,,,,,78.8113,-0.5198135,160.7453,0.2862625,268.8128,0.4427185,324.2468,-0.04698944,314.8421,0.04501343,231.5484,-0.1364212,138.7907,-0.2482986,83.96844,-0.5432816,62.29729,-3.320198,58.64483,-1.351547,35.28831,-0.825119,26.81328,-0.6804581,15.98713,-0.6486816
28.149999618530273,,,,,,,,,,,,,,,78.33962,-0.5237198,159.8371,0.2872391,267.4495,0.4280701,322.8875,-0.05382538,313.9153,0.03915405,231.0767,-0.141304,138.6725,-0.2424393,83.96258,-0.5481644,62.84904,-3.309456,59.2835,-1.345688,35.78636,-0.8231659,27.1541,-0.6785049,16.18635,-0.654541
28.1583309173584,,,,,,,,,,,,,,,77.87185,-0.5237198,158.9221,0.2901688,266.0735,0.4085388,321.5193,-0.06456757,312.9749,0.03915405,230.5894,-0.1461868,138.5466,-0.2395096,83.95965,-0.5530472,63.40373,-3.30262,59.9251,-1.342758,36.28929,-0.8202362,27.50566,-0.6824112,16.39143,-0.6633301
28.166666666666668,0.0,-323.0,-10.0,-49.0,-4.0,-794.0,-9.0,-3358.0,-2.0,-6425.0,-3.0,-778.0,0.0,-2382.0,,,,,,,,,,,,,,,,,,,,,,,,,,
28.166669845581055,,,,,,,,,,,,,,,77.40701,-0.5198135,158.0061,0.2901688,264.6859,0.3890076,320.1492,-0.07823944,312.0364,0.04403687,230.0933,-0.1520462,138.4138,-0.2316971,83.95574,-0.5540237,63.96428,-3.301643,60.57061,-1.342758,36.80003,-0.81633,27.86601,-0.6912003,16.59943,-0.6760254
28.174999237060547,,,,,,,,,,,,,,,76.93533,-0.512001,157.0803,0.2921219,263.2864,0.372406,318.7595,-0.09679413,311.0726,0.05184937,229.5884,-0.1520462,138.277,-0.2258377,83.95477,-0.5520706,64.53362,-3.300667,61.22198,-1.342758,37.3098,-0.8143768,28.23418,-0.702919,16.81037,-0.6887207
28.183330535888672,,,,,,,,,,,,,,,76.46853,-0.5002823,156.1526,0.294075,261.8792,0.3587341,317.3611,-0.1182785,310.0872,0.0586853,229.0767,-0.1510696,138.1276,-0.222908,83.94598,-0.5481644,65.10588,-3.300667,61.88116,-1.345688,37.82542,-0.8124237,28.61113,-0.7146378,17.02814,-0.7043457
28.191669464111328,,,,,,,,,,,,,,,75.99978,-0.4846573,155.2278,0.2960281,260.4583,0.3528748,315.9441,-0.1407394,309.0843,0.06454468,228.5474,-0.1491165,137.9694,-0.2180252,83.93914,-0.5442581,65.68596,-3.298714,62.5462,-1.349594,38.34691,-0.8104706,28.98711,-0.7224503,17.24592,-0.7199707
28.2,0.0,-322.0,-10.0,-49.0,-3.0,-797.0,-9.0,-3366.0,-2.0,-6435.0,-3.0,-781.0,0.0,-2382.0,,,,,,,,,,,,,,,,,,,,,,,,,,
28.200000762939453,,,,,,,,,,,,,,,75.53493,-0.4700089,154.3039,0.2989578,259.0413,0.3509216,314.5154,-0.1641769,308.0648,0.06747437,228.0152,-0.14814,137.8073,-0.2160721,83.92059,-0.5393753,66.26994,-3.294807,63.21905,-1.3535,38.86937,-0.8104706,29.36601,-0.7292862,17.46857,-0.732666
28.208330154418945,,,,,,,,,,,,,,,75.07009,-0.456337,153.385,0.2979813,257.6194,0.3509216,313.0779,-0.1866379,307.0179,0.06063843,227.4761,-0.1491165,137.6345,-0.2170486,83.89715,-0.5344925,66.851,-3.286995,63.89776,-1.358383,39.39769,-0.8134003,29.75371,-0.734169,17.69514,-0.7443848
28.2166690826416,,,,,,,,,,,,,,,74.60818,-0.4465714,152.4748,0.294075,256.1976,0.3509216,311.6414,-0.2071457,305.9632,0.0508728,226.9244,-0.1559525,137.4616,-0.2219315,83.86492,-0.5305862,67.43401,-3.277229,64.57842,-1.363266,39.93382,-0.8241425,30.14238,-0.734169,17.92072,-0.7541504
28.225000381469727,,,,,,,,,,,,,,,74.14724,-0.4426651,151.5735,0.2872391,254.7806,0.3450623,310.2048,-0.2208176,304.887,0.04013062,226.3628,-0.1647415,137.2819,-0.2307205,83.83172,-0.5286331,68.01115,-3.266487,65.26495,-1.370102,40.47093,-0.8378143,30.53691,-0.7331924,18.14924,-0.7580566
28.23332977294922,,,,,,,,,,,,,,,73.68826,-0.4446182,150.6809,0.27845,253.3597,0.3362732,308.7654,-0.2296066,303.8001,0.0274353,225.7906,-0.1754837,137.0974,-0.2434158,83.79266,-0.5276566,68.59026,-3.255745,65.96124,-1.376938,41.01585,-0.8534393,30.93633,-0.7302628,18.37873,-0.7609863
28.233333333333334,0.0,-321.0,-10.0,-52.0,-3.0,-797.0,-8.0,-3371.0,-2.0,-6442.0,-3.0,-777.0,-1.0,-2385.0,,,,,,,,,,,,,,,,,,,,,,,,,,
28.241670608520508,,,,,,,,,,,,,,,73.23415,-0.4534073,149.7932,0.2716141,251.9407,0.3235779,307.3386,-0.2335129,302.6849,0.01571655,225.1998,-0.1872025,136.9138,-0.2580643,83.75359,-0.52668,69.16545,-3.245979,66.66241,-1.381821,41.56664,-0.8729706,31.3416,-0.7214737,18.61018,-0.7590332
28.25,,,,,,,,,,,,,,,72.78298,-0.465126,148.9114,0.2657547,250.5218,0.3079529,305.9001,-0.2325363,301.554,0.0118103,224.605,-0.1989212,136.7224,-0.269783,83.71062,-0.5257034,69.73576,-3.24012,67.36846,-1.386703,42.12621,-0.8895721,31.74883,-0.7107315,18.83869,-0.7521973
28.258329391479492,,,,,,,,,,,,,,,72.33474,-0.480751,148.0354,0.2647781,249.1067,0.2903748,304.4597,-0.2276535,300.4075,0.01473999,223.9957,-0.2067337,136.5309,-0.2785721,83.67059,-0.5237503,70.30901,-3.236214,68.08233,-1.391586,42.68968,-0.9051971,32.15898,-0.6960831,19.07502,-0.7443848
28.266666666666666,0.0,-316.0,-10.0,-52.0,-3.0,-797.0,-8.0,-3373.0,-2.0,-6453.0,-2.0,-773.0,-1.0,-2388.0,,,,,,,,,,,,,,,,,,,,,,,,,,
28.26667022705078,,,,,,,,,,,,,,,71.88747,-0.496376,147.1565,0.2657547,247.6878,0.2776794,303.0017,-0.2237473,299.2415,0.02645874,223.3824,-0.21064,136.3376,-0.2834549,83.62859,-0.5169144,70.87932,-3.232307,68.80401,-1.397446,43.26683,-0.9178925,32.57597,-0.6794815,19.3133,-0.7355957
28.274999618530273,,,,,,,,,,,,,,,71.44314,-0.5100479,146.2805,0.2696609,246.2728,0.2688904,301.532,-0.2217941,298.0667,0.0430603,222.7574,-0.2125931,136.1403,-0.2873611,83.59246,-0.511055,71.45354,-3.230354,69.52862,-1.401352,43.85472,-0.9237518,32.99492,-0.6658096,19.55842,-0.7258301
28.2833309173584,,,,,,,,,,,,,,,71.00076,-0.5207901,145.4055,0.2745438,244.8577,0.2649841,300.0427,-0.2227707,296.89,0.06356812,222.1314,-0.2145462,135.9421,-0.2893143,83.5534,-0.5051956,72.02971,-3.232307,70.25713,-1.403305,44.44945,-0.9217987,33.42363,-0.6511612,19.80744,-0.7160645
28.291669845581055,,,,,,,,,,,,,,,70.55837,-0.5295792,144.5285,0.2774734,243.4436,0.2649841,298.5378,-0.2266769,295.7161,0.08407593,221.5113,-0.2174759,135.7458,-0.2863846,83.51824,-0.4964066,72.60783,-3.239143,70.9876,-1.399399,45.05492,-0.9139862,33.85429,-0.6394424,20.06037,-0.7072754
28.299999237060547,,,,,,,,,,,,,,,70.11599,-0.5364151,143.6535,0.2774734,242.0345,0.2659607,297.0173,-0.2325363,294.5316,0.1026306,220.8912,-0.2204056,135.5505,-0.285408,83.48504,-0.4915237,73.18596,-3.252815,71.72491,-1.389633,45.66136,-0.903244,34.29961,-0.6335831,20.31818,-0.701416
28.3,0.0,-312.0,-11.0,-51.0,-3.0,-797.0,-7.0,-3377.0,-2.0,-6463.0,-2.0,-768.0,-1.0,-2388.0,,,,,,,,,,,,,,,,,,,,,,,,,,
28.308330535888672,,,,,,,,,,,,,,,69.67361,-0.543251,142.7815,0.2735672,240.6243,0.2679138,295.4958,-0.2403488,293.347,0.1172791,220.271,-0.2243118,135.3522,-0.285408,83.44988,-0.4925003,73.76506,-3.269417,72.46026,-1.375961,46.27464,-0.8866425,34.75078,-0.6306534,20.5799,-0.6984863
28.316669464111328,,,,,,,,,,,,,,,69.22829,-0.5481339,141.9094,0.2598953,239.2122,0.2708435,293.9607,-0.2471848,292.1595,0.124115,219.6499,-0.2301712,135.155,-0.2844315,83.41766,-0.4973831,74.34709,-3.293831,73.2044,-1.35643,46.89085,-0.8710175,35.21269,-0.6326065,20.8465,-0.6984863
28.325000762939453,,,,,,,,,,,,,,,68.78005,-0.5539932,141.0334,0.2413406,237.7972,0.2737732,292.4275,-0.2491379,290.9632,0.124115,219.0376,-0.2340775,134.9577,-0.2834549,83.37957,-0.5061722,74.92229,-3.318245,73.95049,-1.335922,47.50804,-0.8553925,35.68144,-0.6365128,21.12092,-0.6984863
28.333330154418945,,,,,,,,,,,,,,,68.33279,-0.558876,140.1545,0.2179031,236.3733,0.2747498,290.9001,-0.2481613,289.7484,0.1153259,218.4146,-0.235054,134.7575,-0.2805252,83.33953,-0.5178909,75.4926,-3.341682,74.70049,-1.318344,48.13402,-0.8436737,36.15508,-0.6433487,21.40119,-0.6994629
28.333333333333332,0.0,-310.0,-12.0,-52.0,-2.0,-793.0,-7.0,-3381.0,-2.0,-6467.0,-3.0,-765.0,-1.0,-2386.0,,,,,,,,,,,,,,,,,,,,,,,,,,
28.3416690826416,,,,,,,,,,,,,,,67.88259,-0.5637589,139.2746,0.1934891,234.9515,0.2776794,289.3796,-0.2432785,288.5403,0.1026306,217.7876,-0.235054,134.5544,-0.276619,83.29363,-0.5305862,76.06487,-3.356331,75.46026,-1.307602,48.77171,-0.8378143,36.63554,-0.6521378,21.68732,-0.6975098
28.350000381469727,,,,,,,,,,,,,,,67.43337,-0.5696182,138.385,0.1700516,233.5208,0.2806091,287.8572,-0.2374191,287.3167,0.08798218,217.1519,-0.2360306,134.3454,-0.2727127,83.24187,-0.5413284,76.62737,-3.364143,76.22881,-1.304672,49.41722,-0.8339081,37.1248,-0.6609268,21.98225,-0.6936035
28.35832977294922,,,,,,,,,,,,,,,66.98415,-0.5764542,137.4875,0.1514969,232.0892,0.2845154,286.3416,-0.2315598,286.0941,0.07040405,216.5035,-0.2389603,134.1354,-0.2668533,83.18523,-0.5471878,77.19182,-3.364143,77.00225,-1.309555,50.08226,-0.8300018,37.61992,-0.6706924,22.284,-0.6877441
28.366666666666667,0.0,-308.0,-12.0,-52.0,-2.0,-789.0,-7.0,-3384.0,-2.0,-6470.0,-2.0,-763.0,-1.0,-2385.0,,,,,,,,,,,,,,,,,,,,,,,,,,
28.366670608520508,,,,,,,,,,,,,,,66.53786,-0.5793839,136.5891,0.1427078,230.6624,0.2884216,284.8259,-0.2276535,284.8675,0.05184937,215.8384,-0.2457962,133.9118,-0.2580643,83.1159,-0.5452347,77.75041,-3.356331,77.77959,-1.320297,50.75706,-0.8270721,38.11601,-0.6775284,22.59064,-0.6799316
28.375,,,,,,,,,,,,,,,66.09451,-0.5793839,135.6838,0.1388016,229.2376,0.2923279,283.3074,-0.2266769,283.6429,0.03427124,215.1734,-0.2565384,133.6882,-0.2482986,83.05145,-0.5364456,78.31584,-3.344612,78.5667,-1.334946,51.43871,-0.8221893,38.61894,-0.6814346,22.89924,-0.6721191
28.383329391479492,,,,,,,,,,,,,,,65.65408,-0.5764542,134.7756,0.1407547,227.8128,0.2923279,281.7927,-0.2266769,282.4085,0.01669312,214.4986,-0.2682571,133.4548,-0.2404861,82.98309,-0.5247269,78.88225,-3.33094,79.3587,-1.347641,52.12621,-0.8143768,39.12285,-0.6814346,23.21467,-0.6623535
28.39167022705078,,,,,,,,,,,,,,,65.22146,-0.5696182,133.8674,0.1466141,226.3919,0.2864685,280.2654,-0.2296066,281.1702,0.001068115,213.8199,-0.281929,133.2145,-0.2346268,82.91473,-0.5071487,79.45549,-3.323128,80.15948,-1.358383,52.82249,-0.8065643,39.63261,-0.6794815,23.5301,-0.654541
28.399999618530273,,,,,,,,,,,,,,,64.7947,-0.5598526,132.9651,0.1505203,224.9769,0.2776794,278.7371,-0.2344894,279.931,-0.01358032,213.1324,-0.2916946,132.9694,-0.2326736,82.85125,-0.4895706,80.03752,-3.321175,80.96319,-1.367172,53.51976,-0.7958221,40.14336,-0.6755753,23.85139,-0.6496582
28.4,0.0,-308.0,-12.0,-51.0,-2.0,-789.0,-7.0,-3387.0,-1.0,-6474.0,-2.0,-761.0,-1.0,-2389.0,,,,,,,,,,,,,,,,,,,,,,,,,,
28.4083309173584,,,,,,,,,,,,,,,64.37576,-0.5471573,132.0705,0.1524734,223.555,0.2669373,277.2019,-0.2383957,278.6829,-0.02627563,212.4527,-0.297554,132.7214,-0.2336502,82.79168,-0.4729691,80.62444,-3.322151,81.78057,-1.374008,54.22289,-0.7870331,40.65703,-0.6697159,24.17561,-0.645752
28.416669845581055,,,,,,,,,,,,,,,63.96365,-0.5354385,131.1799,0.1495438,222.1399,0.2542419,275.6638,-0.2403488,277.4329,-0.0350647,211.7603,-0.2985306,132.4753,-0.238533,82.73895,-0.4592972,81.21428,-3.328987,82.59795,-1.378891,54.93773,-0.7841034,41.17656,-0.6638565,24.49982,-0.6437988
28.424999237060547,,,,,,,,,,,,,,,63.56326,-0.5266495,130.3078,0.1446609,220.7269,0.2415466,274.1257,-0.2413254,276.1829,-0.03604126,211.063,-0.2965775,132.2302,-0.2473221,82.68523,-0.4505081,81.80705,-3.341682,83.42217,-1.381821,55.66429,-0.78508,41.70586,-0.6579971,24.82795,-0.6437988
28.433330535888672,,,,,,,,,,,,,,,63.16384,-0.5246964,129.4407,0.137825,219.3147,0.2337341,272.5916,-0.2403488,274.9398,-0.02822876,210.3501,-0.2916946,131.985,-0.2570877,82.63445,-0.4456253,82.3969,-3.356331,84.24834,-1.383774,56.40355,-0.7928925,42.2459,-0.6540909,25.15607,-0.6467285
28.433333333333334,0.0,-308.0,-12.0,-54.0,-2.0,-795.0,-7.0,-3393.0,-1.0,-6479.0,-2.0,-762.0,-1.0,-2392.0,,,,,,,,,,,,,,,,,,,,,,,,,,
28.441669464111328,,,,,,,,,,,,,,,62.76833,-0.5286026,128.5823,0.1300125,217.9134,0.2308044,271.0652,-0.2393723,273.6966,-0.01358032,209.6255,-0.288765,131.735,-0.2658768,82.58172,-0.4466019,82.98576,-3.371956,85.07842,-1.385727,57.1555,-0.8055878,42.79863,-0.6511612,25.48615,-0.6496582
28.450000762939453,,,,,,,,,,,,,,,62.37576,-0.5364151,127.7317,0.1261063,216.514,0.2327576,269.5447,-0.2383957,272.4583,0.00692749,208.8814,-0.2877884,131.485,-0.2717361,82.52215,-0.4514847,83.57072,-3.384651,85.90557,-1.386703,57.91527,-0.8221893,43.36504,-0.6492081,25.81818,-0.6525879
28.458330154418945,,,,,,,,,,,,,,,61.97927,-0.5461807,126.883,0.1261063,215.1311,0.2366638,268.033,-0.2413254,271.221,0.02938843,208.1207,-0.2907181,131.2263,-0.2727127,82.45672,-0.4563675,84.14885,-3.389534,86.73565,-1.385727,58.67992,-0.840744,43.9373,-0.6501846,26.1551,-0.6574707
28.466666666666665,0.0,-308.0,-12.0,-54.0,-2.0,-800.0,-8.0,-3396.0,0.0,-6486.0,-3.0,-764.0,-1.0,-2391.0,,,,,,,,,,,,,,,,,,,,,,,,,,
28.4666690826416,,,,,,,,,,,,,,,61.57595,-0.5559464,126.0393,0.1290359,213.7522,0.2425232,266.5212,-0.2501144,269.9876,0.04696655,207.355,-0.2965775,130.9616,-0.2707596,82.38445,-0.4651566,84.72893,-3.390511,87.57549,-1.38475,59.44261,-0.8583221,44.52031,-0.6540909,26.49592,-0.6604004
28.475000381469727,,,,,,,,,,,,,,,61.16677,-0.5637589,125.1897,0.1329422,212.3792,0.247406,265.0134,-0.2618332,268.7396,0.06161499,206.5777,-0.3053665,130.695,-0.2678299,82.30926,-0.4729691,85.30608,-3.386604,88.42022,-1.381821,60.20531,-0.8710175,45.11308,-0.6609268,26.84455,-0.6623535
28.48332977294922,,,,,,,,,,,,,,,60.75368,-0.5696182,124.3469,0.1407547,211.0179,0.2483826,263.4939,-0.2755051,267.4837,0.06747437,205.8003,-0.3161087,130.4177,-0.2619705,82.22918,-0.4807816,85.87737,-3.373909,89.27569,-1.381821,60.96703,-0.8778534,45.70781,-0.6726456,27.201,-0.6633301
28.491670608520508,,,,,,,,,,,,,,,60.33669,-0.5735245,123.5032,0.1495438,209.6585,0.2503357,261.9617,-0.2882004,266.222,0.0586853,205.0337,-0.3268509,130.1354,-0.2551346,82.14617,-0.4876175,86.4467,-3.358284,90.1419,-1.381821,61.72289,-0.87883,46.31035,-0.6853409,27.56037,-0.6633301
28.5,0.0,-309.0,-12.0,-55.0,-2.0,-800.0,-8.0,-3395.0,-1.0,-6491.0,-4.0,-771.0,-1.0,-2387.0,59.91775,-0.5764542,122.6575,0.1554031,208.2942,0.247406,260.4275,-0.2969894,264.9476,0.04208374,204.273,-0.3336868,129.8561,-0.2522049,82.06805,-0.4944534,87.01311,-3.338753,91.02178,-1.378891,62.48265,-0.8739471,46.9207,-0.6999893,27.92463,-0.6662598
28.508329391479492,,,,,,,,,,,,,,,59.50173,-0.5823135,121.8225,0.1563797,206.9339,0.2464294,258.8816,-0.297966,263.6575,0.01864624,203.5249,-0.3395462,129.5749,-0.2502518,81.99383,-0.5022659,87.56975,-3.321175,91.90166,-1.373032,63.2473,-0.8680878,47.533,-0.7136612,28.29182,-0.6711426
28.51667022705078,,,,,,,,,,,,,,,59.0906,-0.5920792,120.9914,0.15345,205.5774,0.2454529,257.3357,-0.2911301,262.3714,-0.009674072,202.7837,-0.3424759,129.2946,-0.2502518,81.92937,-0.5100784,88.12541,-3.310432,92.7835,-1.364243,64.02269,-0.8651581,48.15703,-0.7244034,28.66096,-0.6760254
28.524999618530273,,,,,,,,,,,,,,,58.68435,-0.6037979,120.1653,0.1456375,204.2151,0.2444763,255.7947,-0.2755051,261.0775,-0.03994751,202.0523,-0.3414993,129.0153,-0.2522049,81.8698,-0.5217972,88.67619,-3.303596,93.66436,-1.352524,64.80589,-0.863205,48.78789,-0.7312393,29.03107,-0.6828613
28.5333309173584,,,,,,,,,,,,,,,58.28493,-0.6174698,119.3498,0.1358719,202.8509,0.2444763,254.2663,-0.2569504,259.7728,-0.06826782,201.3238,-0.3405228,128.736,-0.254158,81.81805,-0.5354691,89.22893,-3.303596,94.54424,-1.333969,65.60277,-0.8651581,49.42461,-0.7331924,29.39924,-0.6916504
28.533333333333335,0.0,-310.0,-12.0,-54.0,-2.0,-802.0,-7.0,-3393.0,-1.0,-6496.0,-4.0,-776.0,-1.0,-2386.0,,,,,,,,,,,,,,,,,,,,,,,,,,
28.541669845581055,,,,,,,,,,,,,,,57.89138,-0.6311417,118.5422,0.1261063,201.5003,0.2425232,252.7468,-0.2393723,258.471,-0.09170532,200.5894,-0.3414993,128.4567,-0.254158,81.76727,-0.5501175,89.78069,-3.306526,95.41045,-1.311508,66.41136,-0.871994,50.06816,-0.7322159,29.77229,-0.7004395
28.549999237060547,,,,,,,,,,,,,,,57.50271,-0.6409073,117.7375,0.1163406,200.1448,0.2376404,251.237,-0.2276535,257.1673,-0.11026,199.8589,-0.3434525,128.1735,-0.2531815,81.71551,-0.5647659,90.33733,-3.314339,96.28252,-1.292953,67.23167,-0.87883,50.71269,-0.7302628,30.15119,-0.7102051
28.558330535888672,,,,,,,,,,,,,,,57.11599,-0.6457901,116.9368,0.1104813,198.7933,0.2308044,249.738,-0.2247238,255.8558,-0.1200256,199.1207,-0.3483353,127.8894,-0.2512283,81.66277,-0.5725784,90.89592,-3.325081,97.15752,-1.276352,68.06078,-0.8856659,51.36308,-0.7292862,30.53303,-0.7219238
28.566666666666666,0.0,-310.0,-11.0,-59.0,-2.0,-806.0,-7.0,-3393.0,-1.0,-6500.0,-4.0,-779.0,0.0,-2386.0,,,,,,,,,,,,,,,,,,,,,,,,,,
28.566669464111328,,,,,,,,,,,,,,,56.73513,-0.6457901,116.136,0.1095047,197.4427,0.2210388,248.2263,-0.2305832,254.5374,-0.125885,198.3667,-0.3541946,127.5993,-0.2482986,81.60223,-0.5794144,91.45549,-3.338753,98.03838,-1.268539,68.89964,-0.8905487,52.0164,-0.7273331,30.91975,-0.7297363
28.575000762939453,,,,,,,,,,,,,,,56.35329,-0.6418839,115.3381,0.1114578,196.0892,0.2102966,246.7077,-0.2442551,253.2249,-0.1278381,197.6011,-0.3629837,127.3073,-0.2443924,81.52605,-0.5803909,92.01311,-3.350471,98.9251,-1.270493,69.74144,-0.8915253,52.67558,-0.7244034,31.31232,-0.7336426
28.583330154418945,,,,,,,,,,,,,,,55.97341,-0.637001,114.5325,0.1173172,194.7386,0.200531,245.1775,-0.2647629,251.9066,-0.1297913,196.8238,-0.3707962,127.0134,-0.245369,81.44012,-0.5774612,92.56194,-3.36219,99.8294,-1.280258,70.59007,-0.8866425,53.33769,-0.7214737,31.70881,-0.7365723
28.5916690826416,,,,,,,,,,,,,,,55.59841,-0.6330948,113.7317,0.1231766,193.3763,0.1966248,243.6326,-0.2862473,250.5853,-0.1297913,196.0298,-0.3776321,126.7204,-0.2492752,81.34246,-0.5725784,93.1049,-3.374886,100.7386,-1.297836,71.44359,-0.8778534,54.00957,-0.7156143,32.11115,-0.7355957
28.6,0.0,-305.0,-11.0,-64.0,-4.0,-811.0,-8.0,-3395.0,-1.0,-6498.0,-4.0,-782.0,0.0,-2386.0,,,,,,,,,,,,,,,,,,,,,,,,,,
28.600000381469727,,,,,,,,,,,,,,,55.22732,-0.6321182,112.9289,0.1309891,192.0208,0.1946716,242.0769,-0.3096848,249.263,-0.1297913,195.2203,-0.3805618,126.4304,-0.2551346,81.23992,-0.5667191,93.63811,-3.387581,101.6546,-1.318344,72.29906,-0.8690643,54.68828,-0.7058487,32.51936,-0.7277832
28.60832977294922,,,,,,,,,,,,,,,54.85915,-0.6360245,112.1301,0.1388016,190.6644,0.1976013,240.53,-0.3321457,247.9486,-0.1327209,194.4078,-0.3805618,126.1413,-0.260994,81.12859,-0.5608597,94.15764,-3.3993,102.5765,-1.339828,73.16039,-0.8612518,55.3748,-0.6941299,32.93439,-0.7160645
28.616670608520508,,,,,,,,,,,,,,,54.49587,-0.643837,111.3342,0.1446609,189.3069,0.2054138,238.991,-0.3487473,246.6312,-0.1385803,193.5933,-0.3776321,125.8601,-0.2688065,81.02605,-0.5559769,94.67131,-3.411018,103.4954,-1.355453,74.02562,-0.8544159,56.07597,-0.6843643,33.35529,-0.6994629
28.625,,,,,,,,,,,,,,,54.13943,-0.652626,110.5461,0.1466141,187.9554,0.2132263,237.4675,-0.3653488,245.3245,-0.1473694,192.7789,-0.3707962,125.5778,-0.276619,80.92742,-0.5530472,95.18108,-3.420784,104.4153,-1.369125,74.89769,-0.8495331,56.783,-0.6755753,33.78596,-0.6809082
28.633329391479492,,,,,,,,,,,,,,,53.78591,-0.659462,109.7678,0.1446609,186.6194,0.2190857,235.9587,-0.3819504,244.0238,-0.1561584,191.9771,-0.3629837,125.2936,-0.2834549,80.84246,-0.5520706,95.68498,-3.426643,105.3284,-1.380844,75.77757,-0.8505096,57.4998,-0.6706924,34.22736,-0.6594238
28.633333333333333,0.0,-294.0,-11.0,-67.0,-4.0,-813.0,-8.0,-3400.0,-1.0,-6497.0,-4.0,-786.0,0.0,-2386.0,,,,,,,,,,,,,,,,,,,,,,,,,,
28.64167022705078,,,,,,,,,,,,,,,53.42556,-0.6672745,108.9905,0.1388016,185.2923,0.2229919,234.4646,-0.3946457,242.7269,-0.1659241,191.1851,-0.3532181,125.0144,-0.2893143,80.77312,-0.5520706,96.19475,-3.429573,106.2386,-1.38768,76.66429,-0.8553925,58.22539,-0.6726456,34.67756,-0.6408691
28.649999618530273,,,,,,,,,,,,,,,53.06911,-0.6721573,108.2229,0.1300125,183.9739,0.2229919,232.9841,-0.4044113,241.43,-0.1766663,190.4068,-0.3483353,124.7311,-0.2941971,80.71453,-0.5520706,96.70451,-3.428596,107.1487,-1.391586,77.55785,-0.8651581,58.95097,-0.6785049,35.13361,-0.6291504
28.6583309173584,,,,,,,,,,,,,,,52.70388,-0.6741104,107.4602,0.1192703,182.677,0.2220154,231.5115,-0.4102707,240.1341,-0.188385,189.6363,-0.3463821,124.446,-0.2990799,80.65887,-0.5520706,97.21819,-3.42469,108.0579,-1.394516,78.45824,-0.8749237,59.68144,-0.6853409,35.59748,-0.6223145
28.666666666666668,0.0,-284.0,-11.0,-65.0,-4.0,-813.0,-8.0,-3406.0,-1.0,-6503.0,-4.0,-786.0,0.0,-2386.0,,,,,,,,,,,,,,,,,,,,,,,,,,
28.666669845581055,,,,,,,,,,,,,,,52.33474,-0.675087,106.7053,0.106575,181.3909,0.2210388,230.0417,-0.4161301,238.8402,-0.1981506,188.8716,-0.3483353,124.154,-0.3068924,80.6032,-0.5540237,97.73576,-3.416878,108.9632,-1.399399,79.36156,-0.8827362,60.41972,-0.6931534,36.0633,-0.6213379
28.674999237060547,,,,,,,,,,,,,,,51.96365,-0.6770401,105.9504,0.09192657,180.1106,0.216156,228.5798,-0.4171066,237.5365,-0.2049866,188.108,-0.3541946,123.8552,-0.3156815,80.54168,-0.5569534,98.25627,-3.406136,109.8743,-1.405258,80.27171,-0.887619,61.16093,-0.6990128,36.53205,-0.6291504
28.683330535888672,,,,,,,,,,,,,,,51.59353,-0.6809464,105.2043,0.07923126,178.8362,0.2102966,227.1199,-0.4171066,236.2298,-0.2088928,187.3316,-0.3620071,123.5524,-0.3244705,80.47039,-0.5598831,98.77678,-3.394417,110.7884,-1.410141,81.1848,-0.8856659,61.91093,-0.702919,37.00275,-0.6437988
28.691669464111328,,,,,,,,,,,,,,,51.22927,-0.6877823,104.4612,0.06946564,177.5667,0.2024841,225.6589,-0.4171066,234.9261,-0.2108459,186.5386,-0.3688431,123.2438,-0.3313065,80.38836,-0.5628128,99.29338,-3.383675,111.7054,-1.415024,82.09789,-0.8807831,62.67265,-0.702919,37.47443,-0.6623535
28.7,0.0,-275.0,-11.0,-60.0,-5.0,-811.0,-8.0,-3410.0,-1.0,-6510.0,-4.0,-784.0,0.0,-2385.0,,,,,,,,,,,,,,,,,,,,,,,,,,
28.700000762939453,,,,,,,,,,,,,,,50.86697,-0.6955948,103.7239,0.05970001,176.2991,0.1936951,224.2048,-0.4200363,233.6253,-0.2118225,185.7398,-0.3737259,122.9274,-0.3371658,80.2907,-0.5637894,99.80119,-3.370979,112.6233,-1.41893,83.01585,-0.8729706,63.44707,-0.7009659,37.94807,-0.6818848
28.708330154418945,,,,,,,,,,,,,,,50.51638,-0.7053604,102.9885,0.04895782,175.0296,0.1819763,222.7517,-0.4258957,232.3275,-0.2108459,184.9283,-0.375679,122.6091,-0.3420486,80.19402,-0.5598831,100.3061,-3.360237,113.5452,-1.419907,83.93871,-0.8573456,64.23125,-0.6980362,38.42756,-0.6984863
28.7166690826416,,,,,,,,,,,,,,,50.17068,-0.7161026,102.2649,0.04114532,173.7659,0.1683044,221.2986,-0.4356613,231.0345,-0.2088928,184.1128,-0.3727493,122.2936,-0.3430252,80.09441,-0.5550003,100.8031,-3.350471,114.4603,-1.420883,84.86644,-0.8426971,65.0291,-0.6951065,38.90998,-0.7102051
28.725000381469727,,,,,,,,,,,,,,,49.8279,-0.7239151,101.5373,0.03626251,172.511,0.153656,219.8474,-0.4493332,229.7513,-0.2079163,183.2964,-0.36689,121.9753,-0.3410721,79.99676,-0.5491409,101.2865,-3.343636,115.3733,-1.416,85.79808,-0.8300018,65.83672,-0.6921768,39.39436,-0.717041
28.73332977294922,,,,,,,,,,,,,,,49.48708,-0.7317276,100.8147,0.0313797,171.2591,0.1429138,218.4079,-0.4620285,228.472,-0.2079163,182.4888,-0.360054,121.6618,-0.3381424,79.90301,-0.542305,101.7612,-3.340706,116.2806,-1.410141,86.73851,-0.8182831,66.64726,-0.6892471,39.88654,-0.717041
28.733333333333334,0.0,-270.0,-10.0,-57.0,-5.0,-807.0,-9.0,-3414.0,-1.0,-6518.0,-4.0,-779.0,0.0,-2387.0,,,,,,,,,,,,,,,,,,,,,,,,,,
28.741670608520508,,,,,,,,,,,,,,,49.14919,-0.7366104,100.094,0.02649689,170.0218,0.1351013,216.9685,-0.4737473,227.1888,-0.2088928,181.69,-0.3541946,121.3513,-0.3371658,79.81902,-0.5354691,102.227,-3.341682,117.181,-1.401352,87.68089,-0.8065643,67.4666,-0.6853409,40.38459,-0.7092285
28.75,,,,,,,,,,,,,,,48.81033,-0.7385635,99.37523,0.02454376,168.7991,0.1302185,215.5388,-0.4835129,225.9183,-0.2098694,180.9019,-0.3502884,121.0436,-0.3342361,79.73309,-0.5296097,102.6869,-3.342659,118.0726,-1.39061,88.62816,-0.7977753,68.28593,-0.6785049,40.88459,-0.6965332
28.758329391479492,,,,,,,,,,,,,,,48.47146,-0.7336807,98.6555,0.02259064,167.5853,0.1272888,214.113,-0.4913254,224.64,-0.2118225,180.1158,-0.3483353,120.7351,-0.332283,79.65301,-0.5257034,103.1332,-3.346565,118.9642,-1.376938,89.57835,-0.7899628,69.11113,-0.6687393,41.39143,-0.6779785
28.766666666666666,0.0,-270.0,-11.0,-57.0,-5.0,-802.0,-8.0,-3420.0,0.0,-6527.0,-4.0,-776.0,0.0,-2388.0,,,,,,,,,,,,,,,,,,,,,,,,,,
28.76667022705078,,,,,,,,,,,,,,,48.13552,-0.7268448,97.93578,0.01966095,166.3763,0.1263123,212.697,-0.4962082,223.3558,-0.2118225,179.3316,-0.3473587,120.4294,-0.3332596,79.57879,-0.5247269,103.5785,-3.352425,119.8509,-1.35936,90.53636,-0.7831268,69.93633,-0.6570206,41.90119,-0.6555176
28.774999618530273,,,,,,,,,,,,,,,47.80642,-0.7180557,97.22093,0.0157547,165.1839,0.122406,211.2868,-0.4991379,222.0745,-0.2088928,178.5494,-0.3483353,120.1247,-0.3293533,79.49871,-0.5257034,104.0112,-3.357307,120.7347,-1.342758,91.49632,-0.778244,70.76054,-0.6443253,42.41877,-0.6340332
28.7833309173584,,,,,,,,,,,,,,,47.47634,-0.7034073,96.51097,0.01184845,163.9954,0.1184998,209.8835,-0.501091,220.7991,-0.2049866,177.7583,-0.3483353,119.8151,-0.3283768,79.42059,-0.5305862,104.4379,-3.366096,121.6243,-1.32518,92.46507,-0.7762909,71.58965,-0.6316299,42.93439,-0.6105957
28.791669845581055,,,,,,,,,,,,,,,47.15408,-0.6897354,95.80492,0.008918762,162.805,0.1116638,208.4851,-0.5059738,219.5257,-0.1971741,176.9634,-0.3473587,119.5017,-0.3264236,79.34246,-0.5364456,104.8578,-3.373909,122.511,-1.310532,93.4348,-0.7792206,72.41679,-0.6218643,43.45686,-0.592041
28.799999237060547,,,,,,,,,,,,,,,46.83376,-0.6789932,95.10081,0.005989075,161.6233,0.1038513,207.0984,-0.5098801,218.2591,-0.1893616,176.1626,-0.3483353,119.1872,-0.3215408,79.26043,-0.5432816,105.2709,-3.383675,123.3978,-1.299789,94.42113,-0.7870331,73.24394,-0.6179581,43.97932,-0.5773926
28.8,0.0,-273.0,-11.0,-58.0,-5.0,-802.0,-8.0,-3427.0,-1.0,-6531.0,-4.0,-778.0,0.0,-2386.0,,,,,,,,,,,,,,,,,,,,,,,,,,
28.808330535888672,,,,,,,,,,,,,,,46.51638,-0.6702042,94.40648,0.00403595,160.4397,0.09506226,205.7136,-0.5147629,217.0091,-0.1795959,175.3521,-0.3483353,118.8737,-0.3176346,79.17547,-0.5530472,105.6801,-3.392464,124.2923,-1.29393,95.41039,-0.7977753,74.07793,-0.6199112,44.50178,-0.5705566
28.816669464111328,,,,,,,,,,,,,,,46.199,-0.6643448,93.71312,0.00403595,159.261,0.08822632,204.3406,-0.5225754,215.7669,-0.1747131,174.5435,-0.3483353,118.5544,-0.3147049,79.08758,-0.5647659,106.0785,-3.405159,125.1858,-1.29393,96.4055,-0.8134003,74.91972,-0.624794,45.02229,-0.5754395
28.825000762939453,,,,,,,,,,,,,,,45.88454,-0.6623917,93.0305,0.005989075,158.0843,0.08041382,202.9685,-0.5313644,214.5306,-0.1737366,173.732,-0.3502884,118.2282,-0.3107986,78.99676,-0.5764847,106.4721,-3.416878,126.0833,-1.298813,97.4055,-0.8280487,75.76445,-0.6345596,45.5467,-0.5861816
28.833330154418945,,,,,,,,,,,,,,,45.56814,-0.6633682,92.35179,0.01184845,156.9163,0.07455444,201.6023,-0.5382004,213.2982,-0.1756897,172.9283,-0.3541946,117.8981,-0.3068924,78.90496,-0.5852737,106.8666,-3.429573,126.9778,-1.306625,98.40355,-0.8368378,76.61308,-0.6453018,46.07502,-0.6027832
28.833333333333332,0.0,-279.0,-11.0,-60.0,-5.0,-804.0,-8.0,-3432.0,-1.0,-6532.0,-3.0,-778.0,-1.0,-2386.0,,,,,,,,,,,,,,,,,,,,,,,,,,
28.8416690826416,,,,,,,,,,,,,,,45.25271,-0.6643448,91.68187,0.01966095,155.7542,0.07064819,200.2419,-0.5460129,212.0589,-0.1815491,172.1294,-0.3620071,117.5632,-0.301033,78.81023,-0.5911331,107.2572,-3.439339,127.8724,-1.315414,99.39671,-0.840744,77.47148,-0.6540909,46.60139,-0.6252441
28.850000381469727,,,,,,,,,,,,,,,44.93826,-0.6633682,91.00999,0.02552032,154.595,0.06674194,198.8835,-0.5528488,210.8177,-0.188385,171.3423,-0.3688431,117.2097,-0.2951736,78.71551,-0.5930862,107.6381,-3.446175,128.7679,-1.32225,100.3869,-0.8387909,78.33379,-0.6599503,47.12873,-0.6486816
28.85832977294922,,,,,,,,,,,,,,,44.6238,-0.6614151,90.34984,0.03040314,153.4476,0.06185913,197.5242,-0.5557785,209.5599,-0.1952209,170.563,-0.3776321,116.8542,-0.2902908,78.62078,-0.5882034,108.0199,-3.452034,129.6585,-1.329086,101.3743,-0.8290253,79.20097,-0.6609268,47.66584,-0.6652832
28.866666666666667,0.0,-283.0,-12.0,-61.0,-5.0,-803.0,-8.0,-3435.0,-2.0,-6532.0,-3.0,-779.0,-1.0,-2386.0,,,,,,,,,,,,,,,,,,,,,,,,,,
28.866670608520508,,,,,,,,,,,,,,,44.31228,-0.6575089,89.69164,0.03528595,152.3011,0.05599976,196.1765,-0.5557785,208.305,-0.1981506,169.7915,-0.3864212,116.489,-0.2815018,78.52996,-0.5774612,108.3959,-3.453987,130.5462,-1.332016,102.3567,-0.8134003,80.075,-0.6599503,48.201,-0.6779785
28.875,,,,,,,,,,,,,,,43.9988,-0.652626,89.04124,0.0391922,151.1673,0.05014038,194.8318,-0.5528488,207.0482,-0.1971741,169.023,-0.3961868,116.1188,-0.2736893,78.43816,-0.5637894,108.769,-3.452034,131.4359,-1.333969,103.341,-0.7987518,80.95683,-0.6579971,48.73615,-0.6818848
28.883329391479492,,,,,,,,,,,,,,,43.69021,-0.6457901,88.39378,0.04114532,150.0354,0.04232788,193.5036,-0.5469894,205.7894,-0.1932678,168.2476,-0.406929,115.7458,-0.2688065,78.35027,-0.5462112,109.1332,-3.451057,132.3226,-1.330063,104.3313,-0.78508,81.8455,-0.656044,49.2801,-0.6789551
28.89167022705078,,,,,,,,,,,,,,,43.38161,-0.6399307,87.75218,0.04309845,148.9144,0.03451538,192.1833,-0.5401535,204.5384,-0.1893616,167.4751,-0.4157181,115.3854,-0.2629471,78.26336,-0.5335159,109.4965,-3.448128,133.2054,-1.324203,105.3264,-0.778244,82.73906,-0.6540909,49.82893,-0.6721191
28.899999618530273,,,,,,,,,,,,,,,43.07595,-0.637001,87.11449,0.04505157,147.8089,0.03060913,190.8757,-0.5342941,203.306,-0.1874084,166.6978,-0.4206009,115.0378,-0.2600174,78.17645,-0.5286331,109.8539,-3.442268,134.0872,-1.317368,106.3254,-0.7772675,83.64726,-0.6550674,50.38264,-0.6604004
28.9,0.0,-285.0,-12.0,-60.0,-6.0,-802.0,-8.0,-3435.0,-2.0,-6537.0,-3.0,-781.0,-2.0,-2385.0,,,,,,,,,,,,,,,,,,,,,,,,,,
28.9083309173584,,,,,,,,,,,,,,,42.77419,-0.6340714,86.48363,0.04798126,146.7083,0.02767944,189.5818,-0.5303879,202.0853,-0.1913147,165.9126,-0.4215775,114.696,-0.2619705,78.08758,-0.5286331,110.2065,-3.438362,134.9651,-1.309555,107.3254,-0.7811737,84.56133,-0.6570206,50.94514,-0.6496582
28.916669845581055,,,,,,,,,,,,,,,42.47829,-0.6330948,85.8557,0.05286407,145.6204,0.02767944,188.2947,-0.5294113,200.8734,-0.1971741,165.1255,-0.4176712,114.3659,-0.2639236,77.99383,-0.5393753,110.5522,-3.433479,135.8294,-1.302719,108.3254,-0.7899628,85.47929,-0.6619034,51.52424,-0.6418457
28.924999237060547,,,,,,,,,,,,,,,42.18533,-0.6340714,85.23656,0.05970001,144.5452,0.03256226,187.0134,-0.532341,199.6829,-0.2059631,164.3287,-0.4088821,114.0446,-0.2678299,77.90008,-0.55793,110.8988,-3.429573,136.6868,-1.298813,109.3284,-0.800705,86.40312,-0.6677628,52.11018,-0.6359863
28.933330535888672,,,,,,,,,,,,,,,41.89431,-0.637001,84.62132,0.06751251,143.4749,0.04232788,185.7292,-0.5362473,198.5042,-0.2176819,163.5328,-0.3932571,113.7311,-0.2727127,77.79852,-0.5833206,111.2455,-3.426643,137.5364,-1.297836,110.3284,-0.809494,87.32695,-0.6697159,52.70295,-0.6330566
28.933333333333334,1.0,-283.0,-13.0,-54.0,-6.0,-800.0,-8.0,-3434.0,-2.0,-6548.0,-3.0,-783.0,-2.0,-2384.0,,,,,,,,,,,,,,,,,,,,,,,,,,
28.941669464111328,,,,,,,,,,,,,,,41.61013,-0.643837,84.01097,0.07630157,142.4104,0.05404663,184.449,-0.5401535,197.3265,-0.2313538,162.7408,-0.375679,113.4167,-0.2746658,77.70184,-0.6106644,111.5805,-3.426643,138.3694,-1.302719,111.3332,-0.8192596,88.25273,-0.6687393,53.30061,-0.6340332
28.950000762939453,,,,,,,,,,,,,,,41.32888,-0.6506729,83.40648,0.08802032,141.3519,0.06771851,183.1638,-0.5411301,196.1546,-0.2440491,161.9517,-0.360054,113.1022,-0.2756424,77.60223,-0.6331253,111.9145,-3.429573,139.1917,-1.311508,112.3381,-0.8241425,89.16972,-0.6658096,53.90412,-0.6320801
28.958330154418945,,,,,,,,,,,,,,,41.04861,-0.6584854,82.80589,0.1007156,140.2933,0.08432007,181.8767,-0.5382004,194.9866,-0.2557678,161.1705,-0.3454056,112.7829,-0.2736893,77.50945,-0.6536331,112.2416,-3.433479,140.0091,-1.32518,113.344,-0.8260956,90.08672,-0.6638565,54.50471,-0.630127
28.966666666666665,1.0,-282.0,-13.0,-49.0,-5.0,-799.0,-7.0,-3436.0,-2.0,-6554.0,-3.0,-784.0,-1.0,-2382.0,,,,,,,,,,,,,,,,,,,,,,,,,,
28.9666690826416,,,,,,,,,,,,,,,40.77224,-0.6672745,82.20921,0.1095047,139.2395,0.09701538,180.5964,-0.5313644,193.8109,-0.2655334,160.398,-0.33564,112.4597,-0.2717361,77.42156,-0.6653519,112.5492,-3.439339,140.8294,-1.339828,114.3518,-0.8270721,90.99687,-0.6609268,55.10627,-0.6291504
28.975000381469727,,,,,,,,,,,,,,,40.49392,-0.6711807,81.61449,0.1182938,138.1897,0.1058044,179.3181,-0.5245285,192.6439,-0.2782288,159.6304,-0.3297806,112.1286,-0.2707596,77.33758,-0.667305,112.8442,-3.447151,141.64,-1.350571,115.3596,-0.8290253,91.91093,-0.6599503,55.70295,-0.6271973
28.98332977294922,,,,,,,,,,,,,,,40.21658,-0.6702042,81.02074,0.1241531,137.1497,0.1087341,178.0427,-0.5186691,191.471,-0.2928772,158.8667,-0.328804,111.7966,-0.269783,77.25457,-0.6585159,113.1225,-3.453987,142.4476,-1.35643,116.3684,-0.8290253,92.82597,-0.6589737,56.29768,-0.6271973
28.991670608520508,,,,,,,,,,,,,,,39.93923,-0.668251,80.42113,0.1251297,136.1155,0.1048279,176.7702,-0.5176926,190.306,-0.3065491,158.108,-0.3307571,111.4548,-0.2707596,77.17352,-0.6419144,113.3793,-3.456917,143.263,-1.357407,117.3694,-0.8329315,93.74297,-0.6589737,56.88557,-0.630127
29.0,0.0,-281.0,-13.0,-49.0,-5.0,-797.0,-7.0,-3435.0,-2.0,-6557.0,-4.0,-787.0,-1.0,-2382.0,39.66189,-0.6633682,79.82445,0.1212234,135.097,0.09310913,175.5066,-0.5215988,189.1341,-0.3182678,157.3462,-0.3366165,111.113,-0.2775955,77.08758,-0.6223831,113.6156,-3.460823,144.0696,-1.3535,118.3733,-0.8397675,94.66777,-0.6579971,57.47639,-0.6350098
29.008329391479492,,,,,,,,,,,,,,,39.3865,-0.6575089,79.23265,0.1143875,134.0901,0.07553101,174.2507,-0.532341,187.972,-0.3260803,156.5757,-0.3424759,110.7683,-0.2834549,76.99773,-0.5979691,113.8422,-3.463753,144.8694,-1.343735,119.3772,-0.8466034,95.5955,-0.6540909,58.06818,-0.6418457
29.01667022705078,,,,,,,,,,,,,,,39.11501,-0.6555557,78.64769,0.1055984,133.094,0.05795288,172.9988,-0.5499191,186.8128,-0.3280334,155.8003,-0.3522415,110.4284,-0.2902908,76.90496,-0.5764847,114.0551,-3.463753,145.6644,-1.334946,120.3723,-0.8544159,96.52617,-0.6492081,58.66096,-0.6506348
29.024999618530273,,,,,,,,,,,,,,,38.85232,-0.6575089,78.06566,0.09583282,132.1058,0.03939819,171.7576,-0.5684738,185.6615,-0.3241272,155.0269,-0.36689,110.0925,-0.2971268,76.8073,-0.5569534,114.2533,-3.462776,146.4466,-1.327133,121.3752,-0.863205,97.45879,-0.6433487,59.25471,-0.6564941
29.0333309173584,,,,,,,,,,,,,,,38.59548,-0.6643448,77.49437,0.08899689,131.1263,0.02182007,170.532,-0.5850754,184.5111,-0.3124084,154.2466,-0.3844681,109.7565,-0.3029861,76.7077,-0.5413284,114.4418,-3.462776,147.221,-1.324203,122.3733,-0.8700409,98.38652,-0.6365128,59.85725,-0.6623535
29.033333333333335,0.0,-279.0,-13.0,-50.0,-4.0,-795.0,-7.0,-3434.0,-1.0,-6558.0,-4.0,-789.0,-1.0,-2382.0,,,,,,,,,,,,,,,,,,,,,,,,,,
29.041669845581055,,,,,,,,,,,,,,,38.34548,-0.675087,76.93285,0.0860672,130.1478,0.01107788,169.321,-0.5987473,183.3695,-0.2938538,153.4654,-0.4049759,109.4265,-0.307869,76.61492,-0.5315628,114.6205,-3.4618,147.9818,-1.327133,123.3664,-0.8749237,99.31425,-0.6326065,60.46662,-0.6652832
29.049999237060547,,,,,,,,,,,,,,,38.09841,-0.6877823,76.38011,0.08997345,129.177,0.007171631,168.1238,-0.6065598,182.2376,-0.2743225,152.6919,-0.4235306,109.0974,-0.3127518,76.5241,-0.5257034,114.7905,-3.459846,148.7386,-1.336899,124.3616,-0.8749237,100.2439,-0.6335831,61.08088,-0.6652832
29.058330535888672,,,,,,,,,,,,,,,37.85818,-0.6985245,75.83617,0.09778595,128.2103,0.008148193,166.9421,-0.6065598,181.1146,-0.2557678,151.9234,-0.4372025,108.7692,-0.3147049,76.43523,-0.5247269,114.9584,-3.456917,149.4866,-1.350571,125.3537,-0.8710175,101.1795,-0.6365128,61.70197,-0.6623535
29.066666666666666,0.0,-275.0,-13.0,-52.0,-4.0,-789.0,-8.0,-3433.0,-1.0,-6560.0,-4.0,-794.0,-1.0,-2381.0,,,,,,,,,,,,,,,,,,,,,,,,,,
29.066669464111328,,,,,,,,,,,,,,,37.61599,-0.7112198,75.29613,0.1095047,127.2552,0.01107788,165.779,-0.6007004,180.0023,-0.2411194,151.1675,-0.445015,108.4421,-0.3137283,76.35223,-0.5276566,115.1225,-3.453987,150.2239,-1.368149,126.3401,-0.8583221,102.1209,-0.6443253,62.32307,-0.6584473
29.075000762939453,,,,,,,,,,,,,,,37.37087,-0.7200089,74.76195,0.1212234,126.3079,0.01596069,164.6365,-0.5919113,178.9017,-0.2313538,150.4234,-0.4411087,108.1101,-0.3127518,76.26238,-0.5325394,115.2934,-3.452034,150.9573,-1.386703,127.3157,-0.840744,103.0701,-0.6531143,62.94709,-0.6535645
29.083330154418945,,,,,,,,,,,,,,,37.1238,-0.7278214,74.22972,0.1290359,125.3685,0.02084351,163.5085,-0.5811691,177.8109,-0.2274475,149.691,-0.4264603,107.778,-0.307869,76.17156,-0.5403519,115.4692,-3.451057,151.6839,-1.403305,128.2883,-0.8182831,104.0311,-0.6609268,63.56428,-0.6447754
29.0916690826416,,,,,,,,,,,,,,,36.8699,-0.7336807,73.70335,0.1300125,124.4476,0.02279663,162.4011,-0.5704269,176.724,-0.2284241,148.9751,-0.4039993,107.4431,-0.3000565,76.07488,-0.5471878,115.6528,-3.453987,152.3987,-1.41893,129.2522,-0.7870331,104.9978,-0.6677628,64.18439,-0.6350098
29.1,0.0,-274.0,-13.0,-53.0,-3.0,-785.0,-8.0,-3432.0,0.0,-6564.0,-4.0,-800.0,-1.0,-2379.0,,,,,,,,,,,,,,,,,,,,,,,,,,
29.100000381469727,,,,,,,,,,,,,,,36.61501,-0.7356339,73.1848,0.1270828,123.5374,0.02279663,161.3025,-0.5655441,175.6546,-0.2381897,148.2593,-0.3776321,107.1081,-0.2902908,75.97527,-0.5550003,115.8412,-3.459846,153.1009,-1.428696,130.2102,-0.7548065,105.9705,-0.6687393,64.79572,-0.6252441
29.10832977294922,,,,,,,,,,,,,,,36.35915,-0.7346573,72.66624,0.1143875,122.636,0.01693726,160.2156,-0.5655441,174.5814,-0.250885,147.5474,-0.3541946,106.78,-0.2775955,75.87664,-0.5637894,116.0326,-3.466682,153.7923,-1.434555,131.1672,-0.7235565,106.9373,-0.6658096,65.40705,-0.6154785
29.116670608520508,,,,,,,,,,,,,,,36.10329,-0.7327042,72.15453,0.09485626,121.7454,0.006195068,159.1286,-0.5694504,173.512,-0.2626038,146.8374,-0.3366165,106.4548,-0.2658768,75.77703,-0.5706253,116.2113,-3.476448,154.471,-1.436508,132.1125,-0.700119,107.8943,-0.6579971,66.01252,-0.607666
29.125,,,,,,,,,,,,,,,35.85134,-0.7258682,71.6516,0.07434845,120.8558,-0.007476807,158.0456,-0.5772629,172.4456,-0.2782288,146.1236,-0.3307571,106.1335,-0.2551346,75.68133,-0.5755081,116.3783,-3.48719,155.1292,-1.434555,133.053,-0.6835175,108.8445,-0.6462784,66.62189,-0.6008301
29.133329391479492,,,,,,,,,,,,,,,35.60134,-0.715126,71.1516,0.05286407,119.969,-0.02310181,156.9607,-0.5899582,171.3802,-0.2928772,145.4019,-0.3366165,105.8181,-0.245369,75.58758,-0.5784378,116.5297,-3.494026,155.7747,-1.427719,133.9895,-0.6776581,109.7771,-0.6326065,67.22639,-0.5959473
29.133333333333333,0.0,-276.0,-12.0,-56.0,-3.0,-782.0,-8.0,-3433.0,0.0,-6575.0,-4.0,-804.0,0.0,-2377.0,,,,,,,,,,,,,,,,,,,,,,,,,,
29.14167022705078,,,,,,,,,,,,,,,35.36208,-0.6985245,70.65746,0.03528595,119.0813,-0.03970337,155.8738,-0.6016769,170.3109,-0.3055725,144.6822,-0.351265,105.5056,-0.2414627,75.50457,-0.5803909,116.6547,-3.498909,156.4095,-1.420883,134.9172,-0.6835175,110.7068,-0.6169815,67.83479,-0.5930176
29.149999618530273,,,,,,,,,,,,,,,35.13161,-0.6828995,70.16331,0.01966095,118.1976,-0.05825806,154.7839,-0.6094894,169.2464,-0.3192444,143.9624,-0.3727493,105.197,-0.2434158,75.41961,-0.5803909,116.7612,-3.499886,157.0335,-1.412094,135.8391,-0.6981659,111.6258,-0.6023331,68.44416,-0.5910645
29.1583309173584,,,,,,,,,,,,,,,34.90701,-0.6711807,69.6721,0.005989075,117.3128,-0.07290649,153.7029,-0.6143723,168.1917,-0.3309631,143.2369,-0.3932571,104.8874,-0.2502518,75.3366,-0.5764847,116.8559,-3.495003,157.6575,-1.403305,136.7473,-0.7167206,112.5398,-0.5876846,69.05158,-0.592041
29.166666666666668,0.0,-279.0,-11.0,-60.0,-3.0,-782.0,-9.0,-3433.0,-1.0,-6583.0,-4.0,-805.0,0.0,-2376.0,,,,,,,,,,,,,,,,,,,,,,,,,,
29.166669845581055,,,,,,,,,,,,,,,34.68728,-0.6604385,69.1848,-0.002799988,116.429,-0.08462524,152.6238,-0.6163254,167.1351,-0.3417053,142.5171,-0.4127884,104.5769,-0.2619705,75.25359,-0.5657425,116.935,-3.486214,158.2767,-1.393539,137.6467,-0.7362518,113.4568,-0.5749893,69.66096,-0.5939941
29.174999237060547,,,,,,,,,,,,,,,34.47048,-0.6565323,68.69261,-0.01061249,115.5579,-0.08950806,151.5515,-0.6143723,166.0814,-0.3534241,141.7964,-0.4254837,104.2595,-0.276619,75.16473,-0.5501175,117.0053,-3.474495,158.8997,-1.382797,138.5412,-0.75383,114.3709,-0.5642471,70.2635,-0.5979004
29.183330535888672,,,,,,,,,,,,,,,34.25368,-0.6575089,68.20335,-0.0154953,114.6985,-0.08950806,150.4831,-0.6085129,165.0394,-0.3631897,141.0796,-0.4274368,103.9392,-0.2902908,75.07879,-0.5296097,117.0785,-3.460823,159.511,-1.372055,139.428,-0.7675018,115.283,-0.5535049,70.86799,-0.6027832
29.191669464111328,,,,,,,,,,,,,,,34.03689,-0.6643448,67.71507,-0.01842499,113.8499,-0.08267212,149.4206,-0.6026535,163.9964,-0.3690491,140.3697,-0.4254837,103.6149,-0.3039627,74.99285,-0.5061722,117.143,-3.445198,160.1136,-1.363266,140.3108,-0.7772675,116.1932,-0.5447159,71.4676,-0.6125488
29.2,0.0,-278.0,-12.0,-64.0,-4.0,-783.0,-9.0,-3435.0,-1.0,-6587.0,-4.0,-804.0,0.0,-2376.0,,,,,,,,,,,,,,,,,,,,,,,,,,
29.200000762939453,,,,,,,,,,,,,,,33.82009,-0.6731339,67.23363,-0.01940155,113.0101,-0.07388306,148.363,-0.5997238,162.9613,-0.3700256,139.6529,-0.4176712,103.2829,-0.3137283,74.90789,-0.4827347,117.1987,-3.429573,160.7083,-1.35643,141.1868,-0.7831268,117.0994,-0.5388565,72.06818,-0.6252441
29.208330154418945,,,,,,,,,,,,,,,33.60232,-0.6828995,66.75414,-0.01842499,112.1819,-0.05923462,147.3054,-0.5977707,161.931,-0.3670959,138.941,-0.406929,102.947,-0.3186111,74.82488,-0.4612503,117.2446,-3.414925,161.2825,-1.349594,142.0657,-0.7860565,117.9978,-0.5329971,72.67072,-0.6359863
29.2166690826416,,,,,,,,,,,,,,,33.38259,-0.6887589,66.28148,-0.01158905,111.3606,-0.04263306,146.2517,-0.5977707,160.9144,-0.3612366,138.233,-0.3961868,102.6022,-0.3195877,74.74383,-0.4456253,117.2807,-3.401253,161.8382,-1.345688,142.9309,-0.7831268,118.8924,-0.5300674,73.27717,-0.645752
29.225000381469727,,,,,,,,,,,,,,,33.1697,-0.690712,65.81468,-0.0008468628,110.5481,-0.02505493,145.2058,-0.5987473,159.9124,-0.3524475,137.522,-0.3893509,102.2595,-0.3195877,74.66473,-0.4397659,117.2983,-3.386604,162.3802,-1.343735,143.7922,-0.778244,119.782,-0.5281143,73.88557,-0.654541
29.23332977294922,,,,,,,,,,,,,,,32.96267,-0.6877823,65.34984,0.01184845,109.7337,-0.01040649,144.1687,-0.6007004,158.9154,-0.3426819,136.813,-0.3834915,101.9147,-0.3186111,74.58465,-0.4407425,117.3139,-3.371956,162.8978,-1.342758,144.6477,-0.7704315,120.6648,-0.5281143,74.49885,-0.6574707
29.233333333333334,0.0,-272.0,-12.0,-64.0,-4.0,-782.0,-9.0,-3442.0,0.0,-6594.0,-4.0,-802.0,0.0,-2379.0,,,,,,,,,,,,,,,,,,,,,,,,,,
29.241670608520508,,,,,,,,,,,,,,,32.76052,-0.6819229,64.89378,0.02845001,108.931,0.007171631,143.1374,-0.6016769,157.9329,-0.3358459,136.106,-0.3795853,101.5759,-0.316658,74.49773,-0.4466019,117.3158,-3.36219,163.4095,-1.345688,145.4836,-0.7616425,121.5477,-0.5281143,75.10822,-0.6594238
29.25,,,,,,,,,,,,,,,32.56228,-0.6741104,64.43871,0.04407501,108.1331,0.02377319,142.1247,-0.6026535,156.9622,-0.3319397,135.4029,-0.3795853,101.2399,-0.3156815,74.41082,-0.4563675,117.3119,-3.356331,163.9085,-1.349594,146.3049,-0.7528534,122.4207,-0.5290909,75.71467,-0.6555176
29.258329391479492,,,,,,,,,,,,,,,32.36794,-0.6672745,63.98949,0.06067657,107.3362,0.03549194,141.1286,-0.6016769,155.9993,-0.3309631,134.7007,-0.3795853,100.9147,-0.3176346,74.31902,-0.4661331,117.2944,-3.352425,164.3948,-1.3535,147.1164,-0.7479706,123.284,-0.5320206,76.3133,-0.6477051
29.266666666666666,0.0,-263.0,-12.0,-61.0,-4.0,-782.0,-8.0,-3452.0,0.0,-6603.0,-4.0,-801.0,-1.0,-2383.0,,,,,,,,,,,,,,,,,,,,,,,,,,
29.26667022705078,,,,,,,,,,,,,,,32.17458,-0.6584854,63.55003,0.07337189,106.5491,0.04428101,140.1443,-0.5987473,155.0413,-0.3348694,134.0025,-0.3786087,100.5993,-0.3205643,74.22527,-0.4739456,117.2709,-3.351448,164.8714,-1.35936,147.9143,-0.7450409,124.1404,-0.5320206,76.90705,-0.6398926
29.274999618530273,,,,,,,,,,,,,,,31.98318,-0.6516495,63.11351,0.08216095,105.7708,0.04916382,139.1765,-0.5987473,154.0911,-0.3417053,133.3111,-0.3805618,100.2878,-0.323494,74.12664,-0.4768753,117.2338,-3.352425,165.3314,-1.364243,148.6965,-0.7460175,124.9832,-0.5339737,77.49104,-0.6340332
29.2833309173584,,,,,,,,,,,,,,,31.78591,-0.6477432,62.68675,0.0860672,104.9993,0.04721069,138.2263,-0.6007004,153.1419,-0.3465881,132.6236,-0.3834915,99.98603,-0.3293533,74.03191,-0.4768753,117.1801,-3.353401,165.7757,-1.371078,149.4739,-0.7528534,125.8143,-0.5378799,78.07014,-0.630127
29.291669845581055,,,,,,,,,,,,,,,31.58767,-0.6448135,62.26878,0.08899689,104.2327,0.03744507,137.2839,-0.6036301,152.1859,-0.3504944,131.9468,-0.3844681,99.68232,-0.3371658,73.94012,-0.4739456,117.101,-3.353401,166.2054,-1.374008,150.2405,-0.7606659,126.6316,-0.5437393,78.65217,-0.6291504
29.299999237060547,,,,,,,,,,,,,,,31.3865,-0.6418839,61.85081,0.09095001,103.4847,0.02474976,136.3493,-0.6094894,151.2366,-0.3534241,131.273,-0.3873978,99.38056,-0.3459549,73.8493,-0.4680862,117.0112,-3.352425,166.6126,-1.375961,150.9963,-0.769455,127.4373,-0.5505753,79.23518,-0.6291504
29.3,0.0,-255.0,-11.0,-60.0,-4.0,-785.0,-8.0,-3460.0,0.0,-6611.0,-4.0,-799.0,-1.0,-2384.0,,,,,,,,,,,,,,,,,,,,,,,,,,
29.308330535888672,,,,,,,,,,,,,,,31.1824,-0.6389542,61.43871,0.09290314,102.7435,0.01010132,135.4206,-0.6153488,150.2855,-0.3534241,130.606,-0.3873978,99.07197,-0.3557205,73.76629,-0.46418,116.9028,-3.352425,167.0052,-1.374008,151.7385,-0.7772675,128.2391,-0.5574112,79.82014,-0.630127
29.316669464111328,,,,,,,,,,,,,,,30.97927,-0.6340714,61.02855,0.09485626,102.0081,-0.007476807,134.4958,-0.6221848,149.3314,-0.3524475,129.9468,-0.3883743,98.75459,-0.3654861,73.68426,-0.4612503,116.7797,-3.354378,167.3792,-1.369125,152.4729,-0.7811737,129.0398,-0.5662003,80.409,-0.6291504
29.325000762939453,,,,,,,,,,,,,,,30.77517,-0.6272354,60.61644,0.1007156,101.2835,-0.02407837,133.5701,-0.6270676,148.3831,-0.3485413,129.2837,-0.3873978,98.43134,-0.3752518,73.60613,-0.4573441,116.6508,-3.358284,167.7386,-1.360336,153.1887,-0.7811737,129.8416,-0.5740128,80.99885,-0.6262207
29.333330154418945,,,,,,,,,,,,,,,30.57204,-0.6174698,60.20824,0.1085281,100.5608,-0.03872681,132.6433,-0.6299973,147.4368,-0.3436584,128.6255,-0.3844681,98.10419,-0.3850174,73.52898,-0.4563675,116.5268,-3.367073,168.0833,-1.347641,153.8909,-0.7772675,130.6453,-0.577919,81.58479,-0.6213379
29.333333333333332,0.0,-249.0,-11.0,-60.0,-4.0,-787.0,-8.0,-3467.0,0.0,-6615.0,-4.0,-795.0,-2.0,-2381.0,,,,,,,,,,,,,,,,,,,,,,,,,,
29.3416690826416,,,,,,,,,,,,,,,30.37478,-0.6067276,59.80394,0.1173172,99.84013,-0.04849243,131.7146,-0.6290207,146.5042,-0.3387756,127.9712,-0.3786087,97.78095,-0.394783,73.45867,-0.4573441,116.4028,-3.377815,168.4153,-1.330063,154.5705,-0.7684784,131.4559,-0.5798721,82.16291,-0.6154785
29.350000381469727,,,,,,,,,,,,,,,30.18337,-0.5959854,59.40062,0.1251297,99.12627,-0.05337524,130.7937,-0.6270676,145.5833,-0.3329163,127.315,-0.3717728,97.45869,-0.4035721,73.38836,-0.4592972,116.2826,-3.388557,168.7347,-1.311508,155.2395,-0.7577362,132.2605,-0.5769424,82.73322,-0.6086426
29.35832977294922,,,,,,,,,,,,,,,29.99392,-0.5871964,59.00609,0.1329422,98.41631,-0.05630493,129.8747,-0.6212082,144.6712,-0.3260803,126.6646,-0.3639603,97.15107,-0.4152908,73.31414,-0.4602737,116.1713,-3.3993,169.0325,-1.291,155.8889,-0.746994,133.0594,-0.5710831,83.29279,-0.6008301
29.366666666666667,0.0,-247.0,-11.0,-60.0,-3.0,-788.0,-8.0,-3474.0,0.0,-6619.0,-3.0,-790.0,-2.0,-2376.0,,,,,,,,,,,,,,,,,,,,,,,,,,
29.366670608520508,,,,,,,,,,,,,,,29.80935,-0.581337,58.61742,0.1368484,97.71318,-0.05337524,128.9646,-0.6114426,143.7767,-0.3192444,126.022,-0.3532181,96.85224,-0.426033,73.23895,-0.4632034,116.0639,-3.411018,169.3255,-1.275375,156.5246,-0.7362518,133.8455,-0.5613174,83.84064,-0.5979004
29.375,,,,,,,,,,,,,,,29.62771,-0.5842667,58.23753,0.1368484,97.01884,-0.04653931,128.0759,-0.6007004,142.889,-0.3075256,125.3931,-0.3414993,96.56025,-0.4377518,73.16375,-0.4671097,115.9477,-3.421761,169.5999,-1.26268,157.1496,-0.7255096,134.6121,-0.5495987,84.38068,-0.5959473
29.383329391479492,,,,,,,,,,,,,,,29.45193,-0.5920792,57.87035,0.1368484,96.33525,-0.03579712,127.197,-0.5889816,142.014,-0.2987366,124.7671,-0.328804,96.27705,-0.448494,73.08465,-0.4700394,115.8256,-3.43055,169.8626,-1.252914,157.7668,-0.7196503,135.3602,-0.5378799,84.91389,-0.5930176
29.39167022705078,,,,,,,,,,,,,,,29.27615,-0.6037979,57.51195,0.1329422,95.66338,-0.02310181,126.3347,-0.5743332,141.1468,-0.2928772,124.1499,-0.3161087,95.99384,-0.4563065,73.00164,-0.4739456,115.6889,-3.436409,170.1175,-1.248032,158.3743,-0.7167206,136.0896,-0.5281143,85.43928,-0.5900879
29.399999618530273,,,,,,,,,,,,,,,29.10134,-0.6203995,57.15843,0.1270828,94.99931,-0.009429932,125.4841,-0.563591,140.2874,-0.2899475,123.5367,-0.3082962,95.70283,-0.457283,72.91473,-0.4788284,115.5287,-3.443245,170.3568,-1.247055,158.9807,-0.7186737,136.8074,-0.5222549,85.95295,-0.5842285
29.4,0.0,-249.0,-12.0,-60.0,-3.0,-786.0,-9.0,-3479.0,0.0,-6626.0,-3.0,-784.0,-3.0,-2373.0,,,,,,,,,,,,,,,,,,,,,,,,,,
29.4083309173584,,,,,,,,,,,,,,,28.92751,-0.637001,56.81566,0.1212234,94.34111,0.003265381,124.6462,-0.5528488,139.4271,-0.2909241,122.9263,-0.3034134,95.40205,-0.4504471,72.82781,-0.4856644,115.3442,-3.449104,170.5843,-1.249008,159.5842,-0.7235565,137.5076,-0.5212784,86.45979,-0.576416
29.416669845581055,,,,,,,,,,,,,,,28.75857,-0.6506729,56.47386,0.1163406,93.68877,0.01107788,123.8093,-0.5450363,138.5745,-0.2958069,122.3179,-0.30439,95.09443,-0.4367752,72.73504,-0.4885941,115.1401,-3.451057,170.7923,-1.254868,160.1799,-0.7294159,138.1932,-0.5242081,86.96076,-0.5695801
29.424999237060547,,,,,,,,,,,,,,,28.5906,-0.6604385,56.12914,0.1104813,93.04228,0.01596069,122.9743,-0.5411301,137.7259,-0.3045959,121.7046,-0.3122025,94.78486,-0.4191971,72.64715,-0.4915237,114.9233,-3.448128,170.9788,-1.260727,160.76,-0.7352753,138.8699,-0.5320206,87.4549,-0.5617676
29.433330535888672,,,,,,,,,,,,,,,28.42458,-0.6653214,55.78246,0.1055984,92.39384,0.01986694,122.1452,-0.5401535,136.8743,-0.3172913,121.0884,-0.3248978,94.46748,-0.3967361,72.56121,-0.49543,114.685,-3.441292,171.1429,-1.266586,161.3225,-0.7352753,139.532,-0.5427628,87.93732,-0.5559082
29.433333333333334,0.0,-252.0,-12.0,-62.0,-3.0,-784.0,-9.0,-3483.0,0.0,-6628.0,-4.0,-779.0,-3.0,-2371.0,,,,,,,,,,,,,,,,,,,,,,,,,,
29.441669464111328,,,,,,,,,,,,,,,28.2615,-0.6653214,55.4348,0.09876251,91.75029,0.02182007,121.3152,-0.5421066,136.0267,-0.32901,120.4712,-0.3414993,94.15693,-0.3762283,72.47137,-0.4983597,114.4389,-3.434456,171.2845,-1.275375,161.8752,-0.7264862,140.1785,-0.5564346,88.4217,-0.5510254
29.450000762939453,,,,,,,,,,,,,,,28.10329,-0.6643448,55.08031,0.0938797,91.11064,0.02377319,120.489,-0.5460129,135.182,-0.3387756,119.854,-0.3590775,93.84931,-0.3557205,72.38738,-0.5012894,114.1908,-3.426643,171.4036,-1.286118,162.4006,-0.7108612,140.8074,-0.5701065,88.90217,-0.5500488
29.458330154418945,,,,,,,,,,,,,,,27.94607,-0.6614151,54.72679,0.08704376,90.47392,0.02670288,119.6755,-0.5508957,134.3392,-0.3475647,119.2378,-0.3698196,93.54365,-0.3410721,72.30145,-0.5051956,113.9379,-3.414925,171.511,-1.29686,162.9016,-0.6884003,141.4256,-0.5818253,89.3758,-0.5510254
29.466666666666665,0.0,-255.0,-12.0,-64.0,-3.0,-780.0,-10.0,-3484.0,-1.0,-6630.0,-4.0,-776.0,-3.0,-2371.0,,,,,,,,,,,,,,,,,,,,,,,,,,
29.4666690826416,,,,,,,,,,,,,,,27.79275,-0.6545792,54.3723,0.07923126,89.84502,0.03256226,118.8689,-0.5596848,133.5042,-0.3573303,118.6226,-0.3766556,93.24482,-0.332283,72.21551,-0.5100784,113.6811,-3.405159,171.6028,-1.305649,163.3899,-0.6659393,142.0311,-0.5915909,89.85334,-0.5549316
29.475000381469727,,,,,,,,,,,,,,,27.64138,-0.6467667,54.02074,0.07337189,89.22881,0.03842163,118.074,-0.5674973,132.6741,-0.3622131,118.0083,-0.3795853,92.95185,-0.3274002,72.12371,-0.5169144,113.4252,-3.397346,171.6907,-1.311508,163.8508,-0.6434784,142.6307,-0.5964737,90.33283,-0.5588379
29.48332977294922,,,,,,,,,,,,,,,27.49099,-0.637001,53.67113,0.06653595,88.62529,0.04428101,117.2849,-0.5753098,131.8548,-0.3670959,117.4038,-0.3776321,92.66181,-0.3283768,72.02996,-0.5237503,113.1625,-3.391487,171.7708,-1.313461,164.2932,-0.6278534,143.2293,-0.5964737,90.80451,-0.5627441
29.491670608520508,,,,,,,,,,,,,,,27.33865,-0.6223526,53.32738,0.0626297,88.0247,0.04818726,116.5076,-0.5811691,131.0452,-0.3710022,116.7994,-0.3747025,92.36884,-0.332283,71.93328,-0.5305862,112.893,-3.386604,171.8577,-1.309555,164.7278,-0.6210175,143.826,-0.593544,91.27326,-0.567627
29.5,0.0,-258.0,-12.0,-65.0,-3.0,-776.0,-10.0,-3488.0,-1.0,-6634.0,-4.0,-775.0,-4.0,-2374.0,27.18533,-0.6067276,52.98949,0.06555939,87.43877,0.05014038,115.7351,-0.5850754,130.2454,-0.3749084,116.2076,-0.3737259,92.07978,-0.3361893,71.8366,-0.5374222,112.6108,-3.383675,171.9368,-1.301743,165.1379,-0.6239471,144.4236,-0.5876846,91.74104,-0.5705566
29.508329391479492,,,,,,,,,,,,,,,27.03298,-0.5881729,52.65355,0.07141876,86.86259,0.04916382,114.9646,-0.5850754,129.4593,-0.375885,115.6187,-0.3776321,91.79365,-0.3420486,71.74578,-0.5383987,112.3285,-3.380745,172.0159,-1.289047,165.5334,-0.6356659,145.0164,-0.5798721,92.2049,-0.5734863
29.51667022705078,,,,,,,,,,,,,,,26.87576,-0.5705948,52.32542,0.08313751,86.29033,0.04721069,114.1951,-0.5772629,128.6771,-0.3749084,115.0357,-0.3864212,91.50849,-0.347908,71.65887,-0.5383987,112.0326,-3.379768,172.0794,-1.276352,165.9153,-0.6542206,145.6053,-0.5720596,92.66193,-0.5754395
29.524999618530273,,,,,,,,,,,,,,,26.72341,-0.5569229,52.00414,0.09680939,85.72295,0.04525757,113.4372,-0.5665207,127.9036,-0.3739319,114.4556,-0.3991165,91.22138,-0.3527908,71.57684,-0.5374222,111.7328,-3.378792,172.1282,-1.267563,166.2825,-0.6708221,146.1785,-0.5642471,93.10627,-0.5773926
29.5333309173584,,,,,,,,,,,,,,,26.57693,-0.5452042,51.69261,0.1134109,85.15947,0.04330444,112.6775,-0.5518723,127.1361,-0.3729553,113.8833,-0.4157181,90.93134,-0.354744,71.50262,-0.5354691,111.4281,-3.382698,172.1517,-1.25975,166.6282,-0.6854706,146.7361,-0.5603409,93.55061,-0.5812988
29.533333333333335,0.0,-258.0,-12.0,-66.0,-3.0,-772.0,-10.0,-3492.0,-1.0,-6640.0,-3.0,-777.0,-4.0,-2375.0,,,,,,,,,,,,,,,,,,,,,,,,,,
29.541669845581055,,,,,,,,,,,,,,,26.43337,-0.5393448,51.38695,0.1270828,84.59697,0.04330444,111.9236,-0.5333176,126.3714,-0.3690491,113.313,-0.4323196,90.64228,-0.3557205,71.42547,-0.5335159,111.1225,-3.388557,172.1468,-1.254868,166.9573,-0.6991425,147.2781,-0.5574112,93.98225,-0.5852051
29.549999237060547,,,,,,,,,,,,,,,26.2947,-0.5422745,51.08812,0.137825,84.03545,0.04428101,111.1765,-0.5147629,125.6116,-0.3651428,112.7447,-0.4469681,90.34443,-0.354744,71.35125,-0.5354691,110.8139,-3.394417,172.1107,-1.252914,167.2717,-0.7059784,147.8045,-0.5535049,94.40803,-0.5910645
29.558330535888672,,,,,,,,,,,,,,,26.16384,-0.5491104,50.7971,0.1456375,83.47685,0.04525757,110.4411,-0.4971848,124.8568,-0.3631897,112.1783,-0.4586868,90.04853,-0.3527908,71.27215,-0.5383987,110.5004,-3.404182,172.0403,-1.253891,167.5676,-0.706955,148.3133,-0.5515518,94.82111,-0.5959473
29.566666666666666,0.0,-257.0,-12.0,-65.0,-4.0,-772.0,-9.0,-3497.0,-1.0,-6648.0,-4.0,-780.0,-4.0,-2374.0,,,,,,,,,,,,,,,,,,,,,,,,,,
29.566669464111328,,,,,,,,,,,,,,,26.03493,-0.5598526,50.5139,0.1495438,82.92607,0.04721069,109.7126,-0.4844894,124.1087,-0.3612366,111.6119,-0.4674759,89.75556,-0.3488846,71.18719,-0.5432816,110.1742,-3.415901,171.9505,-1.258774,167.8479,-0.7030487,148.8016,-0.5505753,95.22736,-0.5998535
29.575000762939453,,,,,,,,,,,,,,,25.90408,-0.5725479,50.2307,0.1495438,82.37822,0.04818726,108.987,-0.4766769,123.3616,-0.3622131,111.0503,-0.4713821,89.46357,-0.3420486,71.10418,-0.5481644,109.8403,-3.428596,171.8333,-1.261703,168.1106,-0.6952362,149.2781,-0.5476456,95.61994,-0.6018066
29.583330154418945,,,,,,,,,,,,,,,25.77126,-0.5823135,49.9514,0.1485672,81.83818,0.04330444,108.2742,-0.4786301,122.6234,-0.3661194,110.4947,-0.4704056,89.17939,-0.3352127,71.01629,-0.5510941,109.4848,-3.440315,171.7073,-1.264633,168.3645,-0.684494,149.7361,-0.5447159,96.00471,-0.5979004
29.5916690826416,,,,,,,,,,,,,,,25.63552,-0.5891495,49.67113,0.1505203,81.304,0.03353882,107.5681,-0.4893723,121.8841,-0.3739319,109.9419,-0.4655228,88.90595,-0.3274002,70.93035,-0.5510941,109.1235,-3.451057,171.5687,-1.267563,168.6096,-0.6727753,150.1766,-0.5437393,96.3885,-0.592041
29.6,0.0,-259.0,-13.0,-65.0,-4.0,-771.0,-9.0,-3502.0,-1.0,-6656.0,-4.0,-781.0,-4.0,-2372.0,,,,,,,,,,,,,,,,,,,,,,,,,,
29.600000381469727,,,,,,,,,,,,,,,25.49783,-0.5940323,49.39183,0.1524734,80.78056,0.02084351,106.8738,-0.5108566,121.1517,-0.3836975,109.3951,-0.4577103,88.63837,-0.3195877,70.84344,-0.5491409,108.7494,-3.463753,171.4271,-1.272446,168.8352,-0.6630096,150.6014,-0.5427628,96.76447,-0.583252
29.60832977294922,,,,,,,,,,,,,,,25.36013,-0.596962,49.10667,0.1554031,80.26201,0.006195068,106.1853,-0.5382004,120.4222,-0.3954163,108.8579,-0.4479446,88.37275,-0.3147049,70.76043,-0.5432816,108.3608,-3.473518,171.2796,-1.276352,169.0559,-0.6581268,151.0066,-0.5437393,97.12678,-0.5725098
29.616670608520508,,,,,,,,,,,,,,,25.22341,-0.5979385,48.82152,0.1602859,79.74736,-0.01333618,105.5124,-0.5674973,119.6927,-0.4051819,108.3228,-0.438179,88.11005,-0.307869,70.68133,-0.5354691,107.9613,-3.484261,171.1302,-1.278305,169.2649,-0.6581268,151.4002,-0.546669,97.48713,-0.5646973
29.625,,,,,,,,,,,,,,,25.08962,-0.5989151,48.5305,0.1632156,79.23857,-0.03091431,104.8435,-0.5997238,118.9769,-0.4110413,107.8003,-0.4313431,87.84443,-0.2981033,70.60223,-0.5276566,107.56,-3.495003,170.971,-1.281235,169.4534,-0.6610565,151.7752,-0.5515518,97.83479,-0.5578613
29.633329391479492,,,,,,,,,,,,,,,24.95681,-0.6028214,48.23851,0.1641922,78.73271,-0.04751587,104.1804,-0.6280441,118.2669,-0.4139709,107.2749,-0.4284134,87.56904,-0.2873611,70.52508,-0.5159378,107.1508,-3.503792,170.803,-1.282211,169.6379,-0.668869,152.1443,-0.5564346,98.17658,-0.5559082
29.633333333333333,0.0,-262.0,-13.0,-67.0,-4.0,-771.0,-9.0,-3504.0,-1.0,-6665.0,-4.0,-780.0,-4.0,-2370.0,,,,,,,,,,,,,,,,,,,,,,,,,,
29.64167022705078,,,,,,,,,,,,,,,24.82888,-0.6086807,47.94749,0.1632156,78.23174,-0.06021118,103.5193,-0.6475754,117.5648,-0.4120178,106.7564,-0.42939,87.28876,-0.2727127,70.445,-0.5051956,106.7338,-3.509651,170.6194,-1.285141,169.8049,-0.6805878,152.4969,-0.5632706,98.50373,-0.5578613
29.649999618530273,,,,,,,,,,,,,,,24.70486,-0.6145401,47.65648,0.1602859,77.73857,-0.06802368,102.8669,-0.6583176,116.8773,-0.4042053,106.2388,-0.4362259,87.00459,-0.2561111,70.36492,-0.4934769,106.3197,-3.510628,170.4232,-1.289047,169.9494,-0.69133,152.8328,-0.5710831,98.82404,-0.5627441
29.6583309173584,,,,,,,,,,,,,,,24.58083,-0.6155167,47.36839,0.1563797,77.25127,-0.06997681,102.2077,-0.6602707,116.2015,-0.39151,105.7261,-0.4479446,86.71943,-0.2375565,70.28191,-0.479805,105.9057,-3.507698,170.2122,-1.292953,170.0764,-0.7040253,153.16,-0.5808487,99.13557,-0.5705566
29.666666666666668,0.0,-263.0,-13.0,-69.0,-4.0,-772.0,-9.0,-3505.0,-1.0,-6673.0,-4.0,-778.0,-4.0,-2367.0,,,,,,,,,,,,,,,,,,,,,,,,,,
29.666669845581055,,,,,,,,,,,,,,,24.45974,-0.6106339,47.08421,0.1524734,76.77177,-0.06704712,101.5535,-0.6553879,115.5316,-0.3778381,105.2144,-0.46064,86.43525,-0.2209549,70.19305,-0.4661331,105.4897,-3.501839,169.9896,-1.294907,170.1858,-0.7128143,153.4734,-0.5906143,99.44416,-0.5783691
29.674999237060547,,,,,,,,,,,,,,,24.34158,-0.6008682,46.80492,0.1485672,76.30205,-0.06216431,100.8992,-0.6465988,114.8763,-0.3661194,104.7076,-0.4743118,86.15595,-0.2092361,70.10223,-0.4534378,105.0707,-3.492073,169.7523,-1.297836,170.2766,-0.7176971,153.7762,-0.5964737,99.75275,-0.5861816
29.683330535888672,,,,,,,,,,,,,,,24.22829,-0.5881729,46.52855,0.1475906,75.83818,-0.05728149,100.2527,-0.6378098,114.224,-0.3553772,104.2017,-0.4879837,85.8874,-0.2043533,70.01141,-0.4417191,104.6567,-3.484261,169.5013,-1.297836,170.345,-0.7196503,154.0662,-0.5994034,100.0516,-0.5969238
29.691669464111328,,,,,,,,,,,,,,,24.11794,-0.5725479,46.25804,0.1495438,75.37822,-0.05239868,99.60619,-0.6329269,113.5755,-0.3465881,103.6997,-0.4987259,85.62568,-0.2092361,69.91863,-0.4309769,104.2338,-3.478401,169.2464,-1.29393,170.3977,-0.7196503,154.3484,-0.5984268,100.3446,-0.607666
29.7,0.0,-261.0,-14.0,-71.0,-4.0,-774.0,-9.0,-3508.0,-1.0,-6679.0,-3.0,-777.0,-4.0,-2368.0,,,,,,,,,,,,,,,,,,,,,,,,,,
29.700000762939453,,,,,,,,,,,,,,,24.0154,-0.5627823,45.99144,0.1524734,74.91533,-0.05239868,98.96263,-0.6329269,112.9261,-0.3436584,103.2017,-0.5094681,85.36689,-0.222908,69.83172,-0.4260941,103.8031,-3.475471,168.973,-1.286118,170.4358,-0.7176971,154.6277,-0.5906143,100.6258,-0.6184082
29.708330154418945,,,,,,,,,,,,,,,23.91286,-0.5569229,45.73265,0.1554031,74.45634,-0.05825806,98.32494,-0.6378098,112.2816,-0.3436584,102.7115,-0.516304,85.11494,-0.2443924,69.74871,-0.4212112,103.3598,-3.477425,168.6859,-1.277328,170.4563,-0.7118378,154.8914,-0.577919,100.9041,-0.6291504
29.7166690826416,,,,,,,,,,,,,,,23.81521,-0.558876,45.47679,0.1573563,73.99443,-0.06997681,97.68822,-0.6465988,111.6331,-0.3495178,102.2212,-0.5221634,84.8581,-0.2688065,69.66668,-0.4182816,102.9076,-3.482307,168.3851,-1.269516,170.4592,-0.7020721,155.1492,-0.5662003,101.1707,-0.6418457
29.725000381469727,,,,,,,,,,,,,,,23.71462,-0.5686417,45.22874,0.15345,73.53154,-0.08462524,97.05638,-0.6592941,110.9915,-0.3592834,101.732,-0.52314,84.59638,-0.292244,69.59344,-0.417305,102.4379,-3.489143,168.0609,-1.261703,170.4465,-0.6942596,155.3963,-0.5544815,101.4285,-0.6535645
29.73332977294922,,,,,,,,,,,,,,,23.61208,-0.5862198,44.98656,0.1436844,73.06963,-0.1002502,96.42747,-0.6719894,110.3499,-0.3700256,101.2476,-0.5202103,84.33369,-0.3107986,69.51727,-0.4153519,101.9565,-3.497932,167.7249,-1.255844,170.4153,-0.6864471,155.6307,-0.5456924,101.6766,-0.6623535
29.733333333333334,0.0,-260.0,-15.0,-71.0,-3.0,-773.0,-9.0,-3511.0,-1.0,-6683.0,-3.0,-777.0,-4.0,-2371.0,,,,,,,,,,,,,,,,,,,,,,,,,,
29.741670608520508,,,,,,,,,,,,,,,23.50564,-0.6037979,44.75218,0.1280594,72.61455,-0.1188049,95.81126,-0.6807785,109.7132,-0.3807678,100.7613,-0.5153275,84.06416,-0.3205643,69.445,-0.4133987,101.4692,-3.505745,167.3734,-1.255844,170.3645,-0.6815643,155.8533,-0.5408096,101.9237,-0.6652832
29.75,,,,,,,,,,,,,,,23.39626,-0.6194229,44.52464,0.106575,72.16631,-0.1354065,95.20384,-0.6866379,109.0814,-0.3895569,100.2788,-0.507515,83.79169,-0.3225174,69.3698,-0.4114456,100.9858,-3.509651,167.012,-1.26268,170.2981,-0.6805878,156.0623,-0.5437393,102.159,-0.6623535
29.758329391479492,,,,,,,,,,,,,,,23.28298,-0.6330948,44.30296,0.08118439,71.72588,-0.1481018,94.61595,-0.688591,108.4525,-0.3993225,99.78959,-0.4977493,83.51337,-0.3215408,69.29461,-0.4104691,100.4955,-3.510628,166.6351,-1.272446,170.217,-0.684494,156.2537,-0.5486221,102.3944,-0.6535645
29.766666666666666,0.0,-259.0,-15.0,-70.0,-3.0,-776.0,-9.0,-3514.0,-2.0,-6687.0,-4.0,-780.0,-4.0,-2372.0,,,,,,,,,,,,,,,,,,,,,,,,,,
29.76667022705078,,,,,,,,,,,,,,,23.17361,-0.6399307,44.08128,0.05970001,71.29912,-0.1598206,94.03783,-0.6856613,107.8265,-0.4042053,99.30521,-0.4889603,83.24091,-0.3176346,69.21453,-0.4114456,100.016,-3.509651,166.2454,-1.286118,170.1213,-0.6893768,156.4197,-0.5544815,102.616,-0.638916
29.774999618530273,,,,,,,,,,,,,,,23.06326,-0.6428604,43.86546,0.04309845,70.87627,-0.1734924,93.48119,-0.6778488,107.2064,-0.4032288,98.82377,-0.4821243,82.96552,-0.3117752,69.1325,-0.4133987,99.54143,-3.503792,165.847,-1.303696,170.0168,-0.6981659,156.5682,-0.5574112,102.825,-0.6184082
29.7833309173584,,,,,,,,,,,,,,,22.95876,-0.637001,43.65062,0.03430939,70.45634,-0.1852112,92.93626,-0.6671066,106.5872,-0.4012756,98.34721,-0.4782181,82.68916,-0.3098221,69.04852,-0.4163284,99.0717,-3.495003,165.4319,-1.321274,169.9035,-0.7059784,156.6883,-0.5564346,103.0194,-0.5969238
29.791669845581055,,,,,,,,,,,,,,,22.86013,-0.6262589,43.4348,0.03723907,70.04326,-0.1979065,92.40697,-0.6544113,105.971,-0.3963928,97.88139,-0.4801712,82.41767,-0.3117752,68.96062,-0.4212112,98.60002,-3.488167,165.0032,-1.337875,169.7756,-0.7098846,156.7859,-0.5544815,103.2088,-0.5734863
29.799999237060547,,,,,,,,,,,,,,,22.76247,-0.6155167,43.218,0.04993439,69.62724,-0.2125549,91.87962,-0.6446457,105.3675,-0.3895569,97.42142,-0.485054,82.15205,-0.3186111,68.87078,-0.4270706,98.12737,-3.481331,164.553,-1.354477,169.633,-0.7098846,156.865,-0.5486221,103.3826,-0.5529785
29.8,0.0,-261.0,-15.0,-68.0,-2.0,-776.0,-10.0,-3516.0,-2.0,-6693.0,-5.0,-784.0,-3.0,-2374.0,,,,,,,,,,,,,,,,,,,,,,,,,,
29.808330535888672,,,,,,,,,,,,,,,22.66579,-0.6047745,43.00023,0.0704422,69.21318,-0.2232971,91.35716,-0.6378098,104.7679,-0.3827209,96.96928,-0.4899368,81.89033,-0.3274002,68.78387,-0.4290237,97.65276,-3.478401,164.0892,-1.370102,169.468,-0.7050018,156.9256,-0.5398331,103.5408,-0.536377
29.816669464111328,,,,,,,,,,,,,,,22.57009,-0.596962,42.78343,0.0938797,68.79716,-0.2301331,90.83177,-0.6339035,104.1761,-0.3788147,96.52396,-0.4948196,81.63837,-0.3352127,68.69402,-0.43293,97.16447,-3.480354,163.6107,-1.383774,169.2922,-0.6971893,156.9764,-0.5320206,103.6893,-0.5256348
29.825000762939453,,,,,,,,,,,,,,,22.47146,-0.5940323,42.57054,0.1153641,68.39091,-0.2320862,90.30247,-0.6387863,103.5931,-0.3797913,96.0806,-0.4967728,81.39326,-0.3420486,68.60613,-0.4397659,96.66447,-3.488167,163.1116,-1.395493,169.0959,-0.6874237,157.0125,-0.5251846,103.8279,-0.520752
29.833330154418945,,,,,,,,,,,,,,,22.37185,-0.5959854,42.35765,0.1319656,67.98564,-0.2272034,89.7683,-0.6485519,103.0208,-0.3836975,95.64115,-0.4957962,81.15498,-0.3459549,68.51922,-0.4466019,96.15178,-3.501839,162.6097,-1.403305,168.8752,-0.6766815,157.0428,-0.5212784,103.9569,-0.5187988
29.833333333333332,0.0,-262.0,-14.0,-69.0,-2.0,-776.0,-9.0,-3516.0,-2.0,-6696.0,-5.0,-788.0,-3.0,-2375.0,,,,,,,,,,,,,,,,,,,,,,,,,,
29.8416690826416,,,,,,,,,,,,,,,22.26736,-0.6037979,42.14769,0.1407547,67.58916,-0.2125549,89.23412,-0.6641769,102.4534,-0.3905334,95.19877,-0.4948196,80.91572,-0.3469315,68.42645,-0.4573441,95.63029,-3.516487,162.1009,-1.406235,168.634,-0.6698456,157.0691,-0.5203018,104.0789,-0.5197754
29.850000381469727,,,,,,,,,,,,,,,22.16189,-0.6155167,41.94359,0.1427078,67.20244,-0.190094,88.70091,-0.6807785,101.8939,-0.4022522,94.75248,-0.4909134,80.67744,-0.3459549,68.33367,-0.4700394,95.09904,-3.532112,161.5911,-1.407211,168.3752,-0.6678925,157.0799,-0.5193253,104.1893,-0.5236816
29.85832977294922,,,,,,,,,,,,,,,22.05154,-0.6291885,41.74046,0.1388016,66.82451,-0.1686096,88.16673,-0.6954269,101.3402,-0.4120178,94.30717,-0.4889603,80.4372,-0.3449783,68.23992,-0.4827347,94.56291,-3.546761,161.0833,-1.403305,168.1028,-0.6698456,157.077,-0.5212784,104.2996,-0.5275879
29.866666666666667,0.0,-264.0,-14.0,-70.0,-2.0,-778.0,-8.0,-3518.0,-2.0,-6701.0,-5.0,-788.0,-1.0,-2375.0,,,,,,,,,,,,,,,,,,,,,,,,,,
29.866670608520508,,,,,,,,,,,,,,,21.94314,-0.6428604,41.54124,0.1290359,66.45341,-0.1451721,87.63646,-0.7051926,100.7962,-0.4198303,93.85795,-0.4899368,80.18818,-0.3430252,68.14715,-0.4964066,94.02776,-3.554573,160.5784,-1.396469,167.8108,-0.6796112,157.0623,-0.5232315,104.4041,-0.529541
29.875,,,,,,,,,,,,,,,21.83474,-0.6575089,41.343,0.1163406,66.08818,-0.1266174,87.11595,-0.7100754,100.2542,-0.4217834,93.41068,-0.4899368,79.93427,-0.3430252,68.05535,-0.5100784,93.49065,-3.557503,160.0784,-1.386703,167.509,-0.6962128,157.0301,-0.5261612,104.5037,-0.5275879
29.883329391479492,,,,,,,,,,,,,,,21.73122,-0.6711807,41.14476,0.1036453,65.72392,-0.1148987,86.60326,-0.7090988,99.722,-0.4188538,92.96439,-0.49189,79.68232,-0.3449783,67.96062,-0.5227737,92.95744,-3.553596,159.5677,-1.374008,167.1916,-0.715744,156.9812,-0.5290909,104.6024,-0.5227051
29.89167022705078,,,,,,,,,,,,,,,21.62966,-0.6868057,40.94261,0.09290314,65.35966,-0.1129456,86.09154,-0.7032394,99.19466,-0.4100647,92.52299,-0.4957962,79.43134,-0.3469315,67.86883,-0.5296097,92.42815,-3.544807,159.0511,-1.361313,166.8674,-0.738205,156.9119,-0.5320206,104.6932,-0.5168457
29.899999618530273,,,,,,,,,,,,,,,21.53591,-0.7034073,40.73851,0.08509064,64.99345,-0.1197815,85.59056,-0.6973801,98.66731,-0.3963928,92.08549,-0.4987259,79.17646,-0.347908,67.77801,-0.5354691,91.89787,-3.531136,158.5189,-1.346664,166.5393,-0.7616425,156.8387,-0.5349503,104.7733,-0.5109863
29.9,0.0,-264.0,-14.0,-70.0,-2.0,-780.0,-7.0,-3521.0,-2.0,-6710.0,-5.0,-789.0,-1.0,-2373.0,,,,,,,,,,,,,,,,,,,,,,,,,,
29.9083309173584,,,,,,,,,,,,,,,21.45095,-0.7200089,40.53343,0.08216095,64.62822,-0.1324768,85.09154,-0.6924973,98.1429,-0.3807678,91.65092,-0.4987259,78.93134,-0.3508377,67.68426,-0.5374222,91.36565,-3.517464,157.9671,-1.335922,166.2073,-0.7831268,156.7439,-0.5388565,104.8455,-0.5080566
29.916669845581055,,,,,,,,,,,,,,,21.36892,-0.7395401,40.32542,0.08411407,64.26006,-0.1451721,84.5974,-0.6905441,97.62044,-0.3670959,91.21928,-0.4987259,78.69306,-0.3557205,67.5866,-0.5374222,90.82463,-3.505745,157.3968,-1.326157,165.8664,-0.7987518,156.6453,-0.546669,104.9119,-0.5070801
29.924999237060547,,,,,,,,,,,,,,,21.29079,-0.7639542,40.11937,0.08997345,63.89482,-0.1568909,84.10423,-0.6964035,97.09895,-0.3553772,90.79252,-0.4987259,78.45087,-0.3606033,67.48602,-0.5364456,90.28166,-3.49305,156.8089,-1.320297,165.5188,-0.8114471,156.534,-0.5525284,104.9637,-0.5100098
29.933330535888672,,,,,,,,,,,,,,,21.21658,-0.7854385,39.91624,0.09778595,63.53642,-0.1617737,83.62181,-0.7071457,96.57649,-0.3495178,90.36869,-0.500679,78.20673,-0.3645096,67.38641,-0.5315628,89.73186,-3.485237,156.2073,-1.320297,165.1633,-0.8192596,156.4197,-0.5593643,105.0076,-0.5187988
29.933333333333334,0.0,-264.0,-13.0,-67.0,-2.0,-779.0,-7.0,-3523.0,-1.0,-6717.0,-5.0,-789.0,-1.0,-2369.0,,,,,,,,,,,,,,,,,,,,,,,,,,
29.941669464111328,,,,,,,,,,,,,,,21.14333,-0.8059464,39.72093,0.106575,63.18095,-0.1598206,83.1433,-0.7208176,96.05403,-0.3524475,89.94389,-0.5016556,77.96357,-0.3732986,67.28094,-0.5257034,89.1801,-3.483284,155.5901,-1.32225,164.7971,-0.8221893,156.2918,-0.5681534,105.0438,-0.5334473
29.950000762939453,,,,,,,,,,,,,,,21.06521,-0.8235245,39.53441,0.1134109,62.84111,-0.1520081,82.67064,-0.7393723,95.54036,-0.3583069,89.52201,-0.5045853,77.71552,-0.3840408,67.1823,-0.5217972,88.62151,-3.486214,154.9651,-1.32811,164.4143,-0.8221893,156.1541,-0.5759659,105.0701,-0.552002
29.958330154418945,,,,,,,,,,,,,,,20.98806,-0.8342667,39.35179,0.1182938,62.50127,-0.1402893,82.2058,-0.7598801,95.02962,-0.3680725,89.10404,-0.5065384,77.46259,-0.3957596,67.08855,-0.5178909,88.06194,-3.49012,154.3343,-1.336899,164.0178,-0.8134003,156.0096,-0.5808487,105.0858,-0.5686035
29.966666666666665,0.0,-263.0,-13.0,-70.0,-3.0,-778.0,-8.0,-3525.0,-1.0,-6722.0,-4.0,-791.0,-2.0,-2368.0,,,,,,,,,,,,,,,,,,,,,,,,,,
29.9666690826416,,,,,,,,,,,,,,,20.90701,-0.8342667,39.17796,0.1153641,62.17705,-0.1285706,81.74876,-0.7784348,94.52083,-0.3788147,88.69096,-0.5104446,77.20869,-0.4045486,66.99773,-0.5139847,87.50334,-3.498909,153.6956,-1.344711,163.6086,-0.8055878,155.8533,-0.5828018,105.0975,-0.583252
29.975000381469727,,,,,,,,,,,,,,,20.824,-0.824501,39.00902,0.1085281,61.85381,-0.1197815,81.29564,-0.7960129,94.02376,-0.39151,88.27787,-0.5133743,76.9538,-0.4084549,66.91277,-0.5139847,86.94182,-3.509651,153.0501,-1.350571,163.1907,-0.7958221,155.6795,-0.5798721,105.0936,-0.5979004
29.98332977294922,,,,,,,,,,,,,,,20.73806,-0.808876,38.843,0.09680939,61.53838,-0.1168518,80.84642,-0.8067551,93.52571,-0.4032288,87.8726,-0.5153275,76.70185,-0.4065018,66.83465,-0.5149612,86.38518,-3.517464,152.3919,-1.354477,162.7659,-0.7841034,155.4998,-0.5759659,105.0858,-0.6047363
29.991670608520508,,,,,,,,,,,,,,,20.65505,-0.7864151,38.67992,0.08118439,61.22588,-0.1178284,80.39622,-0.8126144,93.03255,-0.4110413,87.47123,-0.5153275,76.45576,-0.3986893,66.7575,-0.5159378,85.82658,-3.522346,151.7288,-1.358383,162.3313,-0.7723846,155.2996,-0.5691299,105.0701,-0.6057129
30.0,0.0,-260.0,-13.0,-76.0,-3.0,-779.0,-8.0,-3526.0,-1.0,-6721.0,-4.0,-794.0,-2.0,-2368.0,20.57302,-0.7649307,38.51878,0.06555939,60.91826,-0.1236877,79.94896,-0.813591,92.54036,-0.4159241,87.0767,-0.5133743,76.21845,-0.3879471,66.68426,-0.5169144,85.26604,-3.526253,151.0609,-1.360336,161.8889,-0.7655487,155.0809,-0.5613174,105.0467,-0.6018066
30.008329391479492,,,,,,,,,,,,,,,20.49197,-0.7434464,38.35765,0.04993439,60.61357,-0.1315002,79.50169,-0.8087082,92.05208,-0.4178772,86.68705,-0.5153275,75.99189,-0.3762283,66.60711,-0.5149612,84.70354,-3.527229,150.386,-1.363266,161.4377,-0.7606659,154.8504,-0.5564346,105.0233,-0.5949707
30.01667022705078,,,,,,,,,,,,,,,20.41482,-0.7297745,38.19945,0.03723907,60.30888,-0.1363831,79.05345,-0.7999191,91.56282,-0.4208069,86.30228,-0.5192337,75.77021,-0.3654861,66.52801,-0.5120316,84.14494,-3.527229,149.7073,-1.363266,160.9748,-0.7616425,154.6004,-0.5525284,104.993,-0.5861816
30.024999618530273,,,,,,,,,,,,,,,20.3406,-0.721962,38.0432,0.03040314,60.00322,-0.1393127,78.61107,-0.7891769,91.08138,-0.42276,85.92142,-0.5221634,75.54951,-0.3596268,66.445,-0.5100784,83.58049,-3.525276,149.0257,-1.362289,160.5012,-0.7665253,154.3484,-0.5544815,104.9637,-0.5793457
30.0333309173584,,,,,,,,,,,,,,,20.27029,-0.7200089,37.89085,0.0313797,59.69951,-0.1393127,78.17455,-0.7774582,90.60579,-0.4247131,85.53764,-0.5309525,75.33662,-0.3596268,66.35711,-0.5091019,83.0219,-3.526253,148.346,-1.360336,160.0051,-0.7723846,154.0799,-0.5603409,104.9276,-0.5793457
30.033333333333335,0.0,-255.0,-13.0,-76.0,-3.0,-781.0,-8.0,-3529.0,-1.0,-6722.0,-4.0,-797.0,-3.0,-2371.0,,,,,,,,,,,,,,,,,,,,,,,,,,
30.041669845581055,,,,,,,,,,,,,,,20.19997,-0.7268448,37.73851,0.04114532,59.39287,-0.1373596,77.74193,-0.7706223,90.13606,-0.4286194,85.1558,-0.5416946,75.11884,-0.3645096,66.26043,-0.5100784,82.46428,-3.532112,147.6693,-1.35936,159.4885,-0.7801971,153.8103,-0.5662003,104.8865,-0.5861816
30.049999237060547,,,,,,,,,,,,,,,20.13064,-0.7366104,37.59203,0.05970001,59.08916,-0.1344299,77.32005,-0.7676926,89.67708,-0.4335022,84.77592,-0.5563431,74.90205,-0.370369,66.15789,-0.5159378,81.91057,-3.541878,146.9935,-1.360336,158.9563,-0.7831268,153.5311,-0.5749893,104.8319,-0.6008301
30.058330535888672,,,,,,,,,,,,,,,20.0613,-0.7444229,37.44456,0.08118439,58.78642,-0.1295471,76.91087,-0.7647629,89.22786,-0.4374084,84.39506,-0.5729446,74.68037,-0.3762283,66.05145,-0.52668,81.3676,-3.556526,146.3167,-1.365219,158.4055,-0.7841034,153.2469,-0.5857315,104.7684,-0.6203613
30.066666666666666,0.0,-250.0,-13.0,-76.0,-3.0,-782.0,-8.0,-3536.0,-2.0,-6729.0,-3.0,-801.0,-3.0,-2372.0,,,,,,,,,,,,,,,,,,,,,,,,,,
30.066669464111328,,,,,,,,,,,,,,,19.99099,-0.7512589,37.30199,0.106575,58.48076,-0.1266174,76.50658,-0.7618332,88.78841,-0.438385,84.01029,-0.5895462,74.45283,-0.3830643,65.93914,-0.542305,80.82365,-3.570198,145.6419,-1.375961,157.842,-0.7811737,152.949,-0.5974503,104.6942,-0.6437988
30.075000762939453,,,,,,,,,,,,,,,19.91775,-0.753212,37.15746,0.1300125,58.18193,-0.1207581,76.11205,-0.7598801,88.35481,-0.4364319,83.63334,-0.6051712,74.22138,-0.3899002,65.82684,-0.5598831,80.27873,-3.584846,144.9661,-1.392563,157.2727,-0.7733612,152.6346,-0.6062393,104.6063,-0.6633301
30.083330154418945,,,,,,,,,,,,,,,19.84841,-0.7473526,37.01488,0.1505203,57.88799,-0.111969,75.72435,-0.7549973,87.92805,-0.4315491,83.26225,-0.61689,73.98408,-0.3967361,65.71453,-0.5774612,79.73186,-3.596565,144.2855,-1.412094,156.6965,-0.7645721,152.3084,-0.6130753,104.5096,-0.6760254
30.0916690826416,,,,,,,,,,,,,,,19.77322,-0.7366104,36.87328,0.1622391,57.5999,-0.1041565,75.33958,-0.7462082,87.50423,-0.4256897,82.89603,-0.6227493,73.74384,-0.4035721,65.60125,-0.5901566,79.17522,-3.602425,143.6009,-1.432602,156.1174,-0.75383,151.9627,-0.6218643,104.4071,-0.6838379
30.1,0.0,-248.0,-13.0,-73.0,-3.0,-779.0,-8.0,-3541.0,-2.0,-6739.0,-3.0,-802.0,-3.0,-2370.0,,,,,,,,,,,,,,,,,,,,,,,,,,
30.100000381469727,,,,,,,,,,,,,,,19.699,-0.7209854,36.73265,0.1651688,57.31474,-0.09829712,74.9558,-0.7344894,87.07942,-0.4208069,82.53666,-0.6227493,73.4958,-0.4162674,65.48797,-0.6008987,78.6176,-3.601448,142.9056,-1.45018,155.5412,-0.7421112,151.6053,-0.6306534,104.2908,-0.6818848
30.10832977294922,,,,,,,,,,,,,,,19.62673,-0.7004776,36.59203,0.1622391,57.03642,-0.09048462,74.57494,-0.7217941,86.65071,-0.4188538,82.1851,-0.6139603,73.2458,-0.4299393,65.37664,-0.6057816,78.05315,-3.594612,142.1976,-1.465805,154.9719,-0.7294159,151.243,-0.6365128,104.1727,-0.6730957
30.116670608520508,,,,,,,,,,,,,,,19.55642,-0.6848526,36.44945,0.1495438,56.76103,-0.08755493,74.18919,-0.7110519,86.21712,-0.42276,81.83939,-0.5973587,72.99677,-0.4426346,65.26434,-0.6018753,77.48772,-3.585823,141.4876,-1.476547,154.3977,-0.7196503,150.8709,-0.6394424,104.0535,-0.661377
30.125,,,,,,,,,,,,,,,19.49001,-0.6731339,36.30785,0.1300125,56.48955,-0.09048462,73.81029,-0.7032394,85.7845,-0.4325256,81.49955,-0.5797806,72.74873,-0.4533768,65.1491,-0.5940628,76.92717,-3.579964,140.7679,-1.483383,153.8147,-0.7118378,150.5008,-0.6433487,103.9276,-0.6525879
30.133329391479492,,,,,,,,,,,,,,,19.43142,-0.6672745,36.15843,0.1055984,56.22099,-0.09732056,73.43431,-0.7022629,85.347,-0.4491272,81.16264,-0.5592728,72.50361,-0.464119,65.03387,-0.5842972,76.37737,-3.578987,140.0413,-1.488266,153.2287,-0.7059784,150.1287,-0.6472549,103.8006,-0.6486816
30.133333333333333,0.0,-246.0,-13.0,-70.0,-3.0,-781.0,-8.0,-3546.0,-2.0,-6749.0,-3.0,-802.0,-2.0,-2366.0,,,,,,,,,,,,,,,,,,,,,,,,,,
30.14167022705078,,,,,,,,,,,,,,,19.37478,-0.6692276,36.01292,0.07630157,55.95439,-0.1070862,73.06029,-0.7090988,84.9095,-0.4686584,80.83256,-0.5407181,72.26826,-0.4690018,64.92352,-0.5725784,75.83635,-3.581917,139.3069,-1.493149,152.6321,-0.7010956,149.7537,-0.6511612,103.6649,-0.6486816
30.149999618530273,,,,,,,,,,,,,,,19.324,-0.6780167,35.8596,0.04798126,55.68584,-0.1158752,72.68919,-0.7188644,84.48079,-0.4891663,80.49955,-0.5241165,72.03388,-0.4680252,64.82195,-0.5628128,75.30217,-3.588753,138.5716,-1.498032,152.0285,-0.7020721,149.3738,-0.6579971,103.5281,-0.6506348
30.1583309173584,,,,,,,,,,,,,,,19.27517,-0.6926651,35.70824,0.0235672,55.41924,-0.1227112,72.32005,-0.7315598,84.05696,-0.5057678,80.16947,-0.5143509,71.80537,-0.464119,64.72625,-0.5530472,74.77678,-3.599495,137.8304,-1.504868,151.4104,-0.706955,148.9832,-0.6648331,103.3797,-0.6574707
30.166666666666668,0.0,-245.0,-12.0,-70.0,-3.0,-786.0,-8.0,-3549.0,-1.0,-6753.0,-3.0,-802.0,-1.0,-2362.0,,,,,,,,,,,,,,,,,,,,,,,,,,
30.166669845581055,,,,,,,,,,,,,,,19.22536,-0.7102432,35.55492,0.002082825,55.15459,-0.1236877,71.95091,-0.7462082,83.64192,-0.5174866,79.83549,-0.5084915,71.58173,-0.4592361,64.63543,-0.5471878,74.24944,-3.611214,137.0853,-1.50975,150.7864,-0.7147675,148.5818,-0.6736221,103.2244,-0.6643066
30.174999237060547,,,,,,,,,,,,,,,19.17361,-0.7268448,35.4055,-0.01061249,54.88896,-0.1207581,71.58372,-0.7598801,83.23665,-0.5243225,79.5015,-0.5084915,71.36689,-0.4524002,64.55145,-0.5452347,73.71916,-3.620003,136.3333,-1.514633,150.1516,-0.7235565,148.1619,-0.6833878,103.0604,-0.6711426
30.183330535888672,,,,,,,,,,,,,,,19.1199,-0.7424698,35.25999,-0.01647186,54.62627,-0.1139221,71.21458,-0.7686691,82.84016,-0.5223694,79.16264,-0.5133743,71.15107,-0.4445877,64.46941,-0.5462112,73.18694,-3.626839,135.5765,-1.519516,149.4983,-0.7362518,147.7283,-0.6931534,102.8944,-0.6750488
30.191669464111328,,,,,,,,,,,,,,,19.06618,-0.7580948,35.11742,-0.01451874,54.36455,-0.1080627,70.84544,-0.7725754,82.45247,-0.5135803,78.81889,-0.5211868,70.94013,-0.441658,64.3825,-0.5481644,72.64201,-3.629768,134.8167,-1.520493,148.844,-0.7479706,147.282,-0.6980362,102.7176,-0.6789551
30.2,0.0,-243.0,-13.0,-69.0,-4.0,-789.0,-8.0,-3551.0,-1.0,-6753.0,-3.0,-805.0,-1.0,-2360.0,,,,,,,,,,,,,,,,,,,,,,,,,,
30.200000762939453,,,,,,,,,,,,,,,19.01052,-0.7698135,34.9807,-0.006706238,54.10771,-0.1012268,70.48412,-0.7745285,82.06966,-0.5047913,78.47025,-0.5348587,70.73603,-0.4406815,64.29266,-0.5501175,72.09026,-3.631721,134.0648,-1.520493,148.1838,-0.7596893,146.8211,-0.6990128,102.5408,-0.6809082
30.208330154418945,,,,,,,,,,,,,,,18.95583,-0.7815323,34.84789,0.0001296997,53.85381,-0.09634399,70.12962,-0.7745285,81.69466,-0.4930725,78.12162,-0.5524368,70.53095,-0.4436111,64.195,-0.5520706,71.53654,-3.633675,133.3138,-1.519516,147.5149,-0.769455,146.3562,-0.6951065,102.3553,-0.6828613
30.2166690826416,,,,,,,,,,,,,,,18.89919,-0.7922745,34.71703,0.0079422,53.60478,-0.09732056,69.78197,-0.7735519,81.31477,-0.4823303,77.77006,-0.570015,70.32783,-0.448494,64.0866,-0.5530472,70.98186,-3.635628,132.5677,-1.519516,146.844,-0.7762909,145.8875,-0.687294,102.1668,-0.6867676
30.225000381469727,,,,,,,,,,,,,,,18.84353,-0.800087,34.58812,0.01380157,53.36064,-0.1022034,69.44505,-0.7735519,80.93489,-0.4735413,77.41654,-0.5827103,70.12177,-0.4563065,63.97527,-0.5510941,70.43205,-3.637581,131.8275,-1.519516,146.175,-0.7821503,145.4227,-0.6765518,101.9715,-0.6916504
30.23332977294922,,,,,,,,,,,,,,,18.78689,-0.8049698,34.45921,0.01770782,53.12041,-0.1080627,69.11888,-0.7735519,80.55208,-0.4686584,77.064,-0.5905228,69.91474,-0.464119,63.8532,-0.5510941,69.88322,-3.640511,131.0823,-1.522446,145.509,-0.7860565,144.948,-0.6638565,101.7703,-0.6955566
30.233333333333334,0.0,-242.0,-14.0,-66.0,-4.0,-791.0,-9.0,-3551.0,-2.0,-6757.0,-3.0,-806.0,-1.0,-2361.0,,,,,,,,,,,,,,,,,,,,,,,,,,
30.241670608520508,,,,,,,,,,,,,,,18.72536,-0.808876,34.33421,0.0157547,52.88213,-0.1178284,68.79662,-0.7735519,80.16243,-0.4657288,76.71732,-0.5875931,69.70478,-0.4699783,63.72625,-0.5501175,69.3383,-3.640511,130.3441,-1.529282,144.8313,-0.7889862,144.4861,-0.6511612,101.5555,-0.701416
30.25,,,,,,,,,,,,,,,18.66384,-0.8069229,34.20921,0.01282501,52.64091,-0.127594,68.48314,-0.7715988,79.76888,-0.4637756,76.37455,-0.5768509,69.48994,-0.4709549,63.59441,-0.5501175,68.79729,-3.637581,129.596,-1.537094,144.1526,-0.7909393,144.0174,-0.6413956,101.3299,-0.7111816
30.258329391479492,,,,,,,,,,,,,,,18.60232,-0.8020401,34.08714,0.01087189,52.40654,-0.1334534,68.17357,-0.7706223,79.37532,-0.4627991,76.03764,-0.5582962,69.27021,-0.4690018,63.45965,-0.5520706,68.2592,-3.631721,128.8421,-1.54686,143.467,-0.7928925,143.5486,-0.6326065,101.0985,-0.723877
30.266666666666666,0.0,-244.0,-14.0,-65.0,-4.0,-791.0,-10.0,-3550.0,-2.0,-6761.0,-4.0,-809.0,-1.0,-2362.0,,,,,,,,,,,,,,,,,,,,,,,,,,
30.26667022705078,,,,,,,,,,,,,,,18.53689,-0.7961807,33.97191,0.0079422,52.17021,-0.1393127,67.86595,-0.7676926,78.9847,-0.4627991,75.7056,-0.5348587,69.05244,-0.4611893,63.32488,-0.5559769,67.72014,-3.621956,128.0823,-1.554672,142.7668,-0.7948456,143.077,-0.6228409,100.8602,-0.7365723
30.274999618530273,,,,,,,,,,,,,,,18.48122,-0.7854385,33.85863,0.0079422,51.93291,-0.1422424,67.55736,-0.7618332,78.60481,-0.4598694,75.37553,-0.5114212,68.82978,-0.4504471,63.19012,-0.5589066,67.18108,-3.611214,127.3167,-1.559555,142.0549,-0.7977753,142.5965,-0.6150284,100.6209,-0.7473145
30.2833309173584,,,,,,,,,,,,,,,18.42751,-0.7746964,33.74828,0.01087189,51.70146,-0.143219,67.24876,-0.7549973,78.22786,-0.4569397,75.05228,-0.4928665,68.6081,-0.4377518,63.06219,-0.5598831,66.64104,-3.600471,126.5472,-1.557602,141.3381,-0.7997284,142.1053,-0.6072159,100.3748,-0.7580566
30.291669845581055,,,,,,,,,,,,,,,18.37966,-0.7639542,33.64085,0.01477814,51.47099,-0.1402893,66.93626,-0.7481613,77.86165,-0.45401,74.73197,-0.4821243,68.38447,-0.4289627,62.9323,-0.5589066,66.1049,-3.590706,125.7767,-1.550766,140.6194,-0.7987518,141.6033,-0.6003799,100.1307,-0.7629395
30.299999237060547,,,,,,,,,,,,,,,18.33572,-0.753212,33.53441,0.02259064,51.24345,-0.1334534,66.62376,-0.7413254,77.5013,-0.4510803,74.41361,-0.4801712,68.16279,-0.4201736,62.80633,-0.5559769,65.57268,-3.582893,125.0071,-1.541,139.8938,-0.7948456,141.0926,-0.5925674,99.8885,-0.7629395
30.3,0.0,-245.0,-14.0,-65.0,-4.0,-790.0,-10.0,-3550.0,-2.0,-6760.0,-4.0,-810.0,0.0,-2361.0,,,,,,,,,,,,,,,,,,,,,,,,,,
30.308330535888672,,,,,,,,,,,,,,,18.29275,-0.7434464,33.42503,0.03235626,51.01982,-0.1227112,66.30443,-0.7364426,77.14485,-0.4471741,74.09623,-0.4840775,67.93623,-0.4143143,62.68035,-0.5520706,65.04533,-3.577034,124.2308,-1.528305,139.1711,-0.7899628,140.5711,-0.5847549,99.64924,-0.755127
30.316669464111328,,,,,,,,,,,,,,,18.25173,-0.7366104,33.31468,0.04407501,50.79716,-0.1129456,65.98314,-0.7315598,76.79036,-0.4461975,73.7808,-0.4909134,67.71259,-0.4152908,62.55047,-0.5491409,64.52678,-3.576057,123.4632,-1.511703,138.4543,-0.7860565,140.0408,-0.577919,99.409,-0.7414551
30.325000762939453,,,,,,,,,,,,,,,18.20779,-0.730751,33.2014,0.05677032,50.58037,-0.1031799,65.66185,-0.7286301,76.43294,-0.4471741,73.47025,-0.4997025,67.48798,-0.4191971,62.41863,-0.5481644,64.01604,-3.577034,122.6966,-1.496078,137.7405,-0.7801971,139.5076,-0.5730362,99.16389,-0.7268066
30.333330154418945,,,,,,,,,,,,,,,18.15603,-0.7297745,33.08812,0.07141876,50.36943,-0.09146118,65.33958,-0.7257004,76.07552,-0.4471741,73.16459,-0.507515,67.26435,-0.4250565,62.28387,-0.5530472,63.50822,-3.578987,121.929,-1.485336,137.0227,-0.7733612,138.9686,-0.5701065,98.91096,-0.7102051
30.333333333333332,0.0,-246.0,-14.0,-66.0,-4.0,-790.0,-10.0,-3551.0,-2.0,-6761.0,-4.0,-811.0,0.0,-2357.0,,,,,,,,,,,,,,,,,,,,,,,,,,
30.3416690826416,,,,,,,,,,,,,,,18.10427,-0.7336807,32.97679,0.08704376,50.16435,-0.07974243,65.02122,-0.7227707,75.71028,-0.4491272,72.86381,-0.5123978,67.03974,-0.4309158,62.14617,-0.5608597,63.00529,-3.581917,121.1653,-1.476547,136.3127,-0.7684784,138.4227,-0.5652237,98.65607,-0.6945801
30.350000381469727,,,,,,,,,,,,,,,18.04568,-0.7395401,32.86449,0.1026688,49.96709,-0.07192993,64.7097,-0.7178879,75.34798,-0.4520569,72.56596,-0.5153275,66.81806,-0.4357986,62.01043,-0.5725784,62.50822,-3.588753,120.4046,-1.472641,135.6008,-0.7645721,137.8719,-0.5613174,98.3924,-0.6818848
30.35832977294922,,,,,,,,,,,,,,,17.98806,-0.746376,32.75218,0.1153641,49.77373,-0.06997681,64.40306,-0.7100754,74.98665,-0.4549866,72.27299,-0.5182571,66.59638,-0.4387283,61.8698,-0.5842972,62.01311,-3.595589,119.639,-1.473618,134.885,-0.7596893,137.3123,-0.5564346,98.12189,-0.6682129
30.366666666666667,0.0,-240.0,-14.0,-66.0,-4.0,-790.0,-10.0,-3555.0,-1.0,-6762.0,-4.0,-812.0,-1.0,-2352.0,,,,,,,,,,,,,,,,,,,,,,,,,,
30.366670608520508,,,,,,,,,,,,,,,17.92849,-0.7551651,32.64671,0.1261063,49.58525,-0.07095337,64.10814,-0.7012863,74.6263,-0.4608459,71.98685,-0.5182571,66.37568,-0.4397049,61.73797,-0.5921097,61.51506,-3.601448,118.8763,-1.479477,134.1653,-0.7557831,136.7488,-0.5515518,97.84064,-0.6555176
30.375,,,,,,,,,,,,,,,17.87673,-0.762001,32.53636,0.1329422,49.39677,-0.07388306,63.82201,-0.6924973,74.2718,-0.469635,71.69975,-0.52314,66.15595,-0.4387283,61.60711,-0.5969925,61.01506,-3.604378,118.1077,-1.488266,133.4465,-0.7489471,136.1727,-0.5505753,97.55256,-0.6428223
30.383329391479492,,,,,,,,,,,,,,,17.82888,-0.7659073,32.42601,0.137825,49.20927,-0.07974243,63.54076,-0.6827316,73.92708,-0.4794006,71.41166,-0.5309525,65.93818,-0.4318924,61.4743,-0.5960159,60.51311,-3.605354,117.3382,-1.501938,132.718,-0.7430878,135.5916,-0.5525284,97.26154,-0.6291504
30.39167022705078,,,,,,,,,,,,,,,17.78201,-0.7668839,32.31566,0.1388016,49.01396,-0.08950806,63.26927,-0.672966,73.58626,-0.4920959,71.11869,-0.538765,65.72334,-0.4221268,61.34051,-0.5911331,60.00529,-3.602425,116.5667,-1.51561,131.9846,-0.7391815,135.0096,-0.5583878,96.96272,-0.6135254
30.399999618530273,,,,,,,,,,,,,,,17.74001,-0.7659073,32.2014,0.137825,48.81377,-0.1002502,62.99974,-0.6671066,73.25032,-0.5047913,70.82182,-0.5524368,65.50947,-0.4074783,61.2077,-0.5833206,59.49455,-3.599495,115.7933,-1.527328,131.2512,-0.7352753,134.4227,-0.5681534,96.65998,-0.5998535
30.4,0.0,-233.0,-13.0,-65.0,-5.0,-787.0,-10.0,-3562.0,-2.0,-6764.0,-4.0,-815.0,-1.0,-2350.0,,,,,,,,,,,,,,,,,,,,,,,,,,
30.4083309173584,,,,,,,,,,,,,,,17.69704,-0.762001,32.093,0.137825,48.61455,-0.1109924,62.73314,-0.6641769,72.92024,-0.5174866,70.52103,-0.5661087,65.29462,-0.3899002,61.07293,-0.5696487,58.99065,-3.595589,115.0208,-1.535141,130.5178,-0.7333221,133.8328,-0.5847549,96.35334,-0.5891113
30.416669845581055,,,,,,,,,,,,,,,17.65408,-0.7551651,31.97972,0.1388016,48.40947,-0.1227112,62.46947,-0.6632004,72.59602,-0.5272522,70.21439,-0.5827103,65.07587,-0.3723221,60.93523,-0.5559769,58.48381,-3.592659,114.2493,-1.541,129.7766,-0.7333221,133.2469,-0.6052628,96.04475,-0.5812988
30.424999237060547,,,,,,,,,,,,,,,17.60622,-0.746376,31.86937,0.1436844,48.20732,-0.1363831,62.2097,-0.6671066,72.27278,-0.5301819,69.90678,-0.5973587,64.85517,-0.354744,60.79754,-0.5432816,57.98576,-3.593636,113.4798,-1.54393,129.0334,-0.7352753,132.6619,-0.6316299,95.73225,-0.5812988
30.433330535888672,,,,,,,,,,,,,,,17.55642,-0.7385635,31.76488,0.1505203,48.00615,-0.1510315,61.94701,-0.6739426,71.95247,-0.5292053,69.60014,-0.6110306,64.63251,-0.3420486,60.65691,-0.5315628,57.49846,-3.598518,112.7112,-1.538071,128.301,-0.7362518,132.073,-0.6579971,95.42658,-0.5861816
30.433333333333334,0.0,-227.0,-13.0,-64.0,-5.0,-785.0,-10.0,-3569.0,-2.0,-6767.0,-5.0,-819.0,-1.0,-2351.0,,,,,,,,,,,,,,,,,,,,,,,,,,
30.441669464111328,,,,,,,,,,,,,,,17.50368,-0.7278214,31.65843,0.1583328,47.804,-0.1656799,61.68626,-0.6817551,71.63802,-0.5243225,69.29447,-0.6207962,64.40595,-0.3361893,60.51629,-0.5208206,57.02092,-3.608284,111.9524,-1.530258,127.5666,-0.7401581,131.4842,-0.6843643,95.11506,-0.5979004
30.450000762939453,,,,,,,,,,,,,,,17.44997,-0.7190323,31.55394,0.1680984,47.60966,-0.1803284,61.42162,-0.6905441,71.32747,-0.51651,68.99369,-0.6276321,64.17255,-0.3420486,60.37273,-0.5120316,56.55705,-3.616096,111.1937,-1.518539,126.8332,-0.7440643,130.8963,-0.7068253,94.7967,-0.6105957
30.458330154418945,,,,,,,,,,,,,,,17.39822,-0.7141495,31.4514,0.1749344,47.41728,-0.1910706,61.1599,-0.7012863,71.0218,-0.5096741,68.69584,-0.6286087,63.94306,-0.3576736,60.22723,-0.5081253,56.101,-3.622932,110.4398,-1.502914,126.1037,-0.7450409,130.2986,-0.7263565,94.48029,-0.6223145
30.466666666666665,0.0,-221.0,-13.0,-64.0,-5.0,-782.0,-10.0,-3579.0,-1.0,-6774.0,-5.0,-820.0,-2.0,-2352.0,,,,,,,,,,,,,,,,,,,,,,,,,,
30.4666690826416,,,,,,,,,,,,,,,17.34939,-0.7112198,31.34886,0.1759109,47.22588,-0.1998596,60.89525,-0.7130051,70.71809,-0.5038147,68.40678,-0.6266556,63.70575,-0.3801346,60.07879,-0.5051956,55.64885,-3.628792,109.6946,-1.483383,125.3713,-0.7450409,129.6951,-0.7380753,94.15803,-0.6320801
30.475000381469727,,,,,,,,,,,,,,,17.30056,-0.7092667,31.24437,0.1710281,47.0374,-0.2037659,60.62865,-0.7188644,70.4222,-0.4989319,68.12162,-0.6227493,63.47919,-0.4045486,59.9284,-0.5051956,55.20061,-3.630745,108.9515,-1.467758,124.6369,-0.7440643,129.0867,-0.7449112,93.83186,-0.6398926
30.48332977294922,,,,,,,,,,,,,,,17.25661,-0.7102432,31.14281,0.1563797,46.8499,-0.2027893,60.364,-0.7227707,70.1263,-0.4979553,67.84232,-0.6159134,63.25458,-0.4309158,59.77508,-0.5081253,54.74944,-3.631721,108.2151,-1.454086,123.8948,-0.7411346,128.4695,-0.7458878,93.50764,-0.6437988
30.491670608520508,,,,,,,,,,,,,,,17.21462,-0.7141495,31.03929,0.1319656,46.66631,-0.1959534,60.10228,-0.7257004,69.83235,-0.4989319,67.57084,-0.6051712,63.03388,-0.4543533,59.62371,-0.5100784,54.30119,-3.629768,107.4798,-1.443344,123.1526,-0.7362518,127.8455,-0.7410049,93.18342,-0.6437988
30.5,0.0,-216.0,-13.0,-61.0,-6.0,-778.0,-10.0,-3585.0,-1.0,-6783.0,-5.0,-818.0,-2.0,-2349.0,17.17654,-0.7161026,30.93578,0.1055984,46.48759,-0.1832581,59.83763,-0.7237473,69.54329,-0.4989319,67.30131,-0.5963821,62.82001,-0.4709549,59.4782,-0.511055,53.85002,-3.628792,106.7483,-1.440414,122.4055,-0.7294159,127.2186,-0.7312393,92.86115,-0.6447754
30.508329391479492,,,,,,,,,,,,,,,17.13943,-0.7141495,30.83324,0.07630157,46.30888,-0.1695862,59.57201,-0.7208176,69.25423,-0.4960022,67.03861,-0.5875931,62.612,-0.4787674,59.33172,-0.5091019,53.39983,-3.627815,106.0218,-1.442368,121.6584,-0.72258,126.5896,-0.7175674,92.54084,-0.645752
30.51667022705078,,,,,,,,,,,,,,,17.10329,-0.7112198,30.73167,0.05286407,46.13115,-0.1520081,59.31224,-0.7178879,68.96126,-0.4920959,66.77592,-0.578804,62.40595,-0.479744,59.19012,-0.5061722,52.95354,-3.626839,105.2972,-1.449203,120.9221,-0.7206268,125.9627,-0.7019424,92.2215,-0.6437988
30.524999618530273,,,,,,,,,,,,,,,17.07009,-0.7034073,30.62914,0.0391922,45.95537,-0.1324768,59.04466,-0.7178879,68.6722,-0.4891663,66.51029,-0.570015,62.2038,-0.4748611,59.04559,-0.5022659,52.51408,-3.623909,104.5843,-1.462875,120.1907,-0.7245331,125.3338,-0.6833878,91.90217,-0.6437988
30.5333309173584,,,,,,,,,,,,,,,17.03689,-0.6926651,30.53246,0.03626251,45.77666,-0.1109924,58.77806,-0.7188644,68.38313,-0.48526,66.24271,-0.563179,61.99579,-0.4650955,58.90105,-0.4993362,52.07951,-3.619026,103.8821,-1.476547,119.467,-0.7372284,124.7078,-0.6628799,91.5799,-0.6428223
30.533333333333335,0.0,-213.0,-13.0,-56.0,-6.0,-777.0,-10.0,-3589.0,-2.0,-6795.0,-5.0,-813.0,-2.0,-2349.0,,,,,,,,,,,,,,,,,,,,,,,,,,
30.541669845581055,,,,,,,,,,,,,,,17.00661,-0.683876,30.43578,0.04407501,45.59795,-0.09146118,58.51244,-0.7237473,68.09212,-0.4794006,65.97123,-0.5582962,61.78095,-0.4524002,58.75555,-0.5012894,51.64397,-3.611214,103.1907,-1.490219,118.7463,-0.7548065,124.0848,-0.6413956,91.24592,-0.6408691
30.549999237060547,,,,,,,,,,,,,,,16.97829,-0.6780167,30.34593,0.06165314,45.41631,-0.07388306,58.24876,-0.7335129,67.80305,-0.4774475,65.69975,-0.55439,61.55732,-0.4406815,58.60027,-0.5091019,51.2133,-3.603401,102.511,-1.503891,118.0334,-0.778244,123.4598,-0.6199112,90.90705,-0.6340332
30.558330535888672,,,,,,,,,,,,,,,16.94997,-0.675087,30.25999,0.08216095,45.23955,-0.06118774,57.98705,-0.7462082,67.51595,-0.4745178,65.42631,-0.5524368,61.3288,-0.4289627,58.43816,-0.5227737,50.78459,-3.594612,101.8382,-1.513657,117.3157,-0.8046112,122.8309,-0.6033096,90.55744,-0.6242676
30.566666666666666,0.0,-209.0,-14.0,-54.0,-5.0,-776.0,-10.0,-3587.0,-2.0,-6803.0,-5.0,-811.0,-3.0,-2352.0,,,,,,,,,,,,,,,,,,,,,,,,,,
30.566669464111328,,,,,,,,,,,,,,,16.91872,-0.6741104,30.17601,0.1016922,45.06181,-0.05142212,57.73412,-0.7559738,67.22786,-0.4735413,65.1558,-0.5553665,61.08954,-0.4182205,58.2702,-0.542305,50.35197,-3.5868,101.1683,-1.520493,116.593,-0.8300018,122.2029,-0.5906143,90.20002,-0.6154785
30.575000762939453,,,,,,,,,,,,,,,16.88552,-0.6760635,30.09398,0.1143875,44.89189,-0.04849243,57.48607,-0.7647629,66.94173,-0.4745178,64.88822,-0.5602493,60.84345,-0.410408,58.09734,-0.5657425,49.92424,-3.578987,100.4915,-1.521469,115.8655,-0.8495331,121.5682,-0.5818253,89.84064,-0.6066895
30.583330154418945,,,,,,,,,,,,,,,16.84646,-0.6819229,30.01195,0.1212234,44.72392,-0.05630493,57.25072,-0.7715988,66.65462,-0.4754944,64.62943,-0.5661087,60.59931,-0.4084549,57.91863,-0.5872269,49.49748,-3.574104,99.80206,-1.519516,115.1272,-0.8612518,120.9324,-0.5788956,89.48127,-0.6008301
30.5916690826416,,,,,,,,,,,,,,,16.80349,-0.6877823,29.92503,0.1202469,44.56084,-0.07095337,57.0183,-0.7764816,66.36848,-0.4735413,64.37553,-0.5709915,60.34833,-0.4065018,57.7409,-0.604805,49.0717,-3.569221,99.10284,-1.514633,114.3899,-0.8661346,120.2996,-0.5808487,89.11799,-0.5959473
30.6,0.0,-206.0,-14.0,-55.0,-5.0,-774.0,-10.0,-3585.0,-2.0,-6808.0,-4.0,-809.0,-3.0,-2353.0,,,,,,,,,,,,,,,,,,,,,,,,,,
30.600000381469727,,,,,,,,,,,,,,,16.75271,-0.6897354,29.83226,0.1163406,44.39775,-0.09146118,56.79564,-0.7803879,66.0843,-0.4706116,64.11869,-0.5729446,60.10614,-0.4094315,57.56512,-0.6155472,48.65569,-3.565315,98.38995,-1.502914,113.6516,-0.8641815,119.6648,-0.5886612,88.75959,-0.5939941
30.60832977294922,,,,,,,,,,,,,,,16.699,-0.6897354,29.73656,0.1095047,44.23759,-0.1158752,56.57884,-0.7803879,65.79622,-0.4676819,63.86381,-0.5729446,59.86298,-0.4162674,57.39324,-0.6184769,48.24553,-3.561409,97.67608,-1.488266,112.9114,-0.8573456,119.0379,-0.6013565,88.40412,-0.5959473
30.616670608520508,,,,,,,,,,,,,,,16.64333,-0.6868057,29.63402,0.106575,44.07353,-0.1393127,56.36302,-0.7794113,65.51204,-0.4618225,63.606,-0.5680618,59.6247,-0.4240799,57.2243,-0.6135941,47.84221,-3.557503,96.95928,-1.473618,112.1789,-0.8514862,118.4178,-0.6140518,88.04768,-0.6018066
30.625,,,,,,,,,,,,,,,16.58669,-0.6828995,29.53148,0.1085281,43.90947,-0.1578674,56.14915,-0.7764816,65.23177,-0.4559631,63.3433,-0.5582962,59.38739,-0.4348221,57.06414,-0.604805,47.43889,-3.556526,96.2503,-1.460922,111.4514,-0.8456268,117.8035,-0.6267471,87.69123,-0.6105957
30.633329391479492,,,,,,,,,,,,,,,16.53103,-0.6789932,29.43187,0.1173172,43.74443,-0.1734924,55.93822,-0.7735519,64.95247,-0.4501038,63.08158,-0.5495071,59.16278,-0.4494705,56.90105,-0.5901566,47.0424,-3.557503,95.55303,-1.452133,110.7327,-0.8417206,117.1941,-0.6394424,87.33088,-0.6193848
30.633333333333333,0.0,-205.0,-14.0,-59.0,-4.0,-774.0,-10.0,-3584.0,-3.0,-6815.0,-4.0,-806.0,-3.0,-2352.0,,,,,,,,,,,,,,,,,,,,,,,,,,
30.64167022705078,,,,,,,,,,,,,,,16.48122,-0.6770401,29.33812,0.1319656,43.58134,-0.1773987,55.7263,-0.7676926,64.67317,-0.4491272,62.81693,-0.5426712,58.94403,-0.464119,56.73895,-0.5764847,46.64983,-3.558479,94.86065,-1.44725,110.0168,-0.840744,116.5809,-0.6531143,86.96857,-0.6271973
30.649999618530273,,,,,,,,,,,,,,,16.43337,-0.6731339,29.25023,0.1485672,43.42119,-0.1734924,55.51146,-0.7598801,64.39876,-0.4510803,62.55228,-0.538765,58.72919,-0.4777908,56.57,-0.5667191,46.25627,-3.561409,94.18389,-1.45018,109.302,-0.840744,115.9715,-0.6658096,86.60334,-0.6350098
30.6583309173584,,,,,,,,,,,,,,,16.38943,-0.6711807,29.17308,0.1641922,43.26299,-0.1647034,55.30052,-0.7520676,64.12434,-0.45401,62.29154,-0.5407181,58.51923,-0.4875565,56.40008,-0.5569534,45.87053,-3.565315,93.51202,-1.457016,108.5852,-0.840744,115.3582,-0.6785049,86.23713,-0.6379395
30.666666666666668,0.0,-201.0,-14.0,-63.0,-4.0,-775.0,-10.0,-3585.0,-3.0,-6824.0,-4.0,-803.0,-4.0,-2352.0,,,,,,,,,,,,,,,,,,,,,,,,,,
30.666669845581055,,,,,,,,,,,,,,,16.34548,-0.6711807,29.10472,0.1798172,43.10869,-0.1529846,55.08275,-0.7413254,63.84895,-0.4608459,62.0308,-0.5456009,58.3122,-0.4924393,56.2243,-0.5491409,45.48088,-3.564339,92.84795,-1.467758,107.8694,-0.8387909,114.7361,-0.6892471,85.86897,-0.638916
30.674999237060547,,,,,,,,,,,,,,,16.30154,-0.6721573,29.03831,0.1905594,42.95439,-0.1422424,54.86107,-0.7325363,63.58039,-0.4686584,61.77494,-0.5534134,58.10517,-0.4924393,56.04266,-0.542305,45.09807,-3.559456,92.18877,-1.4785,107.1496,-0.8387909,114.1043,-0.6999893,85.49787,-0.638916
30.683330535888672,,,,,,,,,,,,,,,16.25564,-0.6721573,28.97581,0.1944656,42.804,-0.1324768,54.63939,-0.7286301,63.31282,-0.4754944,61.51908,-0.5622025,57.89423,-0.4875565,55.86395,-0.5325394,44.71623,-3.54969,91.53936,-1.482407,106.427,-0.8368378,113.4695,-0.7107315,85.11897,-0.6398926
30.691669464111328,,,,,,,,,,,,,,,16.20681,-0.6721573,28.90941,0.1934891,42.65263,-0.1217346,54.41576,-0.7276535,63.04719,-0.4813538,61.25736,-0.570015,57.6745,-0.4777908,55.68621,-0.5188675,44.34026,-3.536995,90.8919,-1.4785,105.7063,-0.8329315,112.824,-0.718544,84.73615,-0.6437988
30.7,0.0,-201.0,-14.0,-64.0,-4.0,-780.0,-10.0,-3594.0,-3.0,-6830.0,-5.0,-800.0,-4.0,-2352.0,,,,,,,,,,,,,,,,,,,,,,,,,,
30.700000762939453,,,,,,,,,,,,,,,16.15993,-0.6741104,28.83617,0.1895828,42.49834,-0.1129456,54.18529,-0.7315598,62.78645,-0.48526,60.9976,-0.5758743,57.4538,-0.4660721,55.51141,-0.5042191,43.96526,-3.519417,90.2542,-1.469711,104.9846,-0.8300018,112.1727,-0.7244034,84.35139,-0.6525879
30.708330154418945,,,,,,,,,,,,,,,16.11013,-0.6799698,28.76097,0.1807938,42.34209,-0.1061096,53.95384,-0.7413254,62.52571,-0.4862366,60.73881,-0.5797806,57.22724,-0.457283,55.3366,-0.4885941,43.5883,-3.498909,89.62237,-1.457016,104.2668,-0.8260956,111.5213,-0.7253799,83.96564,-0.6662598
30.7166690826416,,,,,,,,,,,,,,,16.06326,-0.6877823,28.67308,0.1720047,42.18486,-0.1002502,53.71947,-0.7559738,62.26985,-0.48526,60.48002,-0.5827103,56.99872,-0.4524002,55.1618,-0.4729691,43.21037,-3.481331,89.0003,-1.444321,103.5559,-0.8221893,110.8728,-0.7224503,83.58381,-0.6828613
30.725000381469727,,,,,,,,,,,,,,,16.01736,-0.6955948,28.58324,0.1632156,42.0247,-0.09146118,53.48412,-0.7706223,62.01301,-0.4862366,60.21732,-0.58564,56.77314,-0.457283,54.98406,-0.4602737,42.8383,-3.465706,88.38311,-1.432602,102.8518,-0.8202362,110.2322,-0.7175674,83.21369,-0.6984863
30.73332977294922,,,,,,,,,,,,,,,15.97732,-0.7043839,28.48949,0.1554031,41.86455,-0.08267212,53.24876,-0.782341,61.75325,-0.4862366,59.96049,-0.5895462,56.55146,-0.4660721,54.80242,-0.4514847,42.46623,-3.451057,87.76788,-1.426743,102.1526,-0.8202362,109.6014,-0.7136612,82.85139,-0.7141113
30.733333333333334,0.0,-206.0,-14.0,-67.0,-3.0,-786.0,-10.0,-3604.0,-2.0,-6834.0,-5.0,-799.0,-4.0,-2352.0,,,,,,,,,,,,,,,,,,,,,,,,,,
30.741670608520508,,,,,,,,,,,,,,,15.94021,-0.715126,28.39476,0.1485672,41.70146,-0.07388306,53.01634,-0.7921066,61.49641,-0.4842834,59.70267,-0.5924759,56.33173,-0.479744,54.61395,-0.4466019,42.09807,-3.445198,87.16631,-1.424789,101.4602,-0.8231659,108.9812,-0.7107315,82.50373,-0.7258301
30.75,,,,,,,,,,,,,,,15.90701,-0.7229385,28.30199,0.1446609,41.53838,-0.06607056,52.79173,-0.7950363,61.2386,-0.4842834,59.44389,-0.5934525,56.11591,-0.4992752,54.42352,-0.4456253,41.73283,-3.445198,86.5628,-1.427719,100.7815,-0.8270721,108.367,-0.7078018,82.16193,-0.7336426
30.758329391479492,,,,,,,,,,,,,,,15.87478,-0.7287979,28.21019,0.1485672,41.37529,-0.05923462,52.57103,-0.7921066,60.97981,-0.4842834,59.18705,-0.594429,55.90985,-0.5168533,54.23016,-0.4446487,41.37541,-3.449104,85.96514,-1.434555,100.1067,-0.8329315,107.7566,-0.7097549,81.82111,-0.7365723
30.766666666666666,0.0,-209.0,-14.0,-69.0,-3.0,-789.0,-10.0,-3610.0,-2.0,-6831.0,-4.0,-800.0,-3.0,-2352.0,,,,,,,,,,,,,,,,,,,,,,,,,,
30.76667022705078,,,,,,,,,,,,,,,15.84158,-0.7327042,28.1223,0.15345,41.21318,-0.05337524,52.36302,-0.7784348,60.72493,-0.4862366,58.93021,-0.5895462,55.69989,-0.5324783,54.0368,-0.4466019,41.02092,-3.460823,85.36651,-1.440414,99.4348,-0.8358612,107.1424,-0.7136612,81.47932,-0.7385254
30.774999618530273,,,,,,,,,,,,,,,15.80837,-0.7356339,28.03539,0.1612625,41.05009,-0.05044556,52.16771,-0.7618332,60.47493,-0.4911194,58.67435,-0.5807571,55.48896,-0.5432205,53.84246,-0.4534378,40.67131,-3.479378,84.77276,-1.445297,98.76781,-0.8387909,106.5262,-0.718544,81.12385,-0.7375488
30.7833309173584,,,,,,,,,,,,,,,15.77419,-0.7385635,27.95335,0.1710281,40.89287,-0.04946899,51.98119,-0.7462082,60.22688,-0.4989319,58.41654,-0.5709915,55.27802,-0.5441971,53.65105,-0.4612503,40.32951,-3.501839,84.17803,-1.45018,98.10179,-0.8387909,105.907,-0.7224503,80.75471,-0.7336426
30.791669845581055,,,,,,,,,,,,,,,15.73513,-0.7395401,27.87035,0.1778641,40.73466,-0.05044556,51.79662,-0.7305832,59.98469,-0.5096741,58.16166,-0.5592728,55.06513,-0.5393143,53.4616,-0.4729691,39.98869,-3.525276,83.58428,-1.457016,97.43675,-0.8368378,105.2879,-0.7244034,80.37385,-0.7287598
30.799999237060547,,,,,,,,,,,,,,,15.69411,-0.7405167,27.79027,0.1798172,40.58232,-0.05435181,51.61205,-0.7208176,59.74543,-0.5233459,57.91166,-0.5504837,54.84735,-0.5256424,53.27898,-0.4915237,39.6508,-3.55262,82.99346,-1.466782,96.76683,-0.8348846,104.6717,-0.7234268,79.98322,-0.7199707
30.8,0.0,-209.0,-14.0,-72.0,-3.0,-788.0,-10.0,-3616.0,-2.0,-6831.0,-4.0,-803.0,-2.0,-2356.0,,,,,,,,,,,,,,,,,,,,,,,,,,
30.808330535888672,,,,,,,,,,,,,,,15.65212,-0.7414932,27.71214,0.1759109,40.43486,-0.06021118,51.42943,-0.7178879,59.50422,-0.5360413,57.65775,-0.5456009,54.62958,-0.5061111,53.09344,-0.5120316,39.31389,-3.577034,82.39678,-1.477524,96.10081,-0.8300018,104.0623,-0.7214737,79.58576,-0.708252
30.816669464111328,,,,,,,,,,,,,,,15.61013,-0.7424698,27.63402,0.169075,40.29131,-0.06704712,51.23509,-0.719841,59.26399,-0.5458069,57.40971,-0.5426712,54.41083,-0.4836502,52.9118,-0.5344925,38.98381,-3.600471,81.8001,-1.495102,95.4348,-0.8290253,103.4549,-0.7195206,79.18732,-0.7004395
30.825000762939453,,,,,,,,,,,,,,,15.57107,-0.7424698,27.55492,0.1593094,40.15166,-0.07192993,51.03001,-0.7266769,59.01985,-0.5506897,57.16654,-0.5456009,54.19306,-0.4602127,52.73211,-0.5559769,38.6508,-3.620979,81.20831,-1.519516,94.76781,-0.8309784,102.8562,-0.7214737,78.79572,-0.6936035
30.833330154418945,,,,,,,,,,,,,,,15.53103,-0.7414932,27.47581,0.1485672,40.01299,-0.07778931,50.82103,-0.7374191,58.77961,-0.5506897,56.92728,-0.55439,53.97431,-0.4357986,52.55242,-0.5745316,38.32268,-3.638557,80.61846,-1.545883,94.1057,-0.8368378,102.2596,-0.7253799,78.40803,-0.6916504
30.833333333333332,0.0,-209.0,-14.0,-77.0,-3.0,-784.0,-9.0,-3620.0,-1.0,-6836.0,-3.0,-804.0,-2.0,-2357.0,,,,,,,,,,,,,,,,,,,,,,,,,,
30.8416690826416,,,,,,,,,,,,,,,15.49294,-0.737587,27.39183,0.1397781,39.87822,-0.08169556,50.60228,-0.751091,58.53547,-0.54776,56.69389,-0.5651321,53.75946,-0.4182205,52.37176,-0.5872269,37.99651,-3.652229,80.03252,-1.57225,93.45042,-0.8446503,101.66,-0.734169,78.02912,-0.6916504
30.850000381469727,,,,,,,,,,,,,,,15.45583,-0.7317276,27.30687,0.1358719,39.73955,-0.08462524,50.38353,-0.7637863,58.29622,-0.5409241,56.46342,-0.5758743,53.5456,-0.4065018,52.19598,-0.5960159,37.67717,-3.660042,79.45245,-1.598618,92.80394,-0.8534393,101.0643,-0.7478409,77.65705,-0.6965332
30.85832977294922,,,,,,,,,,,,,,,15.41775,-0.7239151,27.218,0.1339188,39.5999,-0.08853149,50.16673,-0.7735519,58.055,-0.5311584,56.23978,-0.5866165,53.33564,-0.4035721,52.01824,-0.5960159,37.35979,-3.665901,78.88311,-1.619125,92.16234,-0.8602753,100.4617,-0.7644424,77.28303,-0.7053223
30.866666666666667,0.0,-205.0,-14.0,-75.0,-3.0,-781.0,-9.0,-3617.0,-1.0,-6842.0,-3.0,-800.0,-1.0,-2354.0,,,,,,,,,,,,,,,,,,,,,,,,,,
30.866670608520508,,,,,,,,,,,,,,,15.37673,-0.7121964,27.12914,0.1329422,39.46025,-0.09243774,49.95287,-0.7833176,57.81477,-0.5174866,56.01713,-0.5983353,53.12372,-0.4065018,51.83758,-0.58918,37.04729,-3.672737,78.32745,-1.635727,91.53148,-0.8651581,99.8582,-0.7790909,76.909,-0.7180176
30.875,,,,,,,,,,,,,,,15.33181,-0.6975479,27.0432,0.1329422,39.3167,-0.09536743,49.74681,-0.7921066,57.57551,-0.5067444,55.7935,-0.6061478,52.91278,-0.4152908,51.65594,-0.5803909,36.73479,-3.675667,77.77569,-1.644516,90.90453,-0.8641815,99.25468,-0.7898331,76.52912,-0.7287598
30.883329391479492,,,,,,,,,,,,,,,15.28591,-0.6848526,26.95628,0.1319656,39.17705,-0.09927368,49.54369,-0.7999191,57.33332,-0.4940491,55.57084,-0.6110306,52.70185,-0.426033,51.47332,-0.5696487,36.42815,-3.67469,77.23272,-1.646469,90.27464,-0.856369,98.65703,-0.796669,76.14533,-0.7414551
30.89167022705078,,,,,,,,,,,,,,,15.23513,-0.6731339,26.87132,0.1270828,39.03642,-0.1022034,49.3474,-0.8028488,57.09114,-0.4823303,55.34721,-0.610054,52.48407,-0.4357986,51.28875,-0.5589066,36.1176,-3.673714,76.69561,-1.64061,89.64769,-0.8456268,98.06425,-0.7976456,75.75861,-0.7580566
30.899999618530273,,,,,,,,,,,,,,,15.18533,-0.6633682,26.78636,0.1212234,38.89189,-0.1022034,49.15404,-0.8067551,56.84895,-0.4686584,55.11869,-0.6051712,52.26532,-0.4406815,51.10125,-0.5501175,35.80901,-3.670784,76.16436,-1.632797,89.01781,-0.8329315,97.47832,-0.7937393,75.36701,-0.770752
30.9,0.0,-204.0,-15.0,-69.0,-3.0,-781.0,-9.0,-3612.0,-1.0,-6848.0,-3.0,-798.0,0.0,-2349.0,,,,,,,,,,,,,,,,,,,,,,,,,,
30.9083309173584,,,,,,,,,,,,,,,15.13357,-0.6604385,26.70726,0.1134109,38.75224,-0.09634399,48.96165,-0.8116379,56.60872,-0.45401,54.88529,-0.6002884,52.04267,-0.4387283,50.91277,-0.5432816,35.49651,-3.666878,75.63409,-1.624008,88.38304,-0.8202362,96.90117,-0.7839737,74.97541,-0.7824707
30.916669845581055,,,,,,,,,,,,,,,15.08376,-0.6623917,26.62914,0.1055984,38.60869,-0.08657837,48.76732,-0.813591,56.37239,-0.4413147,54.65189,-0.5924759,51.81903,-0.4318924,50.7243,-0.5462112,35.18694,-3.663948,75.1087,-1.617172,87.7473,-0.8104706,96.3289,-0.7732315,74.58772,-0.7902832
30.924999237060547,,,,,,,,,,,,,,,15.03689,-0.6672745,26.55394,0.09876251,38.46709,-0.07388306,48.57591,-0.8145676,56.13801,-0.4295959,54.41654,-0.5846634,51.5915,-0.4191971,50.53973,-0.5540237,34.87737,-3.661018,74.58819,-1.611313,87.11546,-0.8036346,95.75859,-0.7615128,74.20588,-0.7922363
30.933330535888672,,,,,,,,,,,,,,,14.99197,-0.675087,26.4807,0.09485626,38.32549,-0.06314087,48.38451,-0.8194504,55.9095,-0.4217834,54.18217,-0.5768509,51.36982,-0.4035721,50.3532,-0.5628128,34.57365,-3.656136,74.06182,-1.60643,86.48558,-0.7987518,95.18828,-0.7517471,73.82697,-0.7883301
30.933333333333334,0.0,-202.0,-15.0,-59.0,-3.0,-782.0,-9.0,-3611.0,-1.0,-6854.0,-3.0,-802.0,0.0,-2345.0,,,,,,,,,,,,,,,,,,,,,,,,,,
30.941669464111328,,,,,,,,,,,,,,,14.94997,-0.6819229,26.40941,0.09290314,38.18291,-0.05239868,48.19505,-0.8233566,55.68489,-0.4129944,53.95365,-0.570015,51.14618,-0.3918533,50.16863,-0.5725784,34.2758,-3.651253,73.54034,-1.607407,85.8596,-0.7967987,94.61699,-0.7429581,73.45588,-0.7775879
30.950000762939453,,,,,,,,,,,,,,,14.90798,-0.6887589,26.3391,0.09485626,38.04326,-0.04458618,48.00951,-0.8262863,55.45735,-0.4051819,53.72807,-0.5661087,50.9245,-0.3840408,49.98113,-0.5833206,33.98381,-3.648323,73.01983,-1.60936,85.23656,-0.7967987,94.04472,-0.7400284,73.08967,-0.7619629
30.958330154418945,,,,,,,,,,,,,,,14.86794,-0.6955948,26.27074,0.1016922,37.90654,-0.04263306,47.8308,-0.8301926,55.23274,-0.4022522,53.50639,-0.570015,50.71161,-0.3801346,49.78875,-0.5901566,33.6967,-3.642464,72.50127,-1.612289,84.62425,-0.7977753,93.46562,-0.7410049,72.72541,-0.7434082
30.966666666666665,0.0,-197.0,-15.0,-53.0,-3.0,-784.0,-9.0,-3611.0,0.0,-6864.0,-3.0,-804.0,0.0,-2340.0,,,,,,,,,,,,,,,,,,,,,,,,,,
30.9666690826416,,,,,,,,,,,,,,,14.82888,-0.7024307,26.20042,0.1095047,37.76982,-0.03970337,47.65208,-0.8340988,55.0052,-0.4012756,53.29252,-0.5758743,50.49872,-0.3820877,49.59344,-0.5940628,33.41643,-3.633675,71.97979,-1.612289,84.01878,-0.800705,92.88457,-0.7458878,72.36311,-0.7258301
30.975000381469727,,,,,,,,,,,,,,,14.78982,-0.715126,26.12718,0.1192703,37.63408,-0.03970337,47.47826,-0.8389816,54.78059,-0.4032288,53.07767,-0.58564,50.29071,-0.3889236,49.39227,-0.5960159,33.14299,-3.621956,71.46514,-1.612289,83.41624,-0.8055878,92.30742,-0.7566299,72.00178,-0.7131348
30.98332977294922,,,,,,,,,,,,,,,14.74978,-0.7287979,26.05003,0.1329422,37.49931,-0.04067993,47.3054,-0.8419113,54.5511,-0.4110413,52.86283,-0.5993118,50.08759,-0.3967361,49.18816,-0.5921097,32.87151,-3.611214,70.95733,-1.610336,82.82738,-0.8134003,91.73125,-0.7663956,71.6385,-0.7053223
30.991670608520508,,,,,,,,,,,,,,,14.70974,-0.7444229,25.96898,0.1475906,37.36357,-0.04067993,47.13158,-0.844841,54.32649,-0.4256897,52.64408,-0.6159134,49.88642,-0.401619,48.98406,-0.5852737,32.6049,-3.602425,70.44952,-1.608383,82.2473,-0.8221893,91.15508,-0.7751846,71.27326,-0.7004395
31.0,0.0,-192.0,-16.0,-52.0,-3.0,-785.0,-9.0,-3611.0,0.0,-6876.0,-3.0,-806.0,0.0,-2338.0,14.67165,-0.7629776,25.88597,0.1622391,37.22588,-0.04263306,46.9597,-0.8477707,54.10188,-0.4471741,52.42728,-0.6305618,49.68622,-0.4065018,48.78094,-0.5794144,32.33342,-3.595589,69.95245,-1.60643,81.67992,-0.8300018,90.58183,-0.7800674,70.909,-0.6984863
31.008329391479492,,,,,,,,,,,,,,,14.6365,-0.7815323,25.79808,0.1729813,37.09013,-0.04360962,46.7888,-0.8487473,53.88118,-0.469635,52.20756,-0.6403275,49.48603,-0.4055252,48.58172,-0.573555,32.06487,-3.590706,69.46026,-1.605453,81.12132,-0.8358612,90.00957,-0.7820206,70.54084,-0.6984863
31.01667022705078,,,,,,,,,,,,,,,14.60232,-0.7991104,25.71214,0.1788406,36.95244,-0.04556274,46.61693,-0.8487473,53.66536,-0.4950256,51.99369,-0.6461868,49.2829,-0.401619,48.38738,-0.5657425,31.79338,-3.590706,68.97588,-1.610336,80.57249,-0.8397675,89.43828,-0.781044,70.17072,-0.6975098
31.024999618530273,,,,,,,,,,,,,,,14.56618,-0.8108292,25.62523,0.1817703,36.81572,-0.04849243,46.44408,-0.8458176,53.45442,-0.51651,51.77885,-0.6471634,49.07782,-0.3938065,48.19793,-0.5598831,31.52385,-3.595589,68.50323,-1.619125,80.02562,-0.8387909,88.8709,-0.7781143,69.79768,-0.6936035
31.0333309173584,,,,,,,,,,,,,,,14.52712,-0.8215714,25.5432,0.1768875,36.68291,-0.05142212,46.26927,-0.8380051,53.24739,-0.532135,51.56791,-0.6461868,48.86982,-0.3840408,48.01043,-0.5589066,31.25432,-3.605354,68.03741,-1.630844,79.48363,-0.8358612,88.31621,-0.7732315,69.42463,-0.6867676
31.033333333333335,0.0,-189.0,-15.0,-56.0,-4.0,-785.0,-9.0,-3609.0,-1.0,-6887.0,-3.0,-805.0,-1.0,-2342.0,,,,,,,,,,,,,,,,,,,,,,,,,,
31.041669845581055,,,,,,,,,,,,,,,14.48708,-0.8293839,25.46312,0.169075,36.554,-0.05532837,46.0974,-0.8272629,53.04622,-0.5399475,51.35795,-0.6432571,48.66181,-0.3772049,47.82195,-0.5598831,30.99455,-3.616096,67.57549,-1.644516,78.94554,-0.8348846,87.75957,-0.7683487,69.05256,-0.6760254
31.049999237060547,,,,,,,,,,,,,,,14.44314,-0.8352432,25.3889,0.1593094,36.42998,-0.05825806,45.92357,-0.8174973,52.847,-0.5389709,51.14701,-0.641304,48.45575,-0.3723221,47.63543,-0.5628128,30.73283,-3.629768,67.11749,-1.657211,78.40843,-0.8358612,87.21269,-0.7663956,68.68439,-0.6652832
31.058330535888672,,,,,,,,,,,,,,,14.39626,-0.8371964,25.31761,0.1456375,36.30595,-0.05923462,45.74779,-0.8096848,52.65168,-0.5311584,50.9351,-0.641304,48.25165,-0.3693924,47.44402,-0.5647659,30.47795,-3.642464,66.66338,-1.665024,77.87328,-0.8397675,86.67363,-0.7634659,68.31916,-0.654541
31.066666666666666,0.0,-187.0,-15.0,-61.0,-4.0,-784.0,-10.0,-3609.0,-1.0,-6894.0,-3.0,-804.0,-2.0,-2347.0,,,,,,,,,,,,,,,,,,,,,,,,,,
31.066669464111328,,,,,,,,,,,,,,,14.34646,-0.8362198,25.2473,0.1358719,36.18877,-0.05923462,45.57494,-0.8038254,52.45832,-0.5194397,50.71732,-0.6432571,48.0495,-0.3742752,47.25164,-0.5667191,30.23186,-3.656136,66.21221,-1.666,77.33519,-0.84758,86.14531,-0.7595596,67.95979,-0.6437988
31.075000762939453,,,,,,,,,,,,,,,14.2947,-0.831337,25.17894,0.1300125,36.07353,-0.05923462,45.39622,-0.8008957,52.26204,-0.5067444,50.49564,-0.6461868,47.85321,-0.3830643,47.06023,-0.5676956,29.98576,-3.666878,65.76104,-1.659164,76.80101,-0.8583221,85.62285,-0.7537003,67.61018,-0.6379395
31.083330154418945,,,,,,,,,,,,,,,14.24685,-0.8205948,25.10667,0.1280594,35.9583,-0.05923462,45.2224,-0.8028488,52.0677,-0.4969788,50.27299,-0.64814,47.66083,-0.3928299,46.8698,-0.5676956,29.74162,-3.675667,65.31084,-1.646469,76.26781,-0.8710175,85.10039,-0.7439346,67.26154,-0.6359863
31.0916690826416,,,,,,,,,,,,,,,14.20095,-0.8030167,25.03441,0.1300125,35.84013,-0.05923462,45.04662,-0.8067551,51.86946,-0.4940491,50.05131,-0.6452103,47.46357,-0.4035721,46.68328,-0.5657425,29.50432,-3.68055,64.8626,-1.631821,75.73753,-0.8817596,84.58672,-0.7351456,66.91486,-0.638916
31.1,0.0,-185.0,-16.0,-63.0,-4.0,-784.0,-10.0,-3614.0,-1.0,-6899.0,-3.0,-800.0,-2.0,-2351.0,,,,,,,,,,,,,,,,,,,,,,,,,,
31.100000381469727,,,,,,,,,,,,,,,14.15505,-0.7815323,24.95726,0.137825,35.72099,-0.06314087,44.87181,-0.8116379,51.66633,-0.4989319,49.8306,-0.6422806,47.27216,-0.410408,46.49383,-0.5637894,29.26506,-3.683479,64.41827,-1.619125,75.21019,-0.8905487,84.07207,-0.7283096,66.56525,-0.6467285
31.10832977294922,,,,,,,,,,,,,,,14.11013,-0.7590714,24.87718,0.1485672,35.60283,-0.06509399,44.69994,-0.8116379,51.46321,-0.5086975,49.61674,-0.6354446,47.07782,-0.4143143,46.30828,-0.5647659,29.03166,-3.685432,63.971,-1.613266,74.68773,-0.8964081,83.55937,-0.7234268,66.20881,-0.6555176
31.116670608520508,,,,,,,,,,,,,,,14.06521,-0.7385635,24.79808,0.1602859,35.48076,-0.06900024,44.53001,-0.8087082,51.25911,-0.5252991,49.40873,-0.6266556,46.88056,-0.4143143,46.12469,-0.5667191,28.80217,-3.687386,63.52569,-1.611313,74.16624,-0.903244,83.04765,-0.7224503,65.84455,-0.6652832
31.125,,,,,,,,,,,,,,,14.02126,-0.7248917,24.72289,0.1739578,35.35478,-0.07681274,44.36205,-0.8018723,51.05207,-0.5409241,49.20951,-0.6178665,46.68329,-0.410408,45.94012,-0.5686722,28.57365,-3.690315,63.08526,-1.615219,73.6516,-0.9120331,82.53496,-0.7283096,65.4715,-0.6750488
31.133329391479492,,,,,,,,,,,,,,,13.97536,-0.7190323,24.64867,0.1856766,35.23076,-0.08560181,44.20287,-0.7930832,50.84797,-0.5526428,49.01225,-0.6129837,46.48603,-0.4045486,45.75555,-0.5706253,28.34514,-3.695198,62.64092,-1.625961,73.13695,-0.9198456,82.02519,-0.7390518,65.09553,-0.6809082
31.133333333333333,0.0,-183.0,-16.0,-63.0,-4.0,-780.0,-9.0,-3623.0,-1.0,-6902.0,-3.0,-797.0,-2.0,-2351.0,,,,,,,,,,,,,,,,,,,,,,,,,,
31.14167022705078,,,,,,,,,,,,,,,13.92849,-0.7200089,24.58031,0.1944656,35.10381,-0.09439087,44.03978,-0.7833176,50.64582,-0.5575256,48.82182,-0.6090775,46.29071,-0.3967361,45.57195,-0.5716019,28.12053,-3.703987,62.20342,-1.635727,72.62328,-0.9276581,81.51445,-0.7566299,64.71955,-0.6867676
31.149999618530273,,,,,,,,,,,,,,,13.88259,-0.7268448,24.5139,0.2013016,34.97783,-0.1022034,43.87962,-0.7764816,50.4427,-0.5516663,48.62943,-0.6071243,46.0954,-0.3899002,45.38934,-0.5745316,27.89494,-3.710823,61.77666,-1.644516,72.1096,-0.9325409,81.00371,-0.7781143,64.34064,-0.6887207
31.1583309173584,,,,,,,,,,,,,,,13.83767,-0.7356339,24.45238,0.2032547,34.85478,-0.1051331,43.71751,-0.7725754,50.23957,-0.5360413,48.43803,-0.6071243,45.90302,-0.3850174,45.20379,-0.5774612,27.66838,-3.714729,61.35577,-1.648422,71.60081,-0.934494,80.50078,-0.8015518,63.97346,-0.6916504
31.166666666666668,0.0,-183.0,-17.0,-61.0,-4.0,-776.0,-9.0,-3629.0,-1.0,-6909.0,-3.0,-797.0,-2.0,-2342.0,,,,,,,,,,,,,,,,,,,,,,,,,,
31.166669845581055,,,,,,,,,,,,,,,13.7947,-0.7424698,24.39085,0.2032547,34.73564,-0.1070862,43.55638,-0.7764816,50.04036,-0.5116272,48.24369,-0.6061478,45.71357,-0.3830643,45.01922,-0.5833206,27.44572,-3.713753,60.94366,-1.649399,71.08617,-0.9335175,79.99004,-0.8240128,63.61115,-0.6984863
31.174999237060547,,,,,,,,,,,,,,,13.75368,-0.7473526,24.32738,0.1973953,34.61845,-0.1051331,43.39134,-0.7882004,49.83723,-0.4842834,48.0435,-0.6002884,45.52314,-0.3801346,44.83562,-0.5901566,27.22014,-3.706917,60.54815,-1.649399,70.5764,-0.9266815,79.48515,-0.8464737,63.26447,-0.7072754
31.183330535888672,,,,,,,,,,,,,,,13.71267,-0.7502823,24.26292,0.1886063,34.50224,-0.09927368,43.22826,-0.8018723,49.63606,-0.4579163,47.8433,-0.5895462,45.33271,-0.379158,44.65105,-0.5989456,26.99651,-3.700081,60.16143,-1.646469,70.07054,-0.9169159,78.98515,-0.8640518,62.92365,-0.7180176
31.191669464111328,,,,,,,,,,,,,,,13.67556,-0.753212,24.19359,0.1798172,34.39482,-0.09146118,43.06517,-0.8155441,49.43684,-0.4335022,47.6431,-0.5758743,45.14032,-0.3811111,44.46453,-0.6077347,26.77776,-3.692268,59.77862,-1.643539,69.56956,-0.9061737,78.49004,-0.8738174,62.59162,-0.7316895
31.2,0.0,-187.0,-17.0,-56.0,-4.0,-773.0,-9.0,-3636.0,-1.0,-6918.0,-3.0,-799.0,-2.0,-2335.0,,,,,,,,,,,,,,,,,,,,,,,,,,
31.200000762939453,,,,,,,,,,,,,,,13.6365,-0.7600479,24.12035,0.1700516,34.28935,-0.08071899,42.90306,-0.8282394,49.24543,-0.4149475,47.44389,-0.5602493,44.94696,-0.3830643,44.28191,-0.6145706,26.55901,-3.685432,59.40459,-1.641586,69.07542,-0.8964081,77.99687,-0.874794,62.2674,-0.7453613
31.208330154418945,,,,,,,,,,,,,,,13.59841,-0.7678604,24.04222,0.1622391,34.18193,-0.07388306,42.74974,-0.8389816,49.05207,-0.4012756,47.24955,-0.547554,44.7497,-0.3850174,44.10223,-0.62043,26.34709,-3.682503,59.02959,-1.64061,68.5891,-0.8915253,77.5125,-0.8669815,61.94807,-0.7590332
31.2166690826416,,,,,,,,,,,,,,,13.55935,-0.7795792,23.96507,0.1583328,34.08037,-0.07388306,42.59642,-0.8438644,48.86555,-0.3954163,47.0601,-0.5407181,44.55341,-0.3889236,43.92547,-0.6223831,26.14299,-3.686409,58.6585,-1.641586,68.11546,-0.8885956,77.03496,-0.8513565,61.62873,-0.7697754
31.225000381469727,,,,,,,,,,,,,,,13.51833,-0.7971573,23.8889,0.1563797,33.97392,-0.07485962,42.44701,-0.8438644,48.67903,-0.3944397,46.87455,-0.5446243,44.362,-0.3899002,43.74871,-0.6214066,25.93987,-3.695198,58.28448,-1.647446,67.64378,-0.8866425,76.56035,-0.8288956,61.30939,-0.7766113
31.23332977294922,,,,,,,,,,,,,,,13.47829,-0.8127823,23.81078,0.1563797,33.86748,-0.07778931,42.29759,-0.8428879,48.49836,-0.3954163,46.69682,-0.5573196,44.16864,-0.385994,43.57879,-0.62043,25.74944,-3.704964,57.90362,-1.658188,67.17601,-0.8866425,76.09355,-0.8015518,60.98615,-0.7775879
31.233333333333334,0.0,-187.0,-17.0,-53.0,-3.0,-770.0,-9.0,-3645.0,-1.0,-6924.0,-2.0,-801.0,-2.0,-2330.0,,,,,,,,,,,,,,,,,,,,,,,,,,
31.241670608520508,,,,,,,,,,,,,,,13.43533,-0.8264542,23.73558,0.1563797,33.75224,-0.08169556,42.15111,-0.8399582,48.31477,-0.4002991,46.52396,-0.5797806,43.98114,-0.3811111,43.40789,-0.62043,25.56194,-3.714729,57.52569,-1.670883,66.70726,-0.887619,75.63164,-0.7742081,60.66291,-0.7746582
31.25,,,,,,,,,,,,,,,13.39724,-0.8352432,23.66331,0.15345,33.63701,-0.08657837,42.00267,-0.8399582,48.12922,-0.4081116,46.35209,-0.6090775,43.7956,-0.370369,43.23602,-0.6194534,25.37639,-3.720589,57.14776,-1.683578,66.24535,-0.8856659,75.1707,-0.749794,60.33674,-0.7687988
31.258329391479492,,,,,,,,,,,,,,,13.35915,-0.8391495,23.593,0.1436844,33.51787,-0.08755493,41.85228,-0.8419113,47.94856,-0.4149475,46.18314,-0.6393509,43.61103,-0.3596268,43.06414,-0.6194534,25.18987,-3.724495,56.76885,-1.699203,65.78441,-0.8837128,74.71269,-0.7322159,60.01252,-0.7609863
31.266666666666666,0.0,-182.0,-17.0,-52.0,-3.0,-768.0,-9.0,-3654.0,-1.0,-6929.0,-3.0,-801.0,-2.0,-2329.0,,,,,,,,,,,,,,,,,,,,,,,,,,
31.26667022705078,,,,,,,,,,,,,,,13.32497,-0.840126,23.5266,0.1290359,33.39873,-0.08657837,41.70189,-0.8458176,47.76594,-0.4217834,46.01225,-0.6666946,43.4245,-0.347908,42.88641,-0.6223831,25.00237,-3.724495,56.39678,-1.709946,65.3264,-0.8807831,74.25468,-0.7214737,59.68147,-0.7521973
31.274999618530273,,,,,,,,,,,,,,,13.29275,-0.8371964,23.46019,0.1124344,33.28349,-0.08462524,41.55247,-0.8526535,47.58332,-0.4276428,45.84525,-0.6862259,43.23896,-0.339119,42.70672,-0.6243362,24.80998,-3.719612,56.02569,-1.717758,64.87718,-0.8768768,73.80156,-0.7195206,59.35041,-0.748291
31.2833309173584,,,,,,,,,,,,,,,13.26443,-0.8323135,23.39671,0.08997345,33.17216,-0.08071899,41.40501,-0.8594894,47.40168,-0.4325256,45.67728,-0.6989212,43.05634,-0.3342361,42.52312,-0.6253128,24.61272,-3.715706,55.65752,-1.720688,64.43773,-0.8739471,73.35136,-0.7244034,59.01838,-0.7512207
31.291669845581055,,,,,,,,,,,,,,,13.23708,-0.8264542,23.33031,0.06848907,33.06474,-0.08169556,41.26244,-0.8663254,47.22395,-0.4354553,45.50932,-0.7008743,42.87568,-0.3342361,42.34051,-0.6253128,24.41154,-3.712776,55.2962,-1.715805,64.00706,-0.8710175,72.89922,-0.7331924,58.68732,-0.7590332
31.299999237060547,,,,,,,,,,,,,,,13.20876,-0.8205948,23.26683,0.0470047,32.9622,-0.08657837,41.12572,-0.8751144,47.04719,-0.4364319,45.33939,-0.6979446,42.69599,-0.3400955,42.15887,-0.6243362,24.2094,-3.710823,54.94073,-1.707016,63.58812,-0.8700409,72.45586,-0.7439346,58.36115,-0.7658691
31.3,0.0,-179.0,-17.0,-54.0,-3.0,-764.0,-9.0,-3658.0,-1.0,-6932.0,-4.0,-799.0,-2.0,-2329.0,,,,,,,,,,,,,,,,,,,,,,,,,,
31.308330535888672,,,,,,,,,,,,,,,13.17947,-0.8147354,23.20238,0.0313797,32.86259,-0.09146118,40.99583,-0.8809738,46.87141,-0.4364319,45.16947,-0.6911087,42.52509,-0.347908,41.97918,-0.6214066,24.01018,-3.710823,54.58916,-1.695297,63.17503,-0.8690643,72.02031,-0.7546768,58.03107,-0.7736816
31.316669464111328,,,,,,,,,,,,,,,13.14919,-0.8098526,23.13695,0.0235672,32.76103,-0.09243774,40.86302,-0.8858566,46.70051,-0.4335022,44.99564,-0.6813431,42.35907,-0.3596268,41.80145,-0.6155472,23.81779,-3.714729,54.24151,-1.683578,62.76683,-0.8661346,71.58769,-0.7634659,57.70881,-0.7805176
31.325000762939453,,,,,,,,,,,,,,,13.11111,-0.8059464,23.07054,0.02063751,32.65752,-0.08853149,40.73314,-0.8878098,46.53059,-0.4335022,44.82084,-0.6715775,42.20185,-0.370369,41.62566,-0.6096878,23.6342,-3.720589,53.90166,-1.673813,62.36351,-0.8641815,71.15898,-0.7683487,57.39338,-0.7814941
31.333330154418945,,,,,,,,,,,,,,,13.07009,-0.8039932,23.00316,0.0235672,32.55009,-0.08071899,40.6013,-0.8887863,46.35774,-0.4335022,44.64115,-0.663765,42.0456,-0.379158,41.45184,-0.6038284,23.45744,-3.729378,53.5628,-1.664047,61.968,-0.8612518,70.73125,-0.7703018,57.08576,-0.7766113
31.333333333333332,0.0,-178.0,-16.0,-54.0,-3.0,-764.0,-9.0,-3660.0,-1.0,-6935.0,-4.0,-798.0,-1.0,-2329.0,,,,,,,,,,,,,,,,,,,,,,,,,,
31.3416690826416,,,,,,,,,,,,,,,13.02517,-0.8030167,22.93773,0.03528595,32.44365,-0.06900024,40.46361,-0.8878098,46.19465,-0.4364319,44.45951,-0.6579056,41.8913,-0.3889236,41.27605,-0.5930862,23.28654,-3.74305,53.2337,-1.659164,61.57249,-0.8524628,70.30058,-0.7703018,56.784,-0.7668457
31.350000381469727,,,,,,,,,,,,,,,12.97732,-0.8049698,22.87035,0.05188751,32.33525,-0.05142212,40.32103,-0.8848801,46.02668,-0.438385,44.27885,-0.6510696,41.73896,-0.3977127,41.10125,-0.5842972,23.11858,-3.758675,52.90362,-1.659164,61.17308,-0.8426971,69.86992,-0.7703018,56.48908,-0.7561035
31.35832977294922,,,,,,,,,,,,,,,12.92849,-0.8049698,22.80296,0.07239532,32.22783,-0.03482056,40.17552,-0.8809738,45.8675,-0.4432678,44.09623,-0.6442337,41.57978,-0.4045486,40.92352,-0.5774612,22.95354,-3.7743,52.5794,-1.662094,60.77757,-0.831955,69.43437,-0.7703018,56.19807,-0.7443848
31.366666666666667,0.0,-177.0,-16.0,-58.0,-4.0,-766.0,-9.0,-3662.0,-1.0,-6938.0,-5.0,-798.0,-1.0,-2330.0,,,,,,,,,,,,,,,,,,,,,,,,,,
31.366670608520508,,,,,,,,,,,,,,,12.88161,-0.8030167,22.73851,0.09583282,32.12138,-0.02212524,40.02806,-0.8780441,45.70539,-0.4520569,43.91557,-0.6393509,41.4206,-0.4143143,40.74578,-0.5706253,22.78362,-3.787971,52.26104,-1.666,60.38011,-0.8192596,68.99785,-0.7742081,55.91486,-0.7355957
31.375,,,,,,,,,,,,,,,12.83572,-0.7991104,22.67503,0.1202469,32.0208,-0.01333618,39.8806,-0.876091,45.54426,-0.4657288,43.73392,-0.6354446,41.25556,-0.4250565,40.57195,-0.5667191,22.60783,-3.798714,51.94463,-1.670883,59.97972,-0.8065643,68.56035,-0.781044,55.63264,-0.7277832
31.383329391479492,,,,,,,,,,,,,,,12.79275,-0.7893448,22.61351,0.1397781,31.92216,-0.01235962,39.73119,-0.8770676,45.38411,-0.4833069,43.55912,-0.632515,41.08466,-0.4367752,40.40008,-0.5657425,22.43108,-3.80262,51.63799,-1.674789,59.57835,-0.8016815,68.12773,-0.7869034,55.35139,-0.7209473
31.39167022705078,,,,,,,,,,,,,,,12.75368,-0.7805557,22.55785,0.1544266,31.82841,-0.01724243,39.58763,-0.8780441,45.22004,-0.4999084,43.38627,-0.6334915,40.91181,-0.4494705,40.23113,-0.5676956,22.25139,-3.800667,51.33331,-1.675766,59.17503,-0.8026581,67.70195,-0.7947159,55.06623,-0.7180176
31.399999618530273,,,,,,,,,,,,,,,12.71267,-0.7727432,22.50121,0.1632156,31.73564,-0.02310181,39.4431,-0.8790207,45.05598,-0.51651,43.21928,-0.6373978,40.74091,-0.464119,40.07,-0.5716019,22.07365,-3.790901,51.02666,-1.674789,58.77562,-0.809494,67.28593,-0.8015518,54.78205,-0.7150879
31.4,0.0,-177.0,-17.0,-58.0,-4.0,-766.0,-9.0,-3665.0,-2.0,-6940.0,-5.0,-799.0,-1.0,-2332.0,,,,,,,,,,,,,,,,,,,,,,,,,,
31.4083309173584,,,,,,,,,,,,,,,12.67361,-0.7678604,22.44847,0.1622391,31.64677,-0.02993774,39.29955,-0.8780441,44.89094,-0.5292053,43.05814,-0.6422806,40.56903,-0.4768143,39.90984,-0.5755081,21.90178,-3.777229,50.72295,-1.67186,58.37816,-0.8231659,66.87578,-0.8064346,54.49006,-0.7131348
31.416669845581055,,,,,,,,,,,,,,,12.63454,-0.7659073,22.39281,0.15345,31.55693,-0.03872681,39.15501,-0.8751144,44.72493,-0.5360413,42.90092,-0.6461868,40.39325,-0.488533,39.75359,-0.5833206,21.73479,-3.761604,50.41827,-1.665024,57.99828,-0.840744,66.47929,-0.8083878,54.19514,-0.7111816
31.424999237060547,,,,,,,,,,,,,,,12.59451,-0.7698135,22.33617,0.137825,31.47197,-0.04653931,39.01439,-0.8692551,44.55793,-0.5360413,42.74662,-0.6539993,40.22235,-0.4992752,39.59637,-0.5901566,21.57658,-3.744026,50.10772,-1.658188,57.62035,-0.8573456,66.08867,-0.8083878,53.89143,-0.7111816
31.433330535888672,,,,,,,,,,,,,,,12.5574,-0.7756729,22.27562,0.1212234,31.38506,-0.05044556,38.87669,-0.8633957,44.39485,-0.5292053,42.59135,-0.6608353,40.05146,-0.504158,39.43816,-0.5940628,21.42229,-3.730354,49.80206,-1.654282,57.25121,-0.8690643,65.69804,-0.8054581,53.58869,-0.7141113
31.433333333333334,0.0,-178.0,-16.0,-59.0,-4.0,-762.0,-8.0,-3665.0,-2.0,-6942.0,-5.0,-801.0,-1.0,-2333.0,,,,,,,,,,,,,,,,,,,,,,,,,,
31.441669464111328,,,,,,,,,,,,,,,12.52126,-0.7805557,22.21214,0.1046219,31.29619,-0.05239868,38.73607,-0.8555832,44.23957,-0.5174866,42.43998,-0.6647415,39.88153,-0.504158,39.27898,-0.5969925,21.2758,-3.721565,49.49639,-1.650375,56.89183,-0.871994,65.31718,-0.8005753,53.28107,-0.7189941
31.450000762939453,,,,,,,,,,,,,,,12.48513,-0.7825089,22.14867,0.08802032,31.20927,-0.05337524,38.60228,-0.8497238,44.08528,-0.5067444,42.28471,-0.6686478,39.71259,-0.4982986,39.11687,-0.5999222,21.13615,-3.716682,49.19073,-1.649399,56.53929,-0.8680878,64.93242,-0.7927628,52.97248,-0.7258301
31.458330154418945,,,,,,,,,,,,,,,12.4529,-0.7825089,22.08226,0.07727814,31.12138,-0.05337524,38.46947,-0.8458176,43.93586,-0.4960022,42.12846,-0.6735306,39.54755,-0.4865799,38.95477,-0.5999222,20.99846,-3.713753,48.89385,-1.651352,56.18773,-0.8553925,64.54765,-0.7839737,52.66682,-0.7346191
31.466666666666665,0.0,-180.0,-16.0,-60.0,-3.0,-760.0,-8.0,-3669.0,-2.0,-6938.0,-4.0,-805.0,-2.0,-2330.0,,,,,,,,,,,,,,,,,,,,,,,,,,
31.4666690826416,,,,,,,,,,,,,,,12.42263,-0.7756729,22.01781,0.07532501,31.02959,-0.05337524,38.34154,-0.8419113,43.79426,-0.4891663,41.97416,-0.6764603,39.38251,-0.472908,38.79168,-0.5960159,20.85979,-3.714729,48.60186,-1.652328,55.83421,-0.8348846,64.16679,-0.7761612,52.36701,-0.7434082
31.475000381469727,,,,,,,,,,,,,,,12.39626,-0.7668839,21.95335,0.07532501,30.93681,-0.05142212,38.21654,-0.8380051,43.65071,-0.4862366,41.82084,-0.6774368,39.22235,-0.4602127,38.63152,-0.5911331,20.72209,-3.716682,48.31377,-1.654282,55.47874,-0.8134003,63.78105,-0.7693253,52.07111,-0.7561035
31.48332977294922,,,,,,,,,,,,,,,12.37185,-0.7580948,21.89281,0.08216095,30.84209,-0.04653931,38.09349,-0.8331223,43.51008,-0.4881897,41.66947,-0.6774368,39.06708,-0.4475174,38.47332,-0.5862503,20.58244,-3.716682,48.02862,-1.655258,55.12621,-0.7967987,63.39726,-0.765419,51.78205,-0.7668457
31.491670608520508,,,,,,,,,,,,,,,12.34841,-0.7512589,21.83617,0.09290314,30.74345,-0.03872681,37.96947,-0.8253098,43.37043,-0.4920959,41.51713,-0.67939,38.91571,-0.4377518,38.31902,-0.5803909,20.44084,-3.713753,47.74541,-1.652328,54.76976,-0.7831268,63.00957,-0.7644424,51.49787,-0.7766113
31.5,0.0,-180.0,-15.0,-60.0,-2.0,-758.0,-8.0,-3673.0,-2.0,-6940.0,-4.0,-808.0,-3.0,-2326.0,12.324,-0.7453995,21.77855,0.106575,30.64482,-0.03091431,37.84935,-0.8184738,43.22883,-0.4950256,41.36381,-0.6803665,38.76435,-0.4357986,38.1657,-0.5764847,20.29631,-3.70594,47.46709,-1.645493,54.41429,-0.7801971,62.62578,-0.7673721,51.21857,-0.786377
31.508329391479492,,,,,,,,,,,,,,,12.29763,-0.746376,21.72191,0.1212234,30.54424,-0.02603149,37.72826,-0.8116379,43.08723,-0.4969788,41.21244,-0.6813431,38.61689,-0.4397049,38.01238,-0.5755081,20.15276,-3.696175,47.1878,-1.63768,54.06566,-0.7870331,62.23808,-0.7732315,50.94611,-0.7932129
31.51667022705078,,,,,,,,,,,,,,,12.26833,-0.753212,21.66527,0.1358719,30.44267,-0.02114868,37.60912,-0.8018723,42.94465,-0.4960022,41.05912,-0.6852493,38.46845,-0.4455643,37.86199,-0.5764847,20.00237,-3.683479,46.91045,-1.628891,53.72093,-0.800705,61.85527,-0.7781143,50.67463,-0.7990723
31.524999618530273,,,,,,,,,,,,,,,12.23513,-0.7610245,21.60765,0.1495438,30.34599,-0.01821899,37.48705,-0.7930832,42.80012,-0.4930725,40.90775,-0.688179,38.32294,-0.457283,37.7116,-0.5803909,19.85393,-3.671761,46.63702,-1.620102,53.37621,-0.8202362,61.47148,-0.7829971,50.409,-0.8010254
31.5333309173584,,,,,,,,,,,,,,,12.19802,-0.7659073,21.55296,0.1593094,30.25224,-0.02212524,37.36205,-0.7842941,42.65461,-0.4891663,40.75834,-0.6930618,38.1745,-0.4699783,37.56219,-0.5862503,19.70451,-3.661995,46.36456,-1.616196,53.03831,-0.8436737,61.09355,-0.7849503,50.14436,-0.802002
31.533333333333335,0.0,-179.0,-15.0,-61.0,-3.0,-755.0,-8.0,-3677.0,-2.0,-6945.0,-4.0,-811.0,-3.0,-2324.0,,,,,,,,,,,,,,,,,,,,,,,,,,
31.541669845581055,,,,,,,,,,,,,,,12.15896,-0.7698135,21.49925,0.1661453,30.15947,-0.02798462,37.23705,-0.7725754,42.50618,-0.4833069,40.61674,-0.6940384,38.02607,-0.4836502,37.4118,-0.5921097,19.55315,-3.658089,46.09893,-1.614243,52.70921,-0.8651581,60.72734,-0.7849503,49.88166,-0.802002
31.549999237060547,,,,,,,,,,,,,,,12.11794,-0.7727432,21.44847,0.169075,30.07353,-0.03677368,37.11205,-0.7589035,42.35481,-0.4774475,40.47807,-0.6891556,37.88056,-0.4973221,37.26434,-0.5960159,19.40276,-3.659065,45.83428,-1.615219,52.37718,-0.8827362,60.36894,-0.7869034,49.61994,-0.8000488
31.558330535888672,,,,,,,,,,,,,,,12.0779,-0.7717667,21.39867,0.1671219,29.98759,-0.04751587,36.98607,-0.7423019,42.20442,-0.4706116,40.34428,-0.6784134,37.73505,-0.5070877,37.11883,-0.5969925,19.25041,-3.669807,45.58135,-1.622055,52.05101,-0.8934784,60.02226,-0.7888565,49.36506,-0.7971191
31.566666666666666,0.0,-177.0,-16.0,-62.0,-3.0,-750.0,-7.0,-3680.0,-2.0,-6954.0,-4.0,-812.0,-3.0,-2322.0,,,,,,,,,,,,,,,,,,,,,,,,,,
31.566669464111328,,,,,,,,,,,,,,,12.03884,-0.7678604,21.35179,0.1632156,29.90654,-0.05435181,36.86009,-0.7276535,42.05305,-0.4657288,40.21244,-0.6618118,37.59052,-0.5129471,36.9743,-0.5999222,19.10002,-3.682503,45.33233,-1.630844,51.72972,-0.8983612,59.6873,-0.7956924,49.10236,-0.7902832
31.575000762939453,,,,,,,,,,,,,,,12.00173,-0.7649307,21.30785,0.1583328,29.82744,-0.05728149,36.73607,-0.7139816,41.89973,-0.4637756,40.0806,-0.641304,37.44989,-0.5149002,36.83074,-0.6018753,18.95354,-3.700081,45.09112,-1.639633,51.40843,-0.9012909,59.35332,-0.8064346,48.84064,-0.7844238
31.583330154418945,,,,,,,,,,,,,,,11.96853,-0.762001,21.25999,0.1554031,29.74638,-0.05630493,36.61693,-0.7022629,41.75325,-0.4647522,39.94877,-0.6217728,37.30927,-0.5119705,36.69012,-0.6077347,18.80901,-3.718636,44.85674,-1.650375,51.0891,-0.8973846,59.02617,-0.8191299,48.58088,-0.7756348
31.5916690826416,,,,,,,,,,,,,,,11.9363,-0.7600479,21.21117,0.1554031,29.66142,-0.05239868,36.50072,-0.6964035,41.61457,-0.469635,39.81303,-0.6032181,37.16669,-0.5061111,36.54754,-0.6135941,18.66154,-3.733284,44.6253,-1.659164,50.77269,-0.894455,58.69902,-0.8328018,48.32111,-0.7658691
31.6,0.0,-176.0,-16.0,-58.0,-3.0,-747.0,-8.0,-3683.0,-1.0,-6965.0,-4.0,-811.0,-2.0,-2317.0,,,,,,,,,,,,,,,,,,,,,,,,,,
31.600000381469727,,,,,,,,,,,,,,,11.90701,-0.762001,21.15941,0.1554031,29.57744,-0.04458618,36.38744,-0.6983566,41.47786,-0.4754944,39.6724,-0.5895462,37.02704,-0.4992752,36.40691,-0.6214066,18.52483,-3.744026,44.39288,-1.673813,50.45335,-0.8934784,58.36699,-0.8474503,48.06135,-0.7590332
31.60832977294922,,,,,,,,,,,,,,,11.87868,-0.7659073,21.1057,0.1573563,29.49052,-0.03579712,36.27708,-0.7081223,41.3509,-0.4872131,39.5308,-0.5827103,36.88349,-0.4904861,36.26531,-0.6311722,18.39299,-3.747932,44.15557,-1.688461,50.13499,-0.8964081,58.033,-0.8601456,47.80647,-0.748291
31.616670608520508,,,,,,,,,,,,,,,11.85232,-0.7717667,21.05199,0.1573563,29.40166,-0.02993774,36.16869,-0.7178879,41.22981,-0.500885,39.38529,-0.5827103,36.74286,-0.4856033,36.12664,-0.6428909,18.26115,-3.746956,43.91924,-1.701157,49.81468,-0.903244,57.69902,-0.8689346,47.55451,-0.7414551
31.625,,,,,,,,,,,,,,,11.82986,-0.7795792,20.99339,0.1524734,29.31377,-0.02798462,36.06126,-0.7315598,41.11262,-0.5145569,39.24174,-0.5866165,36.60028,-0.4846268,35.98504,-0.6526566,18.13908,-3.74305,43.67901,-1.715805,49.49535,-0.9130096,57.36504,-0.8738174,47.30744,-0.7375488
31.633329391479492,,,,,,,,,,,,,,,11.8074,-0.7834854,20.93773,0.1436844,29.22783,-0.03091431,35.95775,-0.7442551,40.99543,-0.5292053,39.09721,-0.5924759,36.46357,-0.4856033,35.84344,-0.6585159,18.01897,-3.733284,43.42803,-1.727524,49.18285,-0.9227753,57.03105,-0.8767471,47.05549,-0.7307129
31.633333333333333,0.0,-173.0,-15.0,-59.0,-4.0,-748.0,-8.0,-3684.0,-1.0,-6979.0,-4.0,-812.0,-2.0,-2311.0,,,,,,,,,,,,,,,,,,,,,,,,,,
31.64167022705078,,,,,,,,,,,,,,,11.78396,-0.7864151,20.88499,0.1300125,29.1458,-0.03775024,35.85228,-0.7540207,40.87727,-0.5409241,38.95463,-0.5954056,36.32489,-0.4865799,35.69988,-0.6643753,17.90178,-3.723518,43.18194,-1.736313,48.87718,-0.9315643,56.70586,-0.8738174,46.80451,-0.7248535
31.649999618530273,,,,,,,,,,,,,,,11.76443,-0.7825089,20.83128,0.1114578,29.06963,-0.04751587,35.74388,-0.7618332,40.75325,-0.5487366,38.81498,-0.5973587,36.19306,-0.4875565,35.56023,-0.6682816,17.78947,-3.716682,42.93584,-1.741196,48.57738,-0.9393768,56.38261,-0.8689346,46.55354,-0.7189941
31.6583309173584,,,,,,,,,,,,,,,11.74197,-0.7717667,20.78441,0.09095001,28.99638,-0.05532837,35.63548,-0.7657394,40.62532,-0.5545959,38.67631,-0.5963821,36.05927,-0.4865799,35.41863,-0.6692581,17.67717,-3.712776,42.69268,-1.740219,48.2932,-0.9403534,56.06523,-0.8630753,46.29865,-0.7102051
31.666666666666668,0.0,-168.0,-15.0,-65.0,-4.0,-746.0,-9.0,-3684.0,-1.0,-6987.0,-4.0,-817.0,-2.0,-2310.0,,,,,,,,,,,,,,,,,,,,,,,,,,
31.666669845581055,,,,,,,,,,,,,,,11.72146,-0.7551651,20.73949,0.07532501,28.92705,-0.06216431,35.52122,-0.7686691,40.49348,-0.5604553,38.54252,-0.5914993,35.92353,-0.479744,35.28094,-0.6702347,17.56975,-3.709846,42.46026,-1.735336,48.01585,-0.9354706,55.75273,-0.8523331,46.03986,-0.7023926
31.674999237060547,,,,,,,,,,,,,,,11.70193,-0.7327042,20.69652,0.06555939,28.85771,-0.06802368,35.41087,-0.7735519,40.35579,-0.5624084,38.41264,-0.58564,35.78876,-0.4670486,35.14617,-0.6682816,17.46037,-3.710823,42.23174,-1.729477,47.74632,-0.925705,55.44414,-0.8415909,45.78596,-0.6975098
31.683330535888672,,,,,,,,,,,,,,,11.67849,-0.706337,20.65843,0.06555939,28.78838,-0.06997681,35.29955,-0.7803879,40.21711,-0.5614319,38.28568,-0.5807571,35.65204,-0.4504471,35.01434,-0.6633987,17.351,-3.713753,42.01104,-1.727524,47.47874,-0.91008,55.13945,-0.8269424,45.53205,-0.692627
31.691669464111328,,,,,,,,,,,,,,,11.65505,-0.6799698,20.62035,0.07434845,28.72197,-0.06900024,35.19017,-0.7921066,40.08137,-0.5575256,38.15971,-0.5778275,35.51435,-0.432869,34.88543,-0.6565628,17.23772,-3.716682,41.79522,-1.724594,47.21117,-0.8885956,54.83672,-0.8142471,45.28205,-0.6887207
31.7,0.0,-162.0,-15.0,-73.0,-5.0,-743.0,-10.0,-3684.0,-2.0,-6991.0,-4.0,-821.0,-2.0,-2308.0,,,,,,,,,,,,,,,,,,,,,,,,,,
31.700000762939453,,,,,,,,,,,,,,,11.62868,-0.6575089,20.58324,0.09192657,28.65459,-0.06607056,35.0808,-0.8038254,39.94661,-0.5526428,38.03959,-0.5768509,35.3786,-0.4143143,34.75652,-0.6438675,17.12834,-3.723518,41.58331,-1.723618,46.94554,-0.8671112,54.53593,-0.8035049,45.03596,-0.6877441
31.708330154418945,,,,,,,,,,,,,,,11.60036,-0.643837,20.54613,0.1163406,28.58525,-0.06118774,34.9763,-0.8145676,39.81965,-0.5438538,37.91947,-0.5768509,35.24384,-0.3986893,34.62859,-0.6341019,17.01311,-3.730354,41.37432,-1.724594,46.67699,-0.8456268,54.23515,-0.7927628,44.79865,-0.6896973
31.7166690826416,,,,,,,,,,,,,,,11.56618,-0.6389542,20.50609,0.1436844,28.51689,-0.05239868,34.87279,-0.8223801,39.69661,-0.5311584,37.79935,-0.5768509,35.112,-0.3899002,34.50066,-0.6223831,16.89592,-3.73719,41.16631,-1.725571,46.40746,-0.8270721,53.93925,-0.7839737,44.56037,-0.6945801
31.725000381469727,,,,,,,,,,,,,,,11.53103,-0.6428604,20.4641,0.1651688,28.45049,-0.04360962,34.7683,-0.8262863,39.57942,-0.5145569,37.67728,-0.5817337,34.987,-0.3899002,34.36687,-0.6106644,16.77971,-3.746956,40.95831,-1.725571,46.13597,-0.8124237,53.65117,-0.781044,44.32404,-0.7023926
31.73332977294922,,,,,,,,,,,,,,,11.4949,-0.6575089,20.41917,0.1798172,28.38115,-0.03189087,34.66478,-0.8243332,39.46516,-0.4999084,37.55717,-0.5866165,34.86298,-0.3967361,34.23406,-0.6018753,16.66545,-3.755745,40.75323,-1.721664,45.87132,-0.8046112,53.36113,-0.7800674,44.08674,-0.7102051
31.733333333333334,0.0,-157.0,-16.0,-76.0,-4.0,-743.0,-10.0,-3685.0,-2.0,-6996.0,-4.0,-825.0,-2.0,-2303.0,,,,,,,,,,,,,,,,,,,,,,,,,,
31.741670608520508,,,,,,,,,,,,,,,11.45876,-0.6828995,20.37425,0.1886063,28.31279,-0.01528931,34.56029,-0.8165207,39.35286,-0.4881897,37.43412,-0.5885696,34.74384,-0.4113846,34.0993,-0.5940628,16.55217,-3.764534,40.54913,-1.713852,45.61156,-0.7987518,53.07988,-0.7800674,43.85432,-0.723877
31.75,,,,,,,,,,,,,,,11.42361,-0.7131729,20.3264,0.1876297,28.24443,0.003265381,34.45775,-0.8077316,39.24348,-0.4784241,37.31205,-0.5895462,34.62372,-0.4309158,33.96453,-0.5852737,16.44279,-3.76844,40.34502,-1.704086,45.35667,-0.7967987,52.79863,-0.7820206,43.62287,-0.7355957
31.758329391479492,,,,,,,,,,,,,,,11.39431,-0.7444229,20.2805,0.1807938,28.17412,0.02182007,34.35716,-0.797966,39.12727,-0.4735413,37.18705,-0.5885696,34.50653,-0.4524002,33.8327,-0.5764847,16.33635,-3.762581,40.14385,-1.695297,45.10863,-0.7967987,52.52129,-0.7849503,43.3885,-0.7453613
31.766666666666666,0.0,-154.0,-17.0,-77.0,-4.0,-751.0,-10.0,-3688.0,-1.0,-7003.0,-5.0,-829.0,-2.0,-2300.0,,,,,,,,,,,,,,,,,,,,,,,,,,
31.76667022705078,,,,,,,,,,,,,,,11.3699,-0.7727432,20.23558,0.1739578,28.10088,0.03939819,34.25853,-0.7891769,39.00911,-0.4735413,37.064,-0.5866165,34.38544,-0.4738846,33.70574,-0.5647659,16.23576,-3.749886,39.94659,-1.687485,44.86449,-0.7977753,52.24785,-0.7869034,43.16975,-0.7512207
31.774999618530273,,,,,,,,,,,,,,,11.35036,-0.793251,20.19066,0.1680984,28.02959,0.05795288,34.16576,-0.7813644,38.88801,-0.4784241,36.94193,-0.58564,34.26728,-0.4904861,33.5827,-0.5510941,16.13322,-3.732307,39.75225,-1.680649,44.62523,-0.7997284,51.97246,-0.7878799,42.9549,-0.7502441
31.7833309173584,,,,,,,,,,,,,,,11.33279,-0.8039932,20.14964,0.1632156,27.95634,0.07357788,34.07787,-0.7803879,38.76497,-0.4872131,36.81693,-0.5827103,34.15009,-0.5002518,33.46062,-0.5364456,16.03264,-3.70594,39.55987,-1.675766,44.38792,-0.8016815,51.69707,-0.7888565,42.74689,-0.7434082
31.791669845581055,,,,,,,,,,,,,,,11.31911,-0.8069229,20.10863,0.1632156,27.8831,0.08529663,33.98802,-0.7833176,38.64192,-0.4940491,36.69486,-0.5807571,34.02997,-0.5012283,33.34344,-0.5237503,15.93401,-3.679573,39.3753,-1.670883,44.1516,-0.8055878,51.41972,-0.7898331,42.54377,-0.7307129
31.799999237060547,,,,,,,,,,,,,,,11.30349,-0.800087,20.06566,0.1671219,27.81084,0.09017944,33.90306,-0.7862473,38.51887,-0.4989319,36.57182,-0.5768509,33.91278,-0.4924393,33.22625,-0.5139847,15.83342,-3.654182,39.19756,-1.66893,43.91722,-0.8134003,51.1414,-0.7927628,42.34846,-0.7111816
31.8,0.0,-147.0,-17.0,-77.0,-4.0,-760.0,-10.0,-3691.0,-2.0,-7009.0,-5.0,-829.0,-2.0,-2297.0,,,,,,,,,,,,,,,,,,,,,,,,,,
31.808330535888672,,,,,,,,,,,,,,,11.28591,-0.7873917,20.02562,0.169075,27.73955,0.09017944,33.81615,-0.7921066,38.40168,-0.5018616,36.44877,-0.5748978,33.7995,-0.4787674,33.10516,-0.5120316,15.72893,-3.638557,39.02569,-1.665024,43.67796,-0.8231659,50.85918,-0.7947159,42.14631,-0.6877441
31.816669464111328,,,,,,,,,,,,,,,11.26931,-0.7737198,19.97972,0.1700516,27.67119,0.08529663,33.72533,-0.7999191,38.2884,-0.5028381,36.3267,-0.5729446,33.6872,-0.4582596,32.98699,-0.5169144,15.62444,-3.632698,38.8587,-1.662094,43.43773,-0.831955,50.575,-0.7986221,41.94611,-0.6623535
31.825000762939453,,,,,,,,,,,,,,,11.24685,-0.7610245,19.93187,0.1671219,27.60381,0.07650757,33.63451,-0.8087082,38.18098,-0.4979553,36.20951,-0.5690384,33.5788,-0.432869,32.86199,-0.5286331,15.51799,-3.636604,38.69756,-1.659164,43.19945,-0.8387909,50.29082,-0.8025284,41.73518,-0.6369629
31.833330154418945,,,,,,,,,,,,,,,11.22439,-0.7522354,19.88597,0.1612625,27.5374,0.06576538,33.5388,-0.8174973,38.08039,-0.4920959,36.0933,-0.5592728,33.47235,-0.4055252,32.73992,-0.5452347,15.40666,-3.64637,38.53838,-1.657211,42.95726,-0.8436737,50.00664,-0.8054581,41.52131,-0.6115723
31.833333333333332,0.0,-142.0,-17.0,-75.0,-4.0,-763.0,-10.0,-3695.0,-1.0,-7010.0,-5.0,-829.0,-3.0,-2293.0,,,,,,,,,,,,,,,,,,,,,,,,,,
31.8416690826416,,,,,,,,,,,,,,,11.19704,-0.7473526,19.83714,0.15345,27.47392,0.05502319,33.44115,-0.8262863,37.97883,-0.4842834,35.981,-0.5485306,33.36591,-0.3801346,32.61492,-0.5628128,15.29338,-3.661995,38.37139,-1.657211,42.7141,-0.8446503,49.72929,-0.8083878,41.29768,-0.5900879
31.850000381469727,,,,,,,,,,,,,,,11.16872,-0.7512589,19.79027,0.1446609,27.41045,0.04525757,33.34349,-0.8350754,37.88118,-0.4735413,35.87357,-0.538765,33.25849,-0.354744,32.49285,-0.5774612,15.1801,-3.678596,38.20147,-1.658188,42.46898,-0.8426971,49.45976,-0.8093643,41.07111,-0.5734863
31.85832977294922,,,,,,,,,,,,,,,11.14431,-0.7561417,19.74632,0.1348953,27.34599,0.03646851,33.24583,-0.8419113,37.77961,-0.4627991,35.77103,-0.5299759,33.14618,-0.3332596,32.37371,-0.5921097,15.06877,-3.687386,38.02178,-1.659164,42.22679,-0.8378143,49.2,-0.8054581,40.84553,-0.5656738
31.866666666666667,0.0,-142.0,-18.0,-77.0,-4.0,-763.0,-9.0,-3702.0,-2.0,-7009.0,-5.0,-823.0,-3.0,-2295.0,,,,,,,,,,,,,,,,,,,,,,,,,,
31.866670608520508,,,,,,,,,,,,,,,11.11501,-0.762001,19.70628,0.1270828,27.28545,0.03158569,33.14818,-0.8467941,37.67512,-0.4520569,35.66752,-0.5192337,33.03778,-0.3147049,32.25945,-0.5989456,14.95842,-3.689339,37.83135,-1.661118,41.9846,-0.831955,48.95195,-0.7995987,40.62189,-0.5656738
31.875,,,,,,,,,,,,,,,11.08572,-0.768837,19.6682,0.1222,27.22392,0.02767944,33.0554,-0.8497238,37.57161,-0.4442444,35.56791,-0.5123978,32.92646,-0.3000565,32.14324,-0.5999222,14.85197,-3.686409,37.63311,-1.664047,41.74535,-0.8280487,48.70976,-0.7888565,40.40412,-0.5744629
31.883329391479492,,,,,,,,,,,,,,,11.05837,-0.7727432,19.63499,0.1182938,27.16142,0.02865601,32.96361,-0.8516769,37.45735,-0.4393616,35.46537,-0.5114212,32.8122,-0.292244,32.02996,-0.5989456,14.74944,-3.68055,37.43194,-1.666,41.51292,-0.8260956,48.47929,-0.7751846,40.19416,-0.5910645
31.89167022705078,,,,,,,,,,,,,,,11.02908,-0.7707901,19.60179,0.1173172,27.10185,0.03060913,32.87181,-0.8526535,37.347,-0.4374084,35.36283,-0.5123978,32.70282,-0.2912674,31.92156,-0.5969925,14.65276,-3.675667,37.22686,-1.667953,41.28929,-0.8280487,48.24687,-0.7605362,39.99397,-0.6105957
31.899999618530273,,,,,,,,,,,,,,,10.99685,-0.7629776,19.56761,0.1173172,27.04619,0.03451538,32.78294,-0.8526535,37.23469,-0.4393616,35.25736,-0.5133743,32.59345,-0.2932205,31.81023,-0.5960159,14.5551,-3.670784,37.03057,-1.669907,41.07152,-0.8348846,48.01445,-0.7410049,39.79865,-0.6340332
31.9,0.0,-141.0,-17.0,-81.0,-3.0,-761.0,-9.0,-3704.0,-2.0,-7010.0,-5.0,-816.0,-3.0,-2301.0,,,,,,,,,,,,,,,,,,,,,,,,,,
31.9083309173584,,,,,,,,,,,,,,,10.96658,-0.7522354,19.53246,0.1182938,26.98955,0.03744507,32.69115,-0.8546066,37.12239,-0.4452209,35.15189,-0.516304,32.48798,-0.2981033,31.70281,-0.5989456,14.4633,-3.666878,36.84209,-1.672836,40.86253,-0.8446503,47.78105,-0.7214737,39.61213,-0.654541
31.916669845581055,,,,,,,,,,,,,,,10.93533,-0.7356339,19.49535,0.1222,26.93681,0.03842163,32.6013,-0.8555832,37.01106,-0.4530334,35.04545,-0.5192337,32.38056,-0.3029861,31.59734,-0.604805,14.36955,-3.665901,36.66534,-1.676743,40.66331,-0.856369,47.54472,-0.7068253,39.42854,-0.6711426
31.924999237060547,,,,,,,,,,,,,,,10.9031,-0.7190323,19.45726,0.1300125,26.88506,0.03646851,32.51146,-0.8565598,36.90559,-0.4608459,34.93998,-0.5211868,32.27607,-0.3068924,31.49187,-0.6096878,14.2758,-3.665901,36.49834,-1.684555,40.46312,-0.8700409,47.30937,-0.6960831,39.24787,-0.6818848
31.933330535888672,,,,,,,,,,,,,,,10.87087,-0.7043839,19.41917,0.137825,26.83037,0.03353882,32.42259,-0.8565598,36.8011,-0.4657288,34.83744,-0.5260696,32.16962,-0.3068924,31.38934,-0.6135941,14.18108,-3.666878,36.34014,-1.696274,40.26585,-0.8837128,47.07695,-0.6902237,39.06525,-0.6896973
31.933333333333334,0.0,-136.0,-18.0,-81.0,-3.0,-760.0,-9.0,-3707.0,-1.0,-7014.0,-4.0,-812.0,-3.0,-2303.0,,,,,,,,,,,,,,,,,,,,,,,,,,
31.941669464111328,,,,,,,,,,,,,,,10.84255,-0.6936417,19.38109,0.1485672,26.77666,0.02963257,32.33763,-0.8555832,36.69856,-0.4667053,34.73881,-0.5299759,32.06318,-0.3059158,31.28875,-0.6145706,14.0883,-3.664925,36.18291,-1.710922,40.06761,-0.8964081,46.84941,-0.6892471,38.88557,-0.6945801
31.950000762939453,,,,,,,,,,,,,,,10.81716,-0.6868057,19.34886,0.1583328,26.71904,0.02474976,32.25853,-0.8497238,36.60286,-0.4618225,34.64213,-0.5358353,31.95673,-0.3039627,31.18719,-0.6096878,13.99944,-3.661995,36.03252,-1.724594,39.86351,-0.9071503,46.62871,-0.6912003,38.70197,-0.6955566
31.958330154418945,,,,,,,,,,,,,,,10.79275,-0.6868057,19.31956,0.1680984,26.66045,0.01986694,32.18138,-0.8438644,36.50911,-0.4510803,34.5435,-0.5416946,31.84931,-0.3029861,31.08562,-0.5950394,13.91447,-3.658089,35.8753,-1.737289,39.65453,-0.9110565,46.41191,-0.6960831,38.51936,-0.6955566
31.966666666666665,0.0,-128.0,-19.0,-79.0,-3.0,-758.0,-9.0,-3711.0,-2.0,-7020.0,-4.0,-814.0,-3.0,-2303.0,,,,,,,,,,,,,,,,,,,,,,,,,,
31.9666690826416,,,,,,,,,,,,,,,10.77419,-0.690712,19.29417,0.1778641,26.60088,0.01791382,32.10912,-0.8370285,36.41633,-0.4354553,34.44584,-0.547554,31.74677,-0.3049393,30.98211,-0.5716019,13.83635,-3.655159,35.71221,-1.749008,39.44359,-0.9139862,46.2,-0.7058487,38.33674,-0.6955566
31.975000381469727,,,,,,,,,,,,,,,10.75759,-0.6975479,19.26878,0.1847,26.54424,0.01693726,32.04369,-0.8262863,36.32844,-0.4129944,34.34428,-0.5524368,31.64325,-0.3107986,30.88055,-0.5393753,13.76506,-3.654182,35.5462,-1.758774,39.22972,-0.9120331,45.98906,-0.7156143,38.15607,-0.6955566
31.98332977294922,,,,,,,,,,,,,,,10.7488,-0.7053604,19.24437,0.1876297,26.48857,0.01693726,31.9724,-0.8174973,36.23664,-0.3895569,34.24271,-0.5534134,31.54755,-0.3205643,30.77703,-0.5051956,13.69865,-3.650276,35.37627,-1.764633,39.01781,-0.9051971,45.77519,-0.7253799,37.97443,-0.692627
31.991670608520508,,,,,,,,,,,,,,,10.73904,-0.7131729,19.218,0.1886063,26.43584,0.01498413,31.90208,-0.8087082,36.14582,-0.3670959,34.13822,-0.547554,31.45478,-0.3313065,30.67547,-0.4710159,13.63029,-3.647346,35.20733,-1.766586,38.80589,-0.8954315,45.5584,-0.7361221,37.79475,-0.6867676
32.0,0.0,-122.0,-19.0,-76.0,-4.0,-758.0,-9.0,-3712.0,-2.0,-7028.0,-4.0,-816.0,-3.0,-2301.0,10.73415,-0.7190323,19.18773,0.1905594,26.38603,0.01010132,31.83177,-0.8018723,36.05403,-0.3465881,34.03568,-0.5377884,31.362,-0.3400955,30.56902,-0.4417191,13.56194,-3.644417,35.04229,-1.76561,38.59886,-0.887619,45.34062,-0.7478409,37.62189,-0.6779785
32.008331298828125,,,,,,,,,,,,,,,10.72829,-0.7190323,19.15453,0.1934891,26.3372,0.005218506,31.75267,-0.797966,35.96125,-0.3319397,33.93607,-0.5270462,31.26923,-0.347908,30.46355,-0.4192581,13.48967,-3.642464,34.87823,-1.761703,38.39671,-0.8798065,45.11894,-0.7615128,37.45197,-0.6662598
32.01667022705078,,,,,,,,,,,,,,,10.72048,-0.7180557,19.11937,0.2013016,26.29228,0.001312256,31.67064,-0.7969894,35.87043,-0.3221741,33.83939,-0.5123978,31.18036,-0.3498611,30.36102,-0.4075394,13.41154,-3.640511,34.71807,-1.755844,38.20335,-0.8739471,44.89629,-0.7751846,37.28596,-0.6535645
32.025001525878906,,,,,,,,,,,,,,,10.71267,-0.7161026,19.08226,0.2149734,26.24345,-0.001617432,31.58568,-0.797966,35.78059,-0.3182678,33.7476,-0.500679,31.08271,-0.3488846,30.24773,-0.4065628,13.32854,-3.640511,34.5667,-1.746078,38.01195,-0.8700409,44.67851,-0.7878799,37.12385,-0.6418457
32.033329010009766,,,,,,,,,,,,,,,10.69997,-0.7112198,19.04515,0.2345047,26.19072,0.0003356934,31.49974,-0.8018723,35.68977,-0.3211975,33.66166,-0.4948196,30.98603,-0.3469315,30.13738,-0.4124222,13.24455,-3.644417,34.41436,-1.736313,37.82933,-0.8651581,44.46172,-0.7986221,36.96369,-0.6311035
32.03333333333333,0.0,-117.0,-19.0,-74.0,-4.0,-759.0,-9.0,-3712.0,-2.0,-7037.0,-4.0,-814.0,-3.0,-2299.0,,,,,,,,,,,,,,,,,,,,,,,,,,
32.04167175292969,,,,,,,,,,,,,,,10.6863,-0.7053604,19.01097,0.2559891,26.13799,0.006195068,31.41576,-0.8057785,35.60481,-0.3309631,33.5767,-0.4948196,30.88544,-0.3430252,30.02215,-0.4231644,13.15373,-3.650276,34.2669,-1.723618,37.64867,-0.8612518,44.24492,-0.8054581,36.80647,-0.6223145
32.04999923706055,,,,,,,,,,,,,,,10.66872,-0.7024307,18.97484,0.2794266,26.08037,0.01498413,31.33177,-0.8096848,35.52082,-0.3436584,33.49467,-0.4977493,30.78778,-0.3410721,29.90887,-0.4348831,13.06682,-3.657112,34.11846,-1.710922,37.47191,-0.856369,44.03593,-0.8054581,36.64631,-0.6203613
32.05833053588867,,,,,,,,,,,,,,,10.6531,-0.6985245,18.94164,0.2999344,26.02177,0.02670288,31.25267,-0.8116379,35.43293,-0.36026,33.41264,-0.5016556,30.68525,-0.339119,29.80145,-0.4456253,12.9799,-3.664925,33.97588,-1.699203,37.30003,-0.8534393,43.82793,-0.7976456,36.48615,-0.6242676
32.06666666666667,0.0,-117.0,-19.0,-76.0,-3.0,-762.0,-9.0,-3717.0,-1.0,-7042.0,-4.0,-815.0,-3.0,-2298.0,,,,,,,,,,,,,,,,,,,,,,,,,,
32.06666946411133,,,,,,,,,,,,,,,10.63943,-0.6936417,18.91039,0.3145828,25.96318,0.03842163,31.17845,-0.8116379,35.34309,-0.3788147,33.3267,-0.5065384,30.58661,-0.3381424,29.69598,-0.4524612,12.89592,-3.670784,33.83526,-1.691391,37.13011,-0.8495331,43.6209,-0.7829971,36.32502,-0.6359863
32.07500076293945,,,,,,,,,,,,,,,10.62478,-0.6868057,18.88304,0.3243484,25.90556,0.04721069,31.10521,-0.8057785,35.25422,-0.3983459,33.23978,-0.5114212,30.48798,-0.3342361,29.59832,-0.4563675,12.81682,-3.672737,33.70147,-1.686508,36.95628,-0.8466034,43.41679,-0.7634659,36.15803,-0.6477051
32.08332824707031,,,,,,,,,,,,,,,10.61306,-0.6760635,18.8557,0.3292313,25.85185,0.05014038,31.03294,-0.7989426,35.16145,-0.4139709,33.15092,-0.5104446,30.38837,-0.3283768,29.50457,-0.4583206,12.73869,-3.671761,33.56866,-1.685532,36.78636,-0.8466034,43.21465,-0.7429581,35.98811,-0.661377
32.091670989990234,,,,,,,,,,,,,,,10.60134,-0.6623917,18.83128,0.3311844,25.80302,0.04721069,30.96165,-0.7891769,35.06965,-0.4266663,33.0601,-0.5065384,30.29169,-0.3176346,29.41766,-0.4573441,12.66936,-3.668831,33.4417,-1.689438,36.61449,-0.8514862,43.01054,-0.7244034,35.81623,-0.6760254
32.099998474121094,,,,,,,,,,,,,,,10.58865,-0.6506729,18.80589,0.3282547,25.75908,0.03939819,30.89037,-0.7745285,34.97981,-0.4315491,32.96732,-0.500679,30.19501,-0.3059158,29.33074,-0.4544144,12.601,-3.663948,33.31377,-1.69725,36.44261,-0.8583221,42.80547,-0.7068253,35.64338,-0.6867676
32.1,0.0,-121.0,-18.0,-80.0,-3.0,-762.0,-8.0,-3724.0,-1.0,-7042.0,-4.0,-815.0,-3.0,-2298.0,,,,,,,,,,,,,,,,,,,,,,,,,,
32.10832977294922,,,,,,,,,,,,,,,10.57693,-0.6428604,18.78148,0.3223953,25.72002,0.03060913,30.81712,-0.7608566,34.89387,-0.4325256,32.87943,-0.4948196,30.09833,-0.2941971,29.23992,-0.4505081,12.53362,-3.659065,33.18487,-1.710922,36.27269,-0.8651581,42.60136,-0.6960831,35.46857,-0.6916504
32.116668701171875,,,,,,,,,,,,,,,10.56033,-0.6389542,18.75218,0.3145828,25.68388,0.02279663,30.74583,-0.7471848,34.81184,-0.4276428,32.79252,-0.4889603,30.00165,-0.2824783,29.14617,-0.4456253,12.46428,-3.656136,33.05303,-1.723618,36.10081,-0.871994,42.39922,-0.6912003,35.29768,-0.6906738
32.125,,,,,,,,,,,,,,,10.5447,-0.6418839,18.72386,0.3038406,25.64775,0.01889038,30.67747,-0.7315598,34.73274,-0.4188538,32.70853,-0.4840775,29.90693,-0.2775955,29.04656,-0.4407425,12.3969,-3.653206,32.9212,-1.733383,35.92992,-0.8778534,42.20097,-0.6892471,35.13166,-0.6838379
32.133331298828125,,,,,,,,,,,,,,,10.52517,-0.6516495,18.69164,0.2921219,25.61357,0.02084351,30.60814,-0.7169113,34.65852,-0.4061584,32.62748,-0.4821243,29.81513,-0.2775955,28.94695,-0.4348831,12.32854,-3.648323,32.79034,-1.739243,35.75804,-0.8798065,42.00761,-0.6892471,34.96857,-0.6740723
32.13333333333333,0.0,-125.0,-18.0,-83.0,-3.0,-757.0,-8.0,-3730.0,-1.0,-7046.0,-4.0,-816.0,-3.0,-2298.0,,,,,,,,,,,,,,,,,,,,,,,,,,
32.14167022705078,,,,,,,,,,,,,,,10.50368,-0.6692276,18.65843,0.2804031,25.57744,0.02865601,30.54271,-0.7061691,34.58332,-0.3905334,32.5474,-0.4801712,29.72626,-0.2795486,28.84441,-0.4348831,12.25822,-3.640511,32.66534,-1.738266,35.58812,-0.8778534,41.81914,-0.687294,34.81135,-0.6652832
32.150001525878906,,,,,,,,,,,,,,,10.48415,-0.6897354,18.62523,0.2677078,25.53545,0.03744507,30.48119,-0.6983566,34.50715,-0.3768616,32.46635,-0.4772415,29.63642,-0.2863846,28.7448,-0.4378128,12.18889,-3.628792,32.54522,-1.729477,35.41527,-0.8710175,41.63847,-0.6833878,34.66291,-0.6584473
32.158329010009766,,,,,,,,,,,,,,,10.46462,-0.7053604,18.59593,0.2569656,25.49345,0.04818726,30.42357,-0.6934738,34.43098,-0.3661194,32.38432,-0.4772415,29.55048,-0.2932205,28.64617,-0.4426956,12.1176,-3.611214,32.42901,-1.715805,35.24339,-0.856369,41.46172,-0.6785049,34.51643,-0.654541
32.166666666666664,0.0,-126.0,-17.0,-83.0,-2.0,-757.0,-8.0,-3732.0,-1.0,-7052.0,-4.0,-818.0,-3.0,-2297.0,,,,,,,,,,,,,,,,,,,,,,,,,,
32.16667175292969,,,,,,,,,,,,,,,10.44802,-0.7170792,18.56664,0.2511063,25.44756,0.05990601,30.36302,-0.6944504,34.35188,-0.3573303,32.2974,-0.476265,29.46357,-0.2941971,28.5534,-0.4544144,12.04631,-3.594612,32.32256,-1.698227,35.06859,-0.8417206,41.28886,-0.671669,34.37385,-0.6564941
32.17499923706055,,,,,,,,,,,,,,,10.43337,-0.7229385,18.53734,0.2491531,25.39677,0.06674194,30.30345,-0.6993332,34.27375,-0.3504944,32.21146,-0.4772415,29.37763,-0.2902908,28.46746,-0.4700394,11.97795,-3.576057,32.21612,-1.680649,34.89671,-0.825119,41.11504,-0.6677628,34.23029,-0.6643066
32.18333053588867,,,,,,,,,,,,,,,10.42068,-0.7209854,18.50999,0.2501297,25.34795,0.06967163,30.24486,-0.7090988,34.1927,-0.3475647,32.12357,-0.4801712,29.29071,-0.2824783,28.38152,-0.4885941,11.90959,-3.560432,32.10772,-1.665024,34.72874,-0.809494,40.94511,-0.6619034,34.08772,-0.6740723
32.19166946411133,,,,,,,,,,,,,,,10.41189,-0.7161026,18.48265,0.2511063,25.29619,0.07064819,30.18431,-0.7208176,34.1136,-0.3465881,32.03861,-0.4860306,29.20673,-0.2717361,28.29754,-0.5051956,11.84221,-3.54969,31.98956,-1.655258,34.56761,-0.7977753,40.76933,-0.6619034,33.94611,-0.6809082
32.2,0.0,-128.0,-16.0,-80.0,-1.0,-760.0,-8.0,-3736.0,-2.0,-7056.0,-4.0,-822.0,-3.0,-2297.0,,,,,,,,,,,,,,,,,,,,,,,,,,
32.20000076293945,,,,,,,,,,,,,,,10.40408,-0.7092667,18.45921,0.2530594,25.24736,0.07064819,30.11986,-0.7315598,34.03059,-0.344635,31.95365,-0.4928665,29.12079,-0.2619705,28.21844,-0.5208206,11.7758,-3.544807,31.86846,-1.649399,34.40941,-0.7928925,40.59355,-0.6658096,33.80061,-0.6838379
32.20832824707031,,,,,,,,,,,,,,,10.39626,-0.699501,18.43675,0.2540359,25.19365,0.07260132,30.05638,-0.7432785,33.94856,-0.3436584,31.87357,-0.5045853,29.03778,-0.2561111,28.13641,-0.5305862,11.71037,-3.544807,31.73565,-1.646469,34.25804,-0.793869,40.41386,-0.671669,33.65705,-0.6848145
32.216670989990234,,,,,,,,,,,,,,,10.3865,-0.690712,18.41722,0.2530594,25.14384,0.07650757,29.99193,-0.7530441,33.8675,-0.3407288,31.79838,-0.5143509,28.95966,-0.254158,28.0573,-0.5335159,11.65178,-3.545784,31.60088,-1.644516,34.10863,-0.8016815,40.2332,-0.6785049,33.51838,-0.6828613
32.224998474121094,,,,,,,,,,,,,,,10.37771,-0.6819229,18.40257,0.2472,25.09599,0.08529663,29.92259,-0.7569504,33.78645,-0.3348694,31.72514,-0.5211868,28.88056,-0.260994,27.97625,-0.5286331,11.58928,-3.546761,31.46416,-1.642563,33.96605,-0.8153534,40.05254,-0.6853409,33.37971,-0.6789551
32.23332977294922,,,,,,,,,,,,,,,10.36599,-0.6711807,18.39281,0.2393875,25.05009,0.09310913,29.85521,-0.7579269,33.71028,-0.3270569,31.65385,-0.5260696,28.80439,-0.2727127,27.89812,-0.5149612,11.53362,-3.546761,31.32842,-1.639633,33.82054,-0.831955,39.86992,-0.6882706,33.24397,-0.6779785
32.233333333333334,0.0,-131.0,-16.0,-75.0,-2.0,-761.0,-8.0,-3738.0,-2.0,-7063.0,-5.0,-824.0,-3.0,-2296.0,,,,,,,,,,,,,,,,,,,,,,,,,,
32.241668701171875,,,,,,,,,,,,,,,10.35232,-0.6565323,18.38011,0.2296219,25.00322,0.1009216,29.78685,-0.7540207,33.63411,-0.3182678,31.58451,-0.52314,28.72919,-0.2893143,27.81805,-0.4993362,11.47697,-3.541878,31.19659,-1.638657,33.6721,-0.8466034,39.68828,-0.6902237,33.11018,-0.6779785
32.25,,,,,,,,,,,,,,,10.33669,-0.6409073,18.37425,0.2139969,24.95927,0.106781,29.71654,-0.7442551,33.56184,-0.3075256,31.51225,-0.5143509,28.65497,-0.3049393,27.73797,-0.4827347,11.42131,-3.536018,31.07061,-1.63768,33.51976,-0.8573456,39.50957,-0.6902237,32.97346,-0.6828613
32.258331298828125,,,,,,,,,,,,,,,10.32107,-0.628212,18.36351,0.1973953,24.91533,0.1087341,29.64622,-0.7364426,33.49348,-0.3006897,31.44291,-0.5016556,28.58075,-0.3176346,27.65496,-0.46418,11.37151,-3.528206,30.95538,-1.638657,33.36449,-0.863205,39.33379,-0.6912003,32.83576,-0.6916504
32.266666666666666,0.0,-127.0,-16.0,-70.0,-2.0,-758.0,-8.0,-3740.0,-2.0,-7072.0,-6.0,-826.0,-3.0,-2293.0,,,,,,,,,,,,,,,,,,,,,,,,,,
32.26667022705078,,,,,,,,,,,,,,,10.3074,-0.6164932,18.35081,0.1788406,24.87334,0.1038513,29.57689,-0.7296066,33.4261,-0.29776,31.36771,-0.4879837,28.50556,-0.323494,27.57195,-0.4495316,11.32268,-3.52137,30.84112,-1.64061,33.21019,-0.8622284,39.16386,-0.6931534,32.69611,-0.7004395
32.275001525878906,,,,,,,,,,,,,,,10.29275,-0.6116104,18.33324,0.1583328,24.83134,0.09213257,29.50755,-0.7247238,33.35969,-0.3016663,31.29252,-0.4723587,28.42939,-0.3205643,27.48602,-0.4417191,11.27678,-3.517464,30.72784,-1.644516,33.05492,-0.8524628,39.00468,-0.6999893,32.55354,-0.7053223
32.283329010009766,,,,,,,,,,,,,,,10.28298,-0.6145401,18.31566,0.1397781,24.79131,0.07943726,29.44115,-0.7217941,33.29524,-0.3124084,31.21635,-0.4586868,28.35419,-0.3098221,27.39715,-0.4378128,11.23283,-3.520393,30.61749,-1.650375,32.90062,-0.8378143,38.85039,-0.7126846,32.40998,-0.7062988
32.29167175292969,,,,,,,,,,,,,,,10.27126,-0.621376,18.29417,0.1241531,24.74931,0.06869507,29.37767,-0.7217941,33.22688,-0.3280334,31.13334,-0.4479446,28.27997,-0.2932205,27.31121,-0.4387894,11.19182,-3.532112,30.51104,-1.657211,32.75023,-0.8221893,38.70683,-0.7263565,32.26545,-0.7053223
32.29999923706055,,,,,,,,,,,,,,,10.26052,-0.6340714,18.27074,0.1124344,24.7083,0.05990601,29.31615,-0.7247238,33.16047,-0.3485413,31.05228,-0.4391556,28.20478,-0.2736893,27.22625,-0.4407425,11.14494,-3.548714,30.39581,-1.663071,32.60765,-0.8055878,38.56523,-0.7400284,32.1258,-0.7004395
32.3,0.0,-120.0,-16.0,-70.0,-2.0,-752.0,-9.0,-3744.0,-1.0,-7079.0,-6.0,-831.0,-2.0,-2291.0,,,,,,,,,,,,,,,,,,,,,,,,,,
32.30833053588867,,,,,,,,,,,,,,,10.25173,-0.6448135,18.24925,0.106575,24.66924,0.05599976,29.25755,-0.7257004,33.09016,-0.3729553,30.9683,-0.4352493,28.12958,-0.2570877,27.14324,-0.4436722,11.10002,-3.572151,30.28643,-1.66893,32.46898,-0.793869,38.43535,-0.7546768,31.98713,-0.692627
32.31666946411133,,,,,,,,,,,,,,,10.24197,-0.6555557,18.22874,0.1055984,24.63017,0.05599976,29.20091,-0.7247238,33.02082,-0.3954163,30.88432,-0.4323196,28.05536,-0.2424393,27.06414,-0.4426956,11.04826,-3.598518,30.17608,-1.672836,32.33617,-0.7870331,38.29961,-0.7663956,31.85041,-0.6867676
32.32500076293945,,,,,,,,,,,,,,,10.23025,-0.6623917,18.21312,0.1143875,24.59795,0.05892944,29.14232,-0.7208176,32.94856,-0.4120178,30.80033,-0.42939,27.97724,-0.2356033,26.98699,-0.4387894,10.99358,-3.624886,30.06963,-1.67186,32.20921,-0.7860565,38.16191,-0.7722549,31.71857,-0.6828613
32.33332824707031,,,,,,,,,,,,,,,10.21365,-0.6653214,18.19652,0.1319656,24.56572,0.06283569,29.08372,-0.7159348,32.87727,-0.42276,30.72025,-0.4284134,27.90204,-0.2326736,26.91277,-0.4300003,10.93791,-3.650276,29.96709,-1.66893,32.08519,-0.7909393,38.02226,-0.7722549,31.58967,-0.6789551
32.333333333333336,0.0,-118.0,-16.0,-72.0,-2.0,-747.0,-9.0,-3750.0,-1.0,-7087.0,-6.0,-836.0,-2.0,-2288.0,,,,,,,,,,,,,,,,,,,,,,,,,,
32.341670989990234,,,,,,,,,,,,,,,10.19997,-0.668251,18.18285,0.15345,24.53935,0.06576538,29.01927,-0.7110519,32.805,-0.4286194,30.64213,-0.4274368,27.82392,-0.2316971,26.83562,-0.4192581,10.87932,-3.666878,29.86944,-1.662094,31.96996,-0.7977753,37.87383,-0.7712784,31.47053,-0.677002
32.349998474121094,,,,,,,,,,,,,,,10.18435,-0.6653214,18.1682,0.1788406,24.51591,0.06771851,28.95287,-0.7081223,32.73469,-0.4315491,30.56498,-0.4254837,27.74775,-0.2316971,26.75945,-0.4085159,10.82072,-3.67762,29.77374,-1.654282,31.85765,-0.8036346,37.72246,-0.7673721,31.34943,-0.6740723
32.35832977294922,,,,,,,,,,,,,,,10.16775,-0.6643448,18.15453,0.2100906,24.49248,0.06674194,28.88353,-0.7090988,32.6634,-0.4325256,30.48881,-0.4264603,27.67157,-0.2307205,26.68035,-0.3987503,10.76701,-3.679573,29.68389,-1.646469,31.74535,-0.8055878,37.56425,-0.7624893,31.23518,-0.6721191
32.36666666666667,0.0,-117.0,-17.0,-73.0,-3.0,-745.0,-9.0,-3753.0,-2.0,-7097.0,-6.0,-837.0,-2.0,-2286.0,,,,,,,,,,,,,,,,,,,,,,,,,,
32.366668701171875,,,,,,,,,,,,,,,10.15115,-0.6643448,18.13499,0.2403641,24.46904,0.06967163,28.81029,-0.7139816,32.59114,-0.4305725,30.41557,-0.4274368,27.59931,-0.2268143,26.59637,-0.3909378,10.71233,-3.676643,29.60088,-1.642563,31.63402,-0.8055878,37.4041,-0.7566299,31.12189,-0.6691895
32.375,,,,,,,,,,,,,,,10.13357,-0.6633682,18.11546,0.2686844,24.44463,0.07748413,28.73705,-0.7227707,32.51887,-0.4286194,30.33842,-0.4284134,27.52607,-0.2209549,26.51434,-0.3880081,10.65862,-3.668831,29.5169,-1.639633,31.52464,-0.800705,37.2459,-0.749794,31.00764,-0.6682129
32.383331298828125,,,,,,,,,,,,,,,10.12087,-0.6614151,18.093,0.294075,24.41533,0.08920288,28.66966,-0.7344894,32.44758,-0.4256897,30.2681,-0.4313431,27.45478,-0.214119,26.42742,-0.3831253,10.60686,-3.656136,29.43877,-1.64061,31.41234,-0.7909393,37.09062,-0.7429581,30.89631,-0.6682129
32.39167022705078,,,,,,,,,,,,,,,10.10818,-0.659462,18.06664,0.3155594,24.3831,0.1028748,28.60423,-0.7471848,32.37629,-0.4217834,30.19682,-0.4372025,27.38153,-0.2092361,26.34539,-0.3821487,10.55119,-3.647346,29.35772,-1.646469,31.29808,-0.7821503,36.93535,-0.734169,30.784,-0.6721191
32.4,0.0,-115.0,-17.0,-73.0,-3.0,-748.0,-9.0,-3753.0,-3.0,-7103.0,-6.0,-836.0,-2.0,-2286.0,,,,,,,,,,,,,,,,,,,,,,,,,,
32.400001525878906,,,,,,,,,,,,,,,10.10036,-0.6575089,18.04222,0.3302078,24.34697,0.1204529,28.54564,-0.7569504,32.30696,-0.4139709,30.13236,-0.445015,27.30927,-0.2043533,26.25945,-0.3831253,10.49358,-3.641487,29.27666,-1.655258,31.17601,-0.7723846,36.783,-0.7234268,30.66975,-0.6818848
32.408329010009766,,,,,,,,,,,,,,,10.09353,-0.6555557,18.01781,0.34095,24.30595,0.1370544,28.4929,-0.7628098,32.24153,-0.4002991,30.07475,-0.4518509,27.23798,-0.2033768,26.1784,-0.3811722,10.43498,-3.638557,29.19756,-1.664047,31.04808,-0.7645721,36.63457,-0.7117081,30.55647,-0.6955566
32.41667175292969,,,,,,,,,,,,,,,10.08865,-0.6536026,17.99437,0.3468094,24.26494,0.1487732,28.4431,-0.7657394,32.17414,-0.3836975,30.02103,-0.46064,27.16376,-0.207283,26.10027,-0.3762894,10.37444,-3.639534,29.11749,-1.669907,30.91722,-0.762619,36.48906,-0.6999893,30.44318,-0.7102051
32.42499923706055,,,,,,,,,,,,,,,10.08474,-0.6536026,17.97386,0.3507156,24.22197,0.1575623,28.39525,-0.766716,32.11164,-0.3641663,29.97611,-0.469429,27.09052,-0.2121658,26.02312,-0.3714066,10.30901,-3.641487,29.03057,-1.67186,30.78246,-0.762619,36.34648,-0.6902237,30.33088,-0.7268066
32.43333053588867,,,,,,,,,,,,,,,10.08181,-0.6545792,17.95531,0.3487625,24.17705,0.1634216,28.34935,-0.7647629,32.04719,-0.3426819,29.93314,-0.4772415,27.01825,-0.2160721,25.94695,-0.3675003,10.25041,-3.642464,28.95049,-1.66893,30.64769,-0.7645721,36.20976,-0.6853409,30.2176,-0.7424316
32.43333333333333,0.0,-111.0,-18.0,-73.0,-3.0,-750.0,-9.0,-3751.0,-3.0,-7108.0,-5.0,-834.0,-2.0,-2286.0,,,,,,,,,,,,,,,,,,,,,,,,,,
32.44166946411133,,,,,,,,,,,,,,,10.0779,-0.6604385,17.93968,0.3458328,24.1331,0.1683044,28.30052,-0.7598801,31.98372,-0.3221741,29.88725,-0.4821243,26.95087,-0.2190018,25.87469,-0.3645706,10.19377,-3.641487,28.86065,-1.661118,30.51488,-0.7684784,36.07402,-0.6843643,30.10432,-0.7580566
32.45000076293945,,,,,,,,,,,,,,,10.06716,-0.668251,17.92699,0.3458328,24.09013,0.1702576,28.25072,-0.7549973,31.91731,-0.3026428,29.83646,-0.4889603,26.88251,-0.2219315,25.80145,-0.3616409,10.14299,-3.639534,28.77666,-1.649399,30.38304,-0.7723846,35.94218,-0.6882706,29.98908,-0.7687988
32.45832824707031,,,,,,,,,,,,,,,10.05251,-0.6789932,17.90843,0.3468094,24.04326,0.1712341,28.19603,-0.7491379,31.84993,-0.2909241,29.77982,-0.4928665,26.81513,-0.2238846,25.73309,-0.3567581,10.09416,-3.634651,28.6917,-1.636703,30.25706,-0.778244,35.81523,-0.6970596,29.86604,-0.7736816
32.46666666666667,0.0,-106.0,-18.0,-76.0,-3.0,-748.0,-9.0,-3751.0,-2.0,-7111.0,-6.0,-834.0,-2.0,-2285.0,,,,,,,,,,,,,,,,,,,,,,,,,,
32.466670989990234,,,,,,,,,,,,,,,10.03689,-0.6916885,17.89085,0.3477859,23.99834,0.1731873,28.14037,-0.7393723,31.78157,-0.2850647,29.71732,-0.49189,26.74775,-0.2248611,25.66473,-0.3489456,10.04924,-3.627815,28.60577,-1.621078,30.1389,-0.7841034,35.6873,-0.7078018,29.74397,-0.7727051
32.474998474121094,,,,,,,,,,,,,,,10.01833,-0.7043839,17.86742,0.3536453,23.95732,0.1712341,28.08275,-0.7305832,31.71028,-0.2831116,29.64799,-0.4879837,26.68036,-0.2238846,25.60125,-0.3421097,10.00725,-3.619026,28.51592,-1.60936,30.02269,-0.7899628,35.55742,-0.7165909,29.61701,-0.763916
32.48332977294922,,,,,,,,,,,,,,,9.997826,-0.7190323,17.843,0.3604813,23.91338,0.1643982,28.02025,-0.719841,31.63997,-0.2850647,29.57182,-0.4821243,26.61103,-0.222908,25.53973,-0.3352737,9.966232,-3.613167,28.4251,-1.601547,29.91234,-0.7948456,35.42754,-0.7214737,29.49104,-0.7502441
32.491668701171875,,,,,,,,,,,,,,,9.977318,-0.7327042,17.81566,0.3634109,23.87431,0.1565857,27.96068,-0.7100754,31.57161,-0.2909241,29.49467,-0.4733353,26.54267,-0.2219315,25.47723,-0.3274612,9.925217,-3.606331,28.32842,-1.596664,29.80589,-0.7997284,35.2957,-0.7214737,29.36799,-0.7316895
32.5,0.0,-102.0,-18.0,-79.0,-3.0,-748.0,-8.0,-3754.0,-2.0,-7115.0,-6.0,-834.0,-2.0,-2283.0,9.95681,-0.7453995,17.78929,0.3682938,23.8372,0.1477966,27.90111,-0.7012863,31.50422,-0.29776,29.41654,-0.4616165,26.47138,-0.2219315,25.4157,-0.3196487,9.878342,-3.599495,28.22393,-1.593735,29.70238,-0.800705,35.16777,-0.7156143,29.24885,-0.708252
32.508331298828125,,,,,,,,,,,,,,,9.940208,-0.753212,17.76195,0.3682938,23.804,0.1409607,27.84251,-0.6944504,31.43879,-0.3036194,29.33939,-0.4479446,26.40595,-0.2209549,25.35027,-0.3128128,9.83342,-3.591682,28.11846,-1.593735,29.59789,-0.800705,35.03789,-0.7058487,29.13752,-0.6828613
32.51667022705078,,,,,,,,,,,,,,,9.924583,-0.7561417,17.73558,0.3653641,23.77275,0.1360779,27.78783,-0.6934738,31.37629,-0.3085022,29.26615,-0.4332962,26.33954,-0.2190018,25.27996,-0.30793,9.787521,-3.584846,28.00713,-1.597641,29.49242,-0.7997284,34.90703,-0.6912003,29.03107,-0.6574707
32.525001525878906,,,,,,,,,,,,,,,9.911888,-0.7561417,17.71507,0.3624344,23.74443,0.1351013,27.73705,-0.6944504,31.31282,-0.3124084,29.19096,-0.4206009,26.27216,-0.2160721,25.20281,-0.3050003,9.738693,-3.577034,27.89385,-1.602524,29.38988,-0.793869,34.7791,-0.6755753,28.93147,-0.638916
32.533329010009766,,,,,,,,,,,,,,,9.902122,-0.7483292,17.69164,0.3595047,23.71416,0.138031,27.69017,-0.6973801,31.25129,-0.3163147,29.11869,-0.406929,26.20771,-0.2102127,25.12176,-0.3020706,9.690842,-3.570198,27.78545,-1.607407,29.28539,-0.7880096,34.65215,-0.6599503,28.83576,-0.6223145
32.53333333333333,0.0,-97.0,-17.0,-79.0,-3.0,-749.0,-8.0,-3759.0,-2.0,-7123.0,-7.0,-837.0,-1.0,-2280.0,,,,,,,,,,,,,,,,,,,,,,,,,,
32.54167175292969,,,,,,,,,,,,,,,9.89724,-0.737587,17.6682,0.3575516,23.68388,0.1429138,27.6433,-0.7022629,31.18489,-0.3231506,29.04447,-0.3961868,26.14032,-0.2024002,25.03777,-0.2981644,9.64299,-3.565315,27.68096,-1.616196,29.18187,-0.7821503,34.52324,-0.6472549,28.73811,-0.6115723
32.54999923706055,,,,,,,,,,,,,,,9.89138,-0.721962,17.64378,0.3585281,23.65459,0.1477966,27.59642,-0.7090988,31.12043,-0.3309631,28.97416,-0.3864212,26.06903,-0.1945877,24.95086,-0.292305,9.594162,-3.560432,27.58624,-1.626938,29.07835,-0.7743378,34.39433,-0.6365128,28.63752,-0.6057129
32.55833053588867,,,,,,,,,,,,,,,9.887474,-0.7034073,17.61351,0.3643875,23.61943,0.1517029,27.54857,-0.7130051,31.05207,-0.3397522,28.90189,-0.3795853,25.99775,-0.1887283,24.86395,-0.2864456,9.550217,-3.558479,27.49834,-1.636703,28.97874,-0.769455,34.2625,-0.6287003,28.534,-0.6057129
32.56666666666667,0.0,-96.0,-17.0,-74.0,-3.0,-753.0,-8.0,-3762.0,-3.0,-7131.0,-6.0,-841.0,-1.0,-2280.0,,,,,,,,,,,,,,,,,,,,,,,,,,
32.56666946411133,,,,,,,,,,,,,,,9.884544,-0.6848526,17.58421,0.3741531,23.58525,0.153656,27.49388,-0.7178879,30.98469,-0.3475647,28.83353,-0.375679,25.9245,-0.182869,24.77898,-0.2844925,9.502365,-3.557503,27.41534,-1.646469,28.87718,-0.7655487,34.13164,-0.624794,28.42951,-0.6066895
32.57500076293945,,,,,,,,,,,,,,,9.876732,-0.6653214,17.55589,0.3858719,23.54619,0.1517029,27.43529,-0.7237473,30.91926,-0.3573303,28.76713,-0.3737259,25.85224,-0.1799393,24.69402,-0.2825394,9.457443,-3.554573,27.34112,-1.655258,28.77367,-0.762619,33.99883,-0.6277237,28.32111,-0.6105957
32.58332824707031,,,,,,,,,,,,,,,9.867943,-0.6496964,17.5305,0.3966141,23.50713,0.1497498,27.37376,-0.7276535,30.85579,-0.3670959,28.70463,-0.3707962,25.78095,-0.1789627,24.61687,-0.2844925,9.407639,-3.54969,27.26885,-1.661118,28.6682,-0.762619,33.86797,-0.6326065,28.20881,-0.6154785
32.591670989990234,,,,,,,,,,,,,,,9.857201,-0.637001,17.50902,0.4024734,23.46806,0.1487732,27.31029,-0.7286301,30.79524,-0.3729553,28.64603,-0.3717728,25.71161,-0.1809158,24.53973,-0.2893753,9.35881,-3.545784,27.19952,-1.663071,28.55882,-0.762619,33.73906,-0.6384659,28.09846,-0.6213379
32.599998474121094,,,,,,,,,,,,,,,9.845482,-0.6233292,17.48949,0.40345,23.429,0.1497498,27.24583,-0.7286301,30.73469,-0.3778381,28.58939,-0.3747025,25.64423,-0.1867752,24.46941,-0.2981644,9.309982,-3.540901,27.12725,-1.661118,28.44164,-0.7645721,33.61211,-0.6453018,27.99201,-0.6271973
32.6,0.0,-99.0,-17.0,-67.0,-2.0,-755.0,-8.0,-3765.0,-3.0,-7138.0,-6.0,-844.0,-2.0,-2283.0,,,,,,,,,,,,,,,,,,,,,,,,,,
32.60832977294922,,,,,,,,,,,,,,,9.833763,-0.6145401,17.47386,0.3985672,23.38799,0.1517029,27.18236,-0.7217941,30.67903,-0.3836975,28.53275,-0.3776321,25.57685,-0.1955643,24.40398,-0.3050003,9.257248,-3.537971,27.05499,-1.654282,28.32249,-0.7675018,33.48808,-0.6511612,27.88068,-0.6359863
32.616668701171875,,,,,,,,,,,,,,,9.825951,-0.6096573,17.46312,0.3888016,23.35088,0.1575623,27.12767,-0.7130051,30.61946,-0.3885803,28.48002,-0.3815384,25.50946,-0.2033768,24.33953,-0.3098831,9.210373,-3.536995,26.97979,-1.643539,28.20238,-0.7723846,33.36797,-0.6511612,27.77424,-0.6437988
32.625,,,,,,,,,,,,,,,9.820091,-0.6086807,17.4514,0.3751297,23.31279,0.1643982,27.07494,-0.7012863,30.55891,-0.39151,28.42435,-0.3864212,25.44208,-0.2131424,24.27996,-0.3137894,9.162521,-3.538948,26.90166,-1.636703,28.08226,-0.778244,33.25566,-0.6482315,27.67072,-0.6516113
32.633331298828125,,,,,,,,,,,,,,,9.817162,-0.6106339,17.43773,0.3575516,23.27568,0.169281,27.02513,-0.6876144,30.49543,-0.3963928,28.3726,-0.3873978,25.37763,-0.2190018,24.21941,-0.3108597,9.117599,-3.546761,26.82452,-1.63475,27.96019,-0.78508,33.1414,-0.6423721,27.56818,-0.6584473
32.63333333333333,0.0,-101.0,-17.0,-65.0,-2.0,-755.0,-9.0,-3770.0,-3.0,-7142.0,-6.0,-845.0,-2.0,-2285.0,,,,,,,,,,,,,,,,,,,,,,,,,,
32.64167022705078,,,,,,,,,,,,,,,9.813255,-0.6155167,17.42113,0.3389969,23.24052,0.169281,26.98119,-0.6768723,30.43196,-0.3983459,28.31693,-0.3864212,25.31513,-0.2238846,24.15789,-0.3069534,9.073654,-3.556526,26.74249,-1.63768,27.84398,-0.7909393,33.03008,-0.6335831,27.46564,-0.6652832
32.650001525878906,,,,,,,,,,,,,,,9.808372,-0.6233292,17.4016,0.3243484,23.20146,0.1624451,26.93919,-0.6719894,30.36946,-0.3993225,28.26029,-0.3834915,25.25556,-0.2258377,24.09051,-0.3030472,9.031662,-3.571175,26.66045,-1.645493,27.73167,-0.7948456,32.91777,-0.624794,27.37092,-0.6711426
32.658329010009766,,,,,,,,,,,,,,,9.79763,-0.6311417,17.37425,0.3116531,23.16338,0.1487732,26.89525,-0.672966,30.30598,-0.3993225,28.20365,-0.3766556,25.20282,-0.222908,24.0241,-0.2991409,8.988693,-3.5868,26.57745,-1.654282,27.61937,-0.7977753,32.80547,-0.6189346,27.27424,-0.677002
32.666666666666664,-1.0,-99.0,-17.0,-67.0,-2.0,-752.0,-9.0,-3770.0,-3.0,-7148.0,-6.0,-845.0,-3.0,-2288.0,,,,,,,,,,,,,,,,,,,,,,,,,,
32.66667175292969,,,,,,,,,,,,,,,9.784935,-0.6360245,17.34789,0.2999344,23.12431,0.1272888,26.84837,-0.6817551,30.24446,-0.3963928,28.14506,-0.36689,25.154,-0.2150955,23.95477,-0.2962112,8.946701,-3.604378,26.49737,-1.665024,27.51292,-0.7987518,32.68828,-0.6169815,27.17951,-0.6809082
32.67499923706055,,,,,,,,,,,,,,,9.768333,-0.6379776,17.31566,0.2911453,23.08916,0.09994507,26.79955,-0.6944504,30.18293,-0.3895569,28.08158,-0.3541946,25.10224,-0.2033768,23.8825,-0.2932816,8.904709,-3.621956,26.41436,-1.66893,27.40941,-0.7967987,32.56523,-0.6199112,27.08479,-0.6828613
32.68333053588867,,,,,,,,,,,,,,,9.748802,-0.6330948,17.27953,0.2872391,23.05302,0.06869507,26.74681,-0.7090988,30.12336,-0.3827209,28.01615,-0.344429,25.05829,-0.1897049,23.81414,-0.2932816,8.860764,-3.641487,26.33428,-1.660141,27.31175,-0.7948456,32.43828,-0.6267471,26.99006,-0.6877441
32.69166946411133,,,,,,,,,,,,,,,9.731224,-0.6233292,17.2473,0.2852859,23.0208,0.03842163,26.68919,-0.7217941,30.05989,-0.3700256,27.94975,-0.3366165,25.00653,-0.1770096,23.7448,-0.2932816,8.815842,-3.660042,26.25225,-1.639633,27.218,-0.7909393,32.31425,-0.6365128,26.89631,-0.692627
32.7,-1.0,-94.0,-18.0,-69.0,-3.0,-747.0,-9.0,-3773.0,-4.0,-7154.0,-6.0,-843.0,-3.0,-2291.0,,,,,,,,,,,,,,,,,,,,,,,,,,
32.70000076293945,,,,,,,,,,,,,,,9.714622,-0.612587,17.21996,0.2852859,22.99248,0.01498413,26.63646,-0.7296066,29.99836,-0.3534241,27.87846,-0.3307571,24.95282,-0.167244,23.68035,-0.2903519,8.769943,-3.67762,26.17315,-1.60936,27.12621,-0.7889862,32.18828,-0.6472549,26.80158,-0.6984863
32.70832824707031,,,,,,,,,,,,,,,9.701927,-0.6018448,17.19554,0.2872391,22.96806,0.001312256,26.58275,-0.7315598,29.93391,-0.3338928,27.80717,-0.3307571,24.89521,-0.1584549,23.61883,-0.2854691,8.723068,-3.693245,26.09307,-1.574203,27.04222,-0.7880096,32.06718,-0.6589737,26.70979,-0.7043457
32.716670989990234,,,,,,,,,,,,,,,9.690208,-0.5920792,17.17699,0.2921219,22.93877,-0.006500244,26.53001,-0.7276535,29.86848,-0.3143616,27.73783,-0.3366165,24.83368,-0.1565018,23.55926,-0.2835159,8.675217,-3.709846,26.01299,-1.540024,26.95921,-0.7889862,31.95195,-0.6697159,26.61897,-0.7102051
32.724998474121094,,,,,,,,,,,,,,,9.681419,-0.5852432,17.16039,0.2970047,22.91045,0.0003356934,26.48119,-0.7178879,29.80403,-0.2938538,27.66947,-0.3454056,24.76728,-0.1613846,23.49969,-0.2835159,8.630295,-3.723518,25.93584,-1.516586,26.87328,-0.7909393,31.84258,-0.6755753,26.5301,-0.7150879
32.73332977294922,,,,,,,,,,,,,,,9.670677,-0.5852432,17.14574,0.2999344,22.88115,0.01498413,26.43529,-0.7061691,29.74446,-0.2801819,27.60307,-0.3551712,24.70087,-0.176033,23.44109,-0.2883987,8.588303,-3.735237,25.8587,-1.505844,26.78343,-0.7889862,31.73808,-0.6794815,26.43732,-0.7150879
32.733333333333334,-1.0,-89.0,-18.0,-70.0,-3.0,-743.0,-9.0,-3777.0,-4.0,-7158.0,-6.0,-838.0,-2.0,-2292.0,,,,,,,,,,,,,,,,,,,,,,,,,,
32.741668701171875,,,,,,,,,,,,,,,9.660912,-0.590126,17.13109,0.3057938,22.84892,0.03646851,26.38939,-0.6944504,29.68196,-0.2713928,27.53861,-0.3678665,24.63056,-0.1936111,23.37957,-0.2962112,8.551193,-3.742073,25.78252,-1.508774,26.69164,-0.7860565,31.63847,-0.6804581,26.3465,-0.7102051
32.75,,,,,,,,,,,,,,,9.649193,-0.5989151,17.11253,0.3116531,22.81865,0.06088257,26.34349,-0.6846848,29.62336,-0.26651,27.47709,-0.3786087,24.56025,-0.2131424,23.31707,-0.3059769,8.522873,-3.745003,25.70635,-1.526352,26.59398,-0.7811737,31.54082,-0.6804581,26.25275,-0.6984863
32.758331298828125,,,,,,,,,,,,,,,9.633568,-0.6086807,17.093,0.3175125,22.78935,0.08236694,26.29662,-0.6758957,29.56477,-0.2694397,27.4185,-0.3834915,24.49384,-0.229744,23.25262,-0.3196487,8.494553,-3.745003,25.63409,-1.553696,26.48949,-0.7723846,31.43828,-0.6804581,26.1551,-0.6809082
32.766666666666666,-1.0,-84.0,-17.0,-67.0,-3.0,-739.0,-9.0,-3782.0,-4.0,-7160.0,-6.0,-837.0,-2.0,-2291.0,,,,,,,,,,,,,,,,,,,,,,,,,,
32.76667022705078,,,,,,,,,,,,,,,9.619896,-0.6174698,17.06956,0.3263016,22.76103,0.1028748,26.24779,-0.6700363,29.51204,-0.2723694,27.36185,-0.3854446,24.42743,-0.2434158,23.18621,-0.3323441,8.467209,-3.742073,25.5628,-1.583969,26.38597,-0.762619,31.33867,-0.6785049,26.06037,-0.6584473
32.775001525878906,,,,,,,,,,,,,,,9.603294,-0.6272354,17.0471,0.3360672,22.73271,0.1165466,26.19701,-0.6661301,29.46028,-0.2733459,27.3101,-0.3834915,24.36493,-0.2492752,23.1159,-0.3401566,8.441818,-3.734261,25.49346,-1.612289,26.2805,-0.7509003,31.23515,-0.6765518,25.96662,-0.6350098
32.783329010009766,,,,,,,,,,,,,,,9.585716,-0.6321182,17.02562,0.3458328,22.70732,0.1233826,26.14427,-0.6612473,29.4095,-0.2713928,27.25639,-0.3776321,24.30634,-0.2443924,23.04852,-0.3411331,8.409592,-3.724495,25.42706,-1.635727,26.17796,-0.738205,31.13457,-0.6755753,25.8758,-0.6115723
32.79167175292969,,,,,,,,,,,,,,,9.572044,-0.6340714,17.00999,0.3546219,22.67998,0.1253357,26.09056,-0.6563644,29.36555,-0.2635803,27.20463,-0.3727493,24.25263,-0.2326736,22.98016,-0.3333206,8.372482,-3.713753,25.36358,-1.650375,26.08226,-0.7264862,31.02812,-0.6755753,25.78596,-0.592041
32.79999923706055,,,,,,,,,,,,,,,9.557396,-0.6321182,16.99339,0.3614578,22.6497,0.1214294,26.03685,-0.6485519,29.32356,-0.2557678,27.15189,-0.3727493,24.19794,-0.2150955,22.91473,-0.3216019,8.332443,-3.701057,25.3001,-1.658188,25.98949,-0.7186737,30.92558,-0.6736221,25.69709,-0.5783691
32.8,0.0,-80.0,-17.0,-65.0,-4.0,-737.0,-9.0,-3786.0,-3.0,-7163.0,-6.0,-841.0,-2.0,-2287.0,,,,,,,,,,,,,,,,,,,,,,,,,,
32.80833053588867,,,,,,,,,,,,,,,9.545677,-0.6233292,16.9807,0.3643875,22.61748,0.1165466,25.98509,-0.6397629,29.28547,-0.2479553,27.09916,-0.375679,24.14814,-0.191658,22.85125,-0.3050003,8.288498,-3.690315,25.2376,-1.659164,25.90355,-0.7147675,30.82793,-0.6687393,25.61018,-0.5715332
32.81666946411133,,,,,,,,,,,,,,,9.537865,-0.6135635,16.96996,0.3634109,22.5833,0.1136169,25.93724,-0.6319504,29.24641,-0.2411194,27.04447,-0.382515,24.09735,-0.1711502,22.78875,-0.2893753,8.242599,-3.681526,25.17217,-1.657211,25.81859,-0.7128143,30.73515,-0.6609268,25.51936,-0.5715332
32.82500076293945,,,,,,,,,,,,,,,9.531029,-0.605751,16.95531,0.3555984,22.54912,0.1165466,25.8933,-0.6221848,29.20735,-0.2362366,26.9849,-0.3922806,24.0495,-0.1506424,22.73016,-0.2727737,8.199631,-3.672737,25.10479,-1.652328,25.73851,-0.7147675,30.6414,-0.6501846,25.42854,-0.5773926
32.83332824707031,,,,,,,,,,,,,,,9.525169,-0.5998917,16.94164,0.3468094,22.51787,0.1253357,25.85326,-0.6143723,29.16145,-0.2372131,26.92338,-0.4039993,23.99677,-0.1350174,22.67352,-0.261055,8.161545,-3.665901,25.03448,-1.648422,25.65843,-0.7216034,30.55449,-0.6394424,25.33576,-0.5881348
32.833333333333336,-1.0,-81.0,-18.0,-63.0,-4.0,-736.0,-9.0,-3790.0,-3.0,-7168.0,-7.0,-843.0,-2.0,-2284.0,,,,,,,,,,,,,,,,,,,,,,,,,,
32.841670989990234,,,,,,,,,,,,,,,9.518333,-0.5950089,16.92308,0.3399734,22.48466,0.1360779,25.81615,-0.610466,29.11164,-0.2420959,26.86185,-0.4127884,23.94403,-0.1242752,22.61785,-0.2561722,8.129318,-3.663948,24.96221,-1.644516,25.57933,-0.7303925,30.46269,-0.624794,25.23908,-0.6008301
32.849998474121094,,,,,,,,,,,,,,,9.509544,-0.5959854,16.90648,0.3331375,22.45732,0.1526794,25.78294,-0.6094894,29.055,-0.2469788,26.7974,-0.4147415,23.88935,-0.1164627,22.56121,-0.2542191,8.101974,-3.662971,24.8919,-1.643539,25.49828,-0.738205,30.36699,-0.6081924,25.14631,-0.6154785
32.85832977294922,,,,,,,,,,,,,,,9.498802,-0.6008682,16.88988,0.3311844,22.42802,0.1702576,25.74779,-0.6114426,28.99446,-0.2499084,26.73295,-0.4098587,23.83564,-0.113533,22.50457,-0.2551956,8.076584,-3.664925,24.81573,-1.644516,25.41722,-0.7401581,30.26933,-0.5925674,25.05549,-0.6311035
32.86666666666667,0.0,-80.0,-19.0,-64.0,-4.0,-734.0,-9.0,-3795.0,-2.0,-7171.0,-7.0,-844.0,-2.0,-2281.0,,,,,,,,,,,,,,,,,,,,,,,,,,
32.866668701171875,,,,,,,,,,,,,,,9.48806,-0.6086807,16.87132,0.3370438,22.39482,0.184906,25.7097,-0.6192551,28.92512,-0.250885,26.67045,-0.3991165,23.78095,-0.1115799,22.44598,-0.2561722,8.04924,-3.666878,24.74249,-1.646469,25.33812,-0.7391815,30.16679,-0.577919,24.96955,-0.6437988
32.875,,,,,,,,,,,,,,,9.475365,-0.6194229,16.85667,0.3458328,22.36455,0.1946716,25.66673,-0.6299973,28.85481,-0.2499084,26.61185,-0.3873978,23.72626,-0.1096268,22.38641,-0.2571487,8.023849,-3.670784,24.66924,-1.651352,25.25218,-0.7323456,30.06523,-0.5652237,24.88557,-0.6525879
32.883331298828125,,,,,,,,,,,,,,,9.460716,-0.6311417,16.843,0.356575,22.32646,0.1976013,25.61986,-0.6407394,28.78743,-0.2469788,26.55424,-0.3737259,23.67255,-0.1057205,22.32391,-0.2571487,7.991623,-3.673714,24.59893,-1.656235,25.16917,-0.7235565,29.95879,-0.5554581,24.80744,-0.6584473
32.89167022705078,,,,,,,,,,,,,,,9.447044,-0.6409073,16.82738,0.3702469,22.2874,0.1956482,25.5681,-0.6514816,28.72004,-0.2440491,26.5015,-0.3571243,23.61689,-0.09986115,22.26141,-0.2532425,7.953537,-3.676643,24.52862,-1.662094,25.08128,-0.7147675,29.8582,-0.5505753,24.73127,-0.6623535
32.9,0.0,-81.0,-18.0,-65.0,-4.0,-732.0,-9.0,-3798.0,-2.0,-7173.0,-7.0,-843.0,-2.0,-2279.0,,,,,,,,,,,,,,,,,,,,,,,,,,
32.900001525878906,,,,,,,,,,,,,,,9.435326,-0.6467667,16.81566,0.3829422,22.24736,0.1897888,25.51634,-0.6612473,28.65168,-0.2420959,26.4556,-0.344429,23.56025,-0.09497833,22.19793,-0.2473831,7.908615,-3.68055,24.46124,-1.669907,24.99242,-0.7059784,29.75859,-0.5486221,24.65705,-0.6623535
32.908329010009766,,,,,,,,,,,,,,,9.42263,-0.652626,16.80199,0.3936844,22.20537,0.1790466,25.46263,-0.6651535,28.58723,-0.2440491,26.40873,-0.3336868,23.50556,-0.08911896,22.13445,-0.2425003,7.860764,-3.685432,24.39581,-1.676743,24.90257,-0.6981659,29.66289,-0.5495987,24.58576,-0.6594238
32.91667175292969,,,,,,,,,,,,,,,9.411888,-0.6565323,16.78343,0.3995438,22.16631,0.169281,25.4099,-0.6592941,28.52668,-0.2479553,26.36478,-0.3248978,23.44696,-0.08521271,22.07,-0.2366409,7.808029,-3.689339,24.33428,-1.680649,24.81468,-0.6932831,29.5623,-0.5554581,24.51057,-0.6555176
32.92499923706055,,,,,,,,,,,,,,,9.399193,-0.6555557,16.76585,0.4054031,22.1292,0.1614685,25.36009,-0.6505051,28.46907,-0.2518616,26.31791,-0.3151321,23.38446,-0.08423615,22.00652,-0.2317581,7.757248,-3.695198,24.27178,-1.683578,24.72581,-0.69133,29.46465,-0.5632706,24.43342,-0.6525879
32.93333053588867,,,,,,,,,,,,,,,9.387474,-0.6516495,16.74632,0.4102859,22.09502,0.1565857,25.31908,-0.6397629,28.4134,-0.2557678,26.27006,-0.3063431,23.32392,-0.08521271,21.945,-0.2288284,7.713303,-3.703987,24.21026,-1.683578,24.63988,-0.69133,29.36308,-0.5710831,24.35627,-0.6506348
32.93333333333333,0.0,-83.0,-18.0,-66.0,-4.0,-732.0,-8.0,-3800.0,-2.0,-7179.0,-6.0,-841.0,-2.0,-2276.0,,,,,,,,,,,,,,,,,,,,,,,,,,
32.94166946411133,,,,,,,,,,,,,,,9.376732,-0.6457901,16.72777,0.4141922,22.06474,0.153656,25.27904,-0.6251144,28.36164,-0.2577209,26.21928,-0.297554,23.26142,-0.0881424,21.88836,-0.2268753,7.67131,-3.714729,24.14678,-1.680649,24.55492,-0.69133,29.25761,-0.5788956,24.27619,-0.6496582
32.95000076293945,,,,,,,,,,,,,,,9.364037,-0.6389542,16.70921,0.4200516,22.03935,0.1546326,25.24193,-0.610466,28.31086,-0.2577209,26.16654,-0.288765,23.19989,-0.09107208,21.83172,-0.2317581,7.635178,-3.721565,24.07745,-1.674789,24.47289,-0.69133,29.15215,-0.5857315,24.19123,-0.6486816
32.95832824707031,,,,,,,,,,,,,,,9.348412,-0.6321182,16.68968,0.4268875,22.01982,0.1526794,25.20677,-0.6026535,28.26301,-0.2547913,26.11185,-0.2809525,23.13544,-0.09204865,21.77996,-0.2405472,7.607834,-3.727425,24.00616,-1.66893,24.38988,-0.6942596,29.05351,-0.5915909,24.10139,-0.6447754
32.96666666666667,0.0,-82.0,-18.0,-67.0,-4.0,-735.0,-8.0,-3803.0,-3.0,-7187.0,-6.0,-842.0,-2.0,-2272.0,,,,,,,,,,,,,,,,,,,,,,,,,,
32.966670989990234,,,,,,,,,,,,,,,9.329857,-0.6233292,16.67308,0.4327469,22.00029,0.1477966,25.16869,-0.6007004,28.21711,-0.2518616,26.05814,-0.2760696,23.07587,-0.09107208,21.72918,-0.2542191,7.582443,-3.732307,23.92901,-1.661118,24.31078,-0.700119,28.9539,-0.5954971,24.00861,-0.6398926
32.974998474121094,,,,,,,,,,,,,,,9.313255,-0.6184464,16.65648,0.4366531,21.98174,0.1429138,25.12962,-0.6016769,28.16926,-0.2469788,26.00346,-0.2711868,23.01728,-0.08716583,21.67645,-0.2717972,7.561935,-3.731331,23.85088,-1.654282,24.23265,-0.706955,28.86211,-0.5954971,23.91975,-0.6359863
32.98332977294922,,,,,,,,,,,,,,,9.291771,-0.6174698,16.63695,0.4366531,21.9622,0.1341248,25.08665,-0.6055832,28.12141,-0.2411194,25.95267,-0.2702103,22.95868,-0.08228302,21.62273,-0.2893753,7.533615,-3.725471,23.77178,-1.650375,24.1555,-0.7147675,28.77715,-0.5964737,23.82697,-0.6271973
32.991668701171875,,,,,,,,,,,,,,,9.271263,-0.6174698,16.61546,0.4317703,21.93974,0.1233826,25.04076,-0.6114426,28.07063,-0.2401428,25.90482,-0.2711868,22.904,-0.07740021,21.56902,-0.3059769,7.503342,-3.720589,23.70049,-1.645493,24.0764,-0.7245331,28.69414,-0.5974503,23.74494,-0.6193848
33.0,0.0,-80.0,-18.0,-67.0,-4.0,-739.0,-8.0,-3804.0,-3.0,-7198.0,-6.0,-845.0,-2.0,-2266.0,9.249779,-0.6203995,16.593,0.4229813,21.91338,0.1165466,24.98705,-0.6153488,28.01692,-0.2372131,25.856,-0.2741165,22.84931,-0.07447052,21.51043,-0.3176956,7.469162,-3.712776,23.63116,-1.639633,23.99828,-0.7323456,28.61406,-0.5974503,23.66584,-0.6086426
33.008331298828125,,,,,,,,,,,,,,,9.231224,-0.621376,16.56664,0.4112625,21.88017,0.1136169,24.93333,-0.6153488,27.96321,-0.2313538,25.80424,-0.2799759,22.7956,-0.07056427,21.44988,-0.3225784,7.434006,-3.702034,23.56963,-1.633774,23.92113,-0.7391815,28.53398,-0.5984268,23.5965,-0.5998535
33.01667022705078,,,,,,,,,,,,,,,9.214622,-0.6194229,16.54124,0.3975906,21.84306,0.1175232,24.87865,-0.6124191,27.91047,-0.2284241,25.75346,-0.281929,22.74091,-0.06763458,21.38934,-0.3196487,7.392014,-3.691292,23.51788,-1.623032,23.83812,-0.7450409,28.4539,-0.6023331,23.53107,-0.5939941
33.025001525878906,,,,,,,,,,,,,,,9.204857,-0.612587,16.51781,0.3839188,21.80302,0.1292419,24.82201,-0.6075363,27.85579,-0.2274475,25.69975,-0.2838821,22.68622,-0.06763458,21.32879,-0.3098831,7.348068,-3.682503,23.47198,-1.613266,23.75609,-0.7479706,28.36992,-0.6062393,23.47346,-0.5891113
33.033329010009766,,,,,,,,,,,,,,,9.195091,-0.6018448,16.49535,0.3722,21.76006,0.1438904,24.76732,-0.5987473,27.80403,-0.2254944,25.64213,-0.2848587,22.63349,-0.06665802,21.26824,-0.2991409,7.306076,-3.675667,23.42803,-1.604477,23.67113,-0.7489471,28.28496,-0.6111221,23.41779,-0.5822754
33.03333333333333,0.0,-73.0,-18.0,-67.0,-4.0,-742.0,-7.0,-3802.0,-4.0,-7207.0,-6.0,-847.0,-2.0,-2262.0,,,,,,,,,,,,,,,,,,,,,,,,,,
33.04167175292969,,,,,,,,,,,,,,,9.189232,-0.5871964,16.47191,0.3624344,21.72099,0.1624451,24.71654,-0.5889816,27.7552,-0.2235413,25.58353,-0.2858353,22.57978,-0.06275177,21.20672,-0.2864456,7.261154,-3.668831,23.38506,-1.598618,23.58812,-0.7489471,28.19511,-0.6189346,23.35822,-0.5783691
33.04999923706055,,,,,,,,,,,,,,,9.184349,-0.5705948,16.45335,0.3575516,21.68193,0.1809998,24.67064,-0.5831223,27.70637,-0.219635,25.52103,-0.2858353,22.52802,-0.05884552,21.14617,-0.2717972,7.224045,-3.659065,23.33624,-1.595688,23.50609,-0.7460175,28.1082,-0.6277237,23.29865,-0.5793457
33.05833053588867,,,,,,,,,,,,,,,9.179466,-0.5569229,16.4348,0.356575,21.64384,0.1976013,24.62962,-0.5801926,27.65852,-0.2157288,25.46146,-0.2868118,22.47626,-0.05298615,21.08562,-0.2600784,7.186935,-3.653206,23.2835,-1.596664,23.42796,-0.7421112,28.02031,-0.6335831,23.23322,-0.5822754
33.06666666666667,0.0,-69.0,-18.0,-64.0,-4.0,-742.0,-8.0,-3802.0,-4.0,-7215.0,-5.0,-849.0,-2.0,-2263.0,,,,,,,,,,,,,,,,,,,,,,,,,,
33.06666946411133,,,,,,,,,,,,,,,9.174583,-0.550087,16.41722,0.3595047,21.60674,0.2122498,24.58861,-0.5782394,27.60969,-0.2098694,25.40287,-0.2916946,22.42939,-0.04810333,21.02605,-0.2512894,7.144943,-3.6493,23.22588,-1.6035,23.34789,-0.738205,27.93242,-0.6394424,23.16389,-0.5891113
33.07500076293945,,,,,,,,,,,,,,,9.167747,-0.5510635,16.39769,0.3643875,21.56963,0.2220154,24.54955,-0.5801926,27.55989,-0.2030334,25.34623,-0.297554,22.38153,-0.0412674,20.96746,-0.2434769,7.105881,-3.645393,23.16436,-1.613266,23.26878,-0.7323456,27.84843,-0.6433487,23.08869,-0.5969238
33.08332824707031,,,,,,,,,,,,,,,9.159935,-0.558876,16.37523,0.3702469,21.53545,0.2239685,24.51439,-0.5840988,27.51106,-0.1961975,25.2935,-0.3053665,22.33271,-0.0334549,20.91277,-0.2337112,7.065842,-3.644417,23.10088,-1.622055,23.18675,-0.7264862,27.76543,-0.6433487,23.00959,-0.6037598
33.091670989990234,,,,,,,,,,,,,,,9.151146,-0.5705948,16.3557,0.3751297,21.49931,0.2229919,24.47533,-0.5889816,27.4593,-0.1913147,25.24662,-0.3151321,22.28388,-0.02857208,20.86199,-0.2249222,7.025803,-3.644417,23.0335,-1.630844,23.10081,-0.7235565,27.68242,-0.6384659,22.92951,-0.6086426
33.099998474121094,,,,,,,,,,,,,,,9.14138,-0.5881729,16.33128,0.3761063,21.46318,0.2200623,24.43431,-0.594841,27.4095,-0.188385,25.20463,-0.3258743,22.23407,-0.02466583,20.81316,-0.2180862,6.98674,-3.642464,22.96807,-1.63475,23.0139,-0.72258,27.60429,-0.6326065,22.8465,-0.6115723
33.1,0.0,-69.0,-19.0,-61.0,-4.0,-740.0,-8.0,-3806.0,-4.0,-7219.0,-5.0,-848.0,-2.0,-2267.0,,,,,,,,,,,,,,,,,,,,,,,,,,
33.10832977294922,,,,,,,,,,,,,,,9.129662,-0.605751,16.30394,0.3731766,21.42607,0.2132263,24.39134,-0.5977707,27.35872,-0.1913147,25.16557,-0.3336868,22.17939,-0.02466583,20.76922,-0.2132034,6.942795,-3.642464,22.9085,-1.633774,22.92113,-0.7235565,27.52031,-0.6238174,22.76447,-0.6105957
33.116668701171875,,,,,,,,,,,,,,,9.117943,-0.6174698,16.2805,0.3682938,21.39287,0.2044373,24.3474,-0.5987473,27.30989,-0.1971741,25.12748,-0.3385696,22.12665,-0.02759552,20.72527,-0.2122269,6.908615,-3.644417,22.84795,-1.629868,22.82933,-0.7245331,27.4373,-0.6130753,22.68537,-0.6066895
33.125,,,,,,,,,,,,,,,9.107201,-0.6272354,16.25414,0.3604813,21.35869,0.1985779,24.3015,-0.5987473,27.26106,-0.2020569,25.08842,-0.3414993,22.07196,-0.03540802,20.67937,-0.2151566,6.872482,-3.64637,22.78838,-1.623032,22.74242,-0.7235565,27.34941,-0.6042862,22.60725,-0.5998535
33.133331298828125,,,,,,,,,,,,,,,9.091576,-0.6330948,16.22972,0.3526688,21.33037,0.1966248,24.25462,-0.5967941,27.21516,-0.20401,25.0474,-0.3395462,22.01532,-0.04517365,20.63445,-0.2249222,6.843185,-3.650276,22.73174,-1.616196,22.66039,-0.7196503,27.26347,-0.5994034,22.534,-0.5979004
33.13333333333333,0.0,-70.0,-19.0,-60.0,-4.0,-738.0,-9.0,-3810.0,-4.0,-7220.0,-5.0,-848.0,-2.0,-2270.0,,,,,,,,,,,,,,,,,,,,,,,,,,
33.14167022705078,,,,,,,,,,,,,,,9.076927,-0.6340714,16.20726,0.3458328,21.30009,0.1966248,24.2058,-0.5919113,27.17024,-0.2020569,25.00248,-0.3336868,21.95771,-0.05493927,20.58465,-0.2376175,6.815842,-3.653206,22.67706,-1.611313,22.58226,-0.7137909,27.17363,-0.5994034,22.45979,-0.6018066
33.150001525878906,,,,,,,,,,,,,,,9.063255,-0.6301651,16.18871,0.3438797,21.2708,0.2034607,24.15697,-0.5821457,27.12629,-0.1932678,24.9517,-0.3278275,21.90302,-0.06861115,20.5368,-0.2512894,6.789474,-3.658089,22.61944,-1.60936,22.51195,-0.7059784,27.08183,-0.6042862,22.39143,-0.6096191
33.158329010009766,,,,,,,,,,,,,,,9.049583,-0.6233292,16.17113,0.3429031,21.24345,0.2151794,24.10716,-0.5694504,27.08332,-0.1786194,24.89506,-0.3219681,21.84833,-0.08325958,20.48504,-0.2649612,6.761154,-3.666878,22.55987,-1.611313,22.44066,-0.6952362,26.99199,-0.6140518,22.32111,-0.623291
33.166666666666664,0.0,-67.0,-19.0,-61.0,-4.0,-739.0,-8.0,-3812.0,-4.0,-7222.0,-5.0,-846.0,-2.0,-2269.0,,,,,,,,,,,,,,,,,,,,,,,,,,
33.16667175292969,,,,,,,,,,,,,,,9.038841,-0.6155167,16.15453,0.3438797,21.21416,0.2259216,24.05833,-0.5528488,27.04231,-0.1610413,24.83549,-0.3161087,21.7956,-0.09400177,20.43328,-0.2727737,6.732834,-3.676643,22.50225,-1.615219,22.37035,-0.684494,26.90312,-0.6277237,22.25275,-0.6428223
33.17499923706055,,,,,,,,,,,,,,,9.029076,-0.6047745,16.1389,0.3468094,21.18584,0.2356873,24.01146,-0.5352707,26.99934,-0.1454163,24.77494,-0.3141556,21.74189,-0.1018143,20.38055,-0.2727737,6.703537,-3.685432,22.43877,-1.619125,22.30296,-0.675705,26.81523,-0.6413956,22.1883,-0.6604004
33.18333053588867,,,,,,,,,,,,,,,9.020287,-0.5911026,16.12132,0.3477859,21.15654,0.2454529,23.96458,-0.5186691,26.96028,-0.1327209,24.71342,-0.3151321,21.69013,-0.1076736,20.33074,-0.2669144,6.669357,-3.696175,22.37432,-1.622055,22.22972,-0.668869,26.72929,-0.6531143,22.11994,-0.6750488
33.19166946411133,,,,,,,,,,,,,,,9.014427,-0.5774307,16.10374,0.3477859,21.12627,0.2522888,23.92064,-0.5040207,26.91926,-0.1278381,24.65287,-0.3180618,21.63935,-0.1086502,20.27703,-0.2551956,6.636154,-3.709846,22.31084,-1.625961,22.15355,-0.6659393,26.64531,-0.6609268,22.05354,-0.6838379
33.2,0.0,-62.0,-19.0,-63.0,-3.0,-741.0,-8.0,-3815.0,-3.0,-7227.0,-6.0,-842.0,-1.0,-2268.0,,,,,,,,,,,,,,,,,,,,,,,,,,
33.20000076293945,,,,,,,,,,,,,,,9.005638,-0.5647354,16.08324,0.3468094,21.09502,0.2513123,23.8806,-0.4932785,26.87727,-0.1307678,24.5933,-0.3190384,21.5915,-0.1066971,20.22137,-0.2395706,6.602951,-3.724495,22.24737,-1.625961,22.08031,-0.6630096,26.56523,-0.6648331,21.98518,-0.6848145
33.20832824707031,,,,,,,,,,,,,,,8.998802,-0.5539932,16.06468,0.3448563,21.06474,0.2444763,23.84056,-0.4864426,26.83528,-0.1424866,24.53568,-0.320015,21.54462,-0.1027908,20.16473,-0.2239456,6.568771,-3.738167,22.18194,-1.624008,22.00218,-0.6610565,26.48418,-0.6648331,21.91486,-0.6779785
33.216670989990234,,,,,,,,,,,,,,,8.99099,-0.543251,16.04222,0.3419266,21.03349,0.2356873,23.8015,-0.4835129,26.79036,-0.1590881,24.48197,-0.3190384,21.4997,-0.09497833,20.10613,-0.2122269,6.533615,-3.752815,22.11749,-1.624008,21.92503,-0.66008,26.40605,-0.6619034,21.84357,-0.6662598
33.224998474121094,,,,,,,,,,,,,,,8.980247,-0.5364151,16.02171,0.3370438,20.99736,0.2268982,23.76146,-0.485466,26.74348,-0.1756897,24.42533,-0.313179,21.45673,-0.08325958,20.04656,-0.2073441,6.499435,-3.764534,22.05596,-1.626938,21.84789,-0.6610565,26.33086,-0.6570206,21.77131,-0.6555176
33.23332977294922,,,,,,,,,,,,,,,8.969505,-0.5325089,15.99828,0.3331375,20.96025,0.216156,23.7224,-0.4864426,26.6927,-0.1932678,24.37357,-0.3073196,21.41474,-0.06763458,19.98699,-0.2073441,6.464279,-3.769417,21.99737,-1.627914,21.76976,-0.6610565,26.25273,-0.6531143,21.70002,-0.6447754
33.233333333333334,0.0,-60.0,-19.0,-67.0,-4.0,-743.0,-8.0,-3818.0,-3.0,-7231.0,-6.0,-843.0,0.0,-2267.0,,,,,,,,,,,,,,,,,,,,,,,,,,
33.241668701171875,,,,,,,,,,,,,,,8.95974,-0.5286026,15.97874,0.3302078,20.92119,0.2034607,23.67943,-0.4883957,26.63997,-0.2049866,24.32377,-0.3024368,21.37372,-0.05200958,19.92937,-0.2122269,6.434006,-3.769417,21.93291,-1.628891,21.69359,-0.6620331,26.17656,-0.6521378,21.62482,-0.6359863
33.25,,,,,,,,,,,,,,,8.948021,-0.527626,15.95628,0.325325,20.88115,0.1936951,23.63646,-0.4874191,26.58332,-0.2108459,24.27885,-0.2985306,21.33173,-0.03443146,19.87273,-0.2180862,6.397873,-3.765511,21.87334,-1.626938,21.61742,-0.6678925,26.09453,-0.6540909,21.55158,-0.6262207
33.258331298828125,,,,,,,,,,,,,,,8.934349,-0.5286026,15.93382,0.3204422,20.84209,0.184906,23.59251,-0.4864426,26.52473,-0.2118225,24.23392,-0.2956009,21.28681,-0.01685333,19.82098,-0.2249222,6.366623,-3.756721,21.81377,-1.622055,21.54613,-0.6766815,26.0125,-0.6599503,21.48225,-0.6203613
33.266666666666666,0.0,-56.0,-19.0,-69.0,-3.0,-743.0,-8.0,-3818.0,-2.0,-7237.0,-6.0,-844.0,-1.0,-2263.0,,,,,,,,,,,,,,,,,,,,,,,,,,
33.26667022705078,,,,,,,,,,,,,,,8.921654,-0.5295792,15.91039,0.3184891,20.80302,0.1780701,23.54857,-0.4835129,26.46809,-0.2059631,24.19291,-0.2985306,21.237,-0.001228333,19.7702,-0.2307816,6.334396,-3.744026,21.7542,-1.614243,21.47386,-0.6884003,25.92656,-0.6697159,21.41877,-0.6154785
33.275001525878906,,,,,,,,,,,,,,,8.909935,-0.5334854,15.88499,0.3184891,20.76299,0.1741638,23.50755,-0.4805832,26.4134,-0.1961975,24.15385,-0.3024368,21.18134,0.01049042,19.71941,-0.2346878,6.305099,-3.730354,21.69561,-1.6035,21.40941,-0.7040253,25.84355,-0.6785049,21.35627,-0.607666
33.283329010009766,,,,,,,,,,,,,,,8.899193,-0.5403214,15.8596,0.3204422,20.72685,0.1712341,23.46947,-0.4805832,26.36262,-0.1854553,24.11185,-0.3063431,21.12177,0.01830292,19.66863,-0.2356644,6.272873,-3.720589,21.64092,-1.590805,21.34691,-0.72258,25.76152,-0.6843643,21.2967,-0.5998535
33.29167175292969,,,,,,,,,,,,,,,8.890404,-0.5491104,15.83226,0.3243484,20.68974,0.1712341,23.43529,-0.4835129,26.31477,-0.1717834,24.07084,-0.3082962,21.06318,0.01927948,19.6159,-0.2376175,6.245529,-3.7118,21.59014,-1.576157,21.28831,-0.7421112,25.68144,-0.6892471,21.24494,-0.5939941
33.29999923706055,,,,,,,,,,,,,,,8.879662,-0.558876,15.80687,0.3311844,20.65263,0.1731873,23.40306,-0.4883957,26.26985,-0.1610413,24.02689,-0.3112259,21.0036,0.01439667,19.56316,-0.2434769,6.215256,-3.703011,21.54034,-1.564438,21.23558,-0.7616425,25.60429,-0.6912003,21.19318,-0.5891113
33.3,0.0,-54.0,-19.0,-73.0,-2.0,-742.0,-8.0,-3818.0,-2.0,-7241.0,-5.0,-845.0,-1.0,-2257.0,,,,,,,,,,,,,,,,,,,,,,,,,,
33.30833053588867,,,,,,,,,,,,,,,8.870872,-0.5715714,15.77953,0.3399734,20.61455,0.1790466,23.37376,-0.4981613,26.22786,-0.1532288,23.981,-0.3102493,20.94794,0.002677917,19.51043,-0.2532425,6.187912,-3.695198,21.49151,-1.556625,21.17992,-0.7792206,25.53593,-0.687294,21.14143,-0.5891113
33.31666946411133,,,,,,,,,,,,,,,8.864037,-0.5823135,15.75316,0.3516922,20.57939,0.1868591,23.34447,-0.5098801,26.18489,-0.1473694,23.93217,-0.3053665,20.89423,-0.005134583,19.45477,-0.2639847,6.164474,-3.688362,21.44463,-1.550766,21.12425,-0.7919159,25.46953,-0.6804581,21.09064,-0.592041
33.32500076293945,,,,,,,,,,,,,,,8.856224,-0.5930557,15.7307,0.3653641,20.54424,0.1946716,23.31419,-0.5206223,26.13899,-0.1444397,23.88041,-0.2995071,20.84735,-0.01197052,19.40203,-0.2786331,6.142014,-3.67762,21.39581,-1.547836,21.06566,-0.7977753,25.40703,-0.6745987,21.03498,-0.5959473
33.33332824707031,,,,,,,,,,,,,,,8.846458,-0.6008682,15.71019,0.3780594,20.51396,0.2024841,23.28001,-0.5284348,26.09309,-0.1405334,23.82963,-0.2936478,20.80146,-0.01587677,19.35125,-0.2913284,6.119553,-3.662971,21.346,-1.550766,21.00023,-0.7997284,25.34355,-0.671669,20.97443,-0.6008301
33.333333333333336,0.0,-52.0,-18.0,-76.0,-2.0,-740.0,-8.0,-3821.0,-2.0,-7246.0,-5.0,-843.0,-1.0,-2255.0,,,,,,,,,,,,,,,,,,,,,,,,,,
33.341670989990234,,,,,,,,,,,,,,,8.837669,-0.6047745,15.68968,0.3907547,20.48857,0.2132263,23.24583,-0.5333176,26.04524,-0.1385803,23.77787,-0.2868118,20.75849,-0.01587677,19.30145,-0.3010941,6.100021,-3.650276,21.29327,-1.555649,20.93285,-0.7958221,25.28105,-0.6706924,20.91291,-0.6047363
33.349998474121094,,,,,,,,,,,,,,,8.824974,-0.6028214,15.67113,0.4044266,20.46709,0.2200623,23.2058,-0.5362473,25.99641,-0.1395569,23.72611,-0.281929,20.71552,-0.01392365,19.25652,-0.3030472,6.08049,-3.638557,21.23467,-1.564438,20.85765,-0.7880096,25.21953,-0.6736221,20.84455,-0.6057129
33.35832977294922,,,,,,,,,,,,,,,8.811302,-0.596962,15.65453,0.4151688,20.44853,0.2239685,23.16185,-0.5342941,25.95149,-0.14151,23.67338,-0.2809525,20.66767,-0.0100174,19.21062,-0.2962112,6.055099,-3.627815,21.17608,-1.57518,20.77953,-0.7762909,25.15508,-0.6814346,20.76936,-0.6037598
33.36666666666667,0.0,-48.0,-18.0,-78.0,-2.0,-737.0,-8.0,-3821.0,-2.0,-7252.0,-5.0,-838.0,-1.0,-2253.0,,,,,,,,,,,,,,,,,,,,,,,,,,
33.366668701171875,,,,,,,,,,,,,,,8.793724,-0.5862198,15.6389,0.4249344,20.429,0.2288513,23.1179,-0.5284348,25.90754,-0.14151,23.62553,-0.2780228,20.61786,-0.009040833,19.16863,-0.2805862,6.022873,-3.622932,21.11163,-1.585922,20.70042,-0.7616425,25.08769,-0.6902237,20.6883,-0.5998535
33.375,,,,,,,,,,,,,,,8.773216,-0.5725479,15.6223,0.4317703,20.40752,0.2327576,23.07103,-0.5206223,25.86946,-0.1405334,23.57572,-0.27314,20.56806,-0.01294708,19.12957,-0.2581253,5.98381,-3.624886,21.05108,-1.594711,20.62328,-0.7479706,25.0164,-0.6980362,20.60725,-0.5969238
33.383331298828125,,,,,,,,,,,,,,,8.750755,-0.5578995,15.60765,0.4356766,20.38017,0.2376404,23.02513,-0.5108566,25.83039,-0.1395569,23.52592,-0.2702103,20.51435,-0.02075958,19.08953,-0.2317581,5.935959,-3.632698,20.98272,-1.602524,20.55003,-0.7323456,24.94121,-0.7038956,20.52424,-0.5969238
33.39167022705078,,,,,,,,,,,,,,,8.729271,-0.543251,15.5891,0.4356766,20.34892,0.247406,22.98021,-0.4991379,25.79329,-0.1366272,23.47904,-0.266304,20.46454,-0.03150177,19.04754,-0.2014847,5.878342,-3.642464,20.91534,-1.60936,20.48265,-0.7176971,24.86406,-0.7078018,20.44514,-0.6008301
33.4,0.0,-42.0,-18.0,-75.0,-2.0,-732.0,-8.0,-3820.0,-2.0,-7255.0,-5.0,-833.0,-1.0,-2250.0,,,,,,,,,,,,,,,,,,,,,,,,,,
33.400001525878906,,,,,,,,,,,,,,,8.707787,-0.5286026,15.56956,0.4307938,20.30888,0.2610779,22.93919,-0.4874191,25.75813,-0.1307678,23.42826,-0.2594681,20.41669,-0.0412674,19.00457,-0.1721878,5.819748,-3.653206,20.85088,-1.613266,20.42113,-0.706955,24.78496,-0.7068253,20.36701,-0.6066895
33.408329010009766,,,,,,,,,,,,,,,8.689232,-0.5168839,15.5471,0.4249344,20.26884,0.2757263,22.89915,-0.4786301,25.72102,-0.1239319,23.37748,-0.2516556,20.37177,-0.04712677,18.96062,-0.1477737,5.758224,-3.661995,20.78545,-1.614243,20.35863,-0.6981659,24.70097,-0.7038956,20.29377,-0.6154785
33.41667175292969,,,,,,,,,,,,,,,8.670677,-0.5080948,15.52367,0.4171219,20.22978,0.2952576,22.86302,-0.4717941,25.68098,-0.1161194,23.32572,-0.2438431,20.33173,-0.04810333,18.91082,-0.1282425,5.703537,-3.663948,20.72393,-1.615219,20.30394,-0.69133,24.61406,-0.702919,20.22541,-0.623291
33.42499923706055,,,,,,,,,,,,,,,8.652122,-0.5041885,15.50023,0.4112625,20.1917,0.3118591,22.82982,-0.4688644,25.63899,-0.11026,23.27299,-0.235054,20.29267,-0.04419708,18.86199,-0.1126175,5.652756,-3.659065,20.66338,-1.617172,20.24828,-0.69133,24.52519,-0.7019424,20.15803,-0.6291504
33.43333053588867,,,,,,,,,,,,,,,8.633568,-0.503212,15.47679,0.4054031,20.15947,0.3245544,22.79857,-0.4717941,25.59895,-0.11026,23.22123,-0.226265,20.25653,-0.03638458,18.81219,-0.09992218,5.618576,-3.650276,20.61163,-1.616196,20.18968,-0.6952362,24.43633,-0.7019424,20.09357,-0.6330566
33.43333333333333,0.0,-37.0,-17.0,-74.0,-3.0,-731.0,-8.0,-3820.0,-1.0,-7256.0,-6.0,-832.0,0.0,-2248.0,,,,,,,,,,,,,,,,,,,,,,,,,,
33.44166946411133,,,,,,,,,,,,,,,8.616966,-0.5051651,15.45433,0.4044266,20.13213,0.3343201,22.76732,-0.4825363,25.55305,-0.1141663,23.1724,-0.219429,20.21845,-0.02954865,18.76238,-0.09113312,5.595139,-3.636604,20.56475,-1.615219,20.12621,-0.6981659,24.34258,-0.7038956,20.02717,-0.6330566
33.45000076293945,,,,,,,,,,,,,,,8.600365,-0.512001,15.43773,0.4093094,20.10966,0.3352966,22.73509,-0.4962082,25.50618,-0.1200256,23.12748,-0.2125931,20.18134,-0.0256424,18.71355,-0.08625031,5.576584,-3.619026,20.5169,-1.613266,20.0598,-0.7030487,24.25078,-0.7078018,19.96076,-0.630127
33.45832824707031,,,,,,,,,,,,,,,8.580833,-0.5207901,15.42503,0.4171219,20.08818,0.3313904,22.70384,-0.5108566,25.4593,-0.1307678,23.08842,-0.2057571,20.13935,-0.02368927,18.67059,-0.08234406,5.562912,-3.603401,20.47784,-1.611313,19.99242,-0.706955,24.16386,-0.7136612,19.89436,-0.6242676
33.46666666666667,0.0,-35.0,-17.0,-74.0,-3.0,-734.0,-9.0,-3822.0,0.0,-7255.0,-6.0,-832.0,0.0,-2248.0,,,,,,,,,,,,,,,,,,,,,,,,,,
33.466670989990234,,,,,,,,,,,,,,,8.565208,-0.5305557,15.40941,0.4278641,20.0667,0.3265076,22.67162,-0.5284348,25.4095,-0.1444397,23.05326,-0.1989212,20.09638,-0.0256424,18.62957,-0.07941437,5.557053,-3.592659,20.43584,-1.607407,19.92308,-0.706955,24.07988,-0.7175674,19.83381,-0.6203613
33.474998474121094,,,,,,,,,,,,,,,8.548607,-0.5393448,15.39671,0.4425125,20.04521,0.3226013,22.63548,-0.5430832,25.35774,-0.1532288,23.02201,-0.195015,20.05146,-0.02954865,18.59051,-0.07843781,5.548264,-3.582893,20.3919,-1.604477,19.84691,-0.7059784,24.00859,-0.7195206,19.77717,-0.6193848
33.48332977294922,,,,,,,,,,,,,,,8.535912,-0.5461807,15.38011,0.4581375,20.01982,0.3196716,22.60033,-0.5518723,25.30891,-0.1590881,22.99076,-0.1930618,20.00556,-0.02954865,18.55145,-0.07941437,5.536545,-3.578987,20.35088,-1.6035,19.77464,-0.7020721,23.94121,-0.7204971,19.72248,-0.623291
33.491668701171875,,,,,,,,,,,,,,,8.525169,-0.5471573,15.35863,0.4766922,19.99345,0.3186951,22.56224,-0.5557785,25.25911,-0.1639709,22.96049,-0.1930618,19.95771,-0.02661896,18.51043,-0.08136749,5.52092,-3.578011,20.30401,-1.60643,19.70531,-0.6952362,23.88164,-0.7204971,19.67365,-0.6311035
33.5,0.0,-37.0,-18.0,-72.0,-3.0,-737.0,-9.0,-3829.0,-1.0,-7258.0,-6.0,-837.0,0.0,-2247.0,8.514427,-0.5403214,15.33226,0.4932938,19.96123,0.3196716,22.52318,-0.5538254,25.21321,-0.1639709,22.92142,-0.1969681,19.91083,-0.02075958,18.46453,-0.08625031,5.500412,-3.578987,20.25518,-1.611313,19.64085,-0.6864471,23.82402,-0.7204971,19.62873,-0.638916
33.508331298828125,,,,,,,,,,,,,,,8.504662,-0.5295792,15.30101,0.5079422,19.92998,0.3216248,22.48216,-0.5460129,25.16829,-0.1581116,22.88041,-0.2047806,19.86103,-0.01197052,18.41473,-0.09210968,5.478928,-3.579964,20.20342,-1.620102,19.5764,-0.6786346,23.76836,-0.7175674,19.58381,-0.6477051
33.51667022705078,,,,,,,,,,,,,,,8.497826,-0.5159073,15.2639,0.5186844,19.8997,0.3226013,22.44115,-0.5313644,25.12727,-0.1522522,22.83353,-0.2145462,19.81122,-0.001228333,18.36004,-0.09894562,5.454514,-3.581917,20.14874,-1.629868,19.52269,-0.6708221,23.70781,-0.7117081,19.53889,-0.6535645
33.525001525878906,,,,,,,,,,,,,,,8.492943,-0.496376,15.22679,0.5264969,19.86943,0.3235779,22.39915,-0.5147629,25.08723,-0.1454163,22.77982,-0.226265,19.76337,0.008537292,18.30437,-0.104805,5.430099,-3.5868,20.09502,-1.63768,19.47386,-0.6630096,23.64433,-0.702919,19.49689,-0.6594238
33.533329010009766,,,,,,,,,,,,,,,8.489037,-0.4768448,15.19164,0.5313797,19.84209,0.3206482,22.35716,-0.4932785,25.04817,-0.1346741,22.72807,-0.2379837,19.71552,0.01537323,18.24578,-0.1106644,5.399826,-3.592659,20.04229,-1.643539,19.42503,-0.6561737,23.57597,-0.6941299,19.45197,-0.6604004
33.53333333333333,0.0,-36.0,-18.0,-71.0,-3.0,-739.0,-9.0,-3833.0,-1.0,-7265.0,-6.0,-844.0,0.0,-2242.0,,,,,,,,,,,,,,,,,,,,,,,,,,
33.54167175292969,,,,,,,,,,,,,,,8.48513,-0.4553604,15.16039,0.5294266,19.81767,0.3177185,22.32201,-0.4717941,25.00715,-0.1229553,22.67338,-0.2428665,19.66571,0.01927948,18.19012,-0.1135941,5.368576,-3.600471,19.98467,-1.646469,19.38597,-0.653244,23.50761,-0.6824112,19.40607,-0.6574707
33.54999923706055,,,,,,,,,,,,,,,8.482201,-0.4377823,15.13597,0.5245438,19.79326,0.3147888,22.28392,-0.4493332,24.96516,-0.11026,22.6226,-0.2389603,19.61493,0.0212326,18.13738,-0.1106644,5.332443,-3.611214,19.93194,-1.642563,19.34691,-0.6522675,23.44218,-0.6697159,19.35725,-0.6535645
33.55833053588867,,,,,,,,,,,,,,,8.473412,-0.4241104,15.11351,0.5147781,19.76787,0.3128357,22.25072,-0.4307785,24.92317,-0.09561157,22.57377,-0.2282181,19.56513,0.02025604,18.08758,-0.104805,5.294357,-3.628792,19.88116,-1.633774,19.30101,-0.6493378,23.38164,-0.656044,19.30647,-0.6477051
33.56666666666667,0.0,-36.0,-18.0,-71.0,-2.0,-740.0,-10.0,-3838.0,-1.0,-7273.0,-5.0,-846.0,0.0,-2235.0,,,,,,,,,,,,,,,,,,,,,,,,,,
33.56666946411133,,,,,,,,,,,,,,,8.462669,-0.4143448,15.09496,0.5040359,19.74443,0.3128357,22.21849,-0.4161301,24.87825,-0.07901001,22.52982,-0.2096634,19.51044,0.01732635,18.0407,-0.09503937,5.247482,-3.648323,19.82745,-1.619125,19.25121,-0.6493378,23.32402,-0.6453018,19.25178,-0.6428223
33.57500076293945,,,,,,,,,,,,,,,8.447044,-0.4123917,15.08031,0.4923172,19.71611,0.3128357,22.18529,-0.4034348,24.83332,-0.06240845,22.48783,-0.1823196,19.45575,0.01634979,17.99676,-0.07941437,5.195724,-3.668831,19.77276,-1.598618,19.19456,-0.6512909,23.27715,-0.6384659,19.19416,-0.6369629
33.58332824707031,,,,,,,,,,,,,,,8.426537,-0.418251,15.06664,0.4835281,19.68193,0.3157654,22.15306,-0.3975754,24.78743,-0.04776001,22.44682,-0.1530228,19.39716,0.01830292,17.95477,-0.05890656,5.14006,-3.687386,19.71905,-1.576157,19.13206,-0.6512909,23.23222,-0.6355362,19.13264,-0.6340332
33.591670989990234,,,,,,,,,,,,,,,8.402122,-0.4309464,15.04808,0.4757156,19.6458,0.3235779,22.12083,-0.3965988,24.74055,-0.03408813,22.40482,-0.1227493,19.34052,0.02416229,17.91277,-0.03742218,5.084396,-3.701057,19.66045,-1.556625,19.05785,-0.6522675,23.19023,-0.6365128,19.07307,-0.6330566
33.599998474121094,,,,,,,,,,,,,,,8.372826,-0.449501,15.03343,0.4698563,19.60674,0.3343201,22.08568,-0.3975754,24.69563,-0.02236938,22.36185,-0.09345245,19.28681,0.03295135,17.8698,-0.01300812,5.032639,-3.709846,19.60088,-1.537094,18.98167,-0.6542206,23.14726,-0.6423721,19.00861,-0.630127
33.6,0.0,-36.0,-18.0,-69.0,-3.0,-739.0,-10.0,-3841.0,-1.0,-7275.0,-5.0,-844.0,0.0,-2234.0,,,,,,,,,,,,,,,,,,,,,,,,,,
33.60832977294922,,,,,,,,,,,,,,,8.343529,-0.471962,15.01585,0.4708328,19.56767,0.3460388,22.04857,-0.3965988,24.64778,-0.01455688,22.31791,-0.07001495,19.237,0.04662323,17.82488,0.00945282,4.984787,-3.713753,19.54424,-1.521469,18.90648,-0.6581268,23.10039,-0.6511612,18.94709,-0.630127
33.616668701171875,,,,,,,,,,,,,,,8.318138,-0.4914932,14.9973,0.4766922,19.52763,0.3597107,22.00853,-0.391716,24.59797,-0.01260376,22.27103,-0.05341339,19.18915,0.0602951,17.77801,0.03289032,4.951584,-3.7118,19.48663,-1.513657,18.83128,-0.6649628,23.0457,-0.6628799,18.88654,-0.6320801
33.625,,,,,,,,,,,,,,,8.291771,-0.5071182,14.98265,0.4845047,19.49052,0.3782654,21.96849,-0.3819504,24.54914,-0.01065063,22.22514,-0.04364777,19.14716,0.0759201,17.73406,0.04753876,4.923264,-3.70594,19.42803,-1.511703,18.76097,-0.6776581,22.98906,-0.6755753,18.82893,-0.6330566
33.633331298828125,,,,,,,,,,,,,,,8.271263,-0.5149307,14.96703,0.4932938,19.45439,0.3948669,21.92357,-0.3633957,24.49836,-0.009674072,22.17826,-0.04071808,19.10907,0.08959198,17.68816,0.05632782,4.906662,-3.700081,19.3753,-1.514633,18.69261,-0.69133,22.92754,-0.6833878,18.77131,-0.6350098
33.63333333333333,0.0,-37.0,-18.0,-70.0,-3.0,-738.0,-9.0,-3844.0,-1.0,-7280.0,-4.0,-841.0,-1.0,-2235.0,,,,,,,,,,,,,,,,,,,,,,,,,,
33.64167022705078,,,,,,,,,,,,,,,8.252708,-0.5129776,14.94847,0.5020828,19.42119,0.4104919,21.87767,-0.3389816,24.44856,-0.01065063,22.13041,-0.0426712,19.07294,0.0993576,17.64227,0.05925751,4.891037,-3.694221,19.31866,-1.523422,18.63109,-0.706955,22.86113,-0.687294,18.71564,-0.6379395
33.650001525878906,,,,,,,,,,,,,,,8.239037,-0.5022354,14.93089,0.512825,19.38603,0.4231873,21.82982,-0.3116379,24.39582,-0.00869751,22.08451,-0.0504837,19.03681,0.1061935,17.59832,0.05535126,4.876389,-3.692268,19.2669,-1.534164,18.57054,-0.72258,22.79472,-0.6912003,18.66389,-0.6418457
33.658329010009766,,,,,,,,,,,,,,,8.225365,-0.4836807,14.90843,0.5245438,19.35283,0.4290466,21.78294,-0.2833176,24.34602,-0.003814697,22.0435,-0.06024933,18.99775,0.1100998,17.55535,0.04656219,4.860764,-3.692268,19.21514,-1.544907,18.51195,-0.7372284,22.72441,-0.6912003,18.61408,-0.6437988
33.666666666666664,0.0,-35.0,-18.0,-73.0,-3.0,-740.0,-9.0,-3846.0,-2.0,-7284.0,-4.0,-838.0,-1.0,-2240.0,,,,,,,,,,,,,,,,,,,,,,,,,,
33.66667175292969,,,,,,,,,,,,,,,8.213646,-0.4602432,14.88695,0.5362625,19.31865,0.4309998,21.73802,-0.2598801,24.29524,0.00302124,21.99662,-0.07294464,18.95771,0.1120529,17.51531,0.03582001,4.837326,-3.692268,19.15948,-1.556625,18.45531,-0.7479706,22.65508,-0.6912003,18.56818,-0.645752
33.67499923706055,,,,,,,,,,,,,,,8.20388,-0.4348526,14.86058,0.5499344,19.28154,0.4290466,21.69212,-0.2413254,24.24446,0.01278687,21.95267,-0.08271027,18.91571,0.1130295,17.47332,0.02507782,4.809982,-3.692268,19.10674,-1.567368,18.39671,-0.7528534,22.58379,-0.6931534,18.52033,-0.6486816
33.68333053588867,,,,,,,,,,,,,,,8.187279,-0.409462,14.83421,0.5684891,19.24345,0.4231873,21.65697,-0.2335129,24.19563,0.02645874,21.90678,-0.0895462,18.86982,0.1198654,17.43035,0.01531219,4.775803,-3.692268,19.05694,-1.577133,18.34203,-0.7518768,22.51054,-0.6960831,18.47541,-0.6496582
33.69166946411133,,,,,,,,,,,,,,,8.171654,-0.3879776,14.81078,0.5860672,19.20537,0.4153748,21.62376,-0.235466,24.14778,0.03817749,21.8599,-0.09052277,18.82294,0.1276779,17.38738,0.008476257,4.73674,-3.689339,19.01104,-1.587875,18.28831,-0.746994,22.43633,-0.702919,18.42854,-0.6496582
33.7,0.0,-33.0,-18.0,-72.0,-3.0,-742.0,-10.0,-3849.0,-2.0,-7287.0,-4.0,-839.0,-1.0,-2244.0,,,,,,,,,,,,,,,,,,,,,,,,,,
33.70000076293945,,,,,,,,,,,,,,,8.154076,-0.3684464,14.79027,0.6046219,19.16435,0.4104919,21.59251,-0.2432785,24.10188,0.0508728,21.81205,-0.08368683,18.77509,0.1393967,17.34246,0.00554657,4.697678,-3.685432,18.96612,-1.596664,18.23656,-0.7401581,22.36308,-0.7117081,18.37873,-0.6516113
33.70832824707031,,,,,,,,,,,,,,,8.136497,-0.355751,14.76976,0.6222,19.12627,0.4095154,21.56517,-0.2569504,24.05989,0.06259155,21.76225,-0.07294464,18.72626,0.1540451,17.29461,0.004570007,4.656662,-3.67762,18.9251,-1.60643,18.18675,-0.7294159,22.28789,-0.7175674,18.32404,-0.6525879
33.716670989990234,,,,,,,,,,,,,,,8.11599,-0.3489151,14.75218,0.6329422,19.09209,0.4104919,21.5388,-0.2725754,24.02375,0.07040405,21.71537,-0.05536652,18.67841,0.1725998,17.24578,0.004570007,4.618576,-3.668831,18.88604,-1.616196,18.13792,-0.7186737,22.2205,-0.718544,18.26252,-0.6555176
33.724998474121094,,,,,,,,,,,,,,,8.096458,-0.3479385,14.73558,0.637825,19.05888,0.4143982,21.51146,-0.2882004,23.98957,0.07138062,21.6685,-0.0348587,18.63153,0.192131,17.19793,0.00554657,4.581467,-3.661995,18.84893,-1.621078,18.09398,-0.7079315,22.15605,-0.7136612,18.19514,-0.6574707
33.73332977294922,,,,,,,,,,,,,,,8.079857,-0.3518448,14.71703,0.6388016,19.03252,0.4202576,21.48314,-0.2999191,23.95637,0.0664978,21.62455,-0.01532745,18.58759,0.2087326,17.15105,0.00945282,4.550217,-3.658089,18.8128,-1.625961,18.05003,-0.6981659,22.0955,-0.7038956,18.12189,-0.661377
33.733333333333334,0.0,-29.0,-18.0,-67.0,-3.0,-745.0,-10.0,-3857.0,-2.0,-7288.0,-4.0,-840.0,-1.0,-2249.0,,,,,,,,,,,,,,,,,,,,,,,,,,
33.741668701171875,,,,,,,,,,,,,,,8.065208,-0.3635635,14.69652,0.6348953,19.0042,0.4270935,21.45872,-0.3067551,23.92414,0.05673218,21.58353,-0.0006790161,18.54364,0.2224045,17.10711,0.01628876,4.527756,-3.658089,18.77764,-1.626938,18.00706,-0.6903534,22.04082,-0.6921768,18.04572,-0.6633301
33.75,,,,,,,,,,,,,,,8.05056,-0.378212,14.67015,0.6270828,18.97978,0.4319763,21.43138,-0.3096848,23.89192,0.0430603,21.54545,0.008110046,18.49872,0.230217,17.06805,0.02703094,4.507248,-3.664925,18.74346,-1.619125,17.96312,-0.684494,21.99004,-0.6794815,17.96955,-0.661377
33.758331298828125,,,,,,,,,,,,,,,8.040794,-0.3909073,14.64183,0.6163406,18.95244,0.4339294,21.40306,-0.3087082,23.85481,0.0274353,21.50834,0.01006317,18.45771,0.2331467,17.02898,0.04167938,4.495529,-3.675667,18.70831,-1.610336,17.91136,-0.6796112,21.93828,-0.6648331,17.90119,-0.6564941
33.766666666666666,0.0,-23.0,-18.0,-68.0,-4.0,-743.0,-9.0,-3860.0,-2.0,-7292.0,-4.0,-843.0,-1.0,-2254.0,,,,,,,,,,,,,,,,,,,,,,,,,,
33.76667022705078,,,,,,,,,,,,,,,8.032005,-0.402626,14.61253,0.606575,18.92705,0.4339294,21.37279,-0.3048019,23.81477,0.01083374,21.47514,0.01006317,18.41571,0.2292404,16.9948,0.06121063,4.480881,-3.688362,18.67022,-1.596664,17.85863,-0.6747284,21.8875,-0.6540909,17.83186,-0.6477051
33.775001525878906,,,,,,,,,,,,,,,8.024193,-0.4123917,14.58324,0.5977859,18.89775,0.4300232,21.34251,-0.2989426,23.76985,-0.0008850098,21.44096,0.006156921,18.37177,0.2204514,16.96258,0.08367157,4.465256,-3.702034,18.63604,-1.57811,17.80003,-0.6717987,21.83379,-0.6462784,17.77619,-0.6369629
33.783329010009766,,,,,,,,,,,,,,,8.01638,-0.4192276,14.55394,0.5899734,18.86845,0.4212341,21.30931,-0.2901535,23.722,-0.007720947,21.4058,0.002250671,18.32978,0.2058029,16.93035,0.1080856,4.447678,-3.712776,18.59698,-1.561508,17.73363,-0.6708221,21.77422,-0.6413956,17.72834,-0.623291
33.79167175292969,,,,,,,,,,,,,,,8.008568,-0.4192276,14.5266,0.5860672,18.83818,0.4095154,21.2722,-0.2813644,23.67414,-0.007720947,21.36478,0.004203796,18.29267,0.1872482,16.89715,0.1285934,4.420334,-3.716682,18.55303,-1.547836,17.66136,-0.6708221,21.70879,-0.6384659,17.68732,-0.6105957
33.79999923706055,,,,,,,,,,,,,,,8.001732,-0.4153214,14.50121,0.5880203,18.80498,0.3929138,21.23119,-0.2735519,23.62629,-0.001861572,21.32475,0.0120163,18.25263,0.1657639,16.85906,0.1432419,4.39006,-3.713753,18.50909,-1.537094,17.59105,-0.6717987,21.6414,-0.6374893,17.65412,-0.5998535
33.8,0.0,-18.0,-18.0,-71.0,-4.0,-741.0,-8.0,-3862.0,-3.0,-7302.0,-4.0,-847.0,-1.0,-2260.0,,,,,,,,,,,,,,,,,,,,,,,,,,
33.80833053588867,,,,,,,,,,,,,,,7.991966,-0.4114151,14.47874,0.5948563,18.77275,0.372406,21.1931,-0.2686691,23.57942,0.00692749,21.2808,0.02861786,18.21454,0.1442795,16.81512,0.1510544,4.347092,-3.703987,18.46221,-1.533188,17.52269,-0.6747284,21.56718,-0.6365128,17.62287,-0.5930176
33.81666946411133,,,,,,,,,,,,,,,7.981224,-0.4084854,14.45726,0.6085281,18.74052,0.3528748,21.15306,-0.2647629,23.53352,0.0196228,21.23392,0.04717255,18.17841,0.120842,16.77117,0.1491013,4.300217,-3.692268,18.41143,-1.536118,17.45531,-0.6776581,21.49297,-0.6365128,17.5926,-0.5900879
33.82500076293945,,,,,,,,,,,,,,,7.966576,-0.409462,14.43675,0.6251297,18.70634,0.3343201,21.11302,-0.2608566,23.48762,0.03817749,21.18607,0.07061005,18.14228,0.0993576,16.71941,0.1393356,4.249435,-3.67762,18.3587,-1.542953,17.39867,-0.6815643,21.41972,-0.640419,17.56037,-0.5900879
33.83332824707031,,,,,,,,,,,,,,,7.95388,-0.4133682,14.41527,0.6475906,18.67216,0.3196716,21.07884,-0.2589035,23.44172,0.05380249,21.14017,0.09307098,18.10419,0.08177948,16.66473,0.1285934,4.199631,-3.663948,18.30499,-1.551743,17.34691,-0.6796112,21.34648,-0.6443253,17.52326,-0.5910645
33.833333333333336,0.0,-15.0,-19.0,-76.0,-4.0,-737.0,-8.0,-3862.0,-3.0,-7311.0,-4.0,-850.0,-1.0,-2268.0,,,,,,,,,,,,,,,,,,,,,,,,,,
33.841670989990234,,,,,,,,,,,,,,,7.936302,-0.4221573,14.39769,0.6710281,18.63603,0.3108826,21.04369,-0.2579269,23.39973,0.06942749,21.09525,0.1135788,18.06513,0.07299042,16.60906,0.113945,4.148849,-3.658089,18.25323,-1.560532,17.30003,-0.675705,21.27617,-0.6462784,17.48322,-0.5930176
33.849998474121094,,,,,,,,,,,,,,,7.917747,-0.4328995,14.37718,0.6944656,18.59697,0.3128357,21.00755,-0.2589035,23.35481,0.08114624,21.05131,0.1292038,18.02802,0.07396698,16.5534,0.09929657,4.094162,-3.659065,18.19756,-1.566391,17.25511,-0.6717987,21.20879,-0.6492081,17.43732,-0.5949707
33.85832977294922,,,,,,,,,,,,,,,7.896263,-0.4455948,14.36058,0.7139969,18.55888,0.3235779,20.97435,-0.2598801,23.30989,0.09188843,21.01127,0.1409225,17.98798,0.0837326,16.49969,0.08953094,4.043381,-3.666878,18.14678,-1.570297,17.20921,-0.6620331,21.1414,-0.6531143,17.38361,-0.598877
33.86666666666667,0.0,-10.0,-19.0,-80.0,-4.0,-731.0,-9.0,-3862.0,-3.0,-7315.0,-4.0,-849.0,-1.0,-2275.0,,,,,,,,,,,,,,,,,,,,,,,,,,
33.866668701171875,,,,,,,,,,,,,,,7.874779,-0.4573135,14.343,0.7286453,18.51689,0.3431091,20.94017,-0.2589035,23.26497,0.09970093,20.97514,0.1497116,17.94501,0.1022873,16.44891,0.08562469,3.991623,-3.681526,18.10186,-1.568344,17.16331,-0.6493378,21.07597,-0.6540909,17.32502,-0.6047363
33.875,,,,,,,,,,,,,,,7.851341,-0.4670792,14.32347,0.7345047,18.47685,0.3645935,20.90306,-0.2569504,23.22102,0.1036072,20.9351,0.1516647,17.904,0.129631,16.40398,0.08660126,3.946701,-3.697151,18.05889,-1.565414,17.11449,-0.6395721,21.00664,-0.6531143,17.26545,-0.6105957
33.883331298828125,,,,,,,,,,,,,,,7.82888,-0.471962,14.30492,0.731575,18.43779,0.388031,20.86595,-0.2520676,23.17903,0.1055603,20.89603,0.1506882,17.86689,0.1579514,16.36102,0.09148407,3.899826,-3.7118,18.01983,-1.561508,17.06175,-0.6327362,20.9373,-0.6511612,17.20197,-0.6184082
33.89167022705078,,,,,,,,,,,,,,,7.809349,-0.471962,14.28246,0.7227859,18.3997,0.4085388,20.82494,-0.2462082,23.13801,0.1094666,20.856,0.148735,17.82978,0.1872482,16.32293,0.1002731,3.85881,-3.722542,17.98174,-1.554672,17.00804,-0.6268768,20.87383,-0.6492081,17.13361,-0.6271973
33.9,0.0,-5.0,-19.0,-84.0,-4.0,-728.0,-9.0,-3863.0,-4.0,-7318.0,-4.0,-847.0,-1.0,-2275.0,,,,,,,,,,,,,,,,,,,,,,,,,,
33.900001525878906,,,,,,,,,,,,,,,7.790794,-0.4700089,14.25902,0.7100906,18.36455,0.4251404,20.78587,-0.235466,23.10286,0.1114197,20.81303,0.1448288,17.79462,0.2136154,16.28777,0.113945,3.826584,-3.730354,17.94366,-1.547836,16.94847,-0.6259003,20.81035,-0.6443253,17.07307,-0.6379395
33.908329010009766,,,,,,,,,,,,,,,7.776146,-0.4631729,14.22972,0.6944656,18.33232,0.4368591,20.74681,-0.2237473,23.0677,0.1153259,20.7681,0.1370163,17.75849,0.2360764,16.25359,0.1305466,3.79924,-3.732307,17.89971,-1.542953,16.8889,-0.6268768,20.75078,-0.640419,17.00959,-0.6467285
33.91667175292969,,,,,,,,,,,,,,,7.761497,-0.4553604,14.19456,0.6798172,18.30498,0.4456482,20.70775,-0.2100754,23.03547,0.1202087,20.72221,0.1311569,17.72333,0.2556076,16.21941,0.1491013,3.784592,-3.727425,17.85088,-1.538071,16.82933,-0.6249237,20.69707,-0.6374893,16.94904,-0.6516113
33.92499923706055,,,,,,,,,,,,,,,7.749779,-0.4485245,14.16331,0.6739578,18.27763,0.450531,20.67162,-0.1973801,23.00129,0.1250916,20.67533,0.1292038,17.68232,0.2731857,16.18523,0.1647263,3.776779,-3.719612,17.79913,-1.535141,16.76976,-0.621994,20.64922,-0.6326065,16.89143,-0.6564941
33.93333053588867,,,,,,,,,,,,,,,7.737083,-0.4426651,14.12914,0.6720047,18.25517,0.4554138,20.63646,-0.188591,22.96711,0.1299744,20.63041,0.1272507,17.64228,0.2907639,16.15105,0.176445,3.772873,-3.709846,17.7376,-1.535141,16.70824,-0.6161346,20.60332,-0.6277237,16.83674,-0.6594238
33.93333333333333,0.0,-2.0,-19.0,-85.0,-4.0,-730.0,-9.0,-3865.0,-4.0,-7322.0,-3.0,-847.0,0.0,-2275.0,,,,,,,,,,,,,,,,,,,,,,,,,,
33.94166946411133,,,,,,,,,,,,,,,7.725365,-0.4358292,14.09789,0.6778641,18.22881,0.4612732,20.60326,-0.1827316,22.92805,0.1348572,20.58842,0.1262741,17.59833,0.308342,16.11492,0.1803513,3.771896,-3.698128,17.67608,-1.541,16.64964,-0.6053925,20.5584,-0.6228409,16.78498,-0.6604004
33.95000076293945,,,,,,,,,,,,,,,7.710716,-0.4309464,14.06859,0.6895828,18.20341,0.4651794,20.56908,-0.1798019,22.88801,0.1407166,20.54838,0.1262741,17.54853,0.3229904,16.07879,0.176445,3.769943,-3.687386,17.61846,-1.551743,16.593,-0.5926971,20.51445,-0.6208878,16.73518,-0.661377
33.95832824707031,,,,,,,,,,,,,,,7.700951,-0.4241104,14.0432,0.7042313,18.17509,0.466156,20.53587,-0.1798019,22.84407,0.1465759,20.51517,0.1252975,17.49775,0.3356857,16.03973,0.1637497,3.768967,-3.67469,17.56084,-1.566391,16.53831,-0.5790253,20.46562,-0.6179581,16.68732,-0.661377
33.96666666666667,0.0,-1.0,-19.0,-83.0,-3.0,-730.0,-9.0,-3865.0,-4.0,-7329.0,-3.0,-848.0,-1.0,-2271.0,,,,,,,,,,,,,,,,,,,,,,,,,,
33.966670989990234,,,,,,,,,,,,,,,7.688255,-0.4172745,14.02074,0.7198563,18.1458,0.4651794,20.50072,-0.1837082,22.79914,0.1563416,20.4849,0.1223679,17.44501,0.3425217,15.99871,0.1422653,3.757248,-3.660042,17.50713,-1.586899,16.48558,-0.56633,20.41484,-0.6120987,16.64533,-0.6604004
33.974998474121094,,,,,,,,,,,,,,,7.677513,-0.4084854,13.99925,0.7354813,18.11552,0.4632263,20.46556,-0.1856613,22.75422,0.1670837,20.45658,0.1184616,17.39716,0.3405685,15.95574,0.1198044,3.73967,-3.648323,17.45831,-1.608383,16.43382,-0.5575409,20.36113,-0.6072159,16.60236,-0.6584473
33.98332977294922,,,,,,,,,,,,,,,7.667747,-0.3967667,13.98167,0.7462234,18.0833,0.4632263,20.43138,-0.1866379,22.71223,0.1788025,20.42826,0.1106491,17.35321,0.3298264,15.91375,0.1002731,3.718185,-3.639534,17.41241,-1.629868,16.38304,-0.5516815,20.30742,-0.6003799,16.55939,-0.6564941
33.991668701171875,,,,,,,,,,,,,,,7.659935,-0.3830948,13.96214,0.7569656,18.05009,0.4622498,20.3972,-0.1856613,22.67317,0.1924744,20.40092,0.1008835,17.31025,0.3142014,15.86883,0.08953094,3.695724,-3.631721,17.36651,-1.648422,16.33226,-0.5487518,20.2498,-0.5925674,16.51936,-0.6516113
34.0,0.0,0.0,-19.0,-79.0,-3.0,-729.0,-8.0,-3868.0,-4.0,-7335.0,-2.0,-850.0,-2.0,-2267.0,7.650169,-0.371376,13.94164,0.7638016,18.0208,0.4642029,20.36693,-0.1837082,22.63801,0.20224,20.36869,0.08818817,17.27509,0.2956467,15.82293,0.08660126,3.666428,-3.624886,17.31866,-1.662094,16.28343,-0.5497284,20.19218,-0.5867081,16.47834,-0.645752
34.008331298828125,,,,,,,,,,,,,,,7.636497,-0.3596573,13.91917,0.7686844,17.99736,0.4700623,20.33665,-0.1807785,22.60676,0.2100525,20.33158,0.07549286,17.24286,0.2751389,15.77898,0.09441376,3.636154,-3.624886,17.26885,-1.670883,16.23558,-0.5516815,20.1375,-0.5818253,16.43147,-0.6437988
34.01667022705078,,,,,,,,,,,,,,,7.623802,-0.3518448,13.89574,0.7686844,17.97295,0.4788513,20.3054,-0.1758957,22.57454,0.2149353,20.28861,0.06572723,17.21064,0.2604904,15.73602,0.1119919,3.607834,-3.632698,17.21709,-1.672836,16.18675,-0.5536346,20.08379,-0.5847549,16.38459,-0.6418457
34.025001525878906,,,,,,,,,,,,,,,7.606224,-0.3498917,13.86937,0.7638016,17.95146,0.4886169,20.27318,-0.1700363,22.54719,0.2139587,20.24271,0.05400848,17.18134,0.2497482,15.69402,0.1324997,3.574631,-3.647346,17.16827,-1.667953,16.13988,-0.559494,20.02617,-0.5896378,16.33674,-0.6408691
34.033329010009766,,,,,,,,,,,,,,,7.587669,-0.3537979,13.84203,0.7540359,17.93193,0.5003357,20.24095,-0.1632004,22.51399,0.2090759,20.19486,0.04619598,17.15009,0.245842,15.65301,0.1549606,3.538498,-3.670784,17.12334,-1.660141,16.09105,-0.5682831,19.97246,-0.5984268,16.28986,-0.638916
34.03333333333333,0.0,0.0,-19.0,-77.0,-3.0,-733.0,-8.0,-3873.0,-4.0,-7339.0,-2.0,-852.0,-2.0,-2263.0,,,,,,,,,,,,,,,,,,,,,,,,,,
34.04167175292969,,,,,,,,,,,,,,,7.567162,-0.3635635,13.81175,0.7403641,17.91142,0.5071716,20.20384,-0.1553879,22.47981,0.2032166,20.14799,0.04131317,17.11396,0.2487717,15.61199,0.1696091,3.506271,-3.695198,17.08038,-1.651352,16.04417,-0.5780487,19.9207,-0.6081924,16.24592,-0.638916
34.04999923706055,,,,,,,,,,,,,,,7.545677,-0.3752823,13.78441,0.7237625,17.89091,0.5091248,20.16478,-0.1456223,22.44172,0.1973572,20.10111,0.04033661,17.07294,0.254631,15.57,0.1783981,3.472092,-3.722542,17.04229,-1.641586,15.99535,-0.5926971,19.86601,-0.6179581,16.20393,-0.6379395
34.05833053588867,,,,,,,,,,,,,,,7.525169,-0.3840714,13.75414,0.7032547,17.8665,0.5091248,20.12376,-0.1358566,22.39973,0.1895447,20.05912,0.0432663,17.02997,0.2585373,15.52996,0.1803513,3.432053,-3.747932,17.01006,-1.633774,15.94749,-0.6141815,19.81621,-0.6277237,16.16291,-0.6369629
34.06666666666667,0.0,0.0,-19.0,-74.0,-3.0,-739.0,-8.0,-3876.0,-4.0,-7342.0,-2.0,-850.0,-2.0,-2259.0,,,,,,,,,,,,,,,,,,,,,,,,,,
34.06666946411133,,,,,,,,,,,,,,,7.504662,-0.3909073,13.72777,0.6807938,17.83525,0.5052185,20.08372,-0.1231613,22.35676,0.1778259,20.02201,0.04619598,16.98407,0.2604904,15.48504,0.1774216,3.393967,-3.766487,16.98272,-1.629868,15.90257,-0.6346893,19.77031,-0.6345596,16.12092,-0.6369629
34.07500076293945,,,,,,,,,,,,,,,7.48513,-0.3918839,13.70531,0.6612625,17.80009,0.4983826,20.04173,-0.1065598,22.31477,0.1661072,19.98783,0.0510788,16.93622,0.2595139,15.445,0.1715622,3.355881,-3.7743,16.96026,-1.626938,15.85277,-0.66008,19.72832,-0.640419,16.07893,-0.6369629
34.08332824707031,,,,,,,,,,,,,,,7.468529,-0.387001,13.68382,0.6446609,17.76201,0.4954529,20.00462,-0.09093475,22.26985,0.155365,19.95658,0.05693817,16.88935,0.2556076,15.40203,0.1647263,3.319748,-3.773323,16.93194,-1.623032,15.80785,-0.6864471,19.69121,-0.6492081,16.03498,-0.6369629
34.091670989990234,,,,,,,,,,,,,,,7.452904,-0.3772354,13.66234,0.6309891,17.72197,0.4944763,19.97142,-0.07433319,22.2259,0.1446228,19.92435,0.06377411,16.84443,0.2507248,15.36102,0.1637497,3.279709,-3.765511,16.90557,-1.623032,15.76488,-0.7108612,19.65898,-0.6599503,15.98615,-0.6359863
34.099998474121094,,,,,,,,,,,,,,,7.437279,-0.3635635,13.63988,0.6231766,17.679,0.4983826,19.94017,-0.0557785,22.18293,0.1358337,19.8931,0.07158661,16.80341,0.2468185,15.32098,0.1666794,3.23967,-3.754768,16.87823,-1.625961,15.72289,-0.7284393,19.62578,-0.6745987,15.93049,-0.6379395
34.1,0.0,0.0,-19.0,-75.0,-3.0,-742.0,-9.0,-3877.0,-3.0,-7345.0,-2.0,-845.0,-3.0,-2256.0,,,,,,,,,,,,,,,,,,,,,,,,,,
34.10832977294922,,,,,,,,,,,,,,,7.419701,-0.3489151,13.61742,0.6202469,17.63896,0.5101013,19.91478,-0.04113007,22.13704,0.1309509,19.85795,0.07842255,16.7663,0.245842,15.28387,0.1725388,3.20256,-3.742073,16.84991,-1.626938,15.68089,-0.7430878,19.59746,-0.687294,15.88166,-0.6398926
34.116668701171875,,,,,,,,,,,,,,,7.404076,-0.3362198,13.59496,0.6251297,17.60088,0.5218201,19.89037,-0.02843475,22.09211,0.1289978,19.82182,0.08916473,16.7331,0.2497482,15.2448,0.1803513,3.163498,-3.731331,16.81866,-1.628891,15.63988,-0.7509003,19.56133,-0.7019424,15.83088,-0.6398926
34.125,,,,,,,,,,,,,,,7.385521,-0.3264542,13.56956,0.637825,17.56767,0.5354919,19.86888,-0.02257538,22.04329,0.1319275,19.78178,0.1028366,16.7038,0.2585373,15.20672,0.1871872,3.123459,-3.724495,16.78838,-1.630844,15.59789,-0.7528534,19.51933,-0.7136612,15.7801,-0.6418457
34.133331298828125,,,,,,,,,,,,,,,7.365013,-0.3215714,13.54417,0.6573563,17.5374,0.5501404,19.84642,-0.0245285,21.99641,0.1377869,19.73978,0.117485,16.67743,0.2692795,15.17156,0.1930466,3.087326,-3.722542,16.75616,-1.635727,15.55296,-0.7509003,19.47343,-0.7156143,15.73322,-0.6447754
34.13333333333333,0.0,0.0,-19.0,-73.0,-2.0,-742.0,-9.0,-3878.0,-4.0,-7347.0,-3.0,-841.0,-3.0,-2255.0,,,,,,,,,,,,,,,,,,,,,,,,,,
34.14167022705078,,,,,,,,,,,,,,,7.345482,-0.3205948,13.51878,0.6807938,17.50908,0.5589294,19.82103,-0.03038788,21.95051,0.1465759,19.69682,0.1340866,16.65107,0.2819748,15.13543,0.1959763,3.04924,-3.723518,16.72198,-1.644516,15.50316,-0.7450409,19.41582,-0.7117081,15.69123,-0.6477051
34.150001525878906,,,,,,,,,,,,,,,7.325951,-0.3254776,13.49242,0.7100906,17.48076,0.5628357,19.79076,-0.04601288,21.9095,0.1543884,19.6558,0.1516647,16.62665,0.292717,15.09734,0.1959763,3.016037,-3.726448,16.69073,-1.654282,15.44945,-0.7401581,19.35625,-0.7019424,15.64436,-0.6525879
34.158329010009766,,,,,,,,,,,,,,,7.310326,-0.3352432,13.46898,0.7384109,17.45146,0.5608826,19.75658,-0.06652069,21.87043,0.1602478,19.61381,0.16436,16.60028,0.2995529,15.06316,0.1959763,2.981857,-3.729378,16.65557,-1.66893,15.39281,-0.7352753,19.29277,-0.6863174,15.60139,-0.6584473
34.166666666666664,0.0,0.0,-19.0,-69.0,-2.0,-739.0,-8.0,-3877.0,-4.0,-7351.0,-3.0,-841.0,-3.0,-2254.0,,,,,,,,,,,,,,,,,,,,,,,,,,
34.16667175292969,,,,,,,,,,,,,,,7.296654,-0.346962,13.44456,0.7598953,17.41924,0.5540466,19.71947,-0.08898163,21.83528,0.1661072,19.57475,0.171196,16.57392,0.301506,15.02801,0.1949997,2.95256,-3.728401,16.61749,-1.685532,15.33421,-0.7323456,19.23027,-0.6697159,15.55647,-0.661377
34.17499923706055,,,,,,,,,,,,,,,7.285912,-0.3596573,13.42113,0.7745438,17.38506,0.5462341,19.67943,-0.1085129,21.80207,0.1739197,19.53666,0.1741257,16.54462,0.2966232,14.9948,0.1969528,2.922287,-3.727425,16.57842,-1.704086,15.27464,-0.7323456,19.16582,-0.6531143,15.51154,-0.6623535
34.18333053588867,,,,,,,,,,,,,,,7.278099,-0.3752823,13.39671,0.77845,17.34795,0.5374451,19.63841,-0.1280441,21.76887,0.1807556,19.50248,0.1692429,16.51239,0.2878342,14.96746,0.1989059,2.89299,-3.729378,16.53838,-1.723618,15.21605,-0.7362518,19.10625,-0.6355362,15.46662,-0.6623535
34.19166946411133,,,,,,,,,,,,,,,7.268333,-0.3879776,13.3723,0.7725906,17.30986,0.5306091,19.59935,-0.1407394,21.73469,0.1895447,19.47025,0.155571,16.47724,0.2809982,14.93816,0.1989059,2.866623,-3.729378,16.49444,-1.737289,15.16136,-0.7391815,19.04765,-0.6208878,15.42365,-0.6584473
34.2,0.0,-1.0,-19.0,-65.0,-2.0,-735.0,-9.0,-3881.0,-3.0,-7358.0,-3.0,-843.0,-3.0,-2252.0,,,,,,,,,,,,,,,,,,,,,,,,,,
34.20000076293945,,,,,,,,,,,,,,,7.258568,-0.3987198,13.35081,0.7569656,17.2708,0.5276794,19.55931,-0.1475754,21.69954,0.20224,19.439,0.1370163,16.44013,0.2741623,14.9118,0.1949997,2.840256,-3.729378,16.44561,-1.745102,15.10667,-0.7430878,18.99297,-0.6111221,15.38459,-0.6506348
34.20832824707031,,,,,,,,,,,,,,,7.249779,-0.4065323,13.32542,0.7374344,17.23564,0.528656,19.5222,-0.1485519,21.66145,0.2149353,19.40873,0.117485,16.40302,0.2683029,14.88641,0.1852341,2.812912,-3.730354,16.39483,-1.742172,15.05589,-0.7479706,18.94023,-0.6042862,15.34943,-0.6428223
34.216670989990234,,,,,,,,,,,,,,,7.236107,-0.4114151,13.30101,0.7149734,17.20341,0.5296326,19.48607,-0.1436691,21.62141,0.2256775,19.37748,0.09600067,16.362,0.2683029,14.85906,0.1725388,2.780685,-3.733284,16.34698,-1.729477,15.00609,-0.7499237,18.88359,-0.5984268,15.3133,-0.6359863
34.224998474121094,,,,,,,,,,,,,,,7.219505,-0.4114151,13.27562,0.6944656,17.16924,0.5335388,19.45189,-0.1339035,21.58137,0.2383728,19.34525,0.07939911,16.32196,0.2731857,14.82879,0.1559372,2.749435,-3.735237,16.29717,-1.706039,14.95628,-0.7509003,18.82793,-0.593544,15.284,-0.630127
34.23332977294922,,,,,,,,,,,,,,,7.201927,-0.4065323,13.24925,0.6788406,17.13896,0.5374451,19.41771,-0.1231613,21.54133,0.2442322,19.314,0.06865692,16.28193,0.2819748,14.79656,0.1383591,2.716232,-3.73719,16.24932,-1.676743,14.90648,-0.7528534,18.77129,-0.5925674,15.2508,-0.6262207
34.233333333333334,0.0,-3.0,-19.0,-62.0,-3.0,-731.0,-9.0,-3888.0,-2.0,-7363.0,-4.0,-841.0,-3.0,-2248.0,,,,,,,,,,,,,,,,,,,,,,,,,,
34.241668701171875,,,,,,,,,,,,,,,7.183372,-0.3967667,13.22484,0.6710281,17.10966,0.5384216,19.38255,-0.1094894,21.5052,0.2461853,19.2808,0.06475067,16.24091,0.2907639,14.76434,0.1246872,2.681076,-3.738167,16.20245,-1.646469,14.8596,-0.75383,18.71269,-0.5925674,15.21174,-0.6252441
34.25,,,,,,,,,,,,,,,7.161888,-0.387001,13.19847,0.6680984,17.08232,0.5384216,19.34935,-0.09972382,21.46711,0.2452087,19.24467,0.06768036,16.20282,0.2966232,14.72918,0.1168747,2.647873,-3.73719,16.1585,-1.620102,14.81175,-0.7577362,18.65312,-0.5925674,15.1717,-0.630127
34.258331298828125,,,,,,,,,,,,,,,7.14138,-0.3762589,13.17796,0.6700516,17.05595,0.5354919,19.31712,-0.09386444,21.43196,0.2413025,19.20853,0.07646942,16.16376,0.2995529,14.69695,0.1178513,2.613693,-3.734261,16.11944,-1.604477,14.7639,-0.762619,18.59453,-0.593544,15.13068,-0.6340332
34.266666666666666,0.0,-5.0,-19.0,-62.0,-3.0,-726.0,-9.0,-3893.0,-2.0,-7367.0,-4.0,-839.0,-4.0,-2246.0,,,,,,,,,,,,,,,,,,,,,,,,,,
34.26667022705078,,,,,,,,,,,,,,,7.119896,-0.3655167,13.1555,0.6759109,17.02959,0.528656,19.28587,-0.09288788,21.39778,0.2364197,19.1724,0.09111786,16.12665,0.2985764,14.66375,0.1276169,2.58342,-3.730354,16.07745,-1.599594,14.72289,-0.7684784,18.53593,-0.593544,15.08479,-0.6398926
34.275001525878906,,,,,,,,,,,,,,,7.099388,-0.3567276,13.13792,0.6847,17.0042,0.5237732,19.25072,-0.09777069,21.36457,0.2286072,19.13627,0.1077194,16.09247,0.2897873,14.63055,0.1442184,2.556076,-3.727425,16.04229,-1.607407,14.68285,-0.7743378,18.48515,-0.5964737,15.03986,-0.6447754
34.283329010009766,,,,,,,,,,,,,,,7.080833,-0.355751,13.12035,0.6934891,16.97783,0.5198669,19.21556,-0.1085129,21.33137,0.2247009,19.10111,0.1213913,16.05732,0.2800217,14.60223,0.1637497,2.532639,-3.723518,16.00225,-1.623032,14.64671,-0.7821503,18.4373,-0.5994034,14.99592,-0.6496582
34.29167175292969,,,,,,,,,,,,,,,7.064232,-0.3606339,13.10374,0.7013016,16.95146,0.5169373,19.17845,-0.1231613,21.29914,0.2227478,19.064,0.1340866,16.02704,0.2683029,14.57098,0.1803513,2.509201,-3.720589,15.96416,-1.644516,14.61546,-0.7870331,18.39531,-0.6033096,14.9549,-0.6516113
34.29999923706055,,,,,,,,,,,,,,,7.048607,-0.3703995,13.08324,0.7100906,16.92509,0.5149841,19.13646,-0.1368332,21.26497,0.2188416,19.02885,0.1458054,15.99677,0.2526779,14.5407,0.1940231,2.491623,-3.720589,15.92803,-1.662094,14.58128,-0.7880096,18.35722,-0.6081924,14.91682,-0.6516113
34.3,0.0,-4.0,-19.0,-65.0,-2.0,-724.0,-10.0,-3896.0,-1.0,-7374.0,-5.0,-835.0,-4.0,-2247.0,,,,,,,,,,,,,,,,,,,,,,,,,,
34.30833053588867,,,,,,,,,,,,,,,7.037865,-0.3840714,13.06273,0.7198563,16.89775,0.5169373,19.09251,-0.1514816,21.22981,0.2129822,18.99271,0.1516647,15.9665,0.2409592,14.50945,0.1989059,2.474045,-3.722542,15.89483,-1.673813,14.5471,-0.78508,18.32597,-0.6120987,14.88068,-0.6525879
34.31666946411133,,,,,,,,,,,,,,,7.028099,-0.3967667,13.03734,0.7237625,16.86845,0.5218201,19.05052,-0.1651535,21.1927,0.2051697,18.95658,0.1526413,15.9372,0.2341232,14.47527,0.1949997,2.45842,-3.726448,15.86065,-1.674789,14.51097,-0.778244,18.29277,-0.6189346,14.84748,-0.6516113
34.32500076293945,,,,,,,,,,,,,,,7.020287,-0.4084854,13.00999,0.7266922,16.83916,0.528656,19.00853,-0.1749191,21.15559,0.1944275,18.9224,0.1516647,15.9079,0.2321701,14.44109,0.1823044,2.444748,-3.732307,15.83135,-1.66893,14.46898,-0.7655487,18.26445,-0.6277237,14.81623,-0.6516113
34.33332824707031,,,,,,,,,,,,,,,7.011497,-0.418251,12.9807,0.7296219,16.81084,0.5374451,18.97044,-0.1817551,21.11457,0.1797791,18.89213,0.1497116,15.87763,0.2321701,14.40594,0.1637497,2.431076,-3.739143,15.80206,-1.654282,14.4182,-0.7548065,18.22734,-0.6335831,14.78498,-0.6555176
34.333333333333336,0.0,-2.0,-18.0,-69.0,-2.0,-726.0,-10.0,-3900.0,-1.0,-7384.0,-5.0,-834.0,-5.0,-2247.0,,,,,,,,,,,,,,,,,,,,,,,,,,
34.341670989990234,,,,,,,,,,,,,,,7.003685,-0.4231339,12.95042,0.7266922,16.78447,0.5452576,18.93724,-0.1856613,21.07551,0.1670837,18.8599,0.1438522,15.84345,0.2370529,14.3659,0.1432419,2.415451,-3.745003,15.76983,-1.638657,14.36351,-0.7440643,18.18633,-0.640419,14.74982,-0.6623535
34.349998474121094,,,,,,,,,,,,,,,6.994896,-0.425087,12.9221,0.7208328,16.75908,0.5530701,18.9099,-0.1856613,21.0345,0.1563416,18.8306,0.1360397,15.81122,0.245842,14.32781,0.1237106,2.403732,-3.748909,15.73858,-1.623032,14.30492,-0.738205,18.14043,-0.6472549,14.71272,-0.6711426
34.35832977294922,,,,,,,,,,,,,,,6.982201,-0.4221573,12.89769,0.71595,16.73759,0.559906,18.88548,-0.1837082,20.99446,0.1455994,18.80033,0.1262741,15.77802,0.2556076,14.28973,0.1061325,2.386154,-3.749886,15.69952,-1.614243,14.24828,-0.7362518,18.08965,-0.6540909,14.66877,-0.6818848
34.36666666666667,0.0,0.0,-18.0,-73.0,-2.0,-731.0,-10.0,-3907.0,-1.0,-7395.0,-6.0,-834.0,-5.0,-2247.0,,,,,,,,,,,,,,,,,,,,,,,,,,
34.366668701171875,,,,,,,,,,,,,,,6.964622,-0.418251,12.87328,0.7091141,16.71318,0.5657654,18.864,-0.1798019,20.95735,0.1407166,18.77201,0.1145554,15.74384,0.2653732,14.24969,0.09246063,2.367599,-3.746956,15.65166,-1.616196,14.19164,-0.7362518,18.03691,-0.6589737,14.62287,-0.692627
34.375,,,,,,,,,,,,,,,6.948021,-0.4114151,12.85374,0.7022781,16.68974,0.5696716,18.84544,-0.1758957,20.92219,0.1407166,18.74174,0.1047897,15.71259,0.2751389,14.21258,0.08269501,2.347092,-3.742073,15.59698,-1.625961,14.13792,-0.7411346,17.98613,-0.6619034,14.57307,-0.701416
34.383331298828125,,,,,,,,,,,,,,,6.929466,-0.4065323,12.83714,0.6973953,16.66924,0.5696716,18.82591,-0.1710129,20.88704,0.1446228,18.70951,0.09209442,15.68134,0.2878342,14.17742,0.07585907,2.320724,-3.734261,15.54131,-1.643539,14.08812,-0.7440643,17.9373,-0.6658096,14.51838,-0.7053223
34.39167022705078,,,,,,,,,,,,,,,6.911888,-0.4006729,12.82249,0.6925125,16.64091,0.5667419,18.80443,-0.1651535,20.85286,0.1514587,18.67728,0.08037567,15.654,0.3024826,14.14324,0.07195282,2.291428,-3.726448,15.47979,-1.663071,14.0432,-0.7450409,17.89531,-0.6697159,14.46857,-0.7053223
34.4,0.0,3.0,-18.0,-81.0,-2.0,-735.0,-11.0,-3910.0,-1.0,-7404.0,-6.0,-835.0,-4.0,-2247.0,,,,,,,,,,,,,,,,,,,,,,,,,,
34.400001525878906,,,,,,,,,,,,,,,6.89431,-0.393837,12.80882,0.6876297,16.61455,0.5628357,18.78197,-0.1592941,20.82161,0.1602478,18.64603,0.07158661,15.62665,0.3161545,14.11199,0.06804657,2.263107,-3.718636,15.42413,-1.685532,13.9973,-0.7391815,17.86015,-0.671669,14.42268,-0.701416
34.408329010009766,,,,,,,,,,,,,,,6.879662,-0.3889542,12.79515,0.6827469,16.58232,0.5579529,18.75755,-0.1583176,20.7884,0.1729431,18.61283,0.06475067,15.60028,0.3317795,14.08465,0.06414032,2.234787,-3.713753,15.36944,-1.705063,13.95238,-0.7274628,17.825,-0.671669,14.37971,-0.6975098
34.41667175292969,,,,,,,,,,,,,,,6.864037,-0.3889542,12.78246,0.6827469,16.54912,0.5530701,18.73119,-0.157341,20.75715,0.1846619,18.5806,0.06572723,15.57685,0.3493576,14.05926,0.06218719,2.201584,-3.7118,15.32061,-1.721664,13.90746,-0.7118378,17.78691,-0.6706924,14.3426,-0.6916504
34.42499923706055,,,,,,,,,,,,,,,6.850365,-0.3918839,12.76878,0.6895828,16.51591,0.5472107,18.70287,-0.157341,20.72688,0.1954041,18.55228,0.07256317,15.55048,0.3630295,14.03289,0.06121063,2.17424,-3.712776,15.27862,-1.732407,13.85863,-0.6932831,17.7459,-0.6687393,14.31037,-0.685791
34.43333053588867,,,,,,,,,,,,,,,6.833763,-0.402626,12.75511,0.6993484,16.48076,0.5433044,18.67552,-0.1602707,20.69758,0.2041931,18.52689,0.07939911,15.52118,0.370842,14.00652,0.06609344,2.14592,-3.713753,15.23956,-1.736313,13.81468,-0.6737518,17.69804,-0.6619034,14.2801,-0.6809082
34.43333333333333,0.0,3.0,-18.0,-90.0,-2.0,-733.0,-11.0,-3910.0,-2.0,-7404.0,-6.0,-837.0,-4.0,-2246.0,,,,,,,,,,,,,,,,,,,,,,,,,,
34.44166946411133,,,,,,,,,,,,,,,6.818138,-0.4211807,12.73949,0.7110672,16.44853,0.5384216,18.64525,-0.1641769,20.66926,0.2080994,18.49955,0.08818817,15.49091,0.3747482,13.98113,0.07097626,2.116623,-3.714729,15.20245,-1.735336,13.77171,-0.6571503,17.6414,-0.6550674,14.2508,-0.6760254
34.45000076293945,,,,,,,,,,,,,,,6.798607,-0.4377823,12.72289,0.7286453,16.41631,0.5364685,18.614,-0.1700363,20.63899,0.2071228,18.47611,0.09893036,15.45771,0.370842,13.95672,0.07585907,2.090256,-3.716682,15.16534,-1.729477,13.73363,-0.6454315,17.58281,-0.6492081,14.22248,-0.6711426
34.45832824707031,,,,,,,,,,,,,,,6.779076,-0.4534073,12.70531,0.7452469,16.38408,0.5335388,18.5808,-0.1749191,20.60676,0.2002869,18.44975,0.1077194,15.42353,0.3610764,13.9284,0.07976532,2.061935,-3.716682,15.1253,-1.722641,13.70238,-0.6395721,17.52324,-0.6423721,14.18928,-0.6633301
34.46666666666667,-1.0,3.0,-19.0,-94.0,-3.0,-727.0,-10.0,-3908.0,-3.0,-7402.0,-6.0,-840.0,-4.0,-2245.0,,,,,,,,,,,,,,,,,,,,,,,,,,
34.466670989990234,,,,,,,,,,,,,,,6.760521,-0.4680557,12.68578,0.7579422,16.35478,0.5267029,18.54857,-0.1778488,20.57454,0.1914978,18.4224,0.1145554,15.38837,0.348381,13.89812,0.08074188,2.031662,-3.714729,15.08624,-1.714828,13.67503,-0.6405487,17.4666,-0.6394424,14.15705,-0.6525879
34.474998474121094,,,,,,,,,,,,,,,6.744896,-0.4729385,12.66527,0.7696609,16.32744,0.5169373,18.51634,-0.1788254,20.53547,0.1797791,18.39408,0.1194382,15.36005,0.3317795,13.86883,0.07878876,1.998459,-3.7118,15.05206,-1.705063,13.65453,-0.6483612,17.41582,-0.640419,14.11897,-0.6418457
34.48332977294922,,,,,,,,,,,,,,,6.731224,-0.4700089,12.64378,0.7755203,16.29912,0.5061951,18.48021,-0.1778488,20.49641,0.1690369,18.35892,0.1213913,15.33075,0.3190842,13.8366,0.07195282,1.963303,-3.707893,15.01885,-1.698227,13.6389,-0.6610565,17.3748,-0.6443253,14.07697,-0.6311035
34.491668701171875,,,,,,,,,,,,,,,6.719505,-0.4612198,12.61839,0.7745438,16.26982,0.4954529,18.44896,-0.1758957,20.45344,0.1602478,18.32475,0.1233444,15.30634,0.3122482,13.80437,0.06218719,1.925217,-3.70594,14.98956,-1.692368,13.61644,-0.675705,17.33867,-0.6501846,14.034,-0.6213379
34.5,-1.0,4.0,-20.0,-94.0,-2.0,-724.0,-9.0,-3911.0,-3.0,-7405.0,-5.0,-845.0,-3.0,-2243.0,6.713646,-0.4465714,12.59496,0.7706375,16.24052,0.4886169,18.41771,-0.1719894,20.41438,0.1543884,18.28666,0.1282272,15.28681,0.3102951,13.77117,0.05242157,1.89006,-3.707893,14.96612,-1.690414,13.59593,-0.69133,17.30449,-0.6540909,13.98713,-0.6164551
34.508331298828125,,,,,,,,,,,,,,,6.708763,-0.4328995,12.56956,0.7657547,16.20927,0.4866638,18.38451,-0.1661301,20.37727,0.1504822,18.24662,0.13311,15.26923,0.3151779,13.73699,0.04070282,1.854904,-3.7118,14.94366,-1.688461,13.56468,-0.7059784,17.27129,-0.6570206,13.93635,-0.6135254
34.51667022705078,,,,,,,,,,,,,,,6.70388,-0.4211807,12.54613,0.7589188,16.17607,0.4886169,18.3513,-0.1602707,20.34211,0.1455994,18.20463,0.1389694,15.25165,0.3229904,13.70574,0.03191376,1.820724,-3.715706,14.9251,-1.685532,13.52855,-0.7186737,17.23711,-0.6550674,13.89143,-0.6184082
34.525001525878906,,,,,,,,,,,,,,,6.699974,-0.4104385,12.52464,0.7530594,16.14287,0.4983826,18.31908,-0.1592941,20.30989,0.1416931,18.16361,0.1448288,15.2331,0.3308029,13.67254,0.02605438,1.794357,-3.720589,14.90752,-1.681625,13.48167,-0.7264862,17.20293,-0.6501846,13.84748,-0.630127
34.533329010009766,,,,,,,,,,,,,,,6.694115,-0.4045792,12.50511,0.7481766,16.10966,0.5140076,18.28392,-0.1602707,20.27571,0.1358337,18.12553,0.1477585,15.21259,0.3376389,13.64129,0.02019501,1.77092,-3.727425,14.88702,-1.675766,13.42601,-0.7303925,17.16386,-0.6433487,13.80647,-0.6467285
34.53333333333333,-1.0,9.0,-20.0,-92.0,-3.0,-725.0,-9.0,-3912.0,-3.0,-7411.0,-5.0,-850.0,-3.0,-2243.0,,,,,,,,,,,,,,,,,,,,,,,,,,
34.54167175292969,,,,,,,,,,,,,,,6.683372,-0.4036026,12.48558,0.7442703,16.08232,0.5325623,18.24779,-0.1641769,20.2425,0.1280212,18.08549,0.1506882,15.18818,0.339592,13.60711,0.01726532,1.750412,-3.738167,14.86749,-1.666,13.36644,-0.7333221,17.12578,-0.6365128,13.77033,-0.6682129
34.54999923706055,,,,,,,,,,,,,,,6.673607,-0.4045792,12.46703,0.7432938,16.05302,0.5511169,18.21165,-0.1671066,20.20539,0.1192322,18.04935,0.148735,15.15985,0.332756,13.57488,0.01628876,1.734787,-3.749886,14.846,-1.656235,13.30589,-0.7362518,17.08476,-0.6316299,13.73908,-0.692627
34.55833053588867,,,,,,,,,,,,,,,6.661888,-0.4065323,12.44945,0.7442703,16.02763,0.5638123,18.17357,-0.1671066,20.16047,0.1075134,18.01615,0.1428757,15.12665,0.3210373,13.54168,0.01531219,1.70842,-3.764534,14.81866,-1.647446,13.24535,-0.7352753,17.04668,-0.6316299,13.70881,-0.7160645
34.56666666666667,0.0,16.0,-20.0,-89.0,-3.0,-731.0,-9.0,-3909.0,-3.0,-7419.0,-5.0,-854.0,-2.0,-2243.0,,,,,,,,,,,,,,,,,,,,,,,,,,
34.56666946411133,,,,,,,,,,,,,,,6.650169,-0.409462,12.42894,0.7442703,16.0081,0.5706482,18.13451,-0.1651535,20.12043,0.09384155,17.98197,0.13311,15.08954,0.3073654,13.5075,0.01531219,1.682053,-3.780159,14.79131,-1.641586,13.18773,-0.7362518,17.00859,-0.6365128,13.67951,-0.7375488
34.57500076293945,,,,,,,,,,,,,,,6.637474,-0.4104385,12.40843,0.7481766,15.98369,0.5726013,18.09837,-0.1583176,20.07649,0.08114624,17.94975,0.1194382,15.04853,0.2917404,13.47625,0.01726532,1.646896,-3.794807,14.75811,-1.639633,13.13988,-0.738205,16.96953,-0.6443253,13.65314,-0.7541504
34.58332824707031,,,,,,,,,,,,,,,6.626732,-0.409462,12.3889,0.7540359,15.96416,0.5696716,18.05833,-0.1456223,20.0384,0.07040405,17.91654,0.1067429,15.00653,0.2761154,13.44402,0.01824188,1.606857,-3.806526,14.721,-1.643539,13.09789,-0.7411346,16.92949,-0.6550674,13.62482,-0.7609863
34.591670989990234,,,,,,,,,,,,,,,6.61599,-0.4065323,12.36644,0.7579422,15.93974,0.559906,18.02415,-0.1290207,20.00227,0.06161499,17.88432,0.09600067,14.96064,0.261467,13.41375,0.02019501,1.561935,-3.812386,14.68096,-1.650375,13.05882,-0.7460175,16.88652,-0.6638565,13.59846,-0.7609863
34.599998474121094,,,,,,,,,,,,,,,6.602318,-0.3977432,12.34789,0.7608719,15.91631,0.5472107,17.98509,-0.1094894,19.97004,0.05770874,17.84916,0.08721161,14.91376,0.2477951,13.38738,0.02410126,1.513107,-3.812386,14.63702,-1.660141,13.02953,-0.7509003,16.84258,-0.671669,13.56818,-0.7541504
34.6,0.0,21.0,-20.0,-81.0,-3.0,-737.0,-9.0,-3910.0,-3.0,-7428.0,-5.0,-857.0,-2.0,-2242.0,,,,,,,,,,,,,,,,,,,,,,,,,,
34.60832977294922,,,,,,,,,,,,,,,6.587669,-0.387001,12.32542,0.7598953,15.89091,0.5345154,17.94212,-0.09191132,19.9427,0.05770874,17.81596,0.08428192,14.86786,0.2380295,13.35906,0.02605438,1.472092,-3.803596,14.59405,-1.66893,12.99828,-0.7567596,16.79277,-0.6755753,13.53986,-0.7414551
34.616668701171875,,,,,,,,,,,,,,,6.570091,-0.3772354,12.30101,0.7550125,15.8665,0.5237732,17.90208,-0.07823944,19.9134,0.06063843,17.78471,0.08428192,14.82196,0.2311935,13.33074,0.02800751,1.432053,-3.786018,14.5501,-1.672836,12.96996,-0.762619,16.74199,-0.6765518,13.51252,-0.7268066
34.625,,,,,,,,,,,,,,,6.55056,-0.3674698,12.2766,0.7481766,15.84111,0.5149841,17.85814,-0.07238007,19.88704,0.06942749,17.75443,0.08916473,14.77704,0.2282639,13.30145,0.02996063,1.399826,-3.764534,14.51202,-1.67186,12.93968,-0.7645721,16.6873,-0.6775284,13.48615,-0.7072754
34.633331298828125,,,,,,,,,,,,,,,6.530052,-0.3606339,12.24828,0.7423172,15.81572,0.5110779,17.81224,-0.07335663,19.85872,0.08016968,17.72709,0.09697723,14.7331,0.2282639,13.26922,0.02996063,1.375412,-3.73719,14.48077,-1.665024,12.90746,-0.7684784,16.62871,-0.6775284,13.45783,-0.6887207
34.63333333333333,0.0,22.0,-20.0,-75.0,-3.0,-740.0,-10.0,-3916.0,-2.0,-7434.0,-5.0,-859.0,-2.0,-2241.0,,,,,,,,,,,,,,,,,,,,,,,,,,
34.64167022705078,,,,,,,,,,,,,,,6.509544,-0.3577042,12.21898,0.7345047,15.78935,0.513031,17.77025,-0.08116913,19.82844,0.08895874,17.69779,0.1057663,14.69013,0.2350998,13.23504,0.02800751,1.355881,-3.707893,14.45831,-1.655258,12.87328,-0.769455,16.57011,-0.6785049,13.43147,-0.6711426
34.650001525878906,,,,,,,,,,,,,,,6.49099,-0.3586807,12.18871,0.7276688,15.76006,0.5149841,17.73021,-0.09386444,19.79524,0.09481812,17.66947,0.1116257,14.65107,0.2468185,13.19988,0.02410126,1.340256,-3.679573,14.4378,-1.644516,12.83617,-0.7645721,16.51347,-0.6804581,13.39924,-0.6535645
34.658329010009766,,,,,,,,,,,,,,,6.471458,-0.3635635,12.15843,0.7218094,15.72978,0.5188904,17.6931,-0.1094894,19.76008,0.09579468,17.6431,0.1145554,14.61396,0.261467,13.1618,0.01726532,1.33049,-3.6493,14.42217,-1.632797,12.79906,-0.7557831,16.4539,-0.6804581,13.36799,-0.6379395
34.666666666666664,0.0,20.0,-19.0,-73.0,-3.0,-741.0,-10.0,-3922.0,-2.0,-7437.0,-4.0,-862.0,-2.0,-2241.0,,,,,,,,,,,,,,,,,,,,,,,,,,
34.66667175292969,,,,,,,,,,,,,,,6.452904,-0.3733292,12.12816,0.7179031,15.70146,0.5208435,17.66478,-0.1270676,19.7259,0.09188843,17.61185,0.1155319,14.57978,0.277092,13.12273,0.00945282,1.318771,-3.620003,14.4085,-1.623032,12.75902,-0.7430878,16.39726,-0.6804581,13.33479,-0.6252441
34.67499923706055,,,,,,,,,,,,,,,6.434349,-0.3850479,12.10472,0.71595,15.66142,0.5208435,17.64037,-0.1407394,19.68684,0.08309937,17.5806,0.1145554,14.54755,0.2868576,13.0866,-0.0003128052,1.307053,-3.593636,14.39092,-1.617172,12.71996,-0.7264862,16.33672,-0.6785049,13.29475,-0.6184082
34.68333053588867,,,,,,,,,,,,,,,6.411888,-0.3967667,12.08324,0.7100906,15.62431,0.5169373,17.61693,-0.1524582,19.64582,0.07040405,17.54838,0.1135788,14.52021,0.2917404,13.04852,-0.01105499,1.290451,-3.569221,14.36358,-1.612289,12.67992,-0.7059784,16.28203,-0.6736221,13.25666,-0.6193848
34.69166946411133,,,,,,,,,,,,,,,6.389427,-0.4114151,12.06273,0.6993484,15.58623,0.5071716,17.59642,-0.1602707,19.60676,0.05380249,17.51517,0.1116257,14.49286,0.2897873,13.01336,-0.02179718,1.276779,-3.54969,14.33135,-1.607407,12.63792,-0.684494,16.22539,-0.6658096,13.20979,-0.6252441
34.7,0.0,19.0,-19.0,-76.0,-3.0,-743.0,-11.0,-3925.0,-2.0,-7440.0,-4.0,-862.0,-3.0,-2240.0,,,,,,,,,,,,,,,,,,,,,,,,,,
34.70000076293945,,,,,,,,,,,,,,,6.365013,-0.4260635,12.0432,0.6886063,15.54814,0.4944763,17.57591,-0.1641769,19.56282,0.04208374,17.48197,0.1096725,14.46454,0.2800217,12.97918,-0.02960968,1.254318,-3.535042,14.28936,-1.6035,12.59789,-0.6659393,16.17265,-0.6579971,13.16486,-0.638916
34.70832824707031,,,,,,,,,,,,,,,6.340599,-0.4387589,12.02367,0.6749344,15.51396,0.4808044,17.5515,-0.1602707,19.52082,0.03231812,17.44975,0.1077194,14.43818,0.2653732,12.94402,-0.03644562,1.23674,-3.529182,14.23858,-1.601547,12.55296,-0.6483612,16.11992,-0.6511612,13.11799,-0.6555176
34.716670989990234,,,,,,,,,,,,,,,6.320091,-0.4504776,12.00121,0.6583328,15.48174,0.4671326,17.52806,-0.1505051,19.47981,0.02645874,17.41654,0.1028366,14.4079,0.2448654,12.91082,-0.03742218,1.210373,-3.532112,14.18584,-1.600571,12.50609,-0.6366425,16.07109,-0.6453018,13.07014,-0.6740723
34.724998474121094,,,,,,,,,,,,,,,6.299583,-0.4612198,11.97777,0.6456375,15.45439,0.4554138,17.50169,-0.1368332,19.43879,0.02255249,17.38236,0.09404755,14.3786,0.2282639,12.88152,-0.03839874,1.184006,-3.541878,14.13018,-1.601547,12.45726,-0.6317596,16.02715,-0.640419,13.02229,-0.6867676
34.73332977294922,,,,,,,,,,,,,,,6.283958,-0.4700089,11.94945,0.637825,15.42705,0.4495544,17.47533,-0.1221848,19.40071,0.0196228,17.34623,0.08428192,14.34931,0.2155685,12.85125,-0.04035187,1.154709,-3.557503,14.07745,-1.602524,12.40648,-0.6337128,15.98613,-0.6335831,12.97639,-0.6945801
34.733333333333334,0.0,20.0,-20.0,-80.0,-3.0,-741.0,-11.0,-3927.0,-2.0,-7442.0,-3.0,-864.0,-4.0,-2238.0,,,,,,,,,,,,,,,,,,,,,,,,,,
34.741668701171875,,,,,,,,,,,,,,,6.270287,-0.4797745,11.9182,0.6319656,15.3997,0.4476013,17.44994,-0.1046066,19.3636,0.01571655,17.30912,0.06963348,14.31806,0.2097092,12.82098,-0.04328156,1.119553,-3.577034,14.02178,-1.604477,12.35863,-0.6395721,15.95097,-0.6267471,12.93049,-0.6965332
34.75,,,,,,,,,,,,,,,6.255638,-0.4885635,11.8889,0.6339188,15.37334,0.450531,17.42357,-0.09093475,19.32844,0.01083374,17.27006,0.05400848,14.28583,0.214592,12.79266,-0.04914093,1.078537,-3.598518,13.971,-1.60936,12.31078,-0.6522675,15.91582,-0.6179581,12.8885,-0.6916504
34.758331298828125,,,,,,,,,,,,,,,6.244896,-0.4973526,11.85765,0.6407547,15.34404,0.4602966,17.39915,-0.08214569,19.29524,0.001068115,17.23295,0.04228973,14.2536,0.2224045,12.76434,-0.05792999,1.038498,-3.61512,13.92217,-1.616196,12.26878,-0.6678925,15.88457,-0.6120987,12.85041,-0.6828613
34.766666666666666,0.0,18.0,-20.0,-82.0,-3.0,-735.0,-11.0,-3933.0,-2.0,-7445.0,-4.0,-863.0,-4.0,-2239.0,,,,,,,,,,,,,,,,,,,,,,,,,,
34.76667022705078,,,,,,,,,,,,,,,6.234154,-0.5071182,11.83128,0.6524734,15.31084,0.4700623,17.37669,-0.07628632,19.26399,-0.009674072,17.19486,0.03447723,14.22235,0.2350998,12.73602,-0.07257843,0.9925995,-3.629768,13.87725,-1.623032,12.22972,-0.6864471,15.85722,-0.6062393,12.81232,-0.6721191
34.775001525878906,,,,,,,,,,,,,,,6.221458,-0.5149307,11.80785,0.6651688,15.27763,0.4788513,17.34642,-0.07823944,19.23274,-0.02139282,17.15385,0.03447723,14.18427,0.2487717,12.70672,-0.08722687,0.9486542,-3.637581,13.8294,-1.631821,12.19261,-0.7079315,15.82793,-0.6023331,12.7801,-0.6604004
34.783329010009766,,,,,,,,,,,,,,,6.210716,-0.5217667,11.78734,0.6788406,15.24638,0.4886169,17.31712,-0.08507538,19.20539,-0.03018188,17.11478,0.03936005,14.14521,0.2585373,12.67352,-0.09699249,0.9056854,-3.636604,13.78643,-1.64061,12.15648,-0.7284393,15.79961,-0.6023331,12.74982,-0.6525879
34.79167175292969,,,,,,,,,,,,,,,6.199974,-0.5227432,11.77171,0.6915359,15.21611,0.497406,17.28294,-0.09288788,19.17805,-0.0350647,17.07475,0.05303192,14.10614,0.261467,12.64031,-0.1038284,0.8588104,-3.632698,13.74541,-1.652328,12.11449,-0.7440643,15.76933,-0.609169,12.72248,-0.6477051
34.79999923706055,,,,,,,,,,,,,,,6.193138,-0.5168839,11.75316,0.7032547,15.18486,0.5032654,17.24486,-0.1036301,19.14875,-0.0350647,17.03568,0.06865692,14.0622,0.2565842,12.60613,-0.104805,0.8177948,-3.623909,13.70635,-1.665024,12.06956,-0.7548065,15.73125,-0.6189346,12.69416,-0.645752
34.8,0.0,14.0,-20.0,-84.0,-2.0,-732.0,-11.0,-3942.0,-2.0,-7453.0,-4.0,-859.0,-4.0,-2241.0,,,,,,,,,,,,,,,,,,,,,,,,,,
34.80833053588867,,,,,,,,,,,,,,,6.186302,-0.5061417,11.7346,0.7130203,15.15654,0.5042419,17.20091,-0.1182785,19.12043,-0.03213501,16.99662,0.08428192,14.02118,0.2429123,12.56707,-0.09699249,0.7806854,-3.613167,13.66729,-1.679672,12.01683,-0.7567596,15.69218,-0.6326065,12.66877,-0.6428223
34.81666946411133,,,,,,,,,,,,,,,6.176537,-0.4895401,11.7141,0.7198563,15.12627,0.5042419,17.15208,-0.1368332,19.08723,-0.0272522,16.95658,0.09697723,13.9831,0.2243576,12.53094,-0.08917999,0.7455292,-3.605354,13.63409,-1.689438,11.95628,-0.7518768,15.6414,-0.6462784,12.63654,-0.638916
34.82500076293945,,,,,,,,,,,,,,,6.165794,-0.4709854,11.69066,0.7237625,15.09306,0.5013123,17.1013,-0.157341,19.0511,-0.02236938,16.91947,0.1038132,13.94794,0.2018967,12.49187,-0.08136749,0.712326,-3.600471,13.59795,-1.695297,11.89574,-0.7391815,15.58867,-0.6570206,12.60529,-0.6359863
34.83332824707031,,,,,,,,,,,,,,,6.155052,-0.449501,11.66527,0.7237625,15.05791,0.4944763,17.04857,-0.1798019,19.01106,-0.01748657,16.88334,0.1028366,13.91571,0.1784592,12.45379,-0.07355499,0.6800995,-3.599495,13.56084,-1.695297,11.83812,-0.7176971,15.53105,-0.6638565,12.56623,-0.6330566
34.833333333333336,-1.0,15.0,-19.0,-84.0,-3.0,-730.0,-11.0,-3950.0,-2.0,-7463.0,-4.0,-855.0,-4.0,-2244.0,,,,,,,,,,,,,,,,,,,,,,,,,,
34.841670989990234,,,,,,,,,,,,,,,6.14138,-0.4319229,11.63695,0.7198563,15.0208,0.4876404,16.99583,-0.2012863,18.96809,-0.01651001,16.84916,0.09307098,13.88642,0.1530685,12.41668,-0.07160187,0.6468964,-3.603401,13.52276,-1.686508,11.7805,-0.6962128,15.47246,-0.6677628,12.52619,-0.6320801
34.849998474121094,,,,,,,,,,,,,,,6.124779,-0.418251,11.6096,0.7130203,14.98174,0.4778748,16.94212,-0.2227707,18.92122,-0.02139282,16.81498,0.07744598,13.86005,0.1306076,12.38152,-0.07550812,0.6117401,-3.609261,13.48077,-1.67186,11.73167,-0.6796112,15.41289,-0.6648331,12.48225,-0.6311035
34.85832977294922,,,,,,,,,,,,,,,6.105247,-0.409462,11.58421,0.7052078,14.9417,0.4651794,16.89427,-0.2374191,18.87043,-0.02529907,16.7808,0.06084442,13.83075,0.1100998,12.34539,-0.08332062,0.571701,-3.616096,13.43975,-1.650375,11.68968,-0.6649628,15.35722,-0.6579971,12.43732,-0.6320801
34.86666666666667,-1.0,19.0,-19.0,-85.0,-3.0,-730.0,-11.0,-3957.0,-1.0,-7471.0,-3.0,-854.0,-4.0,-2244.0,,,,,,,,,,,,,,,,,,,,,,,,,,
34.866668701171875,,,,,,,,,,,,,,,6.082787,-0.4075089,11.56078,0.6954422,14.90166,0.4485779,16.85033,-0.2442551,18.81575,-0.02920532,16.7476,0.04131317,13.80243,0.09252167,12.31219,-0.09308624,0.5336151,-3.623909,13.39483,-1.627914,11.6516,-0.6561737,15.30644,-0.6501846,12.38947,-0.638916
34.875,,,,,,,,,,,,,,,6.060326,-0.4153214,11.54027,0.6876297,14.86552,0.4329529,16.81322,-0.2462082,18.76008,-0.03311157,16.71342,0.02373505,13.77021,0.0759201,12.28094,-0.1018753,0.4886932,-3.631721,13.34991,-1.608383,11.61449,-0.653244,15.25957,-0.6433487,12.34162,-0.6486816
34.883331298828125,,,,,,,,,,,,,,,6.041771,-0.4289932,11.52074,0.6817703,14.82646,0.4143982,16.78197,-0.2364426,18.70539,-0.03604126,16.68021,0.01006317,13.73798,0.0602951,12.25164,-0.1067581,0.446701,-3.635628,13.30596,-1.591782,11.58128,-0.6542206,15.21855,-0.6384659,12.29182,-0.6594238
34.89167022705078,,,,,,,,,,,,,,,6.02224,-0.4455948,11.50316,0.6778641,14.78642,0.3929138,16.75658,-0.2247238,18.65071,-0.03604126,16.64799,0.005180359,13.70673,0.04857635,12.22527,-0.1067581,0.406662,-3.639534,13.26299,-1.581039,11.54124,-0.66008,15.17851,-0.6384659,12.23518,-0.6711426
34.9,-1.0,23.0,-19.0,-81.0,-2.0,-729.0,-11.0,-3961.0,-2.0,-7476.0,-3.0,-857.0,-3.0,-2238.0,,,,,,,,,,,,,,,,,,,,,,,,,,
34.900001525878906,,,,,,,,,,,,,,,6.004662,-0.4641495,11.48558,0.6749344,14.74638,0.372406,16.73314,-0.2130051,18.59797,-0.03311157,16.61185,0.006156921,13.67255,0.03881073,12.19695,-0.09992218,0.3724823,-3.644417,13.21221,-1.581039,11.50218,-0.668869,15.14238,-0.6374893,12.17951,-0.677002
34.908329010009766,,,,,,,,,,,,,,,5.98806,-0.480751,11.468,0.6710281,14.70439,0.3558044,16.71361,-0.2012863,18.54524,-0.02822876,16.57767,0.01103973,13.64032,0.03197479,12.16668,-0.09015656,0.344162,-3.647346,13.16534,-1.589828,11.46019,-0.6737518,15.10625,-0.6365128,12.11897,-0.6809082
34.91667175292969,,,,,,,,,,,,,,,5.971458,-0.4953995,11.44554,0.6632156,14.66142,0.3431091,16.69115,-0.1934738,18.49739,-0.02432251,16.53666,0.02178192,13.60614,0.0290451,12.13934,-0.08136749,0.3158417,-3.652229,13.1087,-1.604477,11.41624,-0.6786346,15.06816,-0.6335831,12.06037,-0.6809082
34.92499923706055,,,,,,,,,,,,,,,5.955833,-0.5080948,11.41722,0.65345,14.61943,0.3304138,16.66869,-0.1915207,18.44954,-0.0194397,16.49564,0.03252411,13.57099,0.03295135,12.10516,-0.07453156,0.2894745,-3.655159,13.05401,-1.622055,11.36937,-0.684494,15.02617,-0.6267471,12.00275,-0.6740723
34.93333053588867,,,,,,,,,,,,,,,5.942162,-0.5159073,11.38988,0.6397781,14.57841,0.3245544,16.64037,-0.188591,18.40364,-0.0116272,16.45267,0.04131317,13.53388,0.04076385,12.06902,-0.07160187,0.2650604,-3.656136,13.0003,-1.641586,11.32347,-0.6874237,14.98125,-0.6130753,11.95002,-0.6643066
34.93333333333333,-1.0,24.0,-19.0,-79.0,-2.0,-732.0,-10.0,-3961.0,-2.0,-7482.0,-3.0,-858.0,-2.0,-2235.0,,,,,,,,,,,,,,,,,,,,,,,,,,
34.94166946411133,,,,,,,,,,,,,,,5.923607,-0.5198135,11.35374,0.6270828,14.53935,0.3235779,16.60716,-0.1866379,18.35872,-0.006744385,16.40678,0.04717255,13.49091,0.05443573,12.02996,-0.07550812,0.2357635,-3.656136,12.94756,-1.656235,11.27269,-0.6874237,14.92851,-0.5954971,11.90217,-0.654541
34.95000076293945,,,,,,,,,,,,,,,5.907982,-0.5217667,11.31566,0.6163406,14.50322,0.3265076,16.57494,-0.1856613,18.31379,-0.00479126,16.36185,0.04619598,13.44892,0.07006073,11.98895,-0.08429718,0.2064667,-3.656136,12.89971,-1.665024,11.21996,-0.6854706,14.86992,-0.5749893,11.86115,-0.6428223
34.95832824707031,,,,,,,,,,,,,,,5.889427,-0.5217667,11.27367,0.6095047,14.47002,0.3304138,16.53685,-0.1837082,18.27082,-0.003814697,16.31498,0.04131317,13.40204,0.08470917,11.94891,-0.09601593,0.1703339,-3.654182,12.8587,-1.670883,11.16527,-0.6815643,14.81133,-0.5564346,11.82697,-0.6320801
34.96666666666667,-2.0,23.0,-19.0,-80.0,-3.0,-737.0,-9.0,-3959.0,-2.0,-7488.0,-3.0,-860.0,-2.0,-2234.0,,,,,,,,,,,,,,,,,,,,,,,,,,
34.966670989990234,,,,,,,,,,,,,,,5.869896,-0.5227432,11.23363,0.6016922,14.43388,0.3382263,16.49681,-0.1817551,18.23079,-0.00479126,16.26713,0.03154755,13.35419,0.09740448,11.90887,-0.1077347,0.1351776,-3.651253,12.82061,-1.667953,11.10667,-0.6796112,14.7459,-0.5427628,11.79572,-0.6213379
34.974998474121094,,,,,,,,,,,,,,,5.846458,-0.5246964,11.19261,0.5929031,14.39873,0.3460388,16.45482,-0.1817551,18.19172,-0.009674072,16.21928,0.01592255,13.30829,0.1061935,11.86883,-0.1145706,0.09709167,-3.64637,12.7835,-1.661118,11.04808,-0.6796112,14.6834,-0.5329971,11.76936,-0.6154785
34.98332977294922,,,,,,,,,,,,,,,5.823021,-0.5266495,11.15843,0.5860672,14.36259,0.3548279,16.41185,-0.1856613,18.15168,-0.01358032,16.17435,-0.0006790161,13.26239,0.1091232,11.82879,-0.1165237,0.06193542,-3.644417,12.74444,-1.652328,10.98753,-0.6796112,14.62383,-0.531044,11.73908,-0.6115723
34.991668701171875,,,,,,,,,,,,,,,5.796654,-0.5286026,11.12523,0.5772781,14.32451,0.3645935,16.36302,-0.1954269,18.1136,-0.0194397,16.12846,-0.02021027,13.2204,0.1081467,11.78875,-0.1145706,0.02580261,-3.642464,12.69952,-1.644516,10.92699,-0.6786346,14.56816,-0.5359268,11.70686,-0.6105957
35.0,-3.0,22.0,-19.0,-84.0,-3.0,-741.0,-9.0,-3957.0,-2.0,-7496.0,-4.0,-860.0,-1.0,-2235.0,5.76931,-0.5334854,11.09789,0.5694656,14.28545,0.3753357,16.31224,-0.2100754,18.07356,-0.02529907,16.08256,-0.04169464,13.17743,0.1013107,11.74969,-0.1087112,-0.0103302,-3.638557,12.64971,-1.638657,10.86937,-0.6766815,14.51543,-0.5476456,11.6717,-0.6125488
35.008331298828125,,,,,,,,,,,,,,,5.740013,-0.5422745,11.07054,0.5626297,14.24638,0.3851013,16.25755,-0.2266769,18.03157,-0.03018188,16.03568,-0.06122589,13.13349,0.09447479,11.70965,-0.104805,-0.04450989,-3.634651,12.59698,-1.633774,10.81468,-0.6737518,14.46855,-0.5613174,11.62873,-0.6164551
35.01667022705078,,,,,,,,,,,,,,,5.711693,-0.550087,11.04515,0.5567703,14.20732,0.3919373,16.20189,-0.2442551,17.98469,-0.03213501,15.99271,-0.08075714,13.0954,0.08861542,11.66766,-0.09894562,-0.07771301,-3.628792,12.53838,-1.630844,10.76097,-0.668869,14.42461,-0.5759659,11.58381,-0.623291
35.025001525878906,,,,,,,,,,,,,,,5.688255,-0.5618057,11.02171,0.5567703,14.17314,0.3948669,16.14427,-0.2598801,17.93782,-0.03408813,15.9517,-0.09931183,13.05536,0.07982635,11.62566,-0.09894562,-0.1079865,-3.620979,12.47784,-1.627914,10.71117,-0.6639862,14.38066,-0.5886612,11.53498,-0.6330566
35.033329010009766,,,,,,,,,,,,,,,5.664818,-0.574501,10.99339,0.5606766,14.13701,0.3948669,16.08568,-0.266716,17.88606,-0.03408813,15.91166,-0.1178665,13.0163,0.07396698,11.58074,-0.1067581,-0.140213,-3.610237,12.4251,-1.626938,10.65941,-0.6571503,14.33476,-0.5964737,11.48908,-0.6428223
35.03333333333333,-3.0,20.0,-19.0,-87.0,-3.0,-746.0,-10.0,-3956.0,-2.0,-7503.0,-4.0,-860.0,-1.0,-2238.0,,,,,,,,,,,,,,,,,,,,,,,,,,
35.04167175292969,,,,,,,,,,,,,,,5.645287,-0.5871964,10.9641,0.5675125,14.10283,0.3890076,16.03294,-0.2715988,17.83332,-0.0350647,15.8726,-0.1344681,12.97919,0.07201385,11.53973,-0.1175003,-0.1753693,-3.599495,12.37139,-1.626938,10.61058,-0.653244,14.28984,-0.6033096,11.44709,-0.6525879
35.04999923706055,,,,,,,,,,,,,,,5.623802,-0.596962,10.93578,0.575325,14.06963,0.3782654,15.97923,-0.2686691,17.78059,-0.03701782,15.83646,-0.1461868,12.94208,0.07103729,11.49773,-0.1311722,-0.2134552,-3.5868,12.32256,-1.625961,10.55882,-0.6512909,14.24199,-0.6062393,11.40705,-0.6584473
35.05833053588867,,,,,,,,,,,,,,,5.606224,-0.6037979,10.9055,0.5792313,14.03545,0.3645935,15.92943,-0.2598801,17.72688,-0.03994751,15.79935,-0.156929,12.90595,0.07201385,11.45965,-0.1477737,-0.2544708,-3.574104,12.28057,-1.625961,10.50902,-0.6551971,14.19414,-0.6081924,11.37189,-0.6652832
35.06666666666667,-2.0,20.0,-19.0,-88.0,-3.0,-747.0,-10.0,-3959.0,-1.0,-7507.0,-4.0,-860.0,-1.0,-2237.0,,,,,,,,,,,,,,,,,,,,,,,,,,
35.06666946411133,,,,,,,,,,,,,,,5.587669,-0.6086807,10.87425,0.5792313,14.00127,0.3509216,15.88548,-0.2501144,17.67414,-0.04776001,15.76322,-0.1657181,12.86884,0.07299042,11.42645,-0.1604691,-0.2984161,-3.566292,12.23956,-1.625961,10.45433,-0.6639862,14.14238,-0.6101456,11.33674,-0.6740723
35.07500076293945,,,,,,,,,,,,,,,5.570091,-0.6135635,10.84789,0.5763016,13.96904,0.3372498,15.84447,-0.2393723,17.62239,-0.06240845,15.72807,-0.172554,12.83466,0.07494354,11.39422,-0.1721878,-0.3452911,-3.563362,12.20049,-1.626938,10.39671,-0.6766815,14.09062,-0.6160049,11.29963,-0.6789551
35.08332824707031,,,,,,,,,,,,,,,5.549583,-0.6194229,10.82054,0.5675125,13.93486,0.3245544,15.80833,-0.2315598,17.57161,-0.07803345,15.68607,-0.1745071,12.79853,0.07884979,11.36492,-0.18293,-0.3999786,-3.563362,12.16045,-1.630844,10.34398,-0.6962128,14.03496,-0.6218643,11.25861,-0.6838379
35.091670989990234,,,,,,,,,,,,,,,5.530052,-0.628212,10.7971,0.5557938,13.90263,0.3186951,15.77611,-0.2266769,17.52082,-0.09658813,15.6431,-0.1754837,12.76435,0.08470917,11.3366,-0.1907425,-0.4546661,-3.566292,12.12041,-1.635727,10.28636,-0.7176971,13.98027,-0.6296768,11.21174,-0.6906738
35.099998474121094,,,,,,,,,,,,,,,5.508568,-0.6399307,10.77464,0.5430984,13.86943,0.3177185,15.74779,-0.2257004,17.47004,-0.1151428,15.59721,-0.1754837,12.72919,0.09056854,11.30633,-0.1956253,-0.506424,-3.570198,12.07452,-1.639633,10.23558,-0.7430878,13.92656,-0.6374893,11.16291,-0.6955566
35.1,-2.0,19.0,-20.0,-90.0,-2.0,-746.0,-10.0,-3966.0,0.0,-7509.0,-4.0,-861.0,-1.0,-2236.0,,,,,,,,,,,,,,,,,,,,,,,,,,
35.10832977294922,,,,,,,,,,,,,,,5.489037,-0.6536026,10.75316,0.5304031,13.83427,0.3196716,15.72435,-0.2266769,17.42414,-0.1327209,15.5474,-0.1764603,12.69794,0.09447479,11.27605,-0.1995316,-0.5591583,-3.575081,12.02569,-1.644516,10.18578,-0.769455,13.8709,-0.6462784,11.10529,-0.6984863
35.116668701171875,,,,,,,,,,,,,,,5.468529,-0.668251,10.72777,0.5157547,13.79716,0.3235779,15.69994,-0.2276535,17.37922,-0.1463928,15.49564,-0.1813431,12.66864,0.09838104,11.23992,-0.2024612,-0.6109161,-3.576057,11.97686,-1.649399,10.14183,-0.7928925,13.81621,-0.6511612,11.05354,-0.6984863
35.125,,,,,,,,,,,,,,,5.447044,-0.6799698,10.70433,0.5040359,13.75517,0.3274841,15.6765,-0.2305832,17.33723,-0.1532288,15.44291,-0.1862259,12.63642,0.1032639,11.20379,-0.2034378,-0.6548615,-3.570198,11.92999,-1.653305,10.10179,-0.8124237,13.76543,-0.6531143,11.00373,-0.692627
35.133331298828125,,,,,,,,,,,,,,,5.424583,-0.6858292,10.67699,0.4952469,13.71025,0.3313904,15.64818,-0.2335129,17.29622,-0.1522522,15.38822,-0.1940384,12.60321,0.105217,11.16277,-0.2053909,-0.6978302,-3.562386,11.88702,-1.655258,10.06468,-0.8270721,13.7166,-0.6550674,10.95686,-0.6828613
35.13333333333333,-2.0,16.0,-20.0,-88.0,-2.0,-744.0,-10.0,-3970.0,0.0,-7507.0,-3.0,-860.0,-2.0,-2236.0,,,,,,,,,,,,,,,,,,,,,,,,,,
35.14167022705078,,,,,,,,,,,,,,,5.403099,-0.6828995,10.64769,0.4903641,13.6624,0.3304138,15.6179,-0.2335129,17.25618,-0.1463928,15.33842,-0.1998978,12.57489,0.1003342,11.12371,-0.2053909,-0.7359161,-3.54969,11.84307,-1.655258,10.02757,-0.8348846,13.6707,-0.6550674,10.91779,-0.6691895
35.150001525878906,,,,,,,,,,,,,,,5.381615,-0.6760635,10.61546,0.4864578,13.61064,0.3284607,15.57982,-0.2325363,17.21809,-0.1395569,15.28861,-0.2057571,12.54267,0.08959198,11.08172,-0.2034378,-0.772049,-3.534065,11.79913,-1.651352,9.990463,-0.8358612,13.62285,-0.6531143,10.88166,-0.654541
35.158329010009766,,,,,,,,,,,,,,,5.358177,-0.6653214,10.58128,0.4864578,13.55498,0.3235779,15.53587,-0.2325363,17.1761,-0.1327209,15.23881,-0.2096634,12.50946,0.0759201,11.04363,-0.2005081,-0.8081818,-3.52137,11.76006,-1.647446,9.944565,-0.831955,13.57988,-0.6521378,10.85139,-0.6408691
35.166666666666664,-1.0,14.0,-20.0,-86.0,-3.0,-743.0,-10.0,-3972.0,0.0,-7505.0,-3.0,-859.0,-1.0,-2236.0,,,,,,,,,,,,,,,,,,,,,,,,,,
35.16667175292969,,,,,,,,,,,,,,,5.33474,-0.6565323,10.5471,0.4884109,13.50127,0.3177185,15.489,-0.235466,17.13118,-0.1297913,15.19096,-0.2086868,12.47235,0.05736542,11.0075,-0.1956253,-0.8443146,-3.512581,11.71319,-1.644516,9.901596,-0.8241425,13.53691,-0.6531143,10.82307,-0.6311035
35.17499923706055,,,,,,,,,,,,,,,5.308372,-0.6477432,10.51097,0.4913406,13.44658,0.3147888,15.43529,-0.2383957,17.0843,-0.1297913,15.14115,-0.2018509,12.43525,0.03588104,10.97332,-0.1917191,-0.8853302,-3.511604,11.66631,-1.641586,9.850815,-0.8124237,13.49199,-0.6531143,10.79182,-0.6262207
35.18333053588867,,,,,,,,,,,,,,,5.282982,-0.6418839,10.47093,0.4923172,13.39384,0.3157654,15.37962,-0.2471848,17.03352,-0.1336975,15.09037,-0.1911087,12.39325,0.01634979,10.94109,-0.1907425,-0.928299,-3.519417,11.61456,-1.64061,9.799057,-0.7987518,13.44707,-0.6540909,10.76154,-0.630127
35.19166946411133,,,,,,,,,,,,,,,5.256615,-0.6379776,10.42992,0.4903641,13.34306,0.3196716,15.32494,-0.2579269,16.98274,-0.1424866,15.04057,-0.1774368,12.35028,-0.005134583,10.91082,-0.1936722,-0.9722443,-3.532112,11.55791,-1.64061,9.743393,-0.78508,13.39629,-0.6550674,10.72834,-0.6369629
35.2,-1.0,17.0,-20.0,-86.0,-3.0,-746.0,-10.0,-3969.0,0.0,-7500.0,-3.0,-857.0,-1.0,-2240.0,,,,,,,,,,,,,,,,,,,,,,,,,,
35.20000076293945,,,,,,,,,,,,,,,5.230247,-0.6389542,10.38695,0.4845047,13.29424,0.3235779,15.26634,-0.2706223,16.93489,-0.1551819,14.98881,-0.163765,12.30536,-0.02271271,10.88055,-0.2024612,-1.019119,-3.553596,11.5003,-1.643539,9.686752,-0.7723846,13.34062,-0.6550674,10.69025,-0.6477051
35.20832824707031,,,,,,,,,,,,,,,5.204857,-0.6409073,10.343,0.4776688,13.24834,0.3294373,15.21068,-0.2852707,16.88801,-0.1639709,14.93998,-0.1491165,12.25751,-0.03540802,10.8532,-0.2151566,-1.067947,-3.578011,11.44561,-1.646469,9.631088,-0.762619,13.2791,-0.6531143,10.64924,-0.6594238
35.216670989990234,,,,,,,,,,,,,,,5.182396,-0.6399307,10.30296,0.4698563,13.20537,0.3343201,15.15697,-0.3008957,16.84309,-0.1698303,14.89701,-0.1383743,12.21161,-0.04810333,10.82391,-0.2317581,-1.113846,-3.602425,11.39385,-1.648422,9.572495,-0.75383,13.22148,-0.6511612,10.60627,-0.6682129
35.224998474121094,,,,,,,,,,,,,,,5.162865,-0.6399307,10.26585,0.46595,13.1624,0.3313904,15.10521,-0.313591,16.80012,-0.1737366,14.85502,-0.1295853,12.16376,-0.05786896,10.7907,-0.2473831,-1.156815,-3.624886,11.34307,-1.647446,9.515854,-0.7518768,13.15898,-0.6501846,10.55939,-0.6760254
35.23332977294922,,,,,,,,,,,,,,,5.149193,-0.6399307,10.23558,0.4630203,13.12138,0.3226013,15.05833,-0.3243332,16.76204,-0.1708069,14.81498,-0.125679,12.11982,-0.06665802,10.76141,-0.261055,-1.198807,-3.642464,11.29522,-1.642563,9.455307,-0.7528534,13.09648,-0.6472549,10.51057,-0.6779785
35.233333333333334,-1.0,20.0,-20.0,-85.0,-3.0,-751.0,-11.0,-3966.0,0.0,-7500.0,-3.0,-857.0,-1.0,-2245.0,,,,,,,,,,,,,,,,,,,,,,,,,,
35.241668701171875,,,,,,,,,,,,,,,5.135521,-0.6399307,10.21117,0.4639969,13.08134,0.3079529,15.01732,-0.3340988,16.72395,-0.1639709,14.77689,-0.125679,12.07685,-0.0725174,10.72723,-0.2678909,-1.232986,-3.650276,11.24834,-1.63475,9.395737,-0.75383,13.03984,-0.6433487,10.45881,-0.6760254
35.25,,,,,,,,,,,,,,,5.123802,-0.6409073,10.19456,0.4698563,13.03935,0.2874451,14.97826,-0.3409348,16.68586,-0.1542053,14.73783,-0.1276321,12.03193,-0.07740021,10.695,-0.2659378,-1.267166,-3.653206,11.2044,-1.627914,9.333237,-0.7567596,12.98906,-0.6413956,10.409,-0.6691895
35.258331298828125,,,,,,,,,,,,,,,5.112083,-0.6409073,10.18089,0.4796219,12.99736,0.2669373,14.94505,-0.3477707,16.64582,-0.1454163,14.69877,-0.1315384,11.98993,-0.08325958,10.65789,-0.2561722,-1.298416,-3.652229,11.16045,-1.620102,9.274643,-0.7577362,12.94218,-0.6384659,10.35822,-0.6604004
35.266666666666666,-1.0,20.0,-19.0,-87.0,-3.0,-754.0,-11.0,-3968.0,-1.0,-7507.0,-3.0,-859.0,-1.0,-2248.0,,,,,,,,,,,,,,,,,,,,,,,,,,
35.26667022705078,,,,,,,,,,,,,,,5.099388,-0.6409073,10.16624,0.4874344,12.95634,0.2464294,14.91478,-0.3526535,16.60579,-0.1385803,14.65678,-0.1373978,11.94989,-0.08911896,10.61883,-0.2405472,-1.331619,-3.648323,11.1126,-1.613266,9.217026,-0.7577362,12.89629,-0.6335831,10.30939,-0.6486816
35.275001525878906,,,,,,,,,,,,,,,5.083763,-0.6418839,10.14964,0.4962234,12.9124,0.2308044,14.88353,-0.3575363,16.56282,-0.1376038,14.61381,-0.1432571,11.90985,-0.09497833,10.57586,-0.2229691,-1.360916,-3.642464,11.06475,-1.60936,9.160385,-0.7557831,12.85234,-0.6277237,10.26545,-0.638916
35.283329010009766,,,,,,,,,,,,,,,5.061302,-0.6448135,10.12718,0.5050125,12.87138,0.2200623,14.8513,-0.3643723,16.51594,-0.14151,14.56889,-0.1471634,11.87177,-0.1018143,10.53094,-0.2092972,-1.392166,-3.635628,11.01983,-1.608383,9.108627,-0.7548065,12.80644,-0.6199112,10.22736,-0.6311035
35.29167175292969,,,,,,,,,,,,,,,5.036888,-0.6487198,10.09789,0.5108719,12.83134,0.2171326,14.8181,-0.3712082,16.46711,-0.1532288,14.52299,-0.1510696,11.83466,-0.1096268,10.48211,-0.2005081,-1.423416,-3.628792,10.96905,-1.610336,9.062729,-0.7557831,12.76054,-0.6111221,10.18928,-0.6242676
35.29999923706055,,,,,,,,,,,,,,,5.009544,-0.6545792,10.06175,0.512825,12.79326,0.2210388,14.77904,-0.3770676,16.41633,-0.1669006,14.48002,-0.1549759,11.79853,-0.1154861,10.43133,-0.1995316,-1.457596,-3.623909,10.92022,-1.612289,9.01683,-0.7567596,12.71269,-0.6013565,10.15607,-0.6252441
35.3,-1.0,20.0,-20.0,-90.0,-3.0,-759.0,-11.0,-3974.0,-1.0,-7519.0,-4.0,-860.0,-1.0,-2250.0,,,,,,,,,,,,,,,,,,,,,,,,,,
35.30833053588867,,,,,,,,,,,,,,,4.983177,-0.6653214,10.02074,0.5098953,12.75713,0.2298279,14.739,-0.3829269,16.36262,-0.1815491,14.44096,-0.1579056,11.76239,-0.1193924,10.37957,-0.2073441,-1.490799,-3.620979,10.86944,-1.614243,8.974838,-0.7596893,12.66484,-0.5925674,10.12092,-0.6320801
35.31666946411133,,,,,,,,,,,,,,,4.95681,-0.6780167,9.976791,0.5020828,12.72099,0.2386169,14.69505,-0.3878098,16.30989,-0.1952209,14.40092,-0.1627884,11.72821,-0.120369,10.33367,-0.2190628,-1.524002,-3.619026,10.81866,-1.614243,8.932846,-0.7645721,12.61406,-0.5828018,10.08674,-0.6428223
35.32500076293945,,,,,,,,,,,,,,,4.932396,-0.6936417,9.934799,0.4874344,12.68779,0.2513123,14.64915,-0.3907394,16.26008,-0.2030334,14.3599,-0.1706009,11.69403,-0.1154861,10.2907,-0.2376175,-1.558182,-3.617073,10.76788,-1.613266,8.889877,-0.7684784,12.56425,-0.5759659,10.05061,-0.6574707
35.33332824707031,,,,,,,,,,,,,,,4.907982,-0.7112198,9.893784,0.4698563,12.65556,0.263031,14.60716,-0.3946457,16.21028,-0.2049866,14.32182,-0.1823196,11.65985,-0.1086502,10.25457,-0.2561722,-1.596268,-3.616096,10.721,-1.612289,8.843979,-0.7684784,12.52031,-0.5701065,10.0135,-0.6730957
35.333333333333336,0.0,20.0,-20.0,-89.0,-2.0,-761.0,-11.0,-3979.0,-2.0,-7528.0,-4.0,-858.0,-1.0,-2250.0,,,,,,,,,,,,,,,,,,,,,,,,,,
35.341670989990234,,,,,,,,,,,,,,,4.890404,-0.7248917,9.856674,0.4522781,12.62138,0.2708435,14.56712,-0.3995285,16.1634,-0.2059631,14.28178,-0.1969681,11.62665,-0.1008377,10.22527,-0.2717972,-1.630447,-3.61805,10.67706,-1.613266,8.79808,-0.7675018,12.47929,-0.5691299,9.971504,-0.685791
35.349998474121094,,,,,,,,,,,,,,,4.874779,-0.7405167,9.823471,0.4376297,12.58525,0.2776794,14.53197,-0.4024582,16.11946,-0.2030334,14.24271,-0.2125931,11.59345,-0.09400177,10.19793,-0.2835159,-1.66951,-3.620979,10.63604,-1.617172,8.749252,-0.7645721,12.43828,-0.5691299,9.929512,-0.6955566
35.35832977294922,,,,,,,,,,,,,,,4.859154,-0.7541885,9.794174,0.4259109,12.54716,0.2825623,14.50072,-0.407341,16.07551,-0.1952209,14.2017,-0.2301712,11.56513,-0.08911896,10.17547,-0.2903519,-1.701736,-3.621956,10.59698,-1.626938,8.701401,-0.7606659,12.39726,-0.5671768,9.88752,-0.6984863
35.36666666666667,0.0,21.0,-20.0,-89.0,-2.0,-762.0,-11.0,-3983.0,-2.0,-7534.0,-4.0,-856.0,-1.0,-2251.0,,,,,,,,,,,,,,,,,,,,,,,,,,
35.366668701171875,,,,,,,,,,,,,,,4.844505,-0.7649307,9.768784,0.4210281,12.5081,0.2854919,14.47142,-0.4102707,16.03157,-0.1874084,14.16166,-0.2467728,11.53778,-0.09009552,10.15203,-0.2913284,-1.730057,-3.620979,10.55791,-1.639633,8.657455,-0.7577362,12.3582,-0.5710831,9.841621,-0.6965332
35.375,,,,,,,,,,,,,,,4.82888,-0.7717667,9.742416,0.4229813,12.46611,0.2874451,14.4431,-0.4132004,15.98664,-0.1805725,14.12064,-0.257515,11.51142,-0.09790802,10.12664,-0.2893753,-1.761307,-3.616096,10.52178,-1.660141,8.61351,-0.7567596,12.31523,-0.5769424,9.798653,-0.6896973
35.383331298828125,,,,,,,,,,,,,,,4.813255,-0.7756729,9.717026,0.4249344,12.42509,0.2903748,14.41673,-0.4180832,15.94172,-0.1766663,14.08353,-0.2653275,11.48505,-0.1115799,10.10027,-0.2844925,-1.786697,-3.610237,10.48077,-1.683578,8.574448,-0.7577362,12.27031,-0.5808487,9.753731,-0.6799316
35.39167022705078,,,,,,,,,,,,,,,4.79763,-0.777626,9.689682,0.4268875,12.38506,0.2903748,14.38646,-0.4210129,15.89485,-0.17276,14.0474,-0.2682571,11.45771,-0.1301346,10.06902,-0.2786331,-1.811111,-3.604378,10.4378,-1.706039,8.538315,-0.7616425,12.22148,-0.5857315,9.709785,-0.6662598
35.4,0.0,24.0,-20.0,-89.0,-2.0,-763.0,-12.0,-3986.0,-2.0,-7541.0,-4.0,-858.0,-2.0,-2253.0,,,,,,,,,,,,,,,,,,,,,,,,,,
35.400001525878906,,,,,,,,,,,,,,,4.779076,-0.7737198,9.659409,0.4268875,12.34404,0.294281,14.35716,-0.4249191,15.84895,-0.17276,14.01517,-0.2643509,11.42548,-0.1506424,10.03777,-0.2747269,-1.837479,-3.597542,10.39385,-1.7285,8.505112,-0.7635956,12.1707,-0.5925674,9.669746,-0.6516113
35.408329010009766,,,,,,,,,,,,,,,4.759544,-0.7668839,9.626205,0.4239578,12.30302,0.2972107,14.32494,-0.4278488,15.80403,-0.1737366,13.98588,-0.257515,11.39325,-0.1740799,10.00164,-0.2757034,-1.863846,-3.590706,10.34795,-1.746078,8.474838,-0.769455,12.11406,-0.5974503,9.63166,-0.6379395
35.41667175292969,,,,,,,,,,,,,,,4.74099,-0.7551651,9.593979,0.419075,12.26494,0.2981873,14.29173,-0.4317551,15.75911,-0.1776428,13.9556,-0.2497025,11.36005,-0.1945877,9.965508,-0.2805862,-1.893143,-3.585823,10.30303,-1.757797,8.443588,-0.7743378,12.05742,-0.5984268,9.595528,-0.6242676
35.42499923706055,,,,,,,,,,,,,,,4.719505,-0.7395401,9.557846,0.4132156,12.22685,0.2991638,14.26048,-0.4356613,15.71516,-0.1835022,13.92728,-0.2448196,11.32392,-0.2111893,9.929375,-0.2893753,-1.924393,-3.584846,10.25811,-1.763657,8.411362,-0.7772675,12.00273,-0.5994034,9.563301,-0.614502
35.43333053588867,,,,,,,,,,,,,,,4.699974,-0.7229385,9.51976,0.4093094,12.18779,0.2972107,14.22826,-0.4405441,15.67512,-0.1922913,13.89994,-0.24189,11.28778,-0.2219315,9.891289,-0.2991409,-1.95369,-3.588753,10.21807,-1.763657,8.380112,-0.7772675,11.94804,-0.5974503,9.533028,-0.6086426
35.43333333333333,0.0,29.0,-21.0,-89.0,-2.0,-765.0,-11.0,-3986.0,-3.0,-7547.0,-4.0,-859.0,-1.0,-2257.0,,,,,,,,,,,,,,,,,,,,,,,,,,
35.44166946411133,,,,,,,,,,,,,,,4.676537,-0.7043839,9.482651,0.4093094,12.15166,0.2903748,14.19994,-0.4454269,15.63801,-0.2030334,13.87162,-0.24189,11.24872,-0.2238846,9.855156,-0.3108597,-1.983963,-3.594612,10.17803,-1.75975,8.344955,-0.7762909,11.89629,-0.5925674,9.504707,-0.6057129
35.45000076293945,,,,,,,,,,,,,,,4.653099,-0.6887589,9.447495,0.4122391,12.11845,0.2825623,14.17162,-0.4512863,15.6009,-0.2118225,13.83939,-0.2467728,11.21064,-0.2180252,9.818047,-0.3264847,-2.015213,-3.599495,10.14092,-1.751938,8.30687,-0.7723846,11.84843,-0.5896378,9.47834,-0.6066895
35.45832824707031,,,,,,,,,,,,,,,4.628685,-0.675087,9.412338,0.4200516,12.08525,0.2718201,14.1472,-0.4590988,15.56379,-0.2206116,13.80326,-0.2555618,11.17255,-0.2082596,9.783867,-0.33918,-2.046463,-3.610237,10.10674,-1.739243,8.265854,-0.7675018,11.80644,-0.5915909,9.449043,-0.607666
35.46666666666667,0.0,35.0,-20.0,-88.0,-2.0,-767.0,-11.0,-3986.0,-3.0,-7551.0,-4.0,-857.0,-1.0,-2257.0,,,,,,,,,,,,,,,,,,,,,,,,,,
35.466670989990234,,,,,,,,,,,,,,,4.606224,-0.6633682,9.379135,0.4278641,12.05498,0.2571716,14.12083,-0.4659348,15.53254,-0.2294006,13.76322,-0.2653275,11.13349,-0.1926346,9.752617,-0.3489456,-2.077713,-3.623909,10.07647,-1.7285,8.221909,-0.7596893,11.7664,-0.5994034,9.417793,-0.6115723
35.474998474121094,,,,,,,,,,,,,,,4.58474,-0.6575089,9.350815,0.4347,12.02373,0.2415466,14.10033,-0.4757004,15.49836,-0.23526,13.71928,-0.2780228,11.09443,-0.1740799,9.722343,-0.3557816,-2.113846,-3.637581,10.04424,-1.714828,8.17894,-0.7509003,11.73222,-0.6130753,9.383614,-0.6154785
35.48332977294922,,,,,,,,,,,,,,,4.567162,-0.6545792,9.322495,0.4366531,11.99443,0.2259216,14.07884,-0.485466,15.46125,-0.2362366,13.67338,-0.288765,11.05634,-0.1545486,9.697929,-0.3577347,-2.149979,-3.653206,10.01495,-1.698227,8.134018,-0.7411346,11.70293,-0.6316299,9.352364,-0.6174316
35.491668701171875,,,,,,,,,,,,,,,4.55349,-0.6545792,9.297104,0.4327469,11.9622,0.2112732,14.05736,-0.4932785,15.42414,-0.2342834,13.6265,-0.2956009,11.02021,-0.1369705,9.673515,-0.3567581,-2.194901,-3.666878,9.985649,-1.685532,8.092026,-0.7323456,11.67558,-0.656044,9.312325,-0.6193848
35.5,0.0,35.0,-20.0,-89.0,-2.0,-770.0,-11.0,-3990.0,-3.0,-7556.0,-4.0,-854.0,-1.0,-2256.0,4.542747,-0.6575089,9.27562,0.4259109,11.93095,0.1976013,14.03587,-0.5030441,15.38606,-0.2323303,13.58158,-0.3014603,10.98993,-0.1232986,9.654961,-0.3557816,-2.244705,-3.678596,9.959282,-1.674789,8.051987,-0.7255096,11.64824,-0.6804581,9.272285,-0.6223145
35.508331298828125,,,,,,,,,,,,,,,4.534935,-0.668251,9.255112,0.4141922,11.89775,0.184906,14.01341,-0.5128098,15.34504,-0.2294006,13.54154,-0.3082962,10.96161,-0.1125565,9.641289,-0.3508987,-2.290604,-3.688362,9.927055,-1.665024,8.011948,-0.7216034,11.62285,-0.7009659,9.230293,-0.6330566
35.51667022705078,,,,,,,,,,,,,,,4.530052,-0.6789932,9.237534,0.4014969,11.86748,0.1751404,13.99193,-0.5225754,15.30305,-0.2294006,13.50639,-0.3122025,10.93818,-0.1066971,9.62664,-0.3440628,-2.339432,-3.692268,9.894829,-1.658188,7.974838,-0.7216034,11.59648,-0.7204971,9.193184,-0.645752
35.525001525878906,,,,,,,,,,,,,,,4.524193,-0.690712,9.223862,0.3888016,11.8372,0.1712341,13.96947,-0.5313644,15.26399,-0.2342834,13.47807,-0.313179,10.91864,-0.1057205,9.618828,-0.33918,-2.384354,-3.691292,9.859673,-1.654282,7.937729,-0.7255096,11.56816,-0.7322159,9.154121,-0.6633301
35.533329010009766,,,,,,,,,,,,,,,4.51931,-0.7024307,9.209213,0.3800125,11.80986,0.1722107,13.9431,-0.5382004,15.22395,-0.2411194,13.45365,-0.3151321,10.90009,-0.1106033,9.609062,-0.3372269,-2.420486,-3.687386,9.816704,-1.652328,7.899643,-0.7362518,11.53691,-0.7361221,9.114082,-0.685791
35.53333333333333,-1.0,35.0,-19.0,-89.0,-2.0,-768.0,-11.0,-3997.0,-3.0,-7561.0,-4.0,-854.0,0.0,-2255.0,,,,,,,,,,,,,,,,,,,,,,,,,,
35.54167175292969,,,,,,,,,,,,,,,4.511497,-0.7141495,9.197495,0.3780594,11.78545,0.1780701,13.91771,-0.5401535,15.18489,-0.250885,13.42924,-0.3151321,10.88349,-0.120369,9.600273,-0.3382034,-2.457596,-3.681526,9.774712,-1.650375,7.859604,-0.7499237,11.50371,-0.7351456,9.076973,-0.7072754
35.54999923706055,,,,,,,,,,,,,,,4.503685,-0.7209854,9.187729,0.3770828,11.76103,0.1907654,13.89037,-0.5391769,15.14875,-0.2635803,13.4058,-0.3161087,10.86786,-0.1350174,9.588554,-0.3382034,-2.489822,-3.678596,9.728813,-1.648422,7.814682,-0.7655487,11.46855,-0.7273331,9.04084,-0.7248535
35.55833053588867,,,,,,,,,,,,,,,4.493919,-0.7248917,9.177963,0.3751297,11.74052,0.2073669,13.86107,-0.532341,15.12043,-0.2762756,13.37943,-0.320015,10.85028,-0.1506424,9.573906,-0.3372269,-2.517166,-3.67762,9.685844,-1.647446,7.773666,-0.7841034,11.42851,-0.7146378,9.00666,-0.7346191
35.56666666666667,-2.0,35.0,-19.0,-87.0,-2.0,-765.0,-11.0,-4007.0,-3.0,-7568.0,-4.0,-858.0,-1.0,-2257.0,,,,,,,,,,,,,,,,,,,,,,,,,,
35.56666946411133,,,,,,,,,,,,,,,4.484154,-0.7268448,9.168198,0.3751297,11.72002,0.2259216,13.83568,-0.5225754,15.09407,-0.2850647,13.35209,-0.3239212,10.83173,-0.1662674,9.555351,-0.3382034,-2.549393,-3.676643,9.644829,-1.644516,7.729721,-0.7997284,11.39043,-0.6960831,8.974434,-0.7346191
35.57500076293945,,,,,,,,,,,,,,,4.473412,-0.7287979,9.158432,0.3712234,11.70146,0.2454529,13.81126,-0.5089035,15.07063,-0.2889709,13.32084,-0.3297806,10.8122,-0.1770096,9.531914,-0.3382034,-2.577713,-3.676643,9.607719,-1.64061,7.683823,-0.8104706,11.34648,-0.6765518,8.943184,-0.7258301
35.58332824707031,,,,,,,,,,,,,,,4.461693,-0.7327042,9.145737,0.3634109,11.68193,0.2620544,13.79076,-0.4903488,15.05012,-0.2909241,13.29057,-0.33564,10.79267,-0.1838455,9.503593,-0.3362503,-2.60701,-3.679573,9.574516,-1.635727,7.642807,-0.8153534,11.30058,-0.6579971,8.909981,-0.7062988
35.591670989990234,,,,,,,,,,,,,,,4.450951,-0.7385635,9.128159,0.3526688,11.66435,0.2708435,13.77513,-0.4747238,15.0345,-0.2889709,13.26322,-0.3434525,10.77314,-0.1848221,9.47332,-0.3333206,-2.633377,-3.683479,9.540337,-1.632797,7.599838,-0.8153534,11.25371,-0.6433487,8.874825,-0.6838379
35.599998474121094,,,,,,,,,,,,,,,4.439232,-0.7522354,9.109604,0.3380203,11.6458,0.2718201,13.76927,-0.4610519,15.01789,-0.2831116,13.23881,-0.3483353,10.75458,-0.1809158,9.44207,-0.3264847,-2.659744,-3.685432,9.510063,-1.627914,7.560776,-0.8114471,11.19902,-0.6326065,8.841621,-0.6604004
35.6,-2.0,37.0,-19.0,-83.0,-2.0,-766.0,-11.0,-4019.0,-3.0,-7576.0,-4.0,-861.0,-1.0,-2258.0,,,,,,,,,,,,,,,,,,,,,,,,,,
35.60832977294922,,,,,,,,,,,,,,,4.427513,-0.7659073,9.08519,0.3243484,11.62627,0.2649841,13.76439,-0.4483566,15.00129,-0.2792053,13.2183,-0.351265,10.737,-0.1701736,9.41375,-0.3206253,-2.677322,-3.685432,9.47979,-1.623032,7.52269,-0.8036346,11.14238,-0.6296768,8.808418,-0.6408691
35.616668701171875,,,,,,,,,,,,,,,4.419701,-0.777626,9.058823,0.3136063,11.60478,0.2464294,13.76341,-0.4405441,14.97981,-0.2772522,13.2017,-0.3522415,10.71943,-0.1555252,9.387383,-0.3167191,-2.694901,-3.685432,9.444633,-1.622055,7.48558,-0.7967987,11.08086,-0.6316299,8.769356,-0.6262207
35.625,,,,,,,,,,,,,,,4.413841,-0.7922745,9.031479,0.3077469,11.58232,0.2210388,13.75951,-0.4346848,14.95832,-0.2782288,13.18803,-0.3493118,10.70282,-0.144783,9.367851,-0.3128128,-2.709549,-3.683479,9.412407,-1.620102,7.455307,-0.7899628,11.02031,-0.6365128,8.738106,-0.6184082
35.633331298828125,,,,,,,,,,,,,,,4.407005,-0.8030167,9.003159,0.3136063,11.55302,0.1897888,13.75365,-0.4337082,14.93391,-0.282135,13.17338,-0.3463821,10.68818,-0.1350174,9.352226,-0.30793,-2.721268,-3.682503,9.377251,-1.618149,7.424057,-0.78508,10.95683,-0.6433487,8.704903,-0.6174316
35.63333333333333,-2.0,42.0,-19.0,-83.0,-2.0,-766.0,-11.0,-4026.0,-3.0,-7580.0,-5.0,-863.0,-2.0,-2255.0,,,,,,,,,,,,,,,,,,,,,,,,,,
35.64167022705078,,,,,,,,,,,,,,,4.405052,-0.808876,8.983627,0.3233719,11.52373,0.153656,13.74193,-0.4366379,14.9095,-0.2870178,13.15873,-0.344429,10.67548,-0.1281815,9.340508,-0.3040237,-2.738846,-3.68055,9.341118,-1.619125,7.393784,-0.7860565,10.90019,-0.6472549,8.679512,-0.6223145
35.650001525878906,,,,,,,,,,,,,,,4.403099,-0.8127823,8.968979,0.3399734,11.49443,0.1194763,13.72337,-0.4444504,14.88411,-0.2948303,13.14213,-0.3414993,10.66181,-0.1262283,9.334648,-0.3030472,-2.752518,-3.678596,9.304008,-1.620102,7.365463,-0.7880096,10.84941,-0.6501846,8.653145,-0.630127
35.658329010009766,,,,,,,,,,,,,,,4.405052,-0.8137589,8.96019,0.3634109,11.46416,0.08920288,13.69701,-0.4512863,14.85872,-0.2987366,13.11967,-0.3414993,10.64716,-0.1281815,9.328789,-0.3020706,-2.772049,-3.678596,9.268852,-1.622055,7.334213,-0.7909393,10.80547,-0.6511612,8.629707,-0.638916
35.666666666666664,-1.0,50.0,-20.0,-85.0,-2.0,-764.0,-11.0,-4031.0,-2.0,-7587.0,-5.0,-864.0,-2.0,-2252.0,,,,,,,,,,,,,,,,,,,,,,,,,,
35.66667175292969,,,,,,,,,,,,,,,4.407005,-0.8118057,8.959213,0.3829422,11.43486,0.06381226,13.67357,-0.4600754,14.83625,-0.29776,13.09916,-0.344429,10.63544,-0.1330643,9.325859,-0.3010941,-2.79744,-3.68055,9.235649,-1.626938,7.301987,-0.7948456,10.76933,-0.6511612,8.607246,-0.6467285
35.67499923706055,,,,,,,,,,,,,,,4.409935,-0.8078995,8.965073,0.3975906,11.41045,0.04916382,13.6472,-0.4688644,14.81282,-0.2948303,13.0767,-0.3454056,10.61982,-0.1389236,9.322929,-0.2981644,-2.82576,-3.683479,9.200493,-1.632797,7.264877,-0.7967987,10.73808,-0.6501846,8.586739,-0.6525879
35.68333053588867,,,,,,,,,,,,,,,4.409935,-0.8039932,8.970932,0.4044266,11.38896,0.04428101,13.62669,-0.4737473,14.79426,-0.2840881,13.05521,-0.3463821,10.60517,-0.1467361,9.322929,-0.2942581,-2.858963,-3.687386,9.170219,-1.639633,7.226791,-0.7977753,10.71367,-0.6482315,8.565254,-0.6555176
35.69166946411133,,,,,,,,,,,,,,,4.410912,-0.7971573,8.975815,0.4005203,11.37138,0.04818726,13.60814,-0.4776535,14.77375,-0.2704163,13.03764,-0.3483353,10.59345,-0.1555252,9.321953,-0.2874222,-2.897049,-3.690315,9.137016,-1.645493,7.187729,-0.7987518,10.6873,-0.6462784,8.544746,-0.6564941
35.7,-1.0,58.0,-20.0,-88.0,-2.0,-763.0,-11.0,-4032.0,-2.0,-7596.0,-5.0,-867.0,-2.0,-2249.0,,,,,,,,,,,,,,,,,,,,,,,,,,
35.70000076293945,,,,,,,,,,,,,,,4.408958,-0.7922745,8.977768,0.3848953,11.35674,0.05795288,13.59837,-0.4786301,14.75422,-0.2547913,13.02494,-0.3493118,10.57978,-0.1682205,9.320976,-0.2786331,-2.936111,-3.691292,9.105766,-1.653305,7.152573,-0.7948456,10.66484,-0.6453018,8.520332,-0.6574707
35.70832824707031,,,,,,,,,,,,,,,4.407982,-0.7883682,8.976791,0.3643875,11.34404,0.07064819,13.59251,-0.4757004,14.73762,-0.2440491,13.01517,-0.351265,10.56806,-0.1848221,9.322929,-0.2678909,-2.976151,-3.687386,9.071587,-1.660141,7.11937,-0.7889862,10.64238,-0.6423721,8.498848,-0.6555176
35.716670989990234,,,,,,,,,,,,,,,4.406029,-0.7903214,8.971909,0.34095,11.33427,0.08236694,13.59056,-0.4737473,14.72297,-0.23526,13.01029,-0.3561478,10.56122,-0.2033768,9.322929,-0.2581253,-3.01326,-3.679573,9.03643,-1.662094,7.08519,-0.7811737,10.61992,-0.6384659,8.47541,-0.6525879
35.724998474121094,,,,,,,,,,,,,,,4.400169,-0.8010635,8.96312,0.3194656,11.32549,0.09408569,13.59154,-0.4717941,14.71418,-0.2303772,13.00541,-0.3639603,10.55536,-0.2238846,9.321953,-0.2483597,-3.049393,-3.662971,9.003227,-1.663071,7.058823,-0.769455,10.59453,-0.6355362,8.453926,-0.6516113
35.73332977294922,,,,,,,,,,,,,,,4.395287,-0.8176651,8.953354,0.2999344,11.31767,0.09994507,13.59251,-0.4737473,14.70637,-0.2323303,13.00346,-0.3727493,10.55243,-0.2443924,9.32,-0.2405472,-3.081619,-3.644417,8.963188,-1.662094,7.031479,-0.7596893,10.57011,-0.6326065,8.425606,-0.6496582
35.733333333333334,-1.0,61.0,-20.0,-89.0,-2.0,-765.0,-12.0,-4029.0,-2.0,-7604.0,-5.0,-870.0,-2.0,-2248.0,,,,,,,,,,,,,,,,,,,,,,,,,,
35.741668701171875,,,,,,,,,,,,,,,4.39138,-0.8391495,8.945541,0.2891922,11.31181,0.1009216,13.59154,-0.4776535,14.70149,-0.2381897,13.00443,-0.3815384,10.55243,-0.2649002,9.316093,-0.2366409,-3.110916,-3.624886,8.921196,-1.659164,7.006088,-0.7489471,10.5457,-0.6296768,8.397285,-0.645752
35.75,,,,,,,,,,,,,,,4.387474,-0.862587,8.935776,0.2872391,11.30693,0.09799194,13.58958,-0.4815598,14.70149,-0.2469788,13.00248,-0.3864212,10.55341,-0.2815018,9.311211,-0.2356644,-3.142166,-3.605354,8.882133,-1.654282,6.981674,-0.738205,10.51836,-0.6277237,8.367012,-0.6379395
35.758331298828125,,,,,,,,,,,,,,,4.382591,-0.8821182,8.92894,0.2901688,11.30205,0.09310913,13.58665,-0.4864426,14.70247,-0.2586975,13.0015,-0.3883743,10.55634,-0.2912674,9.305351,-0.2376175,-3.173416,-3.589729,8.841118,-1.649399,6.956284,-0.7294159,10.48906,-0.6228409,8.331856,-0.6271973
35.766666666666666,0.0,60.0,-20.0,-87.0,-2.0,-765.0,-11.0,-4025.0,-1.0,-7609.0,-5.0,-871.0,-1.0,-2250.0,,,,,,,,,,,,,,,,,,,,,,,,,,
35.76667022705078,,,,,,,,,,,,,,,4.380638,-0.8918839,8.921127,0.2979813,11.29814,0.08920288,13.58177,-0.4903488,14.70247,-0.2704163,12.99955,-0.3854446,10.55927,-0.2951736,9.303398,-0.24543,-3.209549,-3.578011,8.801079,-1.645493,6.92894,-0.7235565,10.45781,-0.6160049,8.297676,-0.6164551
35.775001525878906,,,,,,,,,,,,,,,4.379662,-0.8948135,8.916245,0.3106766,11.29619,0.08139038,13.57591,-0.4942551,14.70247,-0.2811584,12.9976,-0.3795853,10.56122,-0.2971268,9.301445,-0.2542191,-3.241776,-3.572151,8.757133,-1.64061,6.904526,-0.7196503,10.42265,-0.6081924,8.260567,-0.6037598
35.783329010009766,,,,,,,,,,,,,,,4.381615,-0.8860245,8.915268,0.3204422,11.29131,0.07553101,13.56908,-0.4942551,14.70149,-0.2909241,12.99369,-0.3707962,10.56708,-0.2941971,9.304375,-0.2649612,-3.280838,-3.573128,8.716118,-1.63768,6.872299,-0.715744,10.38652,-0.5984268,8.224434,-0.5891113
35.79167175292969,,,,,,,,,,,,,,,4.384544,-0.8674698,8.917221,0.3272781,11.28935,0.07162476,13.5681,-0.4932785,14.69758,-0.29776,12.98978,-0.3629837,10.56806,-0.2873611,9.313164,-0.2776566,-3.317947,-3.578011,8.674126,-1.63768,6.836166,-0.715744,10.34941,-0.5828018,8.189278,-0.576416
35.79999923706055,,,,,,,,,,,,,,,4.392357,-0.846962,8.925034,0.3331375,11.28838,0.06771851,13.5681,-0.4962082,14.69172,-0.3045959,12.98197,-0.3561478,10.57099,-0.2805252,9.322929,-0.2864456,-3.353104,-3.5868,8.63311,-1.638657,6.796127,-0.7167206,10.31035,-0.5662003,8.157051,-0.5666504
35.8,-1.0,58.0,-20.0,-85.0,-3.0,-765.0,-11.0,-4024.0,-1.0,-7610.0,-5.0,-872.0,-2.0,-2255.0,,,,,,,,,,,,,,,,,,,,,,,,,,
35.80833053588867,,,,,,,,,,,,,,,4.400169,-0.8254776,8.933823,0.3341141,11.28935,0.06478882,13.57396,-0.5001144,14.68293,-0.3065491,12.97514,-0.3561478,10.57099,-0.2746658,9.338554,-0.292305,-3.384354,-3.596565,8.596977,-1.639633,6.746323,-0.7186737,10.27031,-0.5515518,8.124825,-0.5578613
35.81666946411133,,,,,,,,,,,,,,,4.411888,-0.808876,8.947495,0.3292313,11.29131,0.06283569,13.58177,-0.5069504,14.67317,-0.3036194,12.96537,-0.360054,10.57099,-0.2678299,9.355156,-0.2942581,-3.411697,-3.608284,8.559868,-1.639633,6.695541,-0.72258,10.23222,-0.5388565,8.094551,-0.552002
35.82500076293945,,,,,,,,,,,,,,,4.42263,-0.800087,8.96312,0.3204422,11.29619,0.06185913,13.59349,-0.516716,14.6634,-0.2967834,12.95853,-0.3649368,10.57099,-0.2619705,9.369804,-0.292305,-3.431229,-3.619026,8.528618,-1.638657,6.642807,-0.7255096,10.19609,-0.531044,8.062325,-0.5490723
35.83332824707031,,,,,,,,,,,,,,,4.439232,-0.7971573,8.981674,0.3136063,11.30107,0.06185913,13.60716,-0.5264816,14.65461,-0.2889709,12.95267,-0.3707962,10.57294,-0.2580643,9.385429,-0.2883987,-3.44783,-3.630745,8.500298,-1.636703,6.586166,-0.7294159,10.16093,-0.5271378,8.031075,-0.5471191
35.833333333333336,-1.0,58.0,-20.0,-84.0,-3.0,-766.0,-10.0,-4027.0,-1.0,-7608.0,-5.0,-870.0,-3.0,-2263.0,,,,,,,,,,,,,,,,,,,,,,,,,,
35.841670989990234,,,,,,,,,,,,,,,4.457787,-0.800087,8.999252,0.3077469,11.30791,0.06478882,13.62474,-0.5333176,14.6468,-0.2752991,12.94877,-0.3795853,10.57392,-0.2531815,9.393242,-0.2825394,-3.460526,-3.64344,8.47393,-1.633774,6.535385,-0.7333221,10.13261,-0.5290909,7.996895,-0.5471191
35.849998474121094,,,,,,,,,,,,,,,4.478294,-0.8078995,9.017807,0.3067703,11.3167,0.07064819,13.64134,-0.5362473,14.64192,-0.2596741,12.94682,-0.3893509,10.5788,-0.2502518,9.400078,-0.27668,-3.469315,-3.653206,8.450493,-1.630844,6.490463,-0.7372284,10.10527,-0.5329971,7.961739,-0.5490723
35.85832977294922,,,,,,,,,,,,,,,4.500755,-0.815712,9.033432,0.3097,11.32841,0.07846069,13.6599,-0.5352707,14.63997,-0.2479553,12.94975,-0.4010696,10.58173,-0.2473221,9.402031,-0.2727737,-3.475174,-3.660042,8.425102,-1.628891,6.448471,-0.7391815,10.08086,-0.5378799,7.926582,-0.5539551
35.86666666666667,0.0,60.0,-20.0,-85.0,-3.0,-764.0,-9.0,-4031.0,-1.0,-7604.0,-4.0,-867.0,-3.0,-2266.0,,,,,,,,,,,,,,,,,,,,,,,,,,
35.866668701171875,,,,,,,,,,,,,,,4.525169,-0.8215714,9.04808,0.3194656,11.34111,0.08724976,13.67552,-0.5294113,14.64387,-0.2362366,12.95365,-0.4108353,10.58857,-0.2443924,9.401054,-0.2727737,-3.48201,-3.665901,8.399712,-1.628891,6.415268,-0.738205,10.05644,-0.5447159,7.893379,-0.5588379
35.875,,,,,,,,,,,,,,,4.55056,-0.8225479,9.060776,0.3350906,11.35478,0.09506226,13.69115,-0.5225754,14.64778,-0.2294006,12.95853,-0.4235306,10.59833,-0.2404861,9.401054,-0.2727737,-3.492752,-3.669807,8.374321,-1.633774,6.386948,-0.7352753,10.03105,-0.5486221,7.861153,-0.5627441
35.883331298828125,,,,,,,,,,,,,,,4.573997,-0.8205948,9.072495,0.3536453,11.37041,0.1018982,13.70775,-0.5157394,14.65071,-0.2284241,12.96635,-0.4372025,10.612,-0.2365799,9.402031,-0.27668,-3.508377,-3.666878,8.344048,-1.64061,6.36058,-0.7284393,10.00273,-0.5486221,7.831856,-0.5666504
35.89167022705078,,,,,,,,,,,,,,,4.598412,-0.8166885,9.077377,0.3702469,11.38506,0.1058044,13.72435,-0.5118332,14.65461,-0.2274475,12.97709,-0.4528275,10.62763,-0.2336502,9.404961,-0.2835159,-3.529861,-3.660042,8.313774,-1.650375,6.334213,-0.7176971,9.965622,-0.546669,7.800606,-0.5686035
35.9,0.0,61.0,-20.0,-85.0,-2.0,-762.0,-9.0,-4033.0,-1.0,-7604.0,-5.0,-864.0,-3.0,-2264.0,,,,,,,,,,,,,,,,,,,,,,,,,,
35.900001525878906,,,,,,,,,,,,,,,4.61599,-0.8127823,9.08226,0.3839188,11.39873,0.1038513,13.739,-0.5098801,14.6595,-0.2294006,12.99076,-0.4664993,10.64423,-0.2287674,9.408867,-0.2893753,-3.554276,-3.652229,8.282524,-1.659164,6.312729,-0.7050018,9.92363,-0.5437393,7.777168,-0.5705566
35.908329010009766,,,,,,,,,,,,,,,4.632591,-0.808876,9.084213,0.3927078,11.40654,0.09994507,13.7556,-0.5108566,14.66145,-0.2333069,13.00443,-0.4772415,10.66376,-0.2219315,9.414726,-0.2962112,-3.591385,-3.642464,8.249321,-1.667953,6.286362,-0.6884003,9.875778,-0.5408096,7.747871,-0.5705566
35.91667175292969,,,,,,,,,,,,,,,4.645287,-0.8059464,9.086166,0.3946609,11.41142,0.09603882,13.77122,-0.5157394,14.66536,-0.2333069,13.01908,-0.485054,10.68036,-0.2150955,9.425468,-0.3020706,-3.629471,-3.632698,8.219048,-1.67186,6.259018,-0.6747284,9.825974,-0.5398331,7.718575,-0.5705566
35.92499923706055,,,,,,,,,,,,,,,4.657982,-0.8059464,9.087143,0.387825,11.41338,0.08822632,13.7888,-0.5206223,14.66926,-0.2323303,13.03178,-0.4870071,10.69696,-0.2092361,9.431328,-0.30793,-3.674393,-3.620003,8.191704,-1.66893,6.228745,-0.6630096,9.779099,-0.5388565,7.691231,-0.5695801
35.93333053588867,,,,,,,,,,,,,,,4.671654,-0.8078995,9.092026,0.3751297,11.41045,0.08432007,13.80443,-0.5245285,14.67317,-0.2274475,13.04252,-0.4821243,10.70673,-0.2033768,9.438164,-0.3147659,-3.718338,-3.605354,8.16436,-1.659164,6.200424,-0.653244,9.734177,-0.5388565,7.664864,-0.567627
35.93333333333333,0.0,58.0,-20.0,-86.0,-2.0,-759.0,-8.0,-4034.0,-1.0,-7611.0,-5.0,-862.0,-3.0,-2260.0,,,,,,,,,,,,,,,,,,,,,,,,,,
35.94166946411133,,,,,,,,,,,,,,,4.688255,-0.808876,9.100815,0.3595047,11.40752,0.08236694,13.82005,-0.5284348,14.67903,-0.2186584,13.05131,-0.4752884,10.71454,-0.1965408,9.444023,-0.3196487,-3.759354,-3.590706,8.141899,-1.642563,6.171127,-0.6493378,9.695114,-0.5359268,7.641426,-0.5637207
35.95000076293945,,,,,,,,,,,,,,,4.70681,-0.8108292,9.114487,0.3429031,11.40849,0.08236694,13.83861,-0.5342941,14.68586,-0.2127991,13.05814,-0.4625931,10.71845,-0.1906815,9.446953,-0.3255081,-3.798416,-3.574104,8.123344,-1.620102,6.143784,-0.6512909,9.662888,-0.5339737,7.620918,-0.5617676
35.95832824707031,,,,,,,,,,,,,,,4.730247,-0.8108292,9.135971,0.3302078,11.40947,0.08236694,13.85814,-0.5401535,14.69075,-0.2088928,13.06205,-0.4508743,10.7204,-0.1857986,9.449883,-0.3303909,-3.832596,-3.558479,8.102837,-1.597641,6.115463,-0.6551971,9.637497,-0.5281143,7.60041,-0.5568848
35.96666666666667,0.0,55.0,-20.0,-86.0,-2.0,-756.0,-8.0,-4033.0,-1.0,-7617.0,-5.0,-861.0,-3.0,-2258.0,,,,,,,,,,,,,,,,,,,,,,,,,,
35.966670989990234,,,,,,,,,,,,,,,4.755638,-0.8108292,9.161362,0.3214188,11.41826,0.08139038,13.87962,-0.5430832,14.69856,-0.2059631,13.064,-0.4401321,10.72333,-0.182869,9.455742,-0.3352737,-3.860916,-3.539925,8.081352,-1.57225,6.090073,-0.6581268,9.616013,-0.5173721,7.581856,-0.5500488
35.974998474121094,,,,,,,,,,,,,,,4.782982,-0.808876,9.190659,0.3175125,11.43095,0.07846069,13.90306,-0.5460129,14.70832,-0.2059631,13.07084,-0.4313431,10.72919,-0.1818924,9.465508,-0.3411331,-3.886307,-3.522346,8.058891,-1.548813,6.063705,-0.66008,9.596481,-0.5037003,7.563301,-0.5422363
35.98332977294922,,,,,,,,,,,,,,,4.812279,-0.8078995,9.218002,0.3165359,11.44951,0.07260132,13.93236,-0.5460129,14.72004,-0.2079163,13.08158,-0.4254837,10.73798,-0.1799393,9.482109,-0.3450394,-3.907791,-3.504768,8.035454,-1.526352,6.031479,-0.6620331,9.577927,-0.4851456,7.542793,-0.536377
35.991668701171875,,,,,,,,,,,,,,,4.839622,-0.8049698,9.247299,0.3214188,11.47002,0.06674194,13.96361,-0.5450363,14.73469,-0.2088928,13.09623,-0.422554,10.75165,-0.1789627,9.50457,-0.3479691,-3.928299,-3.486214,8.003227,-1.506821,6.002182,-0.6610565,9.559372,-0.4675674,7.519356,-0.5305176
36.0,0.0,53.0,-21.0,-85.0,-3.0,-756.0,-8.0,-4030.0,-1.0,-7623.0,-6.0,-860.0,-4.0,-2258.0,4.869896,-0.8020401,9.27269,0.3302078,11.48955,0.05990601,13.99583,-0.5460129,14.75129,-0.2108459,13.11478,-0.422554,10.76923,-0.1770096,9.53289,-0.3469925,-3.943924,-3.468636,7.970024,-1.488266,5.968002,-0.6591034,9.536911,-0.4499893,7.493965,-0.5246582
36.008331298828125,,,,,,,,,,,,,,,4.900169,-0.7981339,9.295151,0.3399734,11.51006,0.05502319,14.02708,-0.5440598,14.76887,-0.2118225,13.13432,-0.4245071,10.79169,-0.1731033,9.566093,-0.3460159,-3.962479,-3.449104,7.932915,-1.473618,5.930893,-0.653244,9.51445,-0.437294,7.465645,-0.5197754
36.01667022705078,,,,,,,,,,,,,,,4.931419,-0.7922745,9.312729,0.3477859,11.52568,0.05502319,14.05833,-0.5460129,14.78938,-0.2098694,13.15678,-0.4274368,10.81513,-0.1662674,9.60125,-0.3421097,-3.97908,-3.433479,7.894829,-1.462875,5.892807,-0.6464081,9.490036,-0.4304581,7.436348,-0.5129395
36.025001525878906,,,,,,,,,,,,,,,4.95974,-0.7825089,9.330307,0.3555984,11.54228,0.05990601,14.08763,-0.5499191,14.80598,-0.2088928,13.17826,-0.4313431,10.8415,-0.1555252,9.6325,-0.3372269,-3.994705,-3.421761,7.85479,-1.45311,5.857651,-0.6395721,9.465622,-0.4324112,7.413887,-0.5070801
36.033329010009766,,,,,,,,,,,,,,,4.989037,-0.7727432,9.347885,0.3624344,11.554,0.07162476,14.114,-0.5567551,14.82454,-0.2079163,13.19584,-0.4372025,10.86884,-0.1438065,9.662773,-0.3313675,-4.01326,-3.413948,7.814751,-1.45018,5.818588,-0.6298065,9.435349,-0.4402237,7.38459,-0.5002441
36.03333333333333,0.0,51.0,-21.0,-84.0,-3.0,-753.0,-8.0,-4033.0,-2.0,-7633.0,-6.0,-861.0,-4.0,-2258.0,,,,,,,,,,,,,,,,,,,,,,,,,,
36.04167175292969,,,,,,,,,,,,,,,5.015404,-0.762001,9.365463,0.3653641,11.56572,0.08627319,14.13841,-0.5645676,14.84211,-0.2069397,13.20853,-0.4401321,10.89325,-0.129158,9.68914,-0.3274612,-4.032791,-3.416878,7.776665,-1.45311,5.778549,-0.6171112,9.402145,-0.452919,7.358223,-0.4934082
36.04999923706055,,,,,,,,,,,,,,,5.037865,-0.7512589,9.381088,0.3624344,11.57939,0.09896851,14.1599,-0.5723801,14.85676,-0.2079163,13.21537,-0.4440384,10.91571,-0.113533,9.710625,-0.3245316,-4.053299,-3.425667,7.737602,-1.462875,5.736557,-0.6044159,9.367966,-0.468544,7.331856,-0.4885254
36.05833053588867,,,,,,,,,,,,,,,5.059349,-0.7385635,9.401596,0.3585281,11.59013,0.1145935,14.17552,-0.5762863,14.87434,-0.2079163,13.22123,-0.4459915,10.93622,-0.1008377,9.730156,-0.3245316,-4.07283,-3.438362,7.701469,-1.474594,5.694565,-0.5936737,9.327927,-0.4763565,7.306465,-0.482666
36.06666666666667,-1.0,49.0,-22.0,-81.0,-3.0,-752.0,-8.0,-4038.0,-3.0,-7643.0,-6.0,-863.0,-3.0,-2257.0,,,,,,,,,,,,,,,,,,,,,,,,,,
36.06666946411133,,,,,,,,,,,,,,,5.075951,-0.7268448,9.419174,0.3507156,11.60283,0.1292419,14.19212,-0.5743332,14.88899,-0.2088928,13.22611,-0.445015,10.9538,-0.0881424,9.745781,-0.3245316,-4.096268,-3.454964,7.671196,-1.488266,5.649643,-0.5848846,9.285934,-0.4792862,7.284004,-0.4768066
36.07500076293945,,,,,,,,,,,,,,,5.092552,-0.7170792,9.436752,0.3389969,11.6165,0.1409607,14.2097,-0.5684738,14.90559,-0.2098694,13.23002,-0.4411087,10.96845,-0.07740021,9.761406,-0.323555,-4.116776,-3.471565,7.640923,-1.501938,5.604721,-0.5800018,9.246872,-0.4753799,7.261543,-0.4719238
36.08332824707031,,,,,,,,,,,,,,,5.108177,-0.7092667,9.453354,0.3311844,11.62724,0.1487732,14.22533,-0.5587082,14.91536,-0.2118225,13.23588,-0.4401321,10.9831,-0.06958771,9.773125,-0.3245316,-4.137283,-3.481331,7.616508,-1.508774,5.562729,-0.5809784,9.203903,-0.4636612,7.238106,-0.467041
36.091670989990234,,,,,,,,,,,,,,,5.121849,-0.7024307,9.470932,0.325325,11.63994,0.153656,14.239,-0.547966,14.92707,-0.2157288,13.24369,-0.4401321,10.99482,-0.06568146,9.783867,-0.3245316,-4.156815,-3.484261,7.594048,-1.50975,5.523666,-0.5848846,9.16777,-0.4470596,7.214668,-0.4631348
36.099998474121094,,,,,,,,,,,,,,,5.134544,-0.7004776,9.484604,0.3214188,11.65263,0.1556091,14.25365,-0.5362473,14.93684,-0.2225647,13.25736,-0.445015,11.00751,-0.06665802,9.793633,-0.3216019,-4.174393,-3.481331,7.580376,-1.503891,5.492416,-0.5956268,9.137497,-0.4304581,7.19416,-0.4592285
36.1,-1.0,45.0,-22.0,-77.0,-3.0,-752.0,-8.0,-4046.0,-3.0,-7648.0,-6.0,-864.0,-3.0,-2259.0,,,,,,,,,,,,,,,,,,,,,,,,,,
36.10832977294922,,,,,,,,,,,,,,,5.14724,-0.7004776,9.498276,0.3184891,11.66826,0.1565857,14.27025,-0.5274582,14.94661,-0.23526,13.27299,-0.453804,11.02118,-0.07154083,9.805351,-0.3167191,-4.189041,-3.471565,7.566704,-1.490219,5.468002,-0.6112518,9.112106,-0.4177628,7.169746,-0.4543457
36.116668701171875,,,,,,,,,,,,,,,5.157982,-0.7014542,9.515854,0.3194656,11.68486,0.1565857,14.28978,-0.5245285,14.95637,-0.2518616,13.28666,-0.4635696,11.03681,-0.08130646,9.81414,-0.3098831,-4.201736,-3.453987,7.557915,-1.474594,5.449448,-0.6249237,9.088669,-0.4089737,7.144356,-0.451416
36.125,,,,,,,,,,,,,,,5.17263,-0.7034073,9.532455,0.3214188,11.70244,0.1526794,14.31029,-0.5235519,14.96614,-0.2743225,13.30033,-0.4743118,11.05146,-0.09302521,9.823906,-0.3020706,-4.214432,-3.433479,7.550102,-1.455063,5.433823,-0.6385956,9.067184,-0.4050674,7.121895,-0.4494629
36.133331298828125,,,,,,,,,,,,,,,5.188255,-0.706337,9.551987,0.3204422,11.72197,0.1487732,14.32982,-0.5196457,14.97688,-0.29776,13.31205,-0.4840775,11.06513,-0.1057205,9.831718,-0.2942581,-4.228104,-3.409065,7.541313,-1.438461,5.42308,-0.6493378,9.04277,-0.4070206,7.095528,-0.4465332
36.13333333333333,-1.0,41.0,-22.0,-76.0,-4.0,-753.0,-9.0,-4055.0,-4.0,-7651.0,-6.0,-865.0,-3.0,-2261.0,,,,,,,,,,,,,,,,,,,,,,,,,,
36.14167022705078,,,,,,,,,,,,,,,5.208763,-0.7043839,9.571518,0.3165359,11.74345,0.1477966,14.34935,-0.516716,14.98469,-0.3202209,13.32279,-0.4909134,11.08173,-0.120369,9.842461,-0.2874222,-4.240799,-3.386604,7.529594,-1.423813,5.408432,-0.6591034,9.019333,-0.4138565,7.07502,-0.4436035
36.150001525878906,,,,,,,,,,,,,,,5.234154,-0.699501,9.593002,0.3106766,11.76396,0.1477966,14.37083,-0.5098801,14.99055,-0.3387756,13.32865,-0.4938431,11.09443,-0.1340408,9.850273,-0.2815628,-4.251541,-3.364143,7.519829,-1.409164,5.396713,-0.6630096,8.990036,-0.4206924,7.057442,-0.4387207
36.158329010009766,,,,,,,,,,,,,,,5.262474,-0.6955948,9.615463,0.3038406,11.78349,0.1517029,14.39037,-0.4981613,14.99446,-0.3495178,13.33158,-0.49189,11.10517,-0.144783,9.858086,-0.27668,-4.26619,-3.349495,7.506157,-1.398422,5.378159,-0.6620331,8.959763,-0.4265518,7.039864,-0.4338379
36.166666666666664,-1.0,42.0,-22.0,-77.0,-4.0,-757.0,-9.0,-4060.0,-4.0,-7656.0,-5.0,-864.0,-3.0,-2264.0,,,,,,,,,,,,,,,,,,,,,,,,,,
36.16667175292969,,,,,,,,,,,,,,,5.294701,-0.6916885,9.639877,0.2989578,11.79814,0.1546326,14.41087,-0.4835129,14.9925,-0.3573303,13.33549,-0.4870071,11.11786,-0.1535721,9.865898,-0.2747269,-4.281815,-3.342659,7.487602,-1.38768,5.357651,-0.653244,8.928513,-0.4285049,7.030098,-0.4309082
36.17499923706055,,,,,,,,,,,,,,,5.325951,-0.6897354,9.661362,0.2960281,11.81181,0.1565857,14.4265,-0.4708176,14.98469,-0.3573303,13.33646,-0.4811478,11.12958,-0.160408,9.874687,-0.2747269,-4.296463,-3.340706,7.467094,-1.376938,5.33226,-0.6425018,8.896286,-0.4275284,7.01545,-0.4279785
36.18333053588867,,,,,,,,,,,,,,,5.354271,-0.6936417,9.684799,0.2979813,11.82256,0.1575623,14.44505,-0.4590988,14.97786,-0.3495178,13.33939,-0.476265,11.1413,-0.167244,9.887383,-0.27668,-4.313065,-3.349495,7.444633,-1.366196,5.307846,-0.6298065,8.865036,-0.4226456,7.003731,-0.4230957
36.19166946411133,,,,,,,,,,,,,,,5.375755,-0.7043839,9.70433,0.3048172,11.83037,0.1546326,14.46556,-0.4551926,14.97004,-0.3436584,13.34232,-0.4723587,11.15497,-0.1721268,9.897148,-0.2786331,-4.330643,-3.36512,7.422173,-1.355453,5.284409,-0.6151581,8.836716,-0.4128799,6.992989,-0.4172363
36.2,-1.0,47.0,-23.0,-81.0,-4.0,-762.0,-10.0,-4063.0,-3.0,-7662.0,-5.0,-864.0,-2.0,-2268.0,,,,,,,,,,,,,,,,,,,,,,,,,,
36.20000076293945,,,,,,,,,,,,,,,5.39431,-0.7190323,9.721909,0.3155594,11.83818,0.1458435,14.48412,-0.4590988,14.96711,-0.3358459,13.34623,-0.4743118,11.16864,-0.176033,9.91082,-0.2835159,-4.347244,-3.382698,7.398735,-1.346664,5.259995,-0.6014862,8.808395,-0.4040909,6.97834,-0.4133301
36.20832824707031,,,,,,,,,,,,,,,5.406029,-0.7385635,9.73558,0.3292313,11.84111,0.1321716,14.50462,-0.4717941,14.96711,-0.3280334,13.34916,-0.4782181,11.18134,-0.1779861,9.925468,-0.2893753,-4.367752,-3.397346,7.375298,-1.336899,5.240463,-0.5917206,8.776169,-0.3953018,6.961739,-0.4094238
36.216670989990234,,,,,,,,,,,,,,,5.413841,-0.7600479,9.742416,0.3419266,11.84306,0.1126404,14.52122,-0.4893723,14.97297,-0.3211975,13.35404,-0.4821243,11.19306,-0.1789627,9.93914,-0.2962112,-4.390213,-3.406136,7.352837,-1.32518,5.220932,-0.5858612,8.745895,-0.3845596,6.94416,-0.4064941
36.224998474121094,,,,,,,,,,,,,,,5.421654,-0.777626,9.74437,0.3516922,11.84404,0.09213257,14.5388,-0.5089035,14.98079,-0.3172913,13.35795,-0.4928665,11.20185,-0.176033,9.949883,-0.3059769,-4.414627,-3.411018,7.331352,-1.312485,5.202377,-0.581955,8.708786,-0.3767471,6.9217,-0.4064941
36.23332977294922,,,,,,,,,,,,,,,5.431419,-0.7922745,9.74437,0.3575516,11.84404,0.07357788,14.55247,-0.5274582,14.9925,-0.3153381,13.3599,-0.5036087,11.20868,-0.1721268,9.960625,-0.3186722,-4.438065,-3.411018,7.305962,-1.299789,5.183823,-0.5800018,8.672653,-0.3708878,6.895332,-0.4084473
36.233333333333334,0.0,53.0,-23.0,-82.0,-4.0,-768.0,-10.0,-4063.0,-2.0,-7660.0,-4.0,-864.0,-2.0,-2270.0,,,,,,,,,,,,,,,,,,,,,,,,,,
36.241668701171875,,,,,,,,,,,,,,,5.446068,-0.7981339,9.74144,0.3585281,11.84404,0.05599976,14.56322,-0.5430832,15.00422,-0.3172913,13.35795,-0.5104446,11.20966,-0.1643143,9.97039,-0.3342972,-4.463455,-3.406136,7.279594,-1.288071,5.161362,-0.5780487,8.63652,-0.3669815,6.868965,-0.4152832
36.25,,,,,,,,,,,,,,,5.464622,-0.7971573,9.740463,0.3546219,11.84111,0.04037476,14.57591,-0.5528488,15.01301,-0.3231506,13.35404,-0.5153275,11.20966,-0.1535721,9.978203,-0.3508987,-4.493729,-3.3993,7.251274,-1.278305,5.134018,-0.575119,8.600388,-0.3630753,6.838692,-0.427002
36.258331298828125,,,,,,,,,,,,,,,5.487083,-0.7903214,9.739487,0.3487625,11.83818,0.02865601,14.58372,-0.5587082,15.01594,-0.3329163,13.34721,-0.5172806,11.20771,-0.144783,9.983086,-0.3675003,-4.521072,-3.394417,7.222954,-1.272446,5.104721,-0.5712128,8.564255,-0.359169,6.803535,-0.4377441
36.266666666666666,0.0,55.0,-23.0,-82.0,-4.0,-768.0,-10.0,-4064.0,-2.0,-7654.0,-4.0,-864.0,-2.0,-2272.0,,,,,,,,,,,,,,,,,,,,,,,,,,
36.26667022705078,,,,,,,,,,,,,,,5.512474,-0.7756729,9.74437,0.3419266,11.83623,0.01986694,14.59447,-0.5596848,15.01301,-0.3465881,13.34037,-0.516304,11.20478,-0.1379471,9.987968,-0.3821487,-4.54744,-3.39344,7.194633,-1.273422,5.068588,-0.5653534,8.534958,-0.3562393,6.769356,-0.4475098
36.275001525878906,,,,,,,,,,,,,,,5.539818,-0.762001,9.752182,0.3360672,11.83232,0.01400757,14.60423,-0.5606613,15.00618,-0.3641663,13.3306,-0.5114212,11.19794,-0.1330643,9.988945,-0.3938675,-4.57283,-3.397346,7.169243,-1.284164,5.033432,-0.5614471,8.506638,-0.3533096,6.740059,-0.4523926
36.283329010009766,,,,,,,,,,,,,,,5.565208,-0.7473526,9.764877,0.3331375,11.83037,0.009124756,14.61693,-0.563591,14.99446,-0.3778381,13.31986,-0.5055618,11.19013,-0.135994,9.989922,-0.4036331,-4.592361,-3.405159,7.143852,-1.304672,4.995346,-0.5585175,8.4832,-0.3494034,6.711739,-0.4523926
36.29167175292969,,,,,,,,,,,,,,,5.588646,-0.7346573,9.779526,0.3331375,11.82744,0.004241943,14.62669,-0.5704269,14.97883,-0.3895569,13.31303,-0.4997025,11.18329,-0.1438065,9.989922,-0.4085159,-4.608963,-3.415901,7.120415,-1.329086,4.96312,-0.5555878,8.455856,-0.3474503,6.688301,-0.4475098
36.29999923706055,,,,,,,,,,,,,,,5.608177,-0.7258682,9.791245,0.3331375,11.82451,0.002288818,14.63548,-0.5801926,14.96321,-0.3924866,13.30521,-0.4957962,11.1745,-0.1565018,9.987968,-0.4094925,-4.619705,-3.43055,7.096977,-1.358383,4.92894,-0.5575409,8.431442,-0.3474503,6.667793,-0.4367676
36.3,0.0,52.0,-23.0,-80.0,-4.0,-770.0,-10.0,-4068.0,-2.0,-7655.0,-4.0,-864.0,-2.0,-2273.0,,,,,,,,,,,,,,,,,,,,,,,,,,
36.30833053588867,,,,,,,,,,,,,,,5.623802,-0.7229385,9.805893,0.3360672,11.82256,0.001312256,14.64232,-0.5928879,14.94856,-0.3856506,13.30131,-0.4957962,11.16376,-0.1731033,9.985039,-0.4075394,-4.627518,-3.448128,7.074516,-1.386703,4.896713,-0.5614471,8.406052,-0.3503799,6.648262,-0.4221191
36.31666946411133,,,,,,,,,,,,,,,5.635521,-0.7239151,9.816635,0.34095,11.82158,-0.001617432,14.64427,-0.6065598,14.93293,-0.3749084,13.30131,-0.4987259,11.154,-0.1906815,9.977226,-0.40168,-4.630447,-3.467659,7.050102,-1.410141,4.865463,-0.5634003,8.378708,-0.3562393,6.633614,-0.4064941
36.32500076293945,,,,,,,,,,,,,,,5.64724,-0.7268448,9.822495,0.3477859,11.81963,0.0003356934,14.64134,-0.6192551,14.91829,-0.3553772,13.30131,-0.5045853,11.1413,-0.2092361,9.972343,-0.3958206,-4.630447,-3.483284,7.024712,-1.429672,4.834213,-0.5682831,8.348434,-0.3679581,6.616035,-0.3937988
36.33332824707031,,,,,,,,,,,,,,,5.655052,-0.7336807,9.826401,0.3546219,11.82158,-0.001617432,14.63548,-0.6329269,14.90559,-0.3319397,13.2974,-0.5104446,11.1286,-0.2268143,9.963554,-0.3870316,-4.633377,-3.497932,6.997368,-1.437485,4.804916,-0.5712128,8.321091,-0.3816299,6.599434,-0.3850098
36.333333333333336,0.0,50.0,-23.0,-78.0,-3.0,-773.0,-10.0,-4071.0,-2.0,-7661.0,-4.0,-862.0,-1.0,-2270.0,,,,,,,,,,,,,,,,,,,,,,,,,,
36.341670989990234,,,,,,,,,,,,,,,5.662865,-0.7395401,9.828354,0.3614578,11.82158,-0.005523682,14.62376,-0.6436691,14.89485,-0.3085022,13.2935,-0.5143509,11.11493,-0.2404861,9.954765,-0.3762894,-4.64119,-3.510628,6.971001,-1.435532,4.773666,-0.5731659,8.29863,-0.3953018,6.576973,-0.380127
36.349998474121094,,,,,,,,,,,,,,,5.671654,-0.7444229,9.828354,0.3692703,11.81963,-0.01040649,14.61009,-0.6485519,14.88313,-0.2889709,13.28471,-0.5182571,11.10028,-0.2522049,9.945976,-0.3645706,-4.647049,-3.517464,6.946587,-1.428696,4.743393,-0.5721893,8.277145,-0.4109268,6.549629,-0.3791504
36.35832977294922,,,,,,,,,,,,,,,5.677513,-0.7473526,9.826401,0.3751297,11.81767,-0.01724243,14.59544,-0.6514816,14.86946,-0.2752991,13.26908,-0.5182571,11.08368,-0.2619705,9.937187,-0.3499222,-4.658768,-3.519417,6.925102,-1.415024,4.711166,-0.5712128,8.262497,-0.4265518,6.521309,-0.3820801
36.36666666666667,0.0,51.0,-22.0,-77.0,-3.0,-776.0,-10.0,-4070.0,-3.0,-7666.0,-4.0,-859.0,-1.0,-2267.0,,,,,,,,,,,,,,,,,,,,,,,,,,
36.366668701171875,,,,,,,,,,,,,,,5.686302,-0.7444229,9.826401,0.3761063,11.81084,-0.02407837,14.57884,-0.6514816,14.84993,-0.2694397,13.24662,-0.5143509,11.06415,-0.269783,9.927422,-0.3362503,-4.677322,-3.516487,6.905571,-1.397446,4.682846,-0.5702362,8.252731,-0.4382706,6.492989,-0.3869629
36.375,,,,,,,,,,,,,,,5.692162,-0.7395401,9.825424,0.3731766,11.80107,-0.02993774,14.56322,-0.6495285,14.82942,-0.2704163,13.21928,-0.5114212,11.04657,-0.2785721,9.916679,-0.3264847,-4.694901,-3.513557,6.890923,-1.375961,4.653549,-0.5692596,8.237106,-0.4470596,6.462715,-0.3977051
36.383331298828125,,,,,,,,,,,,,,,5.695091,-0.730751,9.824448,0.3673172,11.78447,-0.03286743,14.54564,-0.6465988,14.80207,-0.2792053,13.19096,-0.5104446,11.029,-0.2873611,9.906914,-0.3206253,-4.712479,-3.508675,6.88018,-1.350571,4.630112,-0.5653534,8.231247,-0.4538956,6.431465,-0.4064941
36.39167022705078,,,,,,,,,,,,,,,5.697044,-0.7200089,9.822495,0.3546219,11.76299,-0.03091431,14.52904,-0.6426926,14.77473,-0.2948303,13.16264,-0.5104446,11.00751,-0.2961502,9.896172,-0.3186722,-4.727127,-3.504768,6.873344,-1.327133,4.605698,-0.5643768,8.221481,-0.4597549,6.403145,-0.4143066
36.4,0.0,54.0,-21.0,-78.0,-4.0,-773.0,-11.0,-4069.0,-3.0,-7670.0,-4.0,-857.0,-1.0,-2263.0,,,,,,,,,,,,,,,,,,,,,,,,,,
36.400001525878906,,,,,,,,,,,,,,,5.698021,-0.7131729,9.818588,0.3389969,11.73857,-0.02310181,14.51341,-0.6407394,14.74739,-0.3153381,13.13529,-0.5123978,10.99189,-0.3049393,9.8825,-0.3245316,-4.742752,-3.503792,6.869438,-1.308578,4.58226,-0.5643768,8.20488,-0.4626846,6.382637,-0.4211426
36.408329010009766,,,,,,,,,,,,,,,5.695091,-0.7102432,9.810776,0.325325,11.71123,-0.01333618,14.49876,-0.6397629,14.71711,-0.3397522,13.11283,-0.516304,10.97626,-0.3107986,9.869804,-0.3382034,-4.754471,-3.502815,6.864555,-1.294907,4.562729,-0.5624237,8.190231,-0.4665909,6.363106,-0.4240723
36.41667175292969,,,,,,,,,,,,,,,5.689232,-0.7112198,9.79808,0.3116531,11.68291,-0.002593994,14.48021,-0.6407394,14.68879,-0.3670959,13.09428,-0.5202103,10.96357,-0.3137283,9.854179,-0.3587112,-4.767166,-3.499886,6.862602,-1.285141,4.544174,-0.5604706,8.171677,-0.4724503,6.348457,-0.4230957
36.42499923706055,,,,,,,,,,,,,,,5.67849,-0.715126,9.782455,0.2970047,11.65459,0.006195068,14.46458,-0.6407394,14.66633,-0.3905334,13.07767,-0.5221634,10.95282,-0.3127518,9.835625,-0.3831253,-4.783768,-3.498909,6.857719,-1.284164,4.52562,-0.5585175,8.151169,-0.4802628,6.340645,-0.4152832
36.43333053588867,,,,,,,,,,,,,,,5.666771,-0.7239151,9.760971,0.2852859,11.62724,0.01107788,14.44603,-0.6407394,14.64289,-0.4120178,13.06107,-0.52314,10.94306,-0.3088455,9.818047,-0.4094925,-4.801346,-3.495979,6.850883,-1.291,4.509018,-0.5565643,8.131638,-0.4919815,6.330879,-0.4035645
36.43333333333333,0.0,59.0,-21.0,-81.0,-4.0,-771.0,-11.0,-4068.0,-3.0,-7677.0,-5.0,-857.0,-1.0,-2262.0,,,,,,,,,,,,,,,,,,,,,,,,,,
36.44166946411133,,,,,,,,,,,,,,,5.655052,-0.7336807,9.737534,0.2725906,11.60185,0.01107788,14.4265,-0.641716,14.62141,-0.4325256,13.04642,-0.5241165,10.93329,-0.301033,9.795586,-0.4319534,-4.824783,-3.488167,6.837212,-1.306625,4.49144,-0.5565643,8.1082,-0.5056534,6.32502,-0.3908691
36.45000076293945,,,,,,,,,,,,,,,5.642357,-0.7453995,9.709213,0.2579422,11.57841,0.006195068,14.40404,-0.6436691,14.59602,-0.4481506,13.02787,-0.5221634,10.92353,-0.292244,9.774101,-0.4534378,-4.850174,-3.476448,6.818657,-1.324203,4.479721,-0.5604706,8.086716,-0.5163956,6.315254,-0.3771973
36.45832824707031,,,,,,,,,,,,,,,5.629662,-0.7571182,9.686752,0.2442703,11.55791,0.0003356934,14.3806,-0.6475754,14.57161,-0.4588928,13.00443,-0.5202103,10.91181,-0.2863846,9.748711,-0.4719925,-4.877518,-3.462776,6.791313,-1.341782,4.468002,-0.5682831,8.062302,-0.5251846,6.304512,-0.3674316
36.46666666666667,0.0,63.0,-21.0,-82.0,-4.0,-771.0,-11.0,-4068.0,-3.0,-7681.0,-5.0,-860.0,0.0,-2264.0,,,,,,,,,,,,,,,,,,,,,,,,,,
36.466670989990234,,,,,,,,,,,,,,,5.620872,-0.7649307,9.661362,0.2325516,11.53838,-0.006500244,14.35521,-0.6495285,14.54329,-0.4667053,12.98002,-0.5211868,10.89716,-0.2834549,9.722343,-0.4837112,-4.901932,-3.448128,6.75811,-1.361313,4.459213,-0.5780487,8.034958,-0.5300674,6.28791,-0.364502
36.474998474121094,,,,,,,,,,,,,,,5.612083,-0.7727432,9.639877,0.2208328,11.51787,-0.009429932,14.32982,-0.6534348,14.51301,-0.4715881,12.95072,-0.5241165,10.88153,-0.2844315,9.694023,-0.4885941,-4.921463,-3.434456,6.722954,-1.380844,4.447495,-0.5887909,8.008591,-0.5300674,6.272285,-0.3664551
36.48332977294922,,,,,,,,,,,,,,,5.605247,-0.7795792,9.620346,0.2130203,11.50029,-0.01138306,14.3054,-0.657341,14.48274,-0.4735413,12.91752,-0.5270462,10.86298,-0.2912674,9.665703,-0.4876175,-4.938065,-3.422737,6.683891,-1.395493,4.434799,-0.5995331,7.977341,-0.5251846,6.257637,-0.3742676
36.491668701171875,,,,,,,,,,,,,,,5.599388,-0.7854385,9.606674,0.2120438,11.47685,-0.01040649,14.28001,-0.6592941,14.45149,-0.4745178,12.88529,-0.531929,10.84345,-0.2981033,9.637383,-0.4846878,-4.952713,-3.414925,6.642876,-1.408188,4.421127,-0.6122284,7.945114,-0.5193253,6.244942,-0.3869629
36.5,0.0,66.0,-21.0,-81.0,-3.0,-772.0,-11.0,-4070.0,-3.0,-7687.0,-6.0,-864.0,0.0,-2269.0,5.587669,-0.7893448,9.594955,0.2149734,11.45146,-0.009429932,14.25658,-0.6602707,14.42122,-0.4735413,12.85111,-0.5368118,10.82392,-0.307869,9.611992,-0.479805,-4.960526,-3.414925,6.605766,-1.417953,4.40062,-0.6200409,7.908981,-0.5144424,6.233223,-0.4025879
36.508331298828125,,,,,,,,,,,,,,,5.570091,-0.7952042,9.587143,0.2208328,11.42119,-0.009429932,14.23021,-0.6583176,14.39094,-0.469635,12.81596,-0.5416946,10.80243,-0.3176346,9.587578,-0.4719925,-4.966385,-3.420784,6.572563,-1.422836,4.377182,-0.6239471,7.881638,-0.5144424,6.224434,-0.4162598
36.51667022705078,,,,,,,,,,,,,,,5.548607,-0.7961807,9.57933,0.2286453,11.38603,-0.01138306,14.20677,-0.6563644,14.3636,-0.4647522,12.78471,-0.5446243,10.77704,-0.3274002,9.566093,-0.4661331,-4.972244,-3.432503,6.545219,-1.42186,4.355698,-0.62883,7.846481,-0.5203018,6.217598,-0.4299316
36.525001525878906,,,,,,,,,,,,,,,5.523216,-0.7971573,9.574448,0.2325516,11.34892,-0.01431274,14.18138,-0.6534348,14.33235,-0.4608459,12.75346,-0.5495071,10.74677,-0.3420486,9.542656,-0.4622269,-4.976151,-3.448128,6.517876,-1.419907,4.33226,-0.6307831,7.816208,-0.5281143,6.209785,-0.4416504
36.533329010009766,,,,,,,,,,,,,,,5.492943,-0.7981339,9.564682,0.2335281,11.30888,-0.01919556,14.15404,-0.6534348,14.30305,-0.4598694,12.72416,-0.5534134,10.71454,-0.3566971,9.520195,-0.4612503,-4.980057,-3.464729,6.495415,-1.41893,4.313705,-0.6327362,7.789841,-0.5378799,6.198067,-0.4494629
36.53333333333333,0.0,67.0,-21.0,-81.0,-4.0,-774.0,-11.0,-4072.0,-3.0,-7692.0,-7.0,-869.0,0.0,-2272.0,,,,,,,,,,,,,,,,,,,,,,,,,,
36.54167175292969,,,,,,,,,,,,,,,5.460716,-0.7991104,9.55394,0.2325516,11.26982,-0.02603149,14.12474,-0.6544113,14.26985,-0.4608459,12.69584,-0.5553665,10.67841,-0.3732986,9.497734,-0.4602737,-4.98494,-3.482307,6.47393,-1.417953,4.294174,-0.637619,7.76445,-0.5456924,6.181465,-0.4562988
36.54999923706055,,,,,,,,,,,,,,,5.431419,-0.7981339,9.537338,0.2286453,11.22978,-0.02798462,14.09642,-0.6553879,14.23762,-0.4637756,12.66752,-0.5592728,10.63837,-0.3889236,9.474297,-0.4612503,-4.991776,-3.499886,6.454399,-1.41893,4.279526,-0.6415253,7.743942,-0.5476456,6.161934,-0.4631348
36.55833053588867,,,,,,,,,,,,,,,5.403099,-0.7981339,9.515854,0.2227859,11.19756,-0.02896118,14.06322,-0.6563644,14.20149,-0.4706116,12.63725,-0.5641556,10.59638,-0.4025955,9.446953,-0.4602737,-4.992752,-3.512581,6.435844,-1.422836,4.263901,-0.6454315,7.723434,-0.5427628,6.138496,-0.4699707
36.56666666666667,0.0,66.0,-21.0,-79.0,-4.0,-774.0,-11.0,-4075.0,-3.0,-7698.0,-7.0,-872.0,0.0,-2277.0,,,,,,,,,,,,,,,,,,,,,,,,,,
36.56666946411133,,,,,,,,,,,,,,,5.377708,-0.7971573,9.489487,0.2208328,11.16826,-0.02896118,14.02904,-0.6553879,14.16243,-0.4803772,12.60795,-0.5690384,10.55439,-0.4143143,9.414726,-0.4563675,-5.001541,-3.520393,6.419243,-1.429672,4.245346,-0.6493378,7.703903,-0.531044,6.114082,-0.4758301
36.57500076293945,,,,,,,,,,,,,,,5.356224,-0.7952042,9.459213,0.2198563,11.13994,-0.02798462,13.99388,-0.6524582,14.11946,-0.4872131,12.57377,-0.5709915,10.51532,-0.4211502,9.3825,-0.4514847,-5.008377,-3.523323,6.403618,-1.438461,4.223862,-0.6512909,7.689255,-0.515419,6.086739,-0.4797363
36.58332824707031,,,,,,,,,,,,,,,5.335716,-0.7922745,9.43187,0.2227859,11.11552,-0.02700806,13.95482,-0.6456223,14.07356,-0.4930725,12.53764,-0.5758743,10.47626,-0.4250565,9.346367,-0.4446487,-5.019119,-3.520393,6.389946,-1.445297,4.201401,-0.6493378,7.676559,-0.4978409,6.061348,-0.482666
36.591670989990234,,,,,,,,,,,,,,,5.314232,-0.7864151,9.401596,0.2296219,11.09013,-0.02700806,13.9138,-0.6358566,14.02864,-0.4960022,12.49857,-0.5807571,10.43915,-0.4250565,9.309258,-0.4387894,-5.030838,-3.516487,6.378227,-1.451157,4.17601,-0.6464081,7.662888,-0.484169,6.034981,-0.4855957
36.599998474121094,,,,,,,,,,,,,,,5.288841,-0.7805557,9.371323,0.2345047,11.06474,-0.02700806,13.87083,-0.626091,13.98079,-0.4960022,12.45756,-0.5827103,10.40302,-0.4240799,9.270195,-0.43293,-5.046463,-3.511604,6.364555,-1.454086,4.14769,-0.6415253,7.653122,-0.4724503,6.01252,-0.4865723
36.6,0.0,66.0,-21.0,-76.0,-4.0,-774.0,-11.0,-4076.0,-2.0,-7706.0,-7.0,-871.0,0.0,-2283.0,,,,,,,,,,,,,,,,,,,,,,,,,,
36.60832977294922,,,,,,,,,,,,,,,5.264427,-0.777626,9.343002,0.2364578,11.03838,-0.02700806,13.82689,-0.6163254,13.93293,-0.4950256,12.41264,-0.5827103,10.36689,-0.4231033,9.231133,-0.4358597,-5.065994,-3.505745,6.34893,-1.452133,4.123276,-0.6366425,7.641403,-0.4626846,5.991035,-0.4885254
36.616668701171875,,,,,,,,,,,,,,,5.23806,-0.7766495,9.310776,0.2335281,11.00517,-0.02798462,13.77904,-0.610466,13.88704,-0.4950256,12.36674,-0.5817337,10.32978,-0.4211502,9.193047,-0.448555,-5.084549,-3.499886,6.329399,-1.448227,4.098862,-0.6317596,7.630661,-0.4538956,5.968575,-0.4904785
36.625,,,,,,,,,,,,,,,5.211693,-0.7795792,9.277573,0.2227859,10.97002,-0.02700806,13.72923,-0.6094894,13.84602,-0.4979553,12.31986,-0.5817337,10.29267,-0.4191971,9.15789,-0.46418,-5.100174,-3.498909,6.306938,-1.443344,4.076401,-0.6268768,7.617966,-0.4460831,5.95002,-0.4953613
36.633331298828125,,,,,,,,,,,,,,,5.187279,-0.7883682,9.243393,0.2091141,10.93095,-0.02407837,13.68333,-0.6143723,13.80793,-0.5028381,12.27299,-0.5797806,10.25458,-0.4152908,9.124687,-0.4856644,-5.118729,-3.505745,6.279594,-1.436508,4.058823,-0.6229706,7.600388,-0.4402237,5.935371,-0.5061035
36.63333333333333,0.0,68.0,-21.0,-72.0,-3.0,-772.0,-12.0,-4077.0,-2.0,-7714.0,-6.0,-870.0,0.0,-2286.0,,,,,,,,,,,,,,,,,,,,,,,,,,
36.64167022705078,,,,,,,,,,,,,,,5.169701,-0.8020401,9.203354,0.1915359,10.88799,-0.02114868,13.63744,-0.6231613,13.76985,-0.5077209,12.22611,-0.5768509,10.21161,-0.4084549,9.089531,-0.5100784,-5.134354,-3.515511,6.253227,-1.426743,4.047104,-0.6210175,7.578903,-0.437294,5.923653,-0.5197754
36.650001525878906,,,,,,,,,,,,,,,5.156029,-0.8166885,9.162338,0.1710281,10.84599,-0.01919556,13.59349,-0.6348801,13.73274,-0.51651,12.17728,-0.5758743,10.16962,-0.4025955,9.054375,-0.5364456,-5.146072,-3.528206,6.224907,-1.419907,4.035385,-0.6210175,7.558395,-0.4353409,5.91584,-0.5373535
36.658329010009766,,,,,,,,,,,,,,,5.146263,-0.8342667,9.118393,0.1544266,10.80009,-0.01919556,13.55052,-0.6485519,13.70051,-0.5272522,12.13041,-0.5748978,10.12568,-0.3986893,9.017265,-0.5589066,-5.156815,-3.544807,6.196587,-1.417953,4.026596,-0.6210175,7.533981,-0.4392471,5.909004,-0.5598145
36.666666666666664,0.0,69.0,-22.0,-68.0,-3.0,-773.0,-12.0,-4080.0,-2.0,-7721.0,-5.0,-869.0,0.0,-2288.0,,,,,,,,,,,,,,,,,,,,,,,,,,
36.66667175292969,,,,,,,,,,,,,,,5.135521,-0.846962,9.076401,0.1397781,10.7542,-0.02017212,13.51048,-0.6612473,13.66145,-0.5331116,12.08353,-0.5758743,10.0788,-0.3957596,8.978203,-0.5774612,-5.16658,-3.565315,6.176079,-1.41893,4.01683,-0.621994,7.510544,-0.4490128,5.905098,-0.5842285
36.67499923706055,,,,,,,,,,,,,,,5.122826,-0.855751,9.033432,0.1309891,10.70634,-0.02310181,13.47435,-0.672966,13.62043,-0.5340881,12.03471,-0.578804,10.03095,-0.3957596,8.936211,-0.5930862,-5.17244,-3.581917,6.160454,-1.424789,4.009995,-0.6268768,7.490036,-0.4626846,5.901192,-0.607666
36.68333053588867,,,,,,,,,,,,,,,5.105247,-0.8586807,8.992416,0.1300125,10.65849,-0.02798462,13.43529,-0.6827316,13.57649,-0.5360413,11.9849,-0.5836868,9.983097,-0.3996658,8.892265,-0.604805,-5.178299,-3.598518,6.149712,-1.433578,3.999252,-0.6337128,7.466599,-0.4783096,5.894356,-0.6262207
36.69166946411133,,,,,,,,,,,,,,,5.08181,-0.8567276,8.951401,0.1329422,10.60771,-0.03384399,13.3933,-0.6895676,13.52571,-0.5331116,11.93314,-0.5914993,9.935246,-0.4074783,8.847343,-0.6126175,-5.188065,-3.609261,6.145805,-1.444321,3.981674,-0.6425018,7.443161,-0.4939346,5.88459,-0.6408691
36.7,0.0,68.0,-22.0,-64.0,-4.0,-777.0,-12.0,-4084.0,-2.0,-7722.0,-5.0,-869.0,0.0,-2287.0,,,,,,,,,,,,,,,,,,,,,,,,,,
36.70000076293945,,,,,,,,,,,,,,,5.049583,-0.8508682,8.914291,0.137825,10.55791,-0.04360962,13.34935,-0.6973801,13.47102,-0.5282288,11.87943,-0.5993118,9.895206,-0.4182205,8.805351,-0.6165237,-5.194901,-3.611214,6.143852,-1.454086,3.958237,-0.6522675,7.421677,-0.5085831,5.870918,-0.6447754
36.70832824707031,,,,,,,,,,,,,,,5.014427,-0.8440323,8.877182,0.1456375,10.5081,-0.05435181,13.29662,-0.7022629,13.41633,-0.5243225,11.82767,-0.6110306,9.856144,-0.4299393,8.762383,-0.6175003,-5.204666,-3.609261,6.145805,-1.463852,3.934799,-0.66008,7.398239,-0.5183487,5.852364,-0.6418457
36.716670989990234,,,,,,,,,,,,,,,4.973412,-0.8362198,8.842026,0.1544266,10.45927,-0.06607056,13.24388,-0.7081223,13.35969,-0.5194397,11.77396,-0.625679,9.821964,-0.4426346,8.72039,-0.6165237,-5.214432,-3.603401,6.147758,-1.470688,3.905502,-0.668869,7.371872,-0.5261612,5.829903,-0.6311035
36.724998474121094,,,,,,,,,,,,,,,4.931419,-0.8274307,8.804916,0.1612625,10.41045,-0.07876587,13.18626,-0.7149582,13.30305,-0.5135803,11.72514,-0.6383743,9.789738,-0.4514236,8.677422,-0.6096878,-5.227127,-3.597542,6.145805,-1.476547,3.874252,-0.6776581,7.347458,-0.5300674,5.805489,-0.6154785
36.73332977294922,,,,,,,,,,,,,,,4.889427,-0.8215714,8.765854,0.1651688,10.36552,-0.09439087,13.12865,-0.7217941,13.24836,-0.5135803,11.67728,-0.6491165,9.758488,-0.457283,8.635429,-0.6008987,-5.240799,-3.591682,6.140923,-1.48143,3.848862,-0.684494,7.32402,-0.5320206,5.779121,-0.6018066
36.733333333333334,0.0,66.0,-22.0,-59.0,-5.0,-777.0,-11.0,-4083.0,-2.0,-7724.0,-5.0,-867.0,0.0,-2287.0,,,,,,,,,,,,,,,,,,,,,,,,,,
36.741668701171875,,,,,,,,,,,,,,,4.849388,-0.8186417,8.725815,0.1661453,10.32256,-0.111969,13.07103,-0.7296066,13.19465,-0.5145569,11.63041,-0.6618118,9.727238,-0.4582596,8.594414,-0.5950394,-5.252518,-3.5868,6.131157,-1.488266,3.823471,-0.6932831,7.306442,-0.5339737,5.752754,-0.5900879
36.75,,,,,,,,,,,,,,,4.810326,-0.8166885,8.680893,0.1602859,10.28252,-0.1285706,13.01634,-0.7393723,13.14192,-0.51651,11.58744,-0.6735306,9.693058,-0.4543533,8.555351,-0.5882034,-5.26326,-3.589729,6.119438,-1.496078,3.80101,-0.7010956,7.290817,-0.5359268,5.727364,-0.5812988
36.758331298828125,,,,,,,,,,,,,,,4.773216,-0.8196182,8.635971,0.1505203,10.24443,-0.1422424,12.96751,-0.7501144,13.09114,-0.5194397,11.54447,-0.6823196,9.653019,-0.4465408,8.519218,-0.5823441,-5.274002,-3.601448,6.102837,-1.507797,3.781479,-0.7079315,7.278122,-0.5378799,5.706856,-0.5812988
36.766666666666666,0.0,62.0,-22.0,-57.0,-5.0,-778.0,-11.0,-4082.0,-2.0,-7727.0,-5.0,-868.0,0.0,-2290.0,,,,,,,,,,,,,,,,,,,,,,,,,,
36.76667022705078,,,,,,,,,,,,,,,4.739037,-0.8235245,8.586166,0.1339188,10.20732,-0.1549377,12.91869,-0.7589035,13.0384,-0.5213928,11.50248,-0.6901321,9.611027,-0.4357986,8.484062,-0.5794144,-5.286697,-3.617073,6.089165,-1.519516,3.762924,-0.7128143,7.270309,-0.5408096,5.688301,-0.5852051
36.775001525878906,,,,,,,,,,,,,,,4.70681,-0.8274307,8.539291,0.1134109,10.17314,-0.1676331,12.87083,-0.7676926,12.98762,-0.5243225,11.46049,-0.6979446,9.565128,-0.4250565,8.452812,-0.5784378,-5.295486,-3.638557,6.074516,-1.529282,3.740463,-0.7118378,7.260544,-0.5427628,5.6717,-0.5930176
36.783329010009766,,,,,,,,,,,,,,,4.677513,-0.8371964,8.49437,0.09290314,10.13896,-0.1793518,12.82201,-0.7774582,12.93489,-0.5272522,11.4185,-0.7047806,9.518253,-0.4162674,8.423515,-0.5784378,-5.306229,-3.659065,6.058891,-1.537094,3.718002,-0.7040253,7.250778,-0.5427628,5.658028,-0.6037598
36.79167175292969,,,,,,,,,,,,,,,4.650169,-0.846962,8.450424,0.07434845,10.10674,-0.1920471,12.77415,-0.7852707,12.88215,-0.5252991,11.37748,-0.7077103,9.470402,-0.4113846,8.394218,-0.5784378,-5.315994,-3.68055,6.043266,-1.54393,3.686752,-0.69133,7.237106,-0.5388565,5.646309,-0.614502
36.79999923706055,,,,,,,,,,,,,,,4.622826,-0.8567276,8.409409,0.05774689,10.07256,-0.205719,12.72337,-0.7921066,12.83039,-0.5233459,11.33353,-0.7096634,9.423527,-0.4143143,8.361992,-0.5794144,-5.324783,-3.697151,6.028618,-1.548813,3.656479,-0.6766815,7.220505,-0.5339737,5.63459,-0.6213379
36.8,0.0,61.0,-21.0,-56.0,-5.0,-782.0,-11.0,-4083.0,-2.0,-7737.0,-5.0,-869.0,0.0,-2297.0,,,,,,,,,,,,,,,,,,,,,,,,,,
36.80833053588867,,,,,,,,,,,,,,,4.596458,-0.8674698,8.371323,0.05091095,10.03545,-0.2184143,12.67064,-0.7950363,12.78059,-0.5233459,11.29154,-0.7125931,9.374699,-0.4221268,8.328789,-0.5813675,-5.332596,-3.707893,6.012993,-1.551743,3.623276,-0.66008,7.200974,-0.5271378,5.621895,-0.6291504
36.81666946411133,,,,,,,,,,,,,,,4.572044,-0.878212,8.336166,0.05091095,9.996384,-0.2272034,12.61693,-0.7989426,12.72981,-0.5204163,11.25053,-0.7125931,9.324894,-0.4348221,8.289726,-0.5803909,-5.339432,-3.7118,5.996391,-1.553696,3.592026,-0.6425018,7.180466,-0.5203018,5.60627,-0.6340332
36.82500076293945,,,,,,,,,,,,,,,4.542747,-0.887001,8.30687,0.05384064,9.956345,-0.2330627,12.56419,-0.8008957,12.68098,-0.5174866,11.20658,-0.7135696,9.278996,-0.4514236,8.249687,-0.5794144,-5.341385,-3.709846,5.980766,-1.556625,3.567612,-0.6307831,7.158981,-0.5144424,5.589668,-0.6359863
36.83332824707031,,,,,,,,,,,,,,,4.515404,-0.8948135,8.273666,0.06165314,9.912399,-0.2330627,12.51146,-0.8018723,12.63508,-0.5174866,11.16361,-0.7155228,9.225285,-0.4709549,8.207695,-0.5764847,-5.343338,-3.702034,5.969048,-1.558578,3.54808,-0.6249237,7.138474,-0.5134659,5.571114,-0.6359863
36.833333333333336,0.0,61.0,-21.0,-55.0,-5.0,-784.0,-12.0,-4087.0,-2.0,-7744.0,-5.0,-873.0,0.0,-2303.0,,,,,,,,,,,,,,,,,,,,,,,,,,
36.841670989990234,,,,,,,,,,,,,,,4.484154,-0.9016495,8.243393,0.0704422,9.866501,-0.2272034,12.46458,-0.8028488,12.58723,-0.5155334,11.11967,-0.719429,9.173527,-0.488533,8.162773,-0.5745316,-5.344315,-3.691292,5.958305,-1.560532,3.535385,-0.6249237,7.116013,-0.5173721,5.551582,-0.6320801
36.849998474121094,,,,,,,,,,,,,,,4.45388,-0.9075089,8.212143,0.0782547,9.816696,-0.2164612,12.41673,-0.8048019,12.54036,-0.5145569,11.07572,-0.7243118,9.120792,-0.5031815,8.119804,-0.5716019,-5.344315,-3.68055,5.952446,-1.562485,3.528549,-0.6268768,7.096481,-0.5271378,5.532051,-0.6271973
36.85832977294922,,,,,,,,,,,,,,,4.42263,-0.9114151,8.180893,0.08020782,9.769821,-0.2008362,12.37279,-0.8067551,12.4925,-0.5155334,11.03275,-0.7291946,9.069035,-0.5139236,8.076836,-0.5686722,-5.347244,-3.668831,5.944633,-1.563461,3.52562,-0.6317596,7.078903,-0.5388565,5.518379,-0.623291
36.86666666666667,0.0,61.0,-22.0,-55.0,-5.0,-783.0,-12.0,-4094.0,-1.0,-7749.0,-5.0,-876.0,0.0,-2304.0,,,,,,,,,,,,,,,,,,,,,,,,,,
36.866668701171875,,,,,,,,,,,,,,,4.393333,-0.9153214,8.14769,0.0782547,9.720993,-0.1871643,12.32884,-0.8116379,12.43879,-0.5126038,10.98685,-0.735054,9.018253,-0.519783,8.033867,-0.5706253,-5.35408,-3.655159,5.937798,-1.562485,3.523666,-0.6395721,7.058395,-0.5535049,5.508614,-0.6184082
36.875,,,,,,,,,,,,,,,4.365013,-0.9202042,8.111557,0.06946564,9.673141,-0.1764221,12.28685,-0.8184738,12.38606,-0.5086975,10.94096,-0.7389603,8.972355,-0.5227127,7.992851,-0.5745316,-5.35994,-3.644417,5.926079,-1.562485,3.520737,-0.6522675,7.036911,-0.5691299,5.503731,-0.614502
36.883331298828125,,,,,,,,,,,,,,,4.336693,-0.925087,8.077377,0.05677032,9.626266,-0.1686096,12.24193,-0.8282394,12.3343,-0.5057678,10.89408,-0.74189,8.926456,-0.5246658,7.951836,-0.5803909,-5.370682,-3.633675,5.907524,-1.562485,3.51683,-0.6669159,7.01445,-0.5818253,5.502754,-0.6125488
36.89167022705078,,,,,,,,,,,,,,,4.308372,-0.9309464,8.041245,0.04016876,9.575485,-0.1627502,12.19212,-0.8389816,12.28157,-0.5057678,10.84525,-0.7438431,8.886417,-0.5246658,7.909843,-0.5911331,-5.382401,-3.623909,5.88311,-1.561508,3.508041,-0.6835175,6.993942,-0.5954971,5.50666,-0.6096191
36.9,0.0,63.0,-22.0,-55.0,-5.0,-786.0,-12.0,-4097.0,-1.0,-7752.0,-5.0,-876.0,0.0,-2303.0,,,,,,,,,,,,,,,,,,,,,,,,,,
36.900001525878906,,,,,,,,,,,,,,,4.280052,-0.9358292,8.010971,0.02259064,9.523727,-0.1617737,12.13841,-0.8487473,12.22786,-0.5077209,10.79545,-0.7477493,8.846378,-0.5236893,7.870781,-0.604805,-5.39119,-3.617073,5.85479,-1.562485,3.498276,-0.7030487,6.972458,-0.6101456,5.505684,-0.6057129
36.908329010009766,,,,,,,,,,,,,,,4.251732,-0.940712,7.977768,0.006965637,9.47197,-0.1637268,12.08177,-0.8565598,12.17805,-0.5106506,10.74467,-0.750679,8.806339,-0.5227127,7.830742,-0.6145706,-5.399979,-3.614143,5.82061,-1.565414,3.48851,-0.7245331,6.950974,-0.6228409,5.502754,-0.6027832
36.91667175292969,,,,,,,,,,,,,,,4.220482,-0.9416885,7.947495,-0.005729675,9.419235,-0.1656799,12.02122,-0.860466,12.13215,-0.5155334,10.69486,-0.7545853,8.7663,-0.5227127,7.789726,-0.6223831,-5.410721,-3.61805,5.79229,-1.570297,3.477768,-0.746994,6.929489,-0.6384659,5.490059,-0.5998535
36.92499923706055,,,,,,,,,,,,,,,4.191185,-0.9397354,7.919174,-0.01451874,9.365524,-0.1686096,11.96165,-0.8624191,12.08528,-0.5223694,10.64115,-0.7604446,8.726261,-0.5227127,7.75164,-0.6301956,-5.417557,-3.628792,5.764946,-1.57811,3.467026,-0.7684784,6.906052,-0.6540909,5.472481,-0.598877
36.93333053588867,,,,,,,,,,,,,,,4.160912,-0.9368057,7.890854,-0.01354218,9.30986,-0.1695862,11.90111,-0.8633957,12.04036,-0.5282288,10.59037,-0.766304,8.684269,-0.5227127,7.713554,-0.6370316,-5.427322,-3.638557,5.736626,-1.592758,3.453354,-0.7870331,6.88652,-0.671669,5.44709,-0.6018066
36.93333333333333,0.0,67.0,-22.0,-57.0,-4.0,-787.0,-11.0,-4096.0,0.0,-7758.0,-5.0,-874.0,0.0,-2302.0,,,,,,,,,,,,,,,,,,,,,,,,,,
36.94166946411133,,,,,,,,,,,,,,,4.129662,-0.9289932,7.861557,-0.006706238,9.259079,-0.1695862,11.84251,-0.8624191,11.99348,-0.5311584,10.53666,-0.7702103,8.643253,-0.5236893,7.672539,-0.6389847,-5.442947,-3.6493,5.715141,-1.607407,3.441635,-0.7997284,6.866013,-0.6892471,5.417793,-0.607666
36.95000076293945,,,,,,,,,,,,,,,4.096458,-0.9202042,7.828354,0.002082825,9.210251,-0.1686096,11.7888,-0.8614426,11.94661,-0.5311584,10.48197,-0.77314,8.601261,-0.5275955,7.635429,-0.6409378,-5.463455,-3.660042,5.69561,-1.627914,3.42894,-0.8104706,6.852341,-0.702919,5.388496,-0.6184082
36.95832824707031,,,,,,,,,,,,,,,4.063255,-0.9075089,7.794174,0.01380157,9.166306,-0.1686096,11.73802,-0.860466,11.89582,-0.5301819,10.42631,-0.77314,8.559269,-0.5334549,7.594414,-0.6419144,-5.488846,-3.666878,5.673149,-1.646469,3.414291,-0.8192596,6.836716,-0.7165909,5.362129,-0.6340332
36.96666666666667,0.0,70.0,-21.0,-54.0,-4.0,-786.0,-11.0,-4096.0,-1.0,-7766.0,-5.0,-875.0,0.0,-2300.0,,,,,,,,,,,,,,,,,,,,,,,,,,
36.966670989990234,,,,,,,,,,,,,,,4.029076,-0.8967667,7.758041,0.02649689,9.124313,-0.1695862,11.6931,-0.8624191,11.84211,-0.532135,10.37357,-0.77314,8.5163,-0.5393143,7.550468,-0.6419144,-5.51619,-3.668831,5.650688,-1.662094,3.404526,-0.825119,6.824997,-0.7253799,5.337715,-0.6467285
36.974998474121094,,,,,,,,,,,,,,,3.992943,-0.8879776,7.718002,0.03723907,9.087204,-0.1734924,11.64818,-0.8633957,11.79231,-0.5360413,10.31986,-0.77314,8.472355,-0.5471268,7.506523,-0.6399612,-5.545486,-3.664925,5.629204,-1.673813,3.392807,-0.8280487,6.817184,-0.7302628,5.316231,-0.6574707
36.98332977294922,,,,,,,,,,,,,,,3.95388,-0.8811417,7.67601,0.04407501,9.054001,-0.1803284,11.60521,-0.8653488,11.74153,-0.5448303,10.27103,-0.7741165,8.427433,-0.5549393,7.460625,-0.6389847,-5.574783,-3.656136,5.603813,-1.678696,3.377182,-0.8300018,6.809372,-0.7312393,5.301582,-0.6623535
36.991668701171875,,,,,,,,,,,,,,,3.916771,-0.8762589,7.630112,0.04798126,9.020798,-0.1920471,11.56126,-0.8663254,11.69075,-0.5565491,10.22416,-0.7741165,8.380558,-0.5598221,7.415703,-0.6380081,-5.596268,-3.648323,5.584282,-1.676743,3.364487,-0.8290253,6.800583,-0.7273331,5.28791,-0.6623535
37.0,0.0,69.0,-21.0,-49.0,-4.0,-783.0,-11.0,-4097.0,-1.0,-7768.0,-5.0,-877.0,-1.0,-2299.0,3.879662,-0.8723526,7.58519,0.05188751,8.985641,-0.2076721,11.51634,-0.8673019,11.64387,-0.5751038,10.17924,-0.7741165,8.335636,-0.5637283,7.371758,-0.636055,-5.615799,-3.640511,5.564751,-1.672836,3.350815,-0.8270721,6.790817,-0.718544,5.278145,-0.6584473
37.008331298828125,,,,,,,,,,,,,,,3.845482,-0.8664932,7.542221,0.05384064,8.952438,-0.2262268,11.47044,-0.8673019,11.6009,-0.5936584,10.14115,-0.7721634,8.288761,-0.5627518,7.327812,-0.636055,-5.631424,-3.633675,5.548149,-1.666,3.326401,-0.8260956,6.777145,-0.7038956,5.26545,-0.6496582
37.01667022705078,,,,,,,,,,,,,,,3.813255,-0.8606339,7.501205,0.0548172,8.915329,-0.2447815,11.41966,-0.8663254,11.55793,-0.6141663,10.10404,-0.7682571,8.245792,-0.5598221,7.283867,-0.6370316,-5.645096,-3.631721,5.537407,-1.662094,3.30101,-0.8221893,6.76152,-0.6863174,5.257637,-0.638916
37.025001525878906,,,,,,,,,,,,,,,3.783958,-0.8547745,7.464096,0.05677032,8.877243,-0.2652893,11.36595,-0.8663254,11.51692,-0.6307678,10.06791,-0.7614212,8.204777,-0.5559158,7.243828,-0.6380081,-5.656815,-3.626839,5.528618,-1.664047,3.27269,-0.8153534,6.740036,-0.6687393,5.247871,-0.6271973
37.033329010009766,,,,,,,,,,,,,,,3.755638,-0.8479385,7.427963,0.0548172,8.835251,-0.2799377,11.30931,-0.8673019,11.47688,-0.6454163,10.02982,-0.7526321,8.165714,-0.5490799,7.198906,-0.6380081,-5.66951,-3.620979,5.520805,-1.67186,3.239487,-0.8114471,6.718552,-0.6482315,5.243965,-0.6193848
37.03333333333333,0.0,69.0,-21.0,-49.0,-5.0,-779.0,-11.0,-4100.0,0.0,-7769.0,-5.0,-880.0,-1.0,-2301.0,,,,,,,,,,,,,,,,,,,,,,,,,,
37.04167175292969,,,,,,,,,,,,,,,3.730247,-0.8420792,7.396713,0.04895782,8.793259,-0.2848206,11.25365,-0.8712082,11.43489,-0.6551819,9.988808,-0.7448196,8.129581,-0.5441971,7.155937,-0.6380081,-5.682205,-3.616096,5.518852,-1.680649,3.208237,-0.809494,6.695114,-0.6316299,5.241035,-0.6125488
37.04999923706055,,,,,,,,,,,,,,,3.704857,-0.840126,7.365463,0.0391922,8.749313,-0.2818909,11.20091,-0.8731613,11.38899,-0.6600647,9.946815,-0.7389603,8.098331,-0.5441971,7.115898,-0.636055,-5.691971,-3.606331,5.513969,-1.691391,3.17894,-0.8085175,6.669724,-0.6189346,5.240059,-0.6047363
37.05833053588867,,,,,,,,,,,,,,,3.677513,-0.840126,7.336166,0.02649689,8.705368,-0.2701721,11.1472,-0.876091,11.34114,-0.6629944,9.900917,-0.7399368,8.069035,-0.5461502,7.075859,-0.6311722,-5.704666,-3.594612,5.512016,-1.701157,3.153549,-0.8075409,6.640427,-0.6120987,5.236153,-0.5979004
37.06666666666667,0.0,65.0,-22.0,-51.0,-5.0,-772.0,-11.0,-4105.0,0.0,-7767.0,-5.0,-879.0,-1.0,-2304.0,,,,,,,,,,,,,,,,,,,,,,,,,,
37.06666946411133,,,,,,,,,,,,,,,3.651146,-0.846962,7.305893,0.008918762,8.660446,-0.2486877,11.1013,-0.8770676,11.29426,-0.6620178,9.853065,-0.7487259,8.037785,-0.551033,7.039726,-0.6243362,-5.713455,-3.585823,5.510063,-1.706039,3.132065,-0.8065643,6.612106,-0.6150284,5.232246,-0.5881348
37.07500076293945,,,,,,,,,,,,,,,3.622826,-0.8596573,7.27269,-0.009635925,8.617477,-0.2223206,11.05931,-0.8780441,11.2425,-0.657135,9.808144,-0.7633743,8.007511,-0.5607986,7.010429,-0.6165237,-5.715408,-3.58094,5.504204,-1.707016,3.11644,-0.8055878,6.586716,-0.6238174,5.227364,-0.5773926
37.08332824707031,,,,,,,,,,,,,,,3.596458,-0.8762589,7.239487,-0.02721405,8.574509,-0.1969299,11.02318,-0.8770676,11.1927,-0.6522522,9.763222,-0.7829056,7.975285,-0.5744705,6.984062,-0.6077347,-5.716385,-3.584846,5.497368,-1.706039,3.103745,-0.8026581,6.560349,-0.640419,5.217598,-0.567627
37.091670989990234,,,,,,,,,,,,,,,3.573997,-0.8948135,7.201401,-0.04088593,8.533493,-0.1754456,10.99095,-0.8721848,11.14289,-0.6454163,9.725136,-0.8024368,7.940128,-0.5900955,6.962578,-0.5989456,-5.718338,-3.596565,5.485649,-1.70018,3.095932,-0.7987518,6.541794,-0.6599503,5.20295,-0.5559082
37.099998474121094,,,,,,,,,,,,,,,3.552513,-0.9153214,7.165268,-0.05162811,8.495407,-0.158844,10.95482,-0.8653488,11.097,-0.6336975,9.689003,-0.8209915,7.901066,-0.6027908,6.945976,-0.5911331,-5.719315,-3.614143,5.472954,-1.696274,3.08519,-0.7958221,6.525192,-0.6814346,5.180489,-0.5490723
37.1,0.0,63.0,-22.0,-56.0,-5.0,-768.0,-11.0,-4114.0,-1.0,-7766.0,-4.0,-880.0,-1.0,-2305.0,,,,,,,,,,,,,,,,,,,,,,,,,,
37.10832977294922,,,,,,,,,,,,,,,3.532982,-0.933876,7.128159,-0.05748749,8.459274,-0.1510315,10.91966,-0.8614426,11.05305,-0.6210022,9.657753,-0.8307571,7.861027,-0.613533,6.932304,-0.5862503,-5.720291,-3.637581,5.455376,-1.696274,3.073471,-0.793869,6.51445,-0.7038956,5.158028,-0.5432129
37.116668701171875,,,,,,,,,,,,,,,3.512474,-0.9514542,7.090073,-0.05944061,8.426071,-0.1490784,10.8806,-0.860466,11.01008,-0.6092834,9.628456,-0.8327103,7.815128,-0.6223221,6.917656,-0.5833206,-5.721268,-3.661995,5.435844,-1.696274,3.058823,-0.7948456,6.504684,-0.7244034,5.13459,-0.5412598
37.125,,,,,,,,,,,,,,,3.492943,-0.9670792,7.054916,-0.05846405,8.392868,-0.1520081,10.83763,-0.860466,10.96907,-0.5936584,9.600136,-0.828804,7.771183,-0.6252518,6.899101,-0.5833206,-5.730057,-3.68055,5.418266,-1.69725,3.038315,-0.8016815,6.495895,-0.7400284,5.114082,-0.5441895
37.133331298828125,,,,,,,,,,,,,,,3.466576,-0.9709854,7.017807,-0.05651093,8.364548,-0.1539612,10.79369,-0.8643723,10.92707,-0.5760803,9.569862,-0.8190384,7.727238,-0.6242752,6.878593,-0.5842972,-5.741776,-3.692268,5.401665,-1.70018,3.012924,-0.809494,6.48613,-0.7537003,5.099434,-0.5480957
37.13333333333333,0.0,61.0,-23.0,-59.0,-5.0,-769.0,-11.0,-4125.0,-1.0,-7768.0,-5.0,-879.0,-1.0,-2306.0,,,,,,,,,,,,,,,,,,,,,,,,,,
37.14167022705078,,,,,,,,,,,,,,,3.437279,-0.9690323,6.984604,-0.05260468,8.335251,-0.1520081,10.74876,-0.8731613,10.88606,-0.5604553,9.537636,-0.8063431,7.683292,-0.6193924,6.85125,-0.5862503,-5.755447,-3.696175,5.389946,-1.702133,2.986557,-0.8182831,6.477341,-0.7624893,5.087715,-0.5529785
37.150001525878906,,,,,,,,,,,,,,,3.403099,-0.9602432,6.949448,-0.04479218,8.302048,-0.1471252,10.7058,-0.8839035,10.84211,-0.5458069,9.500526,-0.7946243,7.6413,-0.6106033,6.82,-0.58918,-5.773026,-3.692268,5.381157,-1.702133,2.95726,-0.825119,6.465622,-0.7693253,5.081856,-0.5598145
37.158329010009766,,,,,,,,,,,,,,,3.361107,-0.9436417,6.916245,-0.03697968,8.266891,-0.1383362,10.66283,-0.8936691,10.79426,-0.5350647,9.458534,-0.7838821,7.596378,-0.5998611,6.783867,-0.5950394,-5.796463,-3.685432,5.375298,-1.70311,2.930893,-0.8280487,6.449997,-0.7742081,5.082832,-0.5666504
37.166666666666664,0.0,61.0,-23.0,-64.0,-5.0,-772.0,-11.0,-4128.0,-1.0,-7776.0,-5.0,-879.0,-1.0,-2306.0,,,,,,,,,,,,,,,,,,,,,,,,,,
37.16667175292969,,,,,,,,,,,,,,,3.320091,-0.9241104,6.881088,-0.0311203,8.231735,-0.1246643,10.62474,-0.9014816,10.7425,-0.532135,9.414589,-0.7741165,7.552433,-0.5910721,6.742851,-0.6018753,-5.818924,-3.676643,5.373344,-1.70311,2.906479,-0.8280487,6.434372,-0.7790909,5.082832,-0.5725098
37.17499923706055,,,,,,,,,,,,,,,3.282005,-0.9036026,6.846909,-0.02623749,8.191696,-0.1139221,10.58665,-0.9083176,10.68586,-0.5370178,9.37162,-0.766304,7.511417,-0.5842361,6.700859,-0.6135941,-5.844315,-3.669807,5.371391,-1.704086,2.884018,-0.825119,6.415817,-0.7800674,5.078926,-0.5803223
37.18333053588867,,,,,,,,,,,,,,,3.244896,-0.8850479,6.811752,-0.02233124,8.148727,-0.1041565,10.55052,-0.9141769,10.62922,-0.54776,9.323769,-0.7604446,7.472355,-0.582283,6.655937,-0.6262894,-5.870682,-3.665901,5.368462,-1.709946,2.862534,-0.8212128,6.397263,-0.7771378,5.070137,-0.592041
37.19166946411133,,,,,,,,,,,,,,,3.214622,-0.8723526,6.774643,-0.02623749,8.102829,-0.09732056,10.51537,-0.9180832,10.57063,-0.563385,9.276894,-0.7565384,7.434269,-0.5842361,6.613945,-0.6438675,-5.89119,-3.665901,5.363579,-1.717758,2.843002,-0.8182831,6.378708,-0.7722549,5.058418,-0.6057129
37.2,0.0,65.0,-23.0,-70.0,-6.0,-772.0,-11.0,-4127.0,-1.0,-7785.0,-5.0,-880.0,-1.0,-2304.0,,,,,,,,,,,,,,,,,,,,,,,,,,
37.20000076293945,,,,,,,,,,,,,,,3.189232,-0.8684464,6.739487,-0.03209686,8.055954,-0.09732056,10.47826,-0.9210129,10.51301,-0.5809631,9.233925,-0.7536087,7.403996,-0.5910721,6.574883,-0.6643753,-5.908768,-3.671761,5.356743,-1.727524,2.825424,-0.8153534,6.356247,-0.7634659,5.038887,-0.6252441
37.20832824707031,,,,,,,,,,,,,,,3.164818,-0.8723526,6.702377,-0.03990936,8.006149,-0.1031799,10.44212,-0.9249191,10.4593,-0.594635,9.192909,-0.7516556,7.376652,-0.6008377,6.53582,-0.6848831,-5.920486,-3.675667,5.349907,-1.737289,2.80394,-0.81633,6.331833,-0.7488174,5.017403,-0.6496582
37.216670989990234,,,,,,,,,,,,,,,3.14431,-0.8821182,6.664291,-0.05162811,7.958298,-0.1139221,10.40208,-0.9288254,10.4134,-0.6034241,9.1558,-0.7545853,7.353214,-0.6096268,6.496758,-0.7063675,-5.927322,-3.679573,5.337212,-1.746078,2.786362,-0.8231659,6.311325,-0.7331924,4.992012,-0.6730957
37.224998474121094,,,,,,,,,,,,,,,3.122826,-0.8928604,6.628159,-0.06432343,7.910446,-0.1246643,10.36009,-0.9337082,10.37336,-0.6053772,9.120644,-0.7614212,7.332706,-0.6154861,6.458672,-0.7239456,-5.926346,-3.685432,5.325493,-1.753891,2.773666,-0.8309784,6.289841,-0.7146378,4.964668,-0.6975098
37.23332977294922,,,,,,,,,,,,,,,3.101341,-0.902626,6.590073,-0.07604218,7.866501,-0.1383362,10.31615,-0.938591,10.34016,-0.6004944,9.085487,-0.7702103,7.309269,-0.6164627,6.420586,-0.7376175,-5.923416,-3.690315,5.305962,-1.757797,2.762924,-0.8387909,6.270309,-0.6951065,4.939278,-0.7199707
37.233333333333334,0.0,70.0,-22.0,-74.0,-6.0,-773.0,-11.0,-4126.0,-1.0,-7788.0,-6.0,-880.0,-1.0,-2304.0,,,,,,,,,,,,,,,,,,,,,,,,,,
37.241668701171875,,,,,,,,,,,,,,,3.077904,-0.9104385,6.554916,-0.08287811,7.825485,-0.1490784,10.26927,-0.938591,10.30989,-0.5956116,9.051308,-0.7809525,7.283878,-0.6115799,6.384453,-0.7464066,-5.91658,-3.696175,5.285454,-1.757797,2.757065,-0.84758,6.254684,-0.6775284,4.91584,-0.7365723
37.25,,,,,,,,,,,,,,,3.057396,-0.9143448,6.518784,-0.08873749,7.789352,-0.1578674,10.21947,-0.9346848,10.2845,-0.5917053,9.016151,-0.7907181,7.255558,-0.6018143,6.346367,-0.7522659,-5.908768,-3.703011,5.260063,-1.749008,2.753159,-0.8602753,6.240036,-0.6609268,4.892403,-0.748291
37.258331298828125,,,,,,,,,,,,,,,3.035912,-0.9123917,6.48558,-0.09459686,7.757126,-0.1637268,10.16966,-0.9288254,10.25715,-0.5907288,8.977089,-0.7965775,7.223331,-0.5910721,6.312187,-0.7551956,-5.904861,-3.7118,5.236626,-1.735336,2.752182,-0.8700409,6.23027,-0.6511612,4.870918,-0.7521973
37.266666666666666,0.0,71.0,-22.0,-78.0,-5.0,-775.0,-11.0,-4128.0,0.0,-7791.0,-6.0,-878.0,0.0,-2303.0,,,,,,,,,,,,,,,,,,,,,,,,,,
37.26667022705078,,,,,,,,,,,,,,,3.018333,-0.909462,6.45433,-0.09850311,7.725876,-0.1686096,10.12474,-0.9180832,10.22981,-0.5975647,8.93705,-0.7985306,7.189152,-0.5793533,6.278008,-0.7532425,-5.900955,-3.721565,5.210258,-1.719711,2.752182,-0.8827362,6.225388,-0.6453018,4.847481,-0.7502441
37.275001525878906,,,,,,,,,,,,,,,2.999779,-0.9055557,6.425034,-0.09947968,7.694626,-0.1695862,10.07982,-0.9024582,10.19758,-0.6053772,8.894081,-0.7956009,7.153996,-0.5725174,6.248711,-0.7512894,-5.900955,-3.732307,5.184868,-1.70018,2.751205,-0.8964081,6.223434,-0.6433487,4.828926,-0.7453613
37.283329010009766,,,,,,,,,,,,,,,2.981224,-0.9036026,6.399643,-0.09752655,7.663376,-0.1695862,10.04173,-0.8848801,10.16145,-0.6122131,8.851112,-0.7877884,7.119816,-0.5725174,6.222343,-0.7493362,-5.908768,-3.742073,5.16143,-1.681625,2.746323,-0.91008,6.222458,-0.6472549,4.808418,-0.7414551
37.29167175292969,,,,,,,,,,,,,,,2.95974,-0.9036026,6.375229,-0.09069061,7.630173,-0.1715393,10.00755,-0.8663254,10.12239,-0.6200256,8.811073,-0.77314,7.086613,-0.5774002,6.194023,-0.7473831,-5.915604,-3.752815,5.140923,-1.666,2.73851,-0.9227753,6.219528,-0.6570206,4.789864,-0.7385254
37.29999923706055,,,,,,,,,,,,,,,2.935326,-0.902626,6.354721,-0.0779953,7.592087,-0.1764221,9.976303,-0.8507004,10.08137,-0.6229553,8.772011,-0.7545853,7.055363,-0.5881424,6.169609,-0.7464066,-5.924393,-3.761604,5.121391,-1.659164,2.726791,-0.9374237,6.214645,-0.6697159,4.772285,-0.7375488
37.3,0.0,69.0,-22.0,-77.0,-5.0,-780.0,-11.0,-4129.0,0.0,-7795.0,-5.0,-878.0,-1.0,-2301.0,,,,,,,,,,,,,,,,,,,,,,,,,,
37.30833053588867,,,,,,,,,,,,,,,2.907005,-0.8987198,6.333237,-0.06139374,7.554001,-0.1832581,9.948959,-0.8409348,10.03938,-0.6210022,8.734901,-0.7340775,7.027042,-0.6027908,6.142265,-0.74543,-5.937088,-3.770393,5.096977,-1.660141,2.714096,-0.950119,6.203903,-0.6824112,4.75959,-0.7365723
37.31666946411133,,,,,,,,,,,,,,,2.876732,-0.8928604,6.312729,-0.04381561,7.515915,-0.1940002,9.919662,-0.8331223,9.99641,-0.6180725,8.699745,-0.7145462,6.997746,-0.620369,6.115898,-0.7444534,-5.951736,-3.778206,5.075493,-1.66893,2.698471,-0.9579315,6.189255,-0.6951065,4.747871,-0.7385254
37.32500076293945,,,,,,,,,,,,,,,2.848412,-0.8840714,6.293198,-0.02233124,7.478806,-0.2096252,9.888412,-0.8301926,9.954418,-0.6141663,8.666542,-0.6989212,6.969425,-0.6389236,6.089531,-0.7434769,-5.966385,-3.785042,5.050102,-1.682602,2.67894,-0.9628143,6.166794,-0.7038956,4.739082,-0.7414551
37.33332824707031,,,,,,,,,,,,,,,2.821068,-0.8703995,6.271713,-0.002799988,7.443649,-0.2242737,9.856186,-0.8321457,9.911449,-0.6122131,8.633339,-0.6842728,6.940128,-0.6555252,6.063164,-0.7405472,-5.978104,-3.790901,5.026665,-1.696274,2.657455,-0.9598846,6.143356,-0.7068253,4.730293,-0.7414551
37.333333333333336,0.0,65.0,-22.0,-74.0,-5.0,-784.0,-10.0,-4132.0,0.0,-7797.0,-5.0,-875.0,-1.0,-2297.0,,,,,,,,,,,,,,,,,,,,,,,,,,
37.341670989990234,,,,,,,,,,,,,,,2.795677,-0.8577042,6.247299,0.009895325,7.411423,-0.2389221,9.824936,-0.8380051,9.87141,-0.6141663,8.602089,-0.6774368,6.910831,-0.6711502,6.039726,-0.7366409,-5.991776,-3.795784,5.000298,-1.708969,2.640854,-0.9510956,6.116989,-0.7048721,4.720528,-0.739502
37.349998474121094,,,,,,,,,,,,,,,2.775169,-0.8498917,6.221909,0.01477814,7.381149,-0.2496643,9.792709,-0.8477707,9.830395,-0.6200256,8.570839,-0.6764603,6.878605,-0.6848221,6.018242,-0.7317581,-6.002518,-3.79969,4.97979,-1.713852,2.617416,-0.934494,6.089645,-0.6990128,4.710762,-0.7336426
37.35832977294922,,,,,,,,,,,,,,,2.755638,-0.8479385,6.191635,0.01477814,7.352829,-0.2545471,9.760483,-0.860466,9.792309,-0.6278381,8.538612,-0.6813431,6.846378,-0.6936111,5.994804,-0.7239456,-6.01326,-3.801643,4.962212,-1.712875,2.595932,-0.9130096,6.066208,-0.6882706,4.69709,-0.7258301
37.36666666666667,0.0,65.0,-22.0,-76.0,-4.0,-784.0,-10.0,-4134.0,0.0,-7804.0,-5.0,-873.0,-1.0,-2294.0,,,,,,,,,,,,,,,,,,,,,,,,,,
37.366668701171875,,,,,,,,,,,,,,,2.736107,-0.8528214,6.162338,0.009895325,7.327438,-0.2545471,9.728256,-0.8712082,9.753246,-0.6376038,8.508339,-0.6911087,6.811222,-0.698494,5.97332,-0.7190628,-6.022049,-3.804573,4.950493,-1.709946,2.575424,-0.8885956,6.046677,-0.6745987,4.682442,-0.717041
37.375,,,,,,,,,,,,,,,2.716576,-0.8674698,6.128159,0.002082825,7.302048,-0.2477112,9.695053,-0.8819504,9.716137,-0.6493225,8.480019,-0.7028275,6.778019,-0.7024002,5.945976,-0.7171097,-6.029861,-3.809456,4.94268,-1.699203,2.551987,-0.8651581,6.025192,-0.6609268,4.66584,-0.7062988
37.383331298828125,,,,,,,,,,,,,,,2.697044,-0.8918839,6.095932,-0.0076828,7.276657,-0.2389221,9.66478,-0.8907394,9.680004,-0.6600647,8.451698,-0.7155228,6.742863,-0.7033768,5.916679,-0.7171097,-6.038651,-3.817268,4.94561,-1.686508,2.531479,-0.8426971,6.010544,-0.6501846,4.647285,-0.6975098
37.39167022705078,,,,,,,,,,,,,,,2.670677,-0.9211807,6.062729,-0.01744843,7.252243,-0.2320862,9.632553,-0.8926926,9.643871,-0.6708069,8.424355,-0.7291946,6.710636,-0.7024002,5.884453,-0.7210159,-6.048416,-3.828011,4.944633,-1.677719,2.515854,-0.8280487,5.995895,-0.6423721,4.632637,-0.6906738
37.4,0.0,68.0,-23.0,-79.0,-4.0,-783.0,-9.0,-4133.0,0.0,-7815.0,-5.0,-871.0,-1.0,-2298.0,,,,,,,,,,,,,,,,,,,,,,,,,,
37.400001525878906,,,,,,,,,,,,,,,2.646263,-0.9514542,6.034409,-0.02623749,7.223923,-0.2262268,9.59642,-0.8897629,9.607738,-0.6776428,8.39994,-0.7428665,6.680363,-0.7014236,5.847343,-0.7288284,-6.060135,-3.840706,4.951469,-1.67186,2.500229,-0.8212128,5.982224,-0.640419,4.618965,-0.6887207
37.408329010009766,,,,,,,,,,,,,,,2.619896,-0.980751,6.009995,-0.03502655,7.194626,-0.2232971,9.561264,-0.8809738,9.575512,-0.6805725,8.37162,-0.7526321,6.653019,-0.7004471,5.809258,-0.7356644,-6.073807,-3.851448,4.957329,-1.66893,2.486557,-0.8221893,5.968552,-0.6443253,4.60627,-0.6916504
37.41667175292969,,,,,,,,,,,,,,,2.592552,-1.002235,5.98558,-0.0389328,7.161423,-0.2242737,9.522202,-0.8633957,9.542309,-0.6795959,8.345253,-0.7604446,6.628605,-0.698494,5.771172,-0.7395706,-6.087479,-3.859261,4.963188,-1.670883,2.478745,-0.8309784,5.95488,-0.656044,4.596504,-0.6984863
37.42499923706055,,,,,,,,,,,,,,,2.566185,-1.014931,5.964096,-0.04088593,7.127243,-0.2242737,9.481186,-0.8428879,9.511059,-0.6747131,8.316933,-0.7653275,6.604191,-0.6955643,5.738945,-0.7405472,-6.099197,-3.863167,4.964165,-1.674789,2.468979,-0.8466034,5.943161,-0.6745987,4.589668,-0.7072754
37.43333053588867,,,,,,,,,,,,,,,2.542747,-1.01786,5.942612,-0.04283905,7.09111,-0.2223206,9.439194,-0.8194504,9.479809,-0.6629944,8.286659,-0.7692337,6.582706,-0.6926346,5.706718,-0.7385941,-6.110916,-3.861214,4.960258,-1.679672,2.458237,-0.8641815,5.931442,-0.6970596,4.582832,-0.7219238
37.43333333333333,0.0,71.0,-23.0,-83.0,-4.0,-783.0,-9.0,-4136.0,0.0,-7825.0,-6.0,-873.0,-1.0,-2304.0,,,,,,,,,,,,,,,,,,,,,,,,,,
37.44166946411133,,,,,,,,,,,,,,,2.520287,-1.009071,5.922104,-0.04283905,7.056931,-0.2193909,9.395248,-0.797966,9.451488,-0.6473694,8.25248,-0.7721634,6.559269,-0.6877518,5.685234,-0.7327347,-6.122635,-3.853401,4.956352,-1.685532,2.446518,-0.8827362,5.9207,-0.7234268,4.573067,-0.7365723
37.45000076293945,,,,,,,,,,,,,,,2.501732,-0.9905167,5.89769,-0.04186249,7.023727,-0.2115784,9.34642,-0.7833176,9.425121,-0.6288147,8.216347,-0.7760696,6.534855,-0.6809158,5.664726,-0.7239456,-6.130447,-3.839729,4.943657,-1.692368,2.427963,-0.8993378,5.908005,-0.7458878,4.564278,-0.7512207
37.45832824707031,,,,,,,,,,,,,,,2.487083,-0.9670792,5.870346,-0.04088593,6.996384,-0.1998596,9.296616,-0.7794113,9.397778,-0.6092834,8.175331,-0.7789993,6.509464,-0.6740799,5.650078,-0.71418,-6.134354,-3.826057,4.928032,-1.698227,2.408432,-0.9110565,5.896286,-0.7663956,4.553535,-0.7658691
37.46666666666667,0.0,74.0,-23.0,-88.0,-4.0,-783.0,-9.0,-4143.0,0.0,-7833.0,-6.0,-874.0,-1.0,-2309.0,,,,,,,,,,,,,,,,,,,,,,,,,,
37.466670989990234,,,,,,,,,,,,,,,2.471458,-0.9416885,5.840073,-0.03795624,6.970016,-0.190094,9.245834,-0.7833176,9.370434,-0.5917053,8.133339,-0.781929,6.483097,-0.6691971,5.639336,-0.7083206,-6.139236,-3.811409,4.903618,-1.70311,2.384995,-0.918869,5.883591,-0.7800674,4.544746,-0.779541
37.474998474121094,,,,,,,,,,,,,,,2.458763,-0.9231339,5.810776,-0.03795624,6.947556,-0.1793518,9.19603,-0.7969894,9.342113,-0.5770569,8.091347,-0.7848587,6.454777,-0.6643143,5.62957,-0.7024612,-6.142166,-3.79969,4.885063,-1.709946,2.354721,-0.9208221,5.866989,-0.7878799,4.534004,-0.7902832
37.48332977294922,,,,,,,,,,,,,,,2.444115,-0.9055557,5.777573,-0.03697968,6.924118,-0.1734924,9.152084,-0.8165207,9.31184,-0.5653381,8.049355,-0.7838821,6.42841,-0.6613846,5.620781,-0.698555,-6.146072,-3.793831,4.860649,-1.718735,2.328354,-0.918869,5.848434,-0.7869034,4.520332,-0.8010254
37.491668701171875,,,,,,,,,,,,,,,2.427513,-0.8957901,5.747299,-0.03404999,6.899704,-0.1705627,9.109116,-0.8380051,9.281567,-0.5555725,8.009315,-0.7799759,6.402042,-0.660408,5.612968,-0.698555,-6.147049,-3.789925,4.842094,-1.732407,2.300034,-0.9149628,5.82695,-0.7829971,4.507637,-0.8098145
37.5,0.0,72.0,-23.0,-90.0,-4.0,-786.0,-9.0,-4150.0,-1.0,-7843.0,-6.0,-873.0,-1.0,-2312.0,2.410912,-0.893837,5.718002,-0.02819061,6.871384,-0.1695862,9.074936,-0.8575363,9.248363,-0.5506897,7.97123,-0.7760696,6.376652,-0.660408,5.600273,-0.7014847,-6.149002,-3.791878,4.824516,-1.745102,2.270737,-0.9120331,5.806442,-0.7771378,4.493965,-0.8166504
37.508331298828125,,,,,,,,,,,,,,,2.387474,-0.8987198,5.690659,-0.01647186,6.84111,-0.1715393,9.042709,-0.8721848,9.211254,-0.5497131,7.939003,-0.7711868,6.352238,-0.6594315,5.584648,-0.7063675,-6.151932,-3.794807,4.810844,-1.75975,2.245346,-0.9091034,5.787888,-0.7742081,4.47541,-0.8234863
37.51667022705078,,,,,,,,,,,,,,,2.36306,-0.9084854,5.666245,-0.00377655,6.806931,-0.1715393,9.016342,-0.8799973,9.171215,-0.5526428,7.90873,-0.7692337,6.329777,-0.6555252,5.565117,-0.7132034,-6.158768,-3.796761,4.797173,-1.772446,2.222885,-0.9081268,5.770309,-0.7742081,4.458809,-0.8312988
37.525001525878906,,,,,,,,,,,,,,,2.335716,-0.9221573,5.643784,0.01087189,6.772751,-0.1676331,8.991928,-0.8809738,9.134106,-0.5585022,7.881386,-0.7711868,6.306339,-0.651619,5.53875,-0.7200394,-6.161697,-3.796761,4.790337,-1.783188,2.197495,-0.91008,5.755661,-0.7771378,4.439278,-0.8352051
37.533329010009766,,,,,,,,,,,,,,,2.310326,-0.9348526,5.621323,0.02845001,6.740524,-0.1627502,8.967514,-0.8751144,9.098949,-0.5692444,7.857948,-0.7780228,6.281925,-0.6467361,5.509453,-0.7258987,-6.168533,-3.797737,4.784477,-1.788071,2.176987,-0.9130096,5.742966,-0.7869034,4.419746,-0.8381348
37.53333333333333,0.0,69.0,-23.0,-89.0,-4.0,-792.0,-9.0,-4158.0,-1.0,-7853.0,-6.0,-875.0,0.0,-2313.0,,,,,,,,,,,,,,,,,,,,,,,,,,
37.54167175292969,,,,,,,,,,,,,,,2.283958,-0.9446182,5.599838,0.04505157,6.706345,-0.1559143,8.939194,-0.8663254,9.065746,-0.5819397,7.838417,-0.7877884,6.253605,-0.644783,5.475273,-0.729805,-6.174393,-3.79969,4.778618,-1.787094,2.159409,-0.9178925,5.734177,-0.7995987,4.399239,-0.8352051
37.54999923706055,,,,,,,,,,,,,,,2.256615,-0.9534073,5.575424,0.05774689,6.676071,-0.1471252,8.910873,-0.8585129,9.041332,-0.5936584,7.818886,-0.8014603,6.224308,-0.6438065,5.440117,-0.7249222,-6.179276,-3.80555,4.774712,-1.780258,2.14183,-0.9208221,5.724411,-0.812294,4.385567,-0.8293457
37.55833053588867,,,,,,,,,,,,,,,2.234154,-0.9612198,5.550034,0.06555939,6.645798,-0.1393127,8.881577,-0.8536301,9.015942,-0.6044006,7.801308,-0.8161087,6.192081,-0.644783,5.403008,-0.71418,-6.187088,-3.818245,4.775688,-1.766586,2.125229,-0.9208221,5.714645,-0.8230362,4.370918,-0.817627
37.56666666666667,0.0,69.0,-24.0,-88.0,-3.0,-797.0,-10.0,-4161.0,-2.0,-7859.0,-5.0,-878.0,0.0,-2313.0,,,,,,,,,,,,,,,,,,,,,,,,,,
37.56666946411133,,,,,,,,,,,,,,,2.211693,-0.9612198,5.520737,0.07141876,6.618454,-0.1315002,8.84935,-0.8526535,8.99934,-0.6122131,7.784706,-0.8297806,6.158878,-0.6496658,5.370781,-0.6975784,-6.193924,-3.837776,4.777641,-1.748032,2.11351,-0.9178925,5.700974,-0.8308487,4.355293,-0.802002
37.57500076293945,,,,,,,,,,,,,,,2.191185,-0.9553604,5.490463,0.07337189,6.590134,-0.1217346,8.8181,-0.8585129,8.982738,-0.6180725,7.769081,-0.8395462,6.124699,-0.6555252,5.339531,-0.6770706,-6.20076,-3.859261,4.779594,-1.730453,2.101791,-0.9081268,5.688278,-0.8367081,4.345528,-0.7844238
37.58332824707031,,,,,,,,,,,,,,,2.170677,-0.9504776,5.458237,0.07434845,6.56279,-0.1148987,8.788803,-0.8721848,8.96516,-0.6219788,7.74662,-0.8434525,6.090519,-0.6594315,5.315117,-0.6565628,-6.206619,-3.884651,4.780571,-1.717758,2.093979,-0.8934784,5.67363,-0.8367081,4.333809,-0.7668457
37.591670989990234,,,,,,,,,,,,,,,2.151146,-0.9436417,5.42894,0.07630157,6.53447,-0.1070862,8.762436,-0.8878098,8.941723,-0.6278381,7.725136,-0.8434525,6.060246,-0.6574783,5.293633,-0.6370316,-6.210526,-3.903206,4.775688,-1.708969,2.083237,-0.87883,5.658981,-0.8308487,4.324043,-0.7512207
37.599998474121094,,,,,,,,,,,,,,,2.131615,-0.9358292,5.398666,0.07727814,6.505173,-0.09829712,8.741928,-0.9063644,8.914379,-0.6327209,7.697792,-0.8375931,6.032902,-0.651619,5.278984,-0.6233597,-6.218338,-3.914925,4.770805,-1.706039,2.077377,-0.863205,5.644333,-0.8230362,4.311348,-0.7424316
37.6,0.0,69.0,-24.0,-91.0,-3.0,-800.0,-10.0,-4161.0,-2.0,-7862.0,-5.0,-882.0,0.0,-2310.0,,,,,,,,,,,,,,,,,,,,,,,,,,
37.60832977294922,,,,,,,,,,,,,,,2.111107,-0.9280167,5.370346,0.07923126,6.474899,-0.09048462,8.72142,-0.9239426,8.876293,-0.6405334,7.667519,-0.8258743,6.006535,-0.6389236,5.267265,-0.6155472,-6.227127,-3.916878,4.75811,-1.712875,2.073471,-0.8485565,5.630661,-0.812294,4.297676,-0.7385254
37.616668701171875,,,,,,,,,,,,,,,2.090599,-0.925087,5.344955,0.08216095,6.443649,-0.08462524,8.702866,-0.9346848,8.836254,-0.6522522,7.633339,-0.8122025,5.984074,-0.620369,5.2575,-0.6155472,-6.23494,-3.909065,4.741508,-1.724594,2.069565,-0.8426971,5.614059,-0.7986221,4.284981,-0.7404785
37.625,,,,,,,,,,,,,,,2.068138,-0.925087,5.319565,0.0860672,6.408493,-0.08169556,8.684311,-0.9366379,8.790356,-0.6610413,7.597206,-0.8004837,5.963566,-0.6018143,5.246758,-0.6184769,-6.247635,-3.89344,4.719048,-1.740219,2.066635,-0.8426971,5.598434,-0.7820206,4.269356,-0.7463379
37.633331298828125,,,,,,,,,,,,,,,2.044701,-0.9260635,5.295151,0.0938797,6.374313,-0.08657837,8.66185,-0.9317551,8.744457,-0.6678772,7.560097,-0.7897415,5.945011,-0.582283,5.236015,-0.6214066,-6.26033,-3.872932,4.694633,-1.757797,2.062729,-0.84758,5.577927,-0.7634659,4.252754,-0.755127
37.63333333333333,0.0,68.0,-25.0,-95.0,-3.0,-803.0,-10.0,-4162.0,-1.0,-7861.0,-6.0,-882.0,0.0,-2312.0,,,,,,,,,,,,,,,,,,,,,,,,,,
37.64167022705078,,,,,,,,,,,,,,,2.021263,-0.9299698,5.274643,0.1026688,6.340134,-0.09341431,8.636459,-0.9200363,8.700512,-0.67276,7.522011,-0.7838821,5.92548,-0.5647049,5.221367,-0.6262894,-6.274979,-3.852425,4.671196,-1.771469,2.054916,-0.8583221,5.553513,-0.7410049,4.236153,-0.7629395
37.650001525878906,,,,,,,,,,,,,,,1.995872,-0.9348526,5.255112,0.1124344,6.307907,-0.1051331,8.606186,-0.9014816,8.662426,-0.6698303,7.485878,-0.7848587,5.908878,-0.5539627,5.199883,-0.6301956,-6.286697,-3.835823,4.648735,-1.779282,2.040268,-0.8710175,5.529099,-0.7224503,4.219551,-0.7687988
37.658329010009766,,,,,,,,,,,,,,,1.973412,-0.9377823,5.240463,0.1222,6.277634,-0.1217346,8.572006,-0.8829269,8.629223,-0.6649475,7.451698,-0.7877884,5.889347,-0.5520096,5.176445,-0.6341019,-6.300369,-3.821175,4.631157,-1.782211,2.026596,-0.8798065,5.503708,-0.7058487,4.203926,-0.7746582
37.666666666666664,0.0,70.0,-25.0,-99.0,-3.0,-805.0,-10.0,-4163.0,-1.0,-7860.0,-6.0,-879.0,0.0,-2315.0,,,,,,,,,,,,,,,,,,,,,,,,,,
37.66667175292969,,,,,,,,,,,,,,,1.949974,-0.9397354,5.228745,0.1319656,6.252243,-0.1373596,8.534897,-0.8682785,8.600903,-0.657135,7.418495,-0.7907181,5.868839,-0.5549393,5.149101,-0.6399612,-6.311111,-3.813362,4.614555,-1.782211,2.005112,-0.8846893,5.4832,-0.6970596,4.189278,-0.7756348
37.67499923706055,,,,,,,,,,,,,,,1.92556,-0.9377823,5.220932,0.1388016,6.231735,-0.1520081,8.495834,-0.8575363,8.578442,-0.6454163,7.387245,-0.7956009,5.848331,-0.5617752,5.120781,-0.6467972,-6.319901,-3.810432,4.600883,-1.780258,1.981674,-0.8866425,5.463669,-0.6941299,4.179512,-0.7736816
37.68333053588867,,,,,,,,,,,,,,,1.909935,-0.9319229,5.214096,0.1446609,6.21611,-0.1647034,8.455795,-0.8526535,8.554028,-0.6327209,7.358925,-0.7965775,5.825871,-0.5715408,5.093437,-0.6555862,-6.327713,-3.810432,4.590141,-1.777328,1.958237,-0.8837128,5.453903,-0.6980362,4.170723,-0.7717285
37.69166946411133,,,,,,,,,,,,,,,1.89431,-0.9192276,5.209213,0.1446609,6.201462,-0.174469,8.41478,-0.8516769,8.532543,-0.6219788,7.331581,-0.7956009,5.801456,-0.5842361,5.068047,-0.6653519,-6.333572,-3.812386,4.575493,-1.775375,1.939682,-0.8778534,5.448044,-0.7097549,4.163887,-0.7697754
37.7,0.0,70.0,-25.0,-96.0,-4.0,-808.0,-10.0,-4164.0,-1.0,-7856.0,-6.0,-875.0,0.0,-2319.0,,,,,,,,,,,,,,,,,,,,,,,,,,
37.70000076293945,,,,,,,,,,,,,,,1.879662,-0.9036026,5.199448,0.1407547,6.186813,-0.1822815,8.376694,-0.8536301,8.505199,-0.6122131,7.304237,-0.7936478,5.776066,-0.5949783,5.045586,-0.6741409,-6.341385,-3.817268,4.556938,-1.774399,1.92308,-0.8700409,5.446091,-0.7263565,4.158028,-0.7687988
37.70832824707031,,,,,,,,,,,,,,,1.870872,-0.887001,5.185776,0.1358719,6.171188,-0.1910706,8.336655,-0.8546066,8.477856,-0.6044006,7.27787,-0.7916946,5.747746,-0.5988846,5.026054,-0.6800003,-6.349197,-3.823128,4.53936,-1.774399,1.910385,-0.8641815,5.445114,-0.7419815,4.146309,-0.7678223
37.716670989990234,,,,,,,,,,,,,,,1.861107,-0.8684464,5.166245,0.1300125,6.151657,-0.1979065,8.299545,-0.8526535,8.448559,-0.5965881,7.25248,-0.7907181,5.720402,-0.6008377,5.006523,-0.6819534,-6.355057,-3.828987,4.513969,-1.776352,1.901596,-0.8641815,5.440231,-0.7566299,4.13752,-0.7687988
37.724998474121094,,,,,,,,,,,,,,,1.850365,-0.8518448,5.14183,0.1261063,6.131149,-0.2047424,8.264389,-0.8458176,8.418285,-0.5917053,7.229042,-0.7926712,5.689152,-0.6008377,4.988945,-0.6780472,-6.366776,-3.8368,4.493462,-1.776352,1.89476,-0.8661346,5.432419,-0.7663956,4.124825,-0.770752
37.73332977294922,,,,,,,,,,,,,,,1.83474,-0.8391495,5.111557,0.1251297,6.105759,-0.2125549,8.230209,-0.8360519,8.388012,-0.5887756,7.206581,-0.7995071,5.659855,-0.5998611,4.969414,-0.6712112,-6.373611,-3.841682,4.474907,-1.769516,1.884018,-0.8700409,5.41777,-0.7693253,4.114082,-0.7697754
37.733333333333334,0.0,69.0,-25.0,-87.0,-5.0,-812.0,-11.0,-4167.0,-1.0,-7851.0,-6.0,-871.0,0.0,-2325.0,,,,,,,,,,,,,,,,,,,,,,,,,,
37.741668701171875,,,,,,,,,,,,,,,1.820091,-0.8303604,5.076401,0.1290359,6.077438,-0.2174377,8.199936,-0.8223801,8.361645,-0.5897522,7.18705,-0.8082962,5.630558,-0.5969315,4.946953,-0.6614456,-6.381424,-3.845589,4.461235,-1.756821,1.877182,-0.8759003,5.399216,-0.7693253,4.102364,-0.7678223
37.75,,,,,,,,,,,,,,,1.80056,-0.8274307,5.041245,0.137825,6.048141,-0.2184143,8.170639,-0.8077316,8.334301,-0.5936584,7.165565,-0.8180618,5.603214,-0.5949783,4.925468,-0.6497269,-6.390213,-3.849495,4.452446,-1.739243,1.86644,-0.8798065,5.371872,-0.7673721,4.093575,-0.763916
37.758331298828125,,,,,,,,,,,,,,,1.782982,-0.8303604,5.005112,0.15345,6.017868,-0.2154846,8.144272,-0.7960129,8.306957,-0.6034241,7.146034,-0.8258743,5.575871,-0.5940018,4.903984,-0.6370316,-6.398026,-3.850471,4.451469,-1.720688,1.854721,-0.8807831,5.345505,-0.7615128,4.084785,-0.7570801
37.766666666666666,0.0,71.0,-24.0,-81.0,-5.0,-813.0,-11.0,-4170.0,-1.0,-7848.0,-6.0,-867.0,0.0,-2331.0,,,,,,,,,,,,,,,,,,,,,,,,,,
37.76667022705078,,,,,,,,,,,,,,,1.761497,-0.840126,4.970932,0.1671219,5.985641,-0.2106018,8.122787,-0.7901535,8.279613,-0.6151428,7.125526,-0.828804,5.551456,-0.5949783,4.881523,-0.6292191,-6.405838,-3.851448,4.451469,-1.699203,1.839096,-0.8798065,5.318161,-0.7556534,4.079903,-0.748291
37.775001525878906,,,,,,,,,,,,,,,1.743919,-0.8498917,4.938705,0.1807938,5.954391,-0.2018127,8.10228,-0.7862473,8.248363,-0.6268616,7.103065,-0.8278275,5.530949,-0.5969315,4.859062,-0.6214066,-6.408768,-3.854378,4.455376,-1.682602,1.822495,-0.8739471,5.291794,-0.7517471,4.07209,-0.7434082
37.783329010009766,,,,,,,,,,,,,,,1.726341,-0.8606339,4.908432,0.1944656,5.921188,-0.1910706,8.083725,-0.7930832,8.213207,-0.6444397,7.075722,-0.8219681,5.510441,-0.5998611,4.838554,-0.6175003,-6.414627,-3.857307,4.458305,-1.670883,1.80394,-0.8661346,5.270309,-0.7488174,4.063301,-0.7404785
37.79167175292969,,,,,,,,,,,,,,,1.710716,-0.8752823,4.880112,0.2013016,5.890915,-0.1793518,8.066147,-0.8028488,8.175121,-0.6600647,7.049355,-0.8112259,5.49091,-0.6027908,4.818047,-0.6155472,-6.41951,-3.86512,4.461235,-1.66893,1.784409,-0.8544159,5.249802,-0.7488174,4.049629,-0.7404785
37.79999923706055,,,,,,,,,,,,,,,1.696068,-0.8860245,4.855698,0.2032547,5.863571,-0.1695862,8.049545,-0.813591,8.134106,-0.6737366,7.022011,-0.7995071,5.473331,-0.6076736,4.796562,-0.6135941,-6.425369,-3.874886,4.462212,-1.678696,1.764877,-0.8466034,5.232224,-0.7517471,4.035957,-0.7473145
37.8,0.0,73.0,-24.0,-80.0,-5.0,-814.0,-11.0,-4174.0,-1.0,-7846.0,-7.0,-865.0,-1.0,-2335.0,,,,,,,,,,,,,,,,,,,,,,,,,,
37.80833053588867,,,,,,,,,,,,,,,1.683372,-0.8967667,4.83226,0.1983719,5.837204,-0.1568909,8.034897,-0.8262863,8.095043,-0.6864319,6.995644,-0.7868118,5.4538,-0.6125565,4.777031,-0.6145706,-6.432205,-3.884651,4.460258,-1.69725,1.743393,-0.8417206,5.218552,-0.749794,4.019356,-0.7590332
37.81666946411133,,,,,,,,,,,,,,,1.665794,-0.9075089,4.811752,0.1895828,5.814743,-0.1451721,8.017319,-0.8399582,8.056957,-0.6961975,6.974159,-0.7780228,5.432316,-0.6193924,4.755547,-0.6165237,-6.440994,-3.894417,4.454399,-1.724594,1.723862,-0.8387909,5.200974,-0.7488174,4.005684,-0.7717285
37.82500076293945,,,,,,,,,,,,,,,1.650169,-0.9211807,4.790268,0.1798172,5.797165,-0.1354065,7.998764,-0.8497238,8.022778,-0.7049866,6.952675,-0.7702103,5.410831,-0.629158,4.735039,-0.6184769,-6.455643,-3.901253,4.443657,-1.752914,1.70433,-0.840744,5.187302,-0.749794,3.993965,-0.7873535
37.83332824707031,,,,,,,,,,,,,,,1.631615,-0.9319229,4.773666,0.1720047,5.782516,-0.1236877,7.97728,-0.8575363,7.99641,-0.7137756,6.936073,-0.766304,5.386417,-0.6369705,4.712578,-0.6214066,-6.471268,-3.901253,4.434868,-1.780258,1.686752,-0.8466034,5.165817,-0.749794,3.987129,-0.8039551
37.833333333333336,0.0,72.0,-23.0,-81.0,-5.0,-816.0,-10.0,-4178.0,-1.0,-7845.0,-7.0,-866.0,-1.0,-2336.0,,,,,,,,,,,,,,,,,,,,,,,,,,
37.841670989990234,,,,,,,,,,,,,,,1.61306,-0.9416885,4.756088,0.1651688,5.767868,-0.1158752,7.954819,-0.8633957,7.971996,-0.719635,6.923378,-0.7653275,5.362003,-0.644783,4.695976,-0.6272659,-6.489822,-3.897346,4.423149,-1.802719,1.671127,-0.8573456,5.145309,-0.7478409,3.983223,-0.8166504
37.849998474121094,,,,,,,,,,,,,,,1.594505,-0.9504776,4.739487,0.1602859,5.754196,-0.1109924,7.928452,-0.8712082,7.951488,-0.7284241,6.911659,-0.7643509,5.33466,-0.6506424,4.676445,-0.6350784,-6.512283,-3.891487,4.41143,-1.815414,1.655502,-0.8710175,5.122849,-0.7478409,3.979317,-0.826416
37.85832977294922,,,,,,,,,,,,,,,1.574974,-0.9543839,4.724838,0.1573563,5.737595,-0.1100159,7.897202,-0.8790207,7.932934,-0.7342834,6.89994,-0.7643509,5.306339,-0.6545486,4.655937,-0.6477737,-6.535721,-3.883675,4.399712,-1.816391,1.635971,-0.8837128,5.098434,-0.749794,3.977364,-0.8322754
37.86666666666667,0.0,70.0,-23.0,-79.0,-5.0,-818.0,-10.0,-4181.0,-1.0,-7846.0,-7.0,-866.0,0.0,-2337.0,,,,,,,,,,,,,,,,,,,,,,,,,,
37.866668701171875,,,,,,,,,,,,,,,1.559349,-0.9553604,4.709213,0.1583328,5.718063,-0.111969,7.863998,-0.8839035,7.914379,-0.7391663,6.883339,-0.7633743,5.279972,-0.6545486,4.635429,-0.6653519,-6.555252,-3.877815,4.394829,-1.807602,1.61937,-0.8954315,5.075974,-0.7585831,3.971504,-0.8342285
37.875,,,,,,,,,,,,,,,1.542747,-0.9543839,4.692612,0.1593094,5.697556,-0.1168518,7.828842,-0.8868332,7.892895,-0.7430725,6.866737,-0.7614212,5.254581,-0.6506424,4.613945,-0.68293,-6.576736,-3.872932,4.388969,-1.792953,1.600815,-0.9061737,5.053513,-0.7712784,3.964668,-0.8312988
37.883331298828125,,,,,,,,,,,,,,,1.532005,-0.9485245,4.672104,0.1602859,5.673141,-0.1246643,7.791733,-0.8887863,7.868481,-0.7460022,6.845253,-0.7604446,5.231144,-0.6467361,4.594414,-0.7034378,-6.594315,-3.872932,4.387016,-1.775375,1.57933,-0.9139862,5.036911,-0.7878799,3.951973,-0.8254395
37.89167022705078,,,,,,,,,,,,,,,1.523216,-0.9446182,4.651596,0.1593094,5.647751,-0.1363831,7.7556,-0.8848801,7.845043,-0.7430725,6.820839,-0.7614212,5.212589,-0.6438065,4.570976,-0.7229691,-6.608963,-3.876839,4.385063,-1.75975,1.560776,-0.918869,5.019333,-0.8083878,3.939278,-0.8186035
37.9,0.0,66.0,-24.0,-78.0,-5.0,-821.0,-10.0,-4185.0,-1.0,-7850.0,-6.0,-863.0,0.0,-2335.0,,,,,,,,,,,,,,,,,,,,,,,,,,
37.900001525878906,,,,,,,,,,,,,,,1.51638,-0.9436417,4.626205,0.1573563,5.624313,-0.1441956,7.720444,-0.8780441,7.821606,-0.7372131,6.793495,-0.7653275,5.195988,-0.6418533,4.551445,-0.7415237,-6.619705,-3.882698,4.38018,-1.747055,1.539291,-0.9198456,5.009567,-0.8288956,3.923653,-0.8098145
37.908329010009766,,,,,,,,,,,,,,,1.507591,-0.9465714,4.599838,0.1544266,5.599899,-0.1520081,7.687241,-0.8682785,7.798168,-0.7284241,6.761269,-0.77314,5.181339,-0.644783,4.529961,-0.7551956,-6.626541,-3.889534,4.371391,-1.743149,1.52269,-0.918869,5.000778,-0.8503799,3.911934,-0.7990723
37.91667175292969,,,,,,,,,,,,,,,1.499779,-0.9543839,4.572495,0.1475906,5.576462,-0.1607971,7.65892,-0.8575363,7.775707,-0.7147522,6.731972,-0.7868118,5.169621,-0.6545486,4.510429,-0.7639847,-6.630447,-3.897346,4.360649,-1.748032,1.510971,-0.9169159,5.000778,-0.8699112,3.898262,-0.7873535
37.92499923706055,,,,,,,,,,,,,,,1.490013,-0.9641495,4.547104,0.1397781,5.554001,-0.1676331,7.634506,-0.8487473,7.755199,-0.7010803,6.700722,-0.8024368,5.158878,-0.6691971,4.492851,-0.7688675,-6.632401,-3.906136,4.346977,-1.755844,1.500229,-0.9169159,5.002731,-0.8865128,3.89045,-0.7814941
37.93333053588867,,,,,,,,,,,,,,,1.478294,-0.9729385,4.524643,0.1270828,5.530563,-0.1725159,7.610092,-0.844841,7.736645,-0.6874084,6.670448,-0.8209915,5.145206,-0.6838455,4.477226,-0.7708206,-6.634354,-3.911018,4.331352,-1.76268,1.495346,-0.9208221,5.007614,-0.8953018,3.883614,-0.7785645
37.93333333333333,0.0,62.0,-24.0,-78.0,-5.0,-821.0,-10.0,-4185.0,-1.0,-7853.0,-6.0,-861.0,0.0,-2336.0,,,,,,,,,,,,,,,,,,,,,,,,,,
37.94166946411133,,,,,,,,,,,,,,,1.460716,-0.9817276,4.505112,0.1104813,5.506149,-0.1773987,7.588608,-0.8458176,7.71809,-0.6776428,6.642128,-0.8395462,5.130558,-0.698494,4.461601,-0.7669144,-6.633377,-3.914925,4.316704,-1.767563,1.492416,-0.9266815,5.013474,-0.8982315,3.876778,-0.779541
37.95000076293945,,,,,,,,,,,,,,,1.444115,-0.9895401,4.492416,0.09290314,5.481735,-0.1803284,7.56517,-0.8516769,7.700512,-0.6717834,6.615761,-0.8532181,5.117863,-0.7111893,4.448906,-0.7630081,-6.631424,-3.915901,4.303032,-1.769516,1.489487,-0.9374237,5.01738,-0.8992081,3.867989,-0.7844238
37.95832824707031,,,,,,,,,,,,,,,1.423607,-0.9914932,4.482651,0.07434845,5.457321,-0.1842346,7.544662,-0.8624191,7.68391,-0.6698303,6.59037,-0.8649368,5.100285,-0.7180252,4.437187,-0.7571487,-6.625565,-3.912971,4.291313,-1.767563,1.487534,-0.9530487,5.01738,-0.8962784,3.858223,-0.7932129
37.96666666666667,0.0,61.0,-24.0,-78.0,-4.0,-817.0,-10.0,-4185.0,-1.0,-7857.0,-5.0,-861.0,0.0,-2340.0,,,,,,,,,,,,,,,,,,,,,,,,,,
37.966670989990234,,,,,,,,,,,,,,,1.405052,-0.9885635,4.475815,0.05384064,5.430954,-0.1920471,7.519272,-0.876091,7.667309,-0.67276,6.568886,-0.8688431,5.087589,-0.7190018,4.426445,-0.7522659,-6.617752,-3.908089,4.280571,-1.761703,1.48558,-0.9676971,5.01445,-0.8923721,3.847481,-0.8029785
37.974998474121094,,,,,,,,,,,,,,,1.385521,-0.9836807,4.469955,0.03821564,5.40654,-0.1998596,7.493881,-0.8897629,7.650707,-0.6766663,6.546425,-0.86689,5.071964,-0.7180252,4.41082,-0.7493362,-6.60701,-3.8993,4.269829,-1.755844,1.483627,-0.9803925,5.000778,-0.8874893,3.834785,-0.8127441
37.98332977294922,,,,,,,,,,,,,,,1.368919,-0.9768448,4.461166,0.02552032,5.383102,-0.2066956,7.467514,-0.9014816,7.635082,-0.6786194,6.523964,-0.8571243,5.055363,-0.714119,4.395195,-0.7522659,-6.597244,-3.890511,4.256157,-1.750961,1.475815,-0.9891815,4.9832,-0.8806534,3.821114,-0.8205566
37.991668701171875,,,,,,,,,,,,,,,1.355247,-0.9709854,4.449448,0.01477814,5.359665,-0.2125549,7.441147,-0.907341,7.615551,-0.6805725,6.498573,-0.8405228,5.036808,-0.7082596,4.372734,-0.7630081,-6.585526,-3.880745,4.242485,-1.748032,1.465073,-0.9940643,4.964645,-0.8728409,3.805489,-0.8244629
38.0,0.0,65.0,-24.0,-76.0,-4.0,-816.0,-10.0,-4185.0,-1.0,-7861.0,-5.0,-863.0,0.0,-2347.0,1.342552,-0.965126,4.434799,0.008918762,5.338181,-0.2145081,7.413803,-0.9112473,7.59309,-0.6825256,6.475136,-0.8190384,5.014347,-0.7033768,4.350273,-0.7776566,-6.580643,-3.869026,4.222954,-1.749008,1.453354,-0.9940643,4.943161,-0.8640518,3.79377,-0.8244629
38.008331298828125,,,,,,,,,,,,,,,1.332787,-0.9573135,4.414291,0.0079422,5.317673,-0.2135315,7.387436,-0.9102707,7.567699,-0.6854553,6.444862,-0.7965775,4.98798,-0.7033768,4.323906,-0.7991409,-6.580643,-3.858284,4.204399,-1.757797,1.442612,-0.9911346,4.922653,-0.8533096,3.780098,-0.8205566
38.01667022705078,,,,,,,,,,,,,,,1.325951,-0.9543839,4.393784,0.01184845,5.295212,-0.2076721,7.362045,-0.907341,7.539379,-0.688385,6.416542,-0.7770462,4.960636,-0.7033768,4.298515,-0.823555,-6.586502,-3.848518,4.180962,-1.769516,1.427963,-0.9872284,4.905075,-0.8415909,3.770332,-0.8137207
38.025001525878906,,,,,,,,,,,,,,,1.319115,-0.9543839,4.36937,0.01966095,5.272751,-0.2008362,7.335678,-0.9044113,7.508129,-0.6952209,6.386269,-0.7604446,4.930363,-0.7004471,4.277031,-0.8479691,-6.601151,-3.842659,4.159477,-1.781235,1.409409,-0.9852753,4.895309,-0.8249893,3.75959,-0.8039551
38.033329010009766,,,,,,,,,,,,,,,1.311302,-0.956337,4.345932,0.0313797,5.251266,-0.1940002,7.307358,-0.9014816,7.478832,-0.70401,6.359901,-0.7497025,4.904972,-0.6994705,4.256523,-0.8694534,-6.621658,-3.837776,4.139946,-1.79686,1.390854,-0.9852753,4.887497,-0.8103409,3.749825,-0.7912598
38.03333333333333,0.0,70.0,-24.0,-76.0,-4.0,-815.0,-10.0,-4183.0,0.0,-7866.0,-5.0,-867.0,-1.0,-2353.0,,,,,,,,,,,,,,,,,,,,,,,,,,
38.04167175292969,,,,,,,,,,,,,,,1.302513,-0.9621964,4.328354,0.04895782,5.228806,-0.1910706,7.280014,-0.9024582,7.450512,-0.7157288,6.33744,-0.7477493,4.880558,-0.698494,4.243828,-0.8841019,-6.645096,-3.835823,4.122368,-1.810532,1.368393,-0.9891815,4.887497,-0.7995987,3.738106,-0.7775879
38.04999923706055,,,,,,,,,,,,,,,1.291771,-0.9700089,4.314682,0.06848907,5.210251,-0.1910706,7.25267,-0.9083176,7.424145,-0.7303772,6.318886,-0.7545853,4.863956,-0.6965408,4.234062,-0.8919144,-6.668533,-3.838753,4.10479,-1.82225,1.344955,-0.9940643,4.882614,-0.7947159,3.724434,-0.7648926
38.05833053588867,,,,,,,,,,,,,,,1.281029,-0.9768448,4.307846,0.08313751,5.189743,-0.1969299,7.223373,-0.9190598,7.399731,-0.7450256,6.303261,-0.7672806,4.849308,-0.6955643,4.22332,-0.8928909,-6.691971,-3.845589,4.087212,-1.829086,1.319565,-0.9979706,4.881638,-0.7927628,3.710762,-0.7541504
38.06666666666667,0.0,72.0,-24.0,-77.0,-4.0,-818.0,-11.0,-4181.0,0.0,-7871.0,-6.0,-869.0,-1.0,-2358.0,,,,,,,,,,,,,,,,,,,,,,,,,,
38.06666946411133,,,,,,,,,,,,,,,1.264427,-0.9817276,4.304916,0.09583282,5.171188,-0.2066956,7.197006,-0.9317551,7.380199,-0.7586975,6.292519,-0.7848587,4.840519,-0.6965408,4.212578,-0.8880081,-6.712479,-3.855354,4.069633,-1.834946,1.297104,-0.9989471,4.874802,-0.7956924,3.69416,-0.7434082
38.07500076293945,,,,,,,,,,,,,,,1.248802,-0.9856339,4.304916,0.1016922,5.157516,-0.2174377,7.173569,-0.9444504,7.357738,-0.7704163,6.28373,-0.8034134,4.832706,-0.6994705,4.199883,-0.8772659,-6.72908,-3.867073,4.049126,-1.836899,1.270737,-0.996994,4.864059,-0.8064346,3.677559,-0.7385254
38.08332824707031,,,,,,,,,,,,,,,1.231224,-0.9846573,4.30394,0.09680939,5.139938,-0.2242737,7.152084,-0.9532394,7.335278,-0.7772522,6.272987,-0.8209915,4.823917,-0.7043533,4.185234,-0.8635941,-6.742752,-3.881721,4.026665,-1.836899,1.248276,-0.9921112,4.849411,-0.8220596,3.664864,-0.7404785
38.091670989990234,,,,,,,,,,,,,,,1.212669,-0.9797745,4.300034,0.08802032,5.123337,-0.2301331,7.134506,-0.9571457,7.309887,-0.7860413,6.258339,-0.83564,4.813175,-0.7121658,4.165703,-0.8499222,-6.751541,-3.898323,4.003227,-1.837875,1.229721,-0.9833221,4.827927,-0.8415909,3.656075,-0.7453613
38.099998474121094,,,,,,,,,,,,,,,1.197044,-0.971962,4.292221,0.07532501,5.102829,-0.2330627,7.120834,-0.9561691,7.282543,-0.7948303,6.24369,-0.8483353,4.79755,-0.7190018,4.146172,-0.8362503,-6.756424,-3.915901,3.978813,-1.840805,1.218002,-0.9755096,4.803513,-0.859169,3.647285,-0.7561035
38.1,0.0,73.0,-23.0,-79.0,-4.0,-821.0,-10.0,-4180.0,0.0,-7878.0,-6.0,-868.0,-1.0,-2362.0,,,,,,,,,,,,,,,,,,,,,,,,,,
38.10832977294922,,,,,,,,,,,,,,,1.182396,-0.9612198,4.276596,0.05774689,5.082321,-0.2330627,7.109116,-0.9512863,7.251293,-0.8016663,6.222206,-0.8590775,4.778996,-0.7268143,4.124687,-0.8255081,-6.761307,-3.935432,3.956352,-1.844711,1.20726,-0.9706268,4.777145,-0.8767471,3.645332,-0.770752
38.116668701171875,,,,,,,,,,,,,,,1.171654,-0.9475479,4.259995,0.04114532,5.061813,-0.2330627,7.100327,-0.9434738,7.22102,-0.8114319,6.198769,-0.8639603,4.756535,-0.7365799,4.105156,-0.8167191,-6.765213,-3.956917,3.936821,-1.848618,1.197495,-0.9706268,4.753708,-0.890419,3.644356,-0.786377
38.125,,,,,,,,,,,,,,,1.162865,-0.9358292,4.236557,0.02942657,5.040329,-0.236969,7.092514,-0.9376144,7.194653,-0.8202209,6.174355,-0.8678665,4.731144,-0.7482986,4.089531,-0.8098831,-6.767166,-3.977425,3.924126,-1.852524,1.190659,-0.9755096,4.726364,-0.8992081,3.64045,-0.8039551
38.133331298828125,,,,,,,,,,,,,,,1.157005,-0.9280167,4.21312,0.02161407,5.020798,-0.2428284,7.083725,-0.9356613,7.170238,-0.82901,6.147011,-0.8688431,4.702824,-0.7590408,4.073906,-0.80793,-6.772049,-3.995003,3.912407,-1.855453,1.185776,-0.9833221,4.700974,-0.9021378,3.63459,-0.8205566
38.13333333333333,0.0,75.0,-23.0,-80.0,-4.0,-825.0,-10.0,-4180.0,0.0,-7887.0,-6.0,-864.0,-1.0,-2363.0,,,,,,,,,,,,,,,,,,,,,,,,,,
38.14167022705078,,,,,,,,,,,,,,,1.154076,-0.9211807,4.190659,0.01868439,5.005173,-0.252594,7.074936,-0.9405441,7.150707,-0.8387756,6.11869,-0.8649368,4.67548,-0.7688065,4.063164,-0.80793,-6.776932,-4.011604,3.905571,-1.854477,1.180893,-0.9930878,4.679489,-0.8972549,3.624825,-0.833252
38.150001525878906,,,,,,,,,,,,,,,1.150169,-0.9153214,4.167221,0.01966095,4.988571,-0.2633362,7.059311,-0.9512863,7.138012,-0.8465881,6.091347,-0.8571243,4.64716,-0.7746658,4.052422,-0.8089066,-6.785721,-4.02137,3.903618,-1.849594,1.174057,-0.9999237,4.660934,-0.8845596,3.607246,-0.8439941
38.158329010009766,,,,,,,,,,,,,,,1.14431,-0.9143448,4.14476,0.02454376,4.975876,-0.2721252,7.040756,-0.9630051,7.129223,-0.8524475,6.067909,-0.8473587,4.619816,-0.7785721,4.040703,-0.80793,-6.79158,-4.023323,3.904594,-1.840805,1.163315,-0.9999237,4.648239,-0.8679581,3.591621,-0.8508301
38.166666666666664,0.0,76.0,-24.0,-80.0,-4.0,-832.0,-10.0,-4186.0,0.0,-7895.0,-6.0,-859.0,-1.0,-2365.0,,,,,,,,,,,,,,,,,,,,,,,,,,
38.16667175292969,,,,,,,,,,,,,,,1.140404,-0.9172745,4.122299,0.03528595,4.965134,-0.2789612,7.016342,-0.9747238,7.120434,-0.8534241,6.044472,-0.8327103,4.593449,-0.7775955,4.028984,-0.8069534,-6.798416,-4.019417,3.904594,-1.829086,1.149643,-0.9950409,4.640427,-0.8523331,3.57209,-0.8537598
38.17499923706055,,,,,,,,,,,,,,,1.131615,-0.9260635,4.101791,0.04602814,4.954391,-0.2809143,6.985092,-0.9825363,7.106762,-0.8495178,6.025917,-0.8141556,4.572941,-0.7717361,4.016289,-0.8059769,-6.801346,-4.010628,3.907524,-1.818344,1.134018,-0.9862518,4.63652,-0.8357315,3.553535,-0.8537598
38.18333053588867,,,,,,,,,,,,,,,1.125755,-0.9377823,4.08226,0.05677032,4.941696,-0.2770081,6.951889,-0.9864426,7.09309,-0.8426819,6.008339,-0.7956009,4.552433,-0.7619705,4.000664,-0.8050003,-6.805252,-3.995979,3.910454,-1.807602,1.11644,-0.9755096,4.635544,-0.8181534,3.538887,-0.8537598
38.19166946411133,,,,,,,,,,,,,,,1.114037,-0.9514542,4.062729,0.06848907,4.930954,-0.2652893,6.915756,-0.985466,7.074535,-0.8338928,5.992714,-0.7780228,4.538761,-0.7482986,3.983086,-0.8050003,-6.807205,-3.980354,3.91143,-1.797836,1.098862,-0.9676971,4.63652,-0.8044815,3.528145,-0.8547363
38.2,0.0,75.0,-25.0,-82.0,-4.0,-837.0,-10.0,-4194.0,0.0,-7904.0,-6.0,-858.0,-1.0,-2370.0,,,,,,,,,,,,,,,,,,,,,,,,,,
38.20000076293945,,,,,,,,,,,,,,,1.106224,-0.9680557,4.046127,0.07630157,4.920212,-0.2467346,6.87767,-0.9815598,7.049145,-0.8221741,5.976112,-0.7633743,4.525089,-0.7326736,3.962578,-0.8069534,-6.811111,-3.962776,3.912407,-1.792953,1.07933,-0.9647675,4.637497,-0.7976456,3.523262,-0.8586426
38.20832824707031,,,,,,,,,,,,,,,1.095482,-0.9836807,4.031479,0.08411407,4.907516,-0.2272034,6.841537,-0.9776535,7.021801,-0.8085022,5.960487,-0.7555618,4.515324,-0.7190018,3.943047,-0.8108597,-6.818924,-3.951057,3.909477,-1.791,1.063705,-0.9676971,4.633591,-0.7956924,3.518379,-0.8654785
38.216670989990234,,,,,,,,,,,,,,,1.087669,-0.9924698,4.01976,0.08899689,4.891891,-0.2047424,6.809311,-0.9737473,6.991528,-0.7997131,5.941933,-0.7555618,4.507511,-0.7063065,3.921562,-0.8196487,-6.830643,-3.945198,3.905571,-1.79393,1.051987,-0.9745331,4.623825,-0.7937393,3.519356,-0.8762207
38.224998474121094,,,,,,,,,,,,,,,1.07888,-0.996376,4.010971,0.09095001,4.87529,-0.1861877,6.781967,-0.9727707,6.963207,-0.7919006,5.923378,-0.7633743,4.500675,-0.6975174,3.901054,-0.8284378,-6.843338,-3.942268,3.899712,-1.798813,1.041245,-0.9852753,4.612106,-0.7956924,3.517403,-0.8879395
38.23332977294922,,,,,,,,,,,,,,,1.070091,-0.9924698,4.002182,0.09290314,4.855759,-0.174469,6.759506,-0.9757004,6.938793,-0.7860413,5.90287,-0.7799759,4.493839,-0.6965408,3.87957,-0.8382034,-6.85994,-3.941292,3.892876,-1.805649,1.030502,-0.9950409,4.597458,-0.8015518,3.51545,-0.895752
38.233333333333334,0.0,70.0,-25.0,-81.0,-3.0,-837.0,-10.0,-4199.0,0.0,-7913.0,-5.0,-859.0,-1.0,-2372.0,,,,,,,,,,,,,,,,,,,,,,,,,,
38.241668701171875,,,,,,,,,,,,,,,1.062279,-0.9817276,3.995346,0.09192657,4.832321,-0.1705627,6.744858,-0.9786301,6.913403,-0.7850647,5.883339,-0.7995071,4.486027,-0.7024002,3.860039,-0.8469925,-6.873611,-3.942268,3.881157,-1.812485,1.021713,-1.001877,4.580856,-0.8083878,3.510567,-0.9016113
38.25,,,,,,,,,,,,,,,1.05349,-0.9680557,3.98851,0.08802032,4.804977,-0.1764221,6.733139,-0.9805832,6.891918,-0.7860413,5.864784,-0.8258743,4.477238,-0.7150955,3.843437,-0.8577347,-6.88533,-3.942268,3.870415,-1.821274,1.011948,-1.004807,4.565231,-0.8181534,3.500801,-0.9035645
38.258331298828125,,,,,,,,,,,,,,,1.045677,-0.9504776,3.982651,0.08020782,4.78154,-0.1920471,6.72435,-0.9796066,6.87141,-0.7899475,5.84623,-0.8493118,4.466496,-0.7316971,3.826836,-0.8655472,-6.895096,-3.935432,3.853813,-1.832016,1.000229,-1.004807,4.550583,-0.827919,3.490059,-0.9035645
38.266666666666666,0.0,63.0,-25.0,-79.0,-3.0,-836.0,-10.0,-4201.0,-1.0,-7920.0,-5.0,-862.0,-1.0,-2372.0,,,,,,,,,,,,,,,,,,,,,,,,,,
38.26667022705078,,,,,,,,,,,,,,,1.038841,-0.9368057,3.973862,0.07239532,4.755173,-0.2135315,6.718491,-0.9776535,6.851879,-0.7948303,5.828651,-0.8698196,4.4538,-0.7502518,3.812187,-0.8723831,-6.897049,-3.92469,3.841118,-1.844711,0.9904633,-1.002853,4.534958,-0.8386612,3.473457,-0.8996582
38.275001525878906,,,,,,,,,,,,,,,1.031029,-0.9289932,3.964096,0.06165314,4.730759,-0.2359924,6.712631,-0.9717941,6.836254,-0.8006897,5.813026,-0.8864212,4.437199,-0.7649002,3.801445,-0.8792191,-6.897049,-3.908089,3.824516,-1.85643,0.9748383,-0.9989471,4.524216,-0.8484268,3.458809,-0.8947754
38.283329010009766,,,,,,,,,,,,,,,1.023216,-0.9289932,3.953354,0.04993439,4.711227,-0.2574768,6.707748,-0.9630051,6.821606,-0.8075256,5.795448,-0.8961868,4.420597,-0.7746658,3.790703,-0.8841019,-6.898026,-3.892464,3.805962,-1.868149,0.9631195,-0.9940643,4.512497,-0.859169,3.446114,-0.8898926
38.29167175292969,,,,,,,,,,,,,,,1.014427,-0.9358292,3.939682,0.04212189,4.693649,-0.2711487,6.700912,-0.9561691,6.805981,-0.8153381,5.778847,-0.89814,4.402042,-0.7775955,3.781914,-0.8880081,-6.899979,-3.877815,3.787407,-1.877914,0.9504242,-0.9891815,4.496872,-0.8669815,3.433418,-0.8830566
38.29999923706055,,,,,,,,,,,,,,,1.000755,-0.949501,3.92601,0.03626251,4.679001,-0.2789612,6.69017,-0.9522629,6.790356,-0.8221741,5.760292,-0.8942337,4.383488,-0.7756424,3.775078,-0.8880081,-6.901932,-3.867073,3.771782,-1.883774,0.9445648,-0.9833221,4.48027,-0.8738174,3.426582,-0.8742676
38.3,0.0,56.0,-24.0,-77.0,-3.0,-835.0,-10.0,-4203.0,-1.0,-7924.0,-5.0,-863.0,-2.0,-2375.0,,,,,,,,,,,,,,,,,,,,,,,,,,
38.30833053588867,,,,,,,,,,,,,,,0.9890366,-0.9641495,3.910385,0.03040314,4.663376,-0.2779846,6.680405,-0.9522629,6.78059,-0.8299866,5.742714,-0.8844681,4.363956,-0.7707596,3.771172,-0.8831253,-6.905838,-3.86219,3.75811,-1.881821,0.9377289,-0.9803925,4.459763,-0.8816299,3.4217,-0.8674316
38.31666946411133,,,,,,,,,,,,,,,0.9743881,-0.9768448,3.89476,0.02747345,4.648727,-0.2701721,6.668686,-0.9571457,6.767895,-0.8368225,5.722206,-0.8727493,4.346378,-0.7658768,3.766289,-0.8753128,-6.906815,-3.861214,3.743462,-1.871078,0.9357758,-0.9823456,4.442184,-0.8894424,3.417793,-0.8586426
38.32500076293945,,,,,,,,,,,,,,,0.95681,-0.9866104,3.880112,0.02552032,4.633102,-0.2584534,6.655014,-0.9649582,6.755199,-0.8426819,5.704628,-0.8590775,4.330753,-0.7649002,3.762383,-0.8635941,-6.906815,-3.863167,3.733696,-1.858383,0.9357758,-0.9872284,4.421677,-0.9011612,3.414864,-0.8479004
38.33332824707031,,,,,,,,,,,,,,,0.9402084,-0.9924698,3.86937,0.02259064,4.617477,-0.2438049,6.637436,-0.9737473,6.742504,-0.8485413,5.688026,-0.8463821,4.318058,-0.7707596,3.756523,-0.8499222,-6.900955,-3.867073,3.725883,-1.838852,0.9338226,-0.9950409,4.402145,-0.9128799,3.409004,-0.8410645
38.333333333333336,0.0,51.0,-23.0,-78.0,-4.0,-832.0,-10.0,-4205.0,-2.0,-7927.0,-4.0,-864.0,-2.0,-2379.0,,,,,,,,,,,,,,,,,,,,,,,,,,
38.341670989990234,,,,,,,,,,,,,,,0.9236069,-0.9914932,3.861557,0.01966095,4.599899,-0.2281799,6.619858,-0.9786301,6.724926,-0.8553772,5.670448,-0.8395462,4.305363,-0.7805252,3.748711,-0.8372269,-6.894119,-3.870979,3.718071,-1.816391,0.9328461,-1.008713,4.387497,-0.9245987,3.405098,-0.8391113
38.349998474121094,,,,,,,,,,,,,,,0.9109116,-0.9856339,3.856674,0.0157547,4.585251,-0.2115784,6.597397,-0.9825363,6.710278,-0.86026,5.6558,-0.8366165,4.29755,-0.7961502,3.739922,-0.8245316,-6.884354,-3.872932,3.714165,-1.798813,0.9250336,-1.027267,4.375778,-0.9392471,3.397285,-0.8391113
38.35832977294922,,,,,,,,,,,,,,,0.8982162,-0.9778214,3.854721,0.01087189,4.575485,-0.1998596,6.572006,-0.9835129,6.692699,-0.8631897,5.642128,-0.8366165,4.288761,-0.8137283,3.727226,-0.8147659,-6.873611,-3.872932,3.709282,-1.785141,0.9113617,-1.046799,4.372849,-0.9499893,3.391426,-0.8430176
38.36666666666667,0.0,48.0,-23.0,-79.0,-4.0,-832.0,-11.0,-4203.0,-2.0,-7930.0,-4.0,-862.0,-2.0,-2382.0,,,,,,,,,,,,,,,,,,,,,,,,,,
38.366668701171875,,,,,,,,,,,,,,,0.8894272,-0.971962,3.852768,0.005989075,4.56279,-0.1920471,6.546616,-0.9776535,6.676098,-0.8622131,5.631386,-0.8414993,4.280949,-0.832283,3.713554,-0.8069534,-6.867752,-3.873909,3.702446,-1.778305,0.8957367,-1.064377,4.374802,-0.9578018,3.388496,-0.8527832
38.375,,,,,,,,,,,,,,,0.8816147,-0.9670792,3.848862,0.0001296997,4.554001,-0.1871643,6.520248,-0.9688644,6.660473,-0.8583069,5.62455,-0.8502884,4.271183,-0.847908,3.698906,-0.8020706,-6.868729,-3.877815,3.696587,-1.778305,0.8722992,-1.077072,4.383591,-0.9646378,3.383614,-0.8654785
38.383331298828125,,,,,,,,,,,,,,,0.8757553,-0.9641495,3.843002,-0.005729675,4.546188,-0.190094,6.493881,-0.9581223,6.645824,-0.8495178,5.620644,-0.8590775,4.259464,-0.8576736,3.684258,-0.7971878,-6.874588,-3.879768,3.687798,-1.788071,0.8469086,-1.080978,4.39238,-0.9656143,3.382637,-0.8820801
38.39167022705078,,,,,,,,,,,,,,,0.8698959,-0.9641495,3.831284,-0.01158905,4.535446,-0.1979065,6.469467,-0.9464035,6.630199,-0.8368225,5.616737,-0.8639603,4.246769,-0.8645096,3.670586,-0.7971878,-6.88533,-3.884651,3.678032,-1.802719,0.8234711,-1.079025,4.400192,-0.9656143,3.382637,-0.8947754
38.4,0.0,48.0,-23.0,-80.0,-4.0,-834.0,-11.0,-4204.0,-2.0,-7935.0,-4.0,-861.0,-2.0,-2383.0,,,,,,,,,,,,,,,,,,,,,,,,,,
38.400001525878906,,,,,,,,,,,,,,,0.8650131,-0.9661026,3.814682,-0.01842499,4.524704,-0.2115784,6.449936,-0.9366379,6.616528,-0.8202209,5.614784,-0.8688431,4.228214,-0.8645096,3.659843,-0.8010941,-6.901932,-3.894417,3.663383,-1.820297,0.799057,-1.068283,4.405075,-0.9626846,3.382637,-0.904541
38.408329010009766,,,,,,,,,,,,,,,0.8601303,-0.9680557,3.796127,-0.02721405,4.512985,-0.2301331,6.433334,-0.9288254,6.600903,-0.8016663,5.610878,-0.8717728,4.208683,-0.8586502,3.649101,-0.8069534,-6.92244,-3.906136,3.644829,-1.838852,0.7785492,-1.049728,4.404099,-0.9578018,3.380684,-0.9074707
38.41667175292969,,,,,,,,,,,,,,,0.8523178,-0.9709854,3.773666,-0.03697968,4.50029,-0.2477112,6.421616,-0.9249191,6.586254,-0.7870178,5.604042,-0.8727493,4.184269,-0.8518143,3.637383,-0.8167191,-6.940994,-3.921761,3.632133,-1.852524,0.7639008,-1.029221,4.398239,-0.9548721,3.376778,-0.9035645
38.42499923706055,,,,,,,,,,,,,,,0.8454819,-0.9739151,3.752182,-0.04869843,4.483688,-0.2643127,6.410873,-0.9239426,6.570629,-0.7733459,5.592323,-0.8737259,4.158878,-0.8420486,3.62664,-0.8274612,-6.958572,-3.939339,3.620415,-1.85936,0.7531586,-1.005783,4.385544,-0.9509659,3.371895,-0.8928223
38.43333053588867,,,,,,,,,,,,,,,0.8405991,-0.9787979,3.732651,-0.0623703,4.468063,-0.2760315,6.404037,-0.9268723,6.554028,-0.76651,5.576698,-0.8737259,4.131535,-0.8274002,3.611992,-0.8401566,-6.972244,-3.957893,3.610649,-1.858383,0.7453461,-0.988205,4.370895,-0.9470596,3.365059,-0.8791504
38.43333333333333,0.0,47.0,-23.0,-78.0,-4.0,-837.0,-11.0,-4208.0,-2.0,-7939.0,-4.0,-858.0,-3.0,-2383.0,,,,,,,,,,,,,,,,,,,,,,,,,,
38.44166946411133,,,,,,,,,,,,,,,0.8347397,-0.9846573,3.717026,-0.07506561,4.453415,-0.2818909,6.399155,-0.9337082,6.537426,-0.7694397,5.555214,-0.8766556,4.104191,-0.8137283,3.596367,-0.8518753,-6.98201,-3.977425,3.606743,-1.850571,0.7424164,-0.9764862,4.356247,-0.9421768,3.352364,-0.8625488
38.45000076293945,,,,,,,,,,,,,,,0.8239975,-0.9914932,3.703354,-0.08678436,4.436813,-0.2809143,6.394272,-0.9415207,6.519848,-0.7792053,5.531776,-0.8795853,4.0788,-0.801033,3.577812,-0.8577347,-6.992752,-3.994026,3.611626,-1.838852,0.7404633,-0.9706268,4.342575,-0.9363174,3.340645,-0.8498535
38.45832824707031,,,,,,,,,,,,,,,0.8152084,-1.002235,3.694565,-0.09557343,4.420212,-0.2760315,6.389389,-0.9483566,6.504223,-0.7928772,5.507362,-0.8834915,4.056339,-0.7893143,3.557304,-0.8577347,-7.001541,-4.009651,3.619438,-1.826157,0.7375336,-0.9716034,4.331833,-0.9275284,3.326973,-0.8439941
38.46666666666667,0.0,45.0,-23.0,-79.0,-4.0,-837.0,-11.0,-4214.0,-3.0,-7942.0,-5.0,-859.0,-3.0,-2381.0,,,,,,,,,,,,,,,,,,,,,,,,,,
38.466670989990234,,,,,,,,,,,,,,,0.8044662,-1.012978,3.689682,-0.09752655,4.405563,-0.268219,6.386459,-0.9532394,6.486645,-0.8085022,5.483925,-0.8893509,4.037785,-0.7775955,3.53875,-0.8499222,-7.014236,-4.020393,3.627251,-1.815414,0.7316742,-0.9803925,4.327927,-0.9177628,3.312325,-0.8439941
38.474998474121094,,,,,,,,,,,,,,,0.7937241,-1.02372,3.684799,-0.09557343,4.387985,-0.2613831,6.3806,-0.9561691,6.466137,-0.8280334,5.458534,-0.8932571,4.025089,-0.7688065,3.523125,-0.8372269,-7.026932,-4.0243,3.637016,-1.811508,0.7258148,-0.9911346,4.323044,-0.9050674,3.297676,-0.8508301
38.48332977294922,,,,,,,,,,,,,,,0.7800522,-1.035439,3.680893,-0.08971405,4.374313,-0.2574768,6.373764,-0.9551926,6.445629,-0.8436584,5.43705,-0.8961868,4.0163,-0.7619705,3.509453,-0.8225784,-7.04158,-4.022346,3.635063,-1.814438,0.7150726,-1.004807,4.315231,-0.890419,3.285957,-0.8635254
38.491668701171875,,,,,,,,,,,,,,,0.7712631,-1.047157,3.675034,-0.08190155,4.359665,-0.2574768,6.363022,-0.9493332,6.422192,-0.8553772,5.418495,-0.89814,4.013371,-0.760994,3.499687,-0.80793,-7.063065,-4.016487,3.63018,-1.823227,0.7023773,-1.019455,4.303513,-0.8728409,3.274239,-0.8771973
38.5,0.0,45.0,-23.0,-80.0,-3.0,-839.0,-11.0,-4221.0,-3.0,-7943.0,-4.0,-860.0,-4.0,-2379.0,0.7605209,-1.055946,3.666245,-0.07311249,4.349899,-0.2594299,6.351303,-0.9434738,6.398754,-0.8622131,5.401894,-0.9030228,4.014347,-0.7639236,3.494804,-0.7952347,-7.07869,-4.005745,3.617485,-1.835922,0.6887054,-1.031174,4.286911,-0.8572159,3.260567,-0.8928223
38.508331298828125,,,,,,,,,,,,,,,0.7527084,-1.062782,3.656479,-0.0623703,4.340134,-0.2643127,6.335678,-0.9366379,6.380199,-0.8651428,5.388222,-0.9059525,4.0163,-0.7678299,3.490898,-0.7883987,-7.090408,-3.992073,3.597954,-1.849594,0.6721039,-1.041916,4.263474,-0.8445206,3.251778,-0.9074707
38.51667022705078,,,,,,,,,,,,,,,0.7468491,-1.068642,3.643784,-0.05358124,4.330368,-0.2691956,6.3181,-0.9327316,6.362621,-0.8661194,5.37748,-0.9079056,4.02216,-0.7736893,3.486992,-0.7913284,-7.099197,-3.978401,3.574516,-1.85936,0.6535492,-1.050705,4.234177,-0.8347549,3.237129,-0.9182129
38.525001525878906,,,,,,,,,,,,,,,0.7419662,-1.075478,3.628159,-0.04283905,4.322556,-0.2740784,6.299545,-0.9317551,6.348949,-0.8651428,5.36869,-0.913765,4.028019,-0.7795486,3.480156,-0.8001175,-7.101151,-3.965706,3.546196,-1.865219,0.6330414,-1.059494,4.202927,-0.827919,3.220528,-0.927002
38.533329010009766,,,,,,,,,,,,,,,0.73806,-1.084267,3.614487,-0.0311203,4.31279,-0.2799377,6.280014,-0.9337082,6.341137,-0.8641663,5.360878,-0.9206009,4.031925,-0.7834549,3.47039,-0.8098831,-7.095291,-3.952034,3.520805,-1.868149,0.6125336,-1.068283,4.175583,-0.8269424,3.20295,-0.9348145
38.53333333333333,-1.0,45.0,-23.0,-83.0,-3.0,-840.0,-12.0,-4225.0,-3.0,-7946.0,-4.0,-863.0,-4.0,-2382.0,,,,,,,,,,,,,,,,,,,,,,,,,,
38.54167175292969,,,,,,,,,,,,,,,0.7331772,-1.092079,3.599838,-0.01647186,4.303024,-0.2857971,6.262436,-0.9395676,6.337231,-0.8651428,5.353065,-0.9274368,4.031925,-0.7873611,3.456718,-0.8225784,-7.086502,-3.943245,3.500298,-1.867172,0.5939789,-1.073166,4.152145,-0.8288956,3.185371,-0.9396973
38.54999923706055,,,,,,,,,,,,,,,0.7292709,-1.098915,3.587143,-0.001823425,4.291306,-0.2955627,6.243881,-0.9473801,6.335278,-0.8661194,5.341347,-0.9323196,4.029972,-0.792244,3.441093,-0.8313675,-7.076736,-3.938362,3.482719,-1.866196,0.5695648,-1.076096,4.13945,-0.8328018,3.1717,-0.9406738
38.55833053588867,,,,,,,,,,,,,,,0.7263412,-1.104774,3.575424,0.0157547,4.28154,-0.3082581,6.22728,-0.9590988,6.330395,-0.8670959,5.330605,-0.9362259,4.02216,-0.7961502,3.421562,-0.8352737,-7.065994,-3.936409,3.474907,-1.867172,0.549057,-1.077072,4.132614,-0.8406143,3.156075,-0.9377441
38.56666666666667,-1.0,44.0,-24.0,-85.0,-4.0,-845.0,-12.0,-4227.0,-3.0,-7949.0,-4.0,-864.0,-4.0,-2388.0,,,,,,,,,,,,,,,,,,,,,,,,,,
38.56666946411133,,,,,,,,,,,,,,,0.7214584,-1.107704,3.566635,0.0313797,4.268845,-0.3238831,6.211655,-0.9717941,6.324535,-0.8700256,5.31498,-0.938179,4.013371,-0.8000565,3.405937,-0.8333206,-7.058182,-3.935432,3.472954,-1.871078,0.5275726,-1.071213,4.129684,-0.8464737,3.144356,-0.9299316
38.57500076293945,,,,,,,,,,,,,,,0.7175522,-1.104774,3.559799,0.04016876,4.255173,-0.3395081,6.195053,-0.9844894,6.315746,-0.8710022,5.298378,-0.9372025,3.999699,-0.8039627,3.388359,-0.8274612,-7.056229,-3.936409,3.474907,-1.881821,0.5070648,-1.056564,4.131638,-0.8513565,3.13752,-0.9182129
38.58332824707031,,,,,,,,,,,,,,,0.7146225,-1.097939,3.555893,0.04602814,4.244431,-0.3512268,6.177475,-0.9971848,6.305004,-0.8690491,5.282753,-0.9352493,3.987003,-0.807869,3.372734,-0.8176956,-7.059158,-3.938362,3.477837,-1.896469,0.4855804,-1.038986,4.130661,-0.8552628,3.13166,-0.9035645
38.591670989990234,,,,,,,,,,,,,,,0.7136459,-1.085243,3.552963,0.04895782,4.232712,-0.3570862,6.15892,-1.00695,6.292309,-0.8641663,5.266151,-0.9303665,3.968449,-0.8107986,3.361992,-0.8069534,-7.065018,-3.938362,3.481743,-1.912094,0.4670258,-1.017502,4.127731,-0.8552628,3.129707,-0.8840332
38.599998474121094,,,,,,,,,,,,,,,0.7116928,-1.070595,3.54808,0.0470047,4.22197,-0.3561096,6.141342,-1.011833,6.278637,-0.8592834,5.250526,-0.9264603,3.949894,-0.8117752,3.355156,-0.7971878,-7.076736,-3.936409,3.483696,-1.931625,0.4523773,-0.9930878,4.117966,-0.8533096,3.125801,-0.864502
38.6,-2.0,43.0,-24.0,-89.0,-4.0,-851.0,-11.0,-4227.0,-3.0,-7953.0,-5.0,-865.0,-4.0,-2392.0,,,,,,,,,,,,,,,,,,,,,,,,,,
38.60832977294922,,,,,,,,,,,,,,,0.7087631,-1.056923,3.543198,0.04114532,4.214157,-0.3453674,6.124741,-1.011833,6.265942,-0.8495178,5.238808,-0.9215775,3.932316,-0.8088455,3.35125,-0.7932816,-7.093338,-3.933479,3.478813,-1.951157,0.4426117,-0.9735565,4.104294,-0.8484268,3.125801,-0.848877
38.616668701171875,,,,,,,,,,,,,,,0.7087631,-1.044228,3.538315,0.03333282,4.207321,-0.3287659,6.108139,-1.007927,6.24934,-0.8387756,5.228065,-0.9166946,3.915714,-0.8020096,3.350273,-0.7932816,-7.10994,-3.926643,3.472954,-1.968735,0.4406586,-0.9598846,4.090622,-0.8425674,3.123848,-0.833252
38.625,,,,,,,,,,,,,,,0.70681,-1.036415,3.533432,0.02454376,4.201462,-0.3102112,6.09642,-0.9971848,6.233715,-0.8280334,5.2183,-0.9147415,3.901066,-0.7951736,3.352226,-0.7932816,-7.125565,-3.919807,3.463188,-1.983383,0.4445648,-0.9530487,4.075974,-0.8318253,3.119942,-0.8225098
38.633331298828125,,,,,,,,,,,,,,,0.7038803,-1.031532,3.524643,0.01477814,4.192673,-0.2926331,6.087631,-0.9815598,6.21516,-0.8202209,5.208534,-0.9127884,3.885441,-0.7863846,3.350273,-0.7952347,-7.144119,-3.914925,3.450493,-1.995102,0.4484711,-0.9559784,4.066208,-0.8220596,3.117989,-0.8195801
38.63333333333333,-3.0,46.0,-24.0,-90.0,-4.0,-856.0,-10.0,-4226.0,-2.0,-7956.0,-5.0,-864.0,-3.0,-2395.0,,,,,,,,,,,,,,,,,,,,,,,,,,
38.64167022705078,,,,,,,,,,,,,,,0.6999741,-1.026649,3.517807,0.005989075,4.186813,-0.2779846,6.081772,-0.9659348,6.192699,-0.8143616,5.199745,-0.9127884,3.873722,-0.7785721,3.347343,-0.7962112,-7.161697,-3.914925,3.437798,-2.002914,0.4523773,-0.9667206,4.061325,-0.8152237,3.112129,-0.8186035
38.650001525878906,,,,,,,,,,,,,,,0.6921616,-1.022743,3.509018,-0.0008468628,4.180954,-0.268219,6.075912,-0.9493332,6.169262,-0.8124084,5.190956,-0.9157181,3.863956,-0.7727127,3.338554,-0.7942581,-7.176346,-3.920784,3.425102,-2.005844,0.4504242,-0.9823456,4.061325,-0.812294,3.105293,-0.8186035
38.658329010009766,,,,,,,,,,,,,,,0.6843491,-1.01786,3.500229,-0.0076828,4.173141,-0.2652893,6.07103,-0.9346848,6.144848,-0.8163147,5.182167,-0.9215775,3.853214,-0.7678299,3.326836,-0.7893753,-7.187088,-3.932503,3.41436,-2.003891,0.4406586,-1.0009,4.063278,-0.812294,3.10041,-0.8166504
38.666666666666664,-3.0,45.0,-24.0,-90.0,-4.0,-855.0,-10.0,-4226.0,-2.0,-7960.0,-5.0,-864.0,-3.0,-2398.0,,,,,,,,,,,,,,,,,,,,,,,,,,
38.66667175292969,,,,,,,,,,,,,,,0.6736069,-1.008095,3.489487,-0.01256561,4.165329,-0.2662659,6.064194,-0.9239426,6.123363,-0.8270569,5.173378,-0.92939,3.842472,-0.7629471,3.311211,-0.7844925,-7.199783,-3.948128,3.400688,-1.994125,0.4260101,-1.015549,4.069138,-0.8171768,3.094551,-0.810791
38.67499923706055,,,,,,,,,,,,,,,0.6628647,-0.9953995,3.478745,-0.01451874,4.157516,-0.2691956,6.055405,-0.9151535,6.102856,-0.8436584,5.163612,-0.9372025,3.833683,-0.7619705,3.292656,-0.7776566,-7.209549,-3.968636,3.387016,-1.982407,0.4055023,-1.029221,4.07402,-0.8269424,3.086739,-0.802002
38.68333053588867,,,,,,,,,,,,,,,0.6530991,-0.9846573,3.464096,-0.01256561,4.149704,-0.2750549,6.041733,-0.9112473,6.087231,-0.8622131,5.153847,-0.9479446,3.823917,-0.7600174,3.275078,-0.7688675,-7.216385,-3.992073,3.373344,-1.967758,0.3889008,-1.037033,4.07402,-0.8425674,3.07502,-0.7893066
38.69166946411133,,,,,,,,,,,,,,,0.6423569,-0.9758682,3.448471,-0.01061249,4.141891,-0.2799377,6.026108,-0.9141769,6.078442,-0.8807678,5.141151,-0.9557571,3.814152,-0.7551346,3.260429,-0.7649612,-7.223221,-4.013557,3.359673,-1.949203,0.3713226,-1.03801,4.072067,-0.859169,3.065254,-0.7775879
38.7,-3.0,42.0,-24.0,-88.0,-4.0,-853.0,-10.0,-4228.0,-2.0,-7964.0,-5.0,-863.0,-2.0,-2404.0,,,,,,,,,,,,,,,,,,,,,,,,,,
38.70000076293945,,,,,,,,,,,,,,,0.6316147,-0.9690323,3.433823,-0.0076828,4.132126,-0.2848206,6.00853,-0.9200363,6.071606,-0.8973694,5.125526,-0.9616165,3.806339,-0.7512283,3.247734,-0.7639847,-7.228104,-4.031136,3.346977,-1.933578,0.3605804,-1.033127,4.065231,-0.8767471,3.051582,-0.7668457
38.70832824707031,,,,,,,,,,,,,,,0.6238022,-0.9670792,3.418198,-0.0008468628,4.12236,-0.2897034,5.988022,-0.9278488,6.069653,-0.9061584,5.107948,-0.9645462,3.799503,-0.7492752,3.238945,-0.7659378,-7.22908,-4.044807,3.337212,-1.919907,0.3547211,-1.026291,4.054489,-0.8913956,3.033028,-0.7580566
38.716670989990234,,,,,,,,,,,,,,,0.6169662,-0.9700089,3.406479,0.0079422,4.107712,-0.2965393,5.967514,-0.9395676,6.065746,-0.9090881,5.08744,-0.9635696,3.790714,-0.7482986,3.232109,-0.7708206,-7.22908,-4.05262,3.326469,-1.909164,0.3537445,-1.016525,4.04277,-0.9021378,3.016426,-0.7570801
38.724998474121094,,,,,,,,,,,,,,,0.6062241,-0.9768448,3.39769,0.01380157,4.09111,-0.3033752,5.949936,-0.9512863,6.062817,-0.9061584,5.066933,-0.96064,3.783878,-0.7502518,3.224297,-0.7796097,-7.226151,-4.056526,3.316704,-1.906235,0.3508148,-1.005783,4.026169,-0.9070206,3.000801,-0.7648926
38.73332977294922,,,,,,,,,,,,,,,0.5984116,-0.9836807,3.388901,0.02161407,4.073532,-0.3072815,5.932358,-0.9649582,6.057934,-0.8993225,5.046425,-0.9557571,3.777042,-0.7512283,3.214531,-0.7932816,-7.220291,-4.05555,3.311821,-1.908188,0.3478851,-0.9979706,4.01152,-0.9079971,2.988106,-0.7785645
38.733333333333334,-2.0,41.0,-25.0,-86.0,-4.0,-855.0,-10.0,-4233.0,-2.0,-7969.0,-5.0,-865.0,-1.0,-2414.0,,,,,,,,,,,,,,,,,,,,,,,,,,
38.741668701171875,,,,,,,,,,,,,,,0.5886459,-0.9905167,3.384018,0.02747345,4.051071,-0.3111877,5.919662,-0.9805832,6.049145,-0.89151,5.0308,-0.9498978,3.767277,-0.7512283,3.201836,-0.80793,-7.209549,-4.050667,3.304985,-1.914047,0.3430023,-0.9891815,3.991989,-0.9040909,2.97834,-0.7941895
38.75,,,,,,,,,,,,,,,0.5827866,-0.9944229,3.376205,0.02747345,4.024704,-0.3160706,5.909897,-0.9923019,6.040356,-0.8866272,5.017128,-0.9440384,3.756535,-0.754158,3.190117,-0.8255081,-7.20076,-4.043831,3.296196,-1.92186,0.3312836,-0.981369,3.971481,-0.8953018,2.969551,-0.8117676
38.758331298828125,,,,,,,,,,,,,,,0.5779037,-0.9953995,3.367416,0.02259064,4.00029,-0.3199768,5.900131,-1.001091,6.026684,-0.8856506,5.005409,-0.9391556,3.743839,-0.7531815,3.176445,-0.8440628,-7.191971,-4.036018,3.28936,-1.931625,0.3195648,-0.9764862,3.949997,-0.8865128,2.963692,-0.8283691
38.766666666666666,-1.0,42.0,-25.0,-83.0,-3.0,-859.0,-11.0,-4240.0,-3.0,-7979.0,-6.0,-867.0,-1.0,-2423.0,,,,,,,,,,,,,,,,,,,,,,,,,,
38.76667022705078,,,,,,,,,,,,,,,0.5739975,-0.9905167,3.36058,0.01087189,3.973923,-0.3248596,5.891342,-1.005974,6.010082,-0.8885803,4.99662,-0.9372025,3.731144,-0.7502518,3.162773,-0.8587112,-7.185135,-4.029182,3.278618,-1.937485,0.3088226,-0.9706268,3.928513,-0.8826065,2.957832,-0.8430176
38.775001525878906,,,,,,,,,,,,,,,0.5710678,-0.9836807,3.349838,-0.00377655,3.952438,-0.3287659,5.881577,-1.00695,5.992504,-0.8954163,4.988808,-0.9352493,3.719425,-0.7502518,3.153008,-0.8684769,-7.184158,-4.0243,3.266899,-1.942368,0.2961273,-0.9676971,3.902145,-0.8816299,2.949043,-0.8527832
38.783329010009766,,,,,,,,,,,,,,,0.5700912,-0.9778214,3.33812,-0.02428436,3.930954,-0.3356018,5.871811,-1.003044,5.975903,-0.9042053,4.982948,-0.9372025,3.70673,-0.7502518,3.144218,-0.8714066,-7.184158,-4.01844,3.256157,-1.946274,0.2805023,-0.965744,3.877731,-0.8874893,2.935371,-0.8596191
38.79167175292969,,,,,,,,,,,,,,,0.5691147,-0.9690323,3.327377,-0.04576874,3.917282,-0.3404846,5.858139,-0.9942551,5.961254,-0.9129944,4.974159,-0.938179,3.690128,-0.7522049,3.141289,-0.8665237,-7.190018,-4.010628,3.241508,-1.943344,0.2687836,-0.9637909,3.856247,-0.8992081,2.91877,-0.8635254
38.79999923706055,,,,,,,,,,,,,,,0.566185,-0.9602432,3.321518,-0.06334686,3.908493,-0.3453674,5.843491,-0.985466,5.945629,-0.9208069,4.96537,-0.9372025,3.677433,-0.7600174,3.139336,-0.854805,-7.199783,-4.002815,3.227837,-1.939438,0.2551117,-0.9667206,3.838669,-0.9148331,2.904121,-0.8684082
38.8,0.0,44.0,-24.0,-82.0,-4.0,-866.0,-11.0,-4245.0,-3.0,-7988.0,-6.0,-869.0,-2.0,-2427.0,,,,,,,,,,,,,,,,,,,,,,,,,,
38.80833053588867,,,,,,,,,,,,,,,0.5622787,-0.9553604,3.318588,-0.07701874,3.904587,-0.3492737,5.829819,-0.9776535,5.934887,-0.9305725,4.957558,-0.9342728,3.663761,-0.769783,3.136406,-0.83918,-7.207596,-3.992073,3.212212,-1.935532,0.2424164,-0.9735565,3.821091,-0.9333878,2.88752,-0.8762207
38.81666946411133,,,,,,,,,,,,,,,0.5593491,-0.9553604,3.316635,-0.08385468,3.904587,-0.3522034,5.81517,-0.9737473,5.925121,-0.9403381,4.948769,-0.9264603,3.648136,-0.7795486,3.135429,-0.8255081,-7.216385,-3.979378,3.202446,-1.933578,0.2306976,-0.9852753,3.807419,-0.9490128,2.877754,-0.8859863
38.82500076293945,,,,,,,,,,,,,,,0.5544662,-0.9592667,3.317612,-0.08287811,3.908493,-0.3531799,5.805405,-0.9737473,5.916332,-0.9481506,4.939003,-0.9176712,3.636417,-0.7893143,3.134453,-0.8137894,-7.222244,-3.966682,3.19561,-1.932602,0.2219086,-0.9989471,3.79863,-0.9568253,2.871895,-0.8996582
38.83332824707031,,,,,,,,,,,,,,,0.5525131,-0.965126,3.317612,-0.07701874,3.912399,-0.3561096,5.794662,-0.9757004,5.910473,-0.9549866,4.930214,-0.9088821,3.622746,-0.7951736,3.130547,-0.8050003,-7.227127,-3.954964,3.191704,-1.933578,0.2160492,-1.013596,3.788864,-0.9548721,2.867012,-0.9172363
38.833333333333336,0.0,43.0,-24.0,-84.0,-4.0,-869.0,-11.0,-4251.0,-3.0,-7995.0,-5.0,-869.0,-2.0,-2429.0,,,,,,,,,,,,,,,,,,,,,,,,,,
38.841670989990234,,,,,,,,,,,,,,,0.55056,-0.9729385,3.318588,-0.06822968,3.916306,-0.3609924,5.787827,-0.9815598,5.904613,-0.9618225,4.917519,-0.8991165,3.612003,-0.7951736,3.12957,-0.8040237,-7.230057,-3.947151,3.191704,-1.938461,0.2131195,-1.029221,3.783005,-0.9431534,2.867012,-0.9367676
38.849998474121094,,,,,,,,,,,,,,,0.5476303,-0.9797745,3.318588,-0.05748749,3.920212,-0.3688049,5.781967,-0.9874191,5.896801,-0.9627991,4.906776,-0.8942337,3.601261,-0.7912674,3.12664,-0.80793,-7.232986,-3.946175,3.19561,-1.942368,0.2111664,-1.038986,3.773239,-0.9245987,2.861153,-0.951416
38.85832977294922,,,,,,,,,,,,,,,0.5456772,-0.9866104,3.313705,-0.04869843,3.920212,-0.3785706,5.774155,-0.9923019,5.889965,-0.9608459,4.895058,-0.8961868,3.593449,-0.7834549,3.122734,-0.8176956,-7.23494,-3.950081,3.202446,-1.945297,0.2131195,-1.042892,3.763474,-0.8992081,2.85334,-0.9631348
38.86666666666667,0.0,42.0,-25.0,-87.0,-4.0,-867.0,-11.0,-4253.0,-3.0,-8000.0,-6.0,-868.0,-2.0,-2433.0,,,,,,,,,,,,,,,,,,,,,,,,,,
38.866668701171875,,,,,,,,,,,,,,,0.5427475,-0.9905167,3.307846,-0.04479218,3.917282,-0.3893127,5.767319,-0.9991379,5.881176,-0.9559631,4.884315,-0.9039993,3.58466,-0.776619,3.116875,-0.8284378,-7.240799,-3.959846,3.203423,-1.944321,0.2111664,-1.040939,3.748825,-0.8728409,2.846504,-0.9660645
38.875,,,,,,,,,,,,,,,0.5388412,-0.9905167,3.297104,-0.04381561,3.911423,-0.4000549,5.757553,-1.002068,5.872387,-0.9461975,4.873573,-0.9147415,3.575871,-0.7727127,3.111015,-0.8401566,-7.247635,-3.970589,3.203423,-1.938461,0.2072601,-1.033127,3.735153,-0.8503799,2.832832,-0.9572754
38.883331298828125,,,,,,,,,,,,,,,0.5359116,-0.9895401,3.286362,-0.04479218,3.902634,-0.4068909,5.746811,-1.005974,5.861645,-0.9325256,4.863808,-0.92939,3.564152,-0.7707596,3.099297,-0.8557816,-7.258377,-3.981331,3.203423,-1.930649,0.2014008,-1.019455,3.721481,-0.8357315,2.824043,-0.9406738
38.89167022705078,,,,,,,,,,,,,,,0.5300522,-0.9856339,3.274643,-0.04869843,3.894821,-0.4068909,5.733139,-1.010857,5.847973,-0.9198303,4.856972,-0.9430618,3.551456,-0.7727127,3.085625,-0.8675003,-7.268143,-3.989143,3.19561,-1.917953,0.1916351,-1.00676,3.706833,-0.8259659,2.818184,-0.9182129
38.9,0.0,45.0,-25.0,-93.0,-4.0,-867.0,-11.0,-4256.0,-2.0,-8004.0,-6.0,-869.0,-2.0,-2439.0,,,,,,,,,,,,,,,,,,,,,,,,,,
38.900001525878906,,,,,,,,,,,,,,,0.5261459,-0.9827042,3.263901,-0.05358124,3.885056,-0.4020081,5.718491,-1.016716,5.835278,-0.9081116,4.847206,-0.9528275,3.537785,-0.776619,3.07,-0.8782425,-7.282791,-3.992073,3.191704,-1.902328,0.1769867,-0.9989471,3.691208,-0.8240128,2.815254,-0.895752
38.908329010009766,,,,,,,,,,,,,,,0.5232162,-0.980751,3.251205,-0.0545578,3.873337,-0.3941956,5.704819,-1.022575,5.821606,-0.8963928,4.841347,-0.9577103,3.521183,-0.7805252,3.050468,-0.8909378,-7.292557,-3.989143,3.184868,-1.88768,0.1623383,-0.9950409,3.679489,-0.8259659,2.821114,-0.8723145
38.91667175292969,,,,,,,,,,,,,,,0.5212631,-0.9797745,3.242416,-0.05553436,3.860641,-0.3815002,5.689194,-1.025505,5.80891,-0.8866272,4.832558,-0.9547806,3.507511,-0.7834549,3.03289,-0.90168,-7.305252,-3.982307,3.179008,-1.870102,0.1506195,-0.9960175,3.666794,-0.827919,2.826973,-0.8547363
38.92499923706055,,,,,,,,,,,,,,,0.5173569,-0.9797745,3.23558,-0.05553436,3.849899,-0.3648987,5.676498,-1.025505,5.794262,-0.8807678,4.822792,-0.9459915,3.495792,-0.7824783,3.016289,-0.9094925,-7.314041,-3.974495,3.172173,-1.855453,0.1418304,-1.004807,3.656052,-0.8328018,2.835762,-0.8449707
38.93333053588867,,,,,,,,,,,,,,,0.5114975,-0.9817276,3.230698,-0.05065155,3.837204,-0.3482971,5.666733,-1.022575,5.784496,-0.8749084,4.813026,-0.9313431,3.484074,-0.7746658,3.002617,-0.9182816,-7.318924,-3.968636,3.16436,-1.839828,0.1330414,-1.017502,3.648239,-0.8406143,2.837715,-0.8400879
38.93333333333333,0.0,46.0,-25.0,-97.0,-4.0,-867.0,-11.0,-4257.0,-3.0,-8008.0,-5.0,-870.0,-2.0,-2446.0,,,,,,,,,,,,,,,,,,,,,,,,,,
38.94166946411133,,,,,,,,,,,,,,,0.5056381,-0.9827042,3.226791,-0.04479218,3.823532,-0.3316956,5.657944,-1.016716,5.773754,-0.8670959,4.802284,-0.9157181,3.475285,-0.760994,2.994804,-0.9231644,-7.323807,-3.963753,3.157524,-1.82518,0.1242523,-1.034103,3.641403,-0.8484268,2.833809,-0.8352051
38.95000076293945,,,,,,,,,,,,,,,0.4997787,-0.9817276,3.223862,-0.03990936,3.805954,-0.3190002,5.652084,-1.00695,5.764965,-0.8563538,4.792519,-0.8991165,3.469425,-0.745369,2.989922,-0.9251175,-7.326736,-3.962776,3.143852,-1.813461,0.1174164,-1.050705,3.635544,-0.8581924,2.823067,-0.8352051
38.95832824707031,,,,,,,,,,,,,,,0.4900131,-0.980751,3.220932,-0.03600311,3.786423,-0.3082581,5.644272,-0.9962082,5.757153,-0.8417053,4.784706,-0.8815384,3.465519,-0.7307205,2.989922,-0.9260941,-7.330643,-3.964729,3.13311,-1.805649,0.1096039,-1.06633,3.634567,-0.8718643,2.805489,-0.8381348
38.96666666666667,0.0,45.0,-25.0,-94.0,-4.0,-864.0,-11.0,-4257.0,-2.0,-8008.0,-5.0,-870.0,-3.0,-2449.0,,,,,,,,,,,,,,,,,,,,,,,,,,
38.966670989990234,,,,,,,,,,,,,,,0.4822006,-0.9787979,3.218002,-0.03307343,3.768845,-0.299469,5.639389,-0.9874191,5.747387,-0.8270569,4.776894,-0.8649368,3.462589,-0.7170486,2.993828,-0.9221878,-7.334549,-3.968636,3.122368,-1.807602,0.09886169,-1.080002,3.633591,-0.8894424,2.783028,-0.8361816
38.974998474121094,,,,,,,,,,,,,,,0.4734116,-0.9817276,3.21312,-0.03307343,3.751266,-0.2936096,5.6306,-0.9796066,5.734692,-0.8114319,4.772011,-0.851265,3.458683,-0.7082596,2.993828,-0.9143753,-7.338455,-3.974495,3.110649,-1.816391,0.08518982,-1.091721,3.631638,-0.9070206,2.758614,-0.8342285
38.98332977294922,,,,,,,,,,,,,,,0.4646225,-0.9866104,3.209213,-0.03697968,3.734665,-0.2897034,5.621811,-0.9757004,5.72102,-0.79776,4.761269,-0.8414993,3.455753,-0.707283,2.994804,-0.9046097,-7.346268,-3.980354,3.10479,-1.831039,0.07249451,-1.098557,3.631638,-0.9245987,2.737129,-0.8342285
38.991668701171875,,,,,,,,,,,,,,,0.4587631,-0.9944229,3.205307,-0.04088593,3.720993,-0.2906799,5.611069,-0.9757004,5.707348,-0.7889709,4.75248,-0.8327103,3.451847,-0.7121658,2.991875,-0.8919144,-7.35408,-3.989143,3.09893,-1.852524,0.05979919,-1.101486,3.627731,-0.9343643,2.719551,-0.8361816
39.0,0.0,44.0,-25.0,-86.0,-5.0,-863.0,-11.0,-4258.0,-2.0,-8011.0,-6.0,-871.0,-3.0,-2451.0,0.4538803,-1.005165,3.201401,-0.04479218,3.712204,-0.2945862,5.601303,-0.9757004,5.68977,-0.7860413,4.741737,-0.8268509,3.445988,-0.7238846,2.986015,-0.8801956,-7.358963,-4.001839,3.096977,-1.874008,0.04808044,-1.10051,3.620895,-0.9412003,2.705879,-0.8391113
39.008331298828125,,,,,,,,,,,,,,,0.4519272,-1.016884,3.195541,-0.05065155,3.706345,-0.2975159,5.593491,-0.9747238,5.673168,-0.7899475,4.728065,-0.8229446,3.438175,-0.7414627,2.979179,-0.8714066,-7.366776,-4.016487,3.096977,-1.895493,0.03929138,-1.09465,3.610153,-0.9421768,2.70002,-0.8410645
39.01667022705078,,,,,,,,,,,,,,,0.4509506,-1.027626,3.191635,-0.05553436,3.702438,-0.3004456,5.588608,-0.9727707,5.656567,-0.8006897,4.713417,-0.8190384,3.429386,-0.7619705,2.971367,-0.8655472,-7.369705,-4.033089,3.096001,-1.910141,0.02854919,-1.085861,3.598434,-0.9363174,2.695137,-0.8430176
39.025001525878906,,,,,,,,,,,,,,,0.4509506,-1.034462,3.186752,-0.05651093,3.699509,-0.3033752,5.582748,-0.9688644,5.638012,-0.8153381,4.698769,-0.8209915,3.418644,-0.7815018,2.963554,-0.8626175,-7.374588,-4.050667,3.096977,-1.91893,0.01487732,-1.075119,3.586716,-0.9324112,2.696114,-0.8439941
39.033329010009766,,,,,,,,,,,,,,,0.4529037,-1.037392,3.179916,-0.05260468,3.698532,-0.3053284,5.581772,-0.9620285,5.623363,-0.8280334,4.689003,-0.8248978,3.406925,-0.8029861,2.956718,-0.8626175,-7.377518,-4.064339,3.094048,-1.91893,0.002182007,-1.061447,3.573044,-0.9285049,2.69709,-0.8430176
39.03333333333333,0.0,43.0,-26.0,-80.0,-4.0,-863.0,-11.0,-4263.0,-2.0,-8011.0,-6.0,-871.0,-3.0,-2455.0,,,,,,,,,,,,,,,,,,,,,,,,,,
39.04167175292969,,,,,,,,,,,,,,,0.4558334,-1.034462,3.175034,-0.04869843,3.693649,-0.3063049,5.577866,-0.9503098,5.608715,-0.8407288,4.679237,-0.8307571,3.395206,-0.8205643,2.952812,-0.8645706,-7.383377,-4.076057,3.088188,-1.913071,-0.01148987,-1.049728,3.559372,-0.9294815,2.696114,-0.8410645
39.04999923706055,,,,,,,,,,,,,,,0.4548569,-1.027626,3.164291,-0.04186249,3.693649,-0.3072815,5.573959,-0.9376144,5.59309,-0.8495178,4.672401,-0.8405228,3.384464,-0.8342361,2.948906,-0.8665237,-7.387283,-4.084846,3.078423,-1.903305,-0.02516174,-1.03801,3.547653,-0.937294,2.698067,-0.8400879
39.05833053588867,,,,,,,,,,,,,,,0.4509506,-1.018837,3.156479,-0.02916718,3.691696,-0.3131409,5.566147,-0.9268723,5.584301,-0.8544006,4.669472,-0.8532181,3.370792,-0.8400955,2.943047,-0.8655472,-7.397049,-4.087776,3.064751,-1.892563,-0.04273987,-1.028244,3.533981,-0.9470596,2.695137,-0.8352051
39.06666666666667,0.0,46.0,-26.0,-76.0,-4.0,-863.0,-10.0,-4264.0,-2.0,-8009.0,-6.0,-871.0,-3.0,-2457.0,,,,,,,,,,,,,,,,,,,,,,,,,,
39.06666946411133,,,,,,,,,,,,,,,0.4460678,-1.008095,3.14476,-0.01451874,3.69072,-0.3209534,5.556381,-0.9180832,5.575512,-0.8524475,4.665565,-0.8698196,3.361027,-0.8420486,2.933281,-0.8596878,-7.409744,-4.085823,3.049126,-1.883774,-0.05250549,-1.018478,3.521286,-0.9626846,2.69416,-0.833252
39.07500076293945,,,,,,,,,,,,,,,0.4392319,-0.9953995,3.134018,-0.0008468628,3.68779,-0.3346252,5.541733,-0.9151535,5.571606,-0.8426819,4.661659,-0.8883743,3.349308,-0.8400955,2.920586,-0.8508987,-7.41951,-4.078987,3.030571,-1.875961,-0.06324768,-1.010666,3.509567,-0.9763565,2.690254,-0.8342285
39.08332824707031,,,,,,,,,,,,,,,0.4265366,-0.9846573,3.122299,0.01282501,3.68486,-0.3502502,5.525131,-0.9161301,5.569653,-0.82901,4.656776,-0.9039993,3.341496,-0.8313065,2.903984,-0.8421097,-7.433182,-4.072151,3.015923,-1.868149,-0.07496643,-1.00383,3.500778,-0.9880753,2.686348,-0.8352051
39.091670989990234,,,,,,,,,,,,,,,0.4187241,-0.9787979,3.112534,0.02161407,3.679977,-0.3678284,5.50853,-0.922966,5.569653,-0.8153381,4.64994,-0.9127884,3.332706,-0.8176346,2.884453,-0.8303909,-7.443924,-4.063362,3.00518,-1.864243,-0.08863831,-0.9989471,3.490036,-0.9958878,2.679512,-0.8361816
39.099998474121094,,,,,,,,,,,,,,,0.4089584,-0.9787979,3.105698,0.02063751,3.674118,-0.3834534,5.491928,-0.9307785,5.567699,-0.7987366,4.638222,-0.9186478,3.325871,-0.8049393,2.861992,-0.8196487,-7.45369,-4.050667,3.002251,-1.860336,-0.1032867,-0.9960175,3.48613,-0.9978409,2.670723,-0.8391113
39.1,0.0,45.0,-26.0,-75.0,-5.0,-867.0,-10.0,-4266.0,-2.0,-8008.0,-6.0,-869.0,-3.0,-2460.0,,,,,,,,,,,,,,,,,,,,,,,,,,
39.10832977294922,,,,,,,,,,,,,,,0.4021225,-0.980751,3.100815,0.009895325,3.664352,-0.3922424,5.479233,-0.938591,5.565746,-0.7840881,4.626503,-0.9215775,3.321964,-0.7941971,2.840508,-0.8128128,-7.463455,-4.035042,3.004204,-1.855453,-0.1189117,-0.9930878,3.481247,-0.9939346,2.659004,-0.8410645
39.116668701171875,,,,,,,,,,,,,,,0.3962631,-0.9856339,3.098862,-0.008659363,3.652634,-0.3941956,5.470444,-0.9473801,5.560863,-0.7723694,4.616737,-0.9206009,3.319035,-0.7863846,2.821953,-0.8059769,-7.468338,-4.017464,3.01104,-1.847641,-0.138443,-0.9911346,3.482224,-0.9861221,2.651192,-0.8410645
39.125,,,,,,,,,,,,,,,0.3933334,-0.9953995,3.098862,-0.03697968,3.641891,-0.3854065,5.464584,-0.9512863,5.554028,-0.7645569,4.605019,-0.9196243,3.317081,-0.7863846,2.807304,-0.8040237,-7.472244,-3.997932,3.017876,-1.837875,-0.1599274,-0.9901581,3.481247,-0.9753799,2.63752,-0.8400879
39.133331298828125,,,,,,,,,,,,,,,0.3894272,-1.004189,3.100815,-0.0701828,3.632126,-0.3707581,5.462631,-0.9512863,5.545238,-0.7586975,4.594276,-0.9196243,3.314152,-0.7941971,2.796562,-0.8059769,-7.475174,-3.979378,3.019829,-1.823227,-0.1775055,-0.9862518,3.48027,-0.9626846,2.628731,-0.8381348
39.13333333333333,0.0,42.0,-27.0,-75.0,-5.0,-872.0,-9.0,-4268.0,-3.0,-8011.0,-6.0,-866.0,-3.0,-2463.0,,,,,,,,,,,,,,,,,,,,,,,,,,
39.14167022705078,,,,,,,,,,,,,,,0.3874741,-1.009071,3.103745,-0.09947968,3.62236,-0.3512268,5.460678,-0.9493332,5.53352,-0.7547913,4.58744,-0.9206009,3.313175,-0.8059158,2.790703,-0.8069534,-7.480057,-3.9618,3.017876,-1.810532,-0.1950836,-0.9794159,3.476364,-0.9460831,2.620918,-0.8361816
39.150001525878906,,,,,,,,,,,,,,,0.3845444,-1.010048,3.104721,-0.1238937,3.615524,-0.3287659,5.458725,-0.9454269,5.517895,-0.750885,4.581581,-0.9264603,3.310246,-0.8225174,2.789726,-0.8059769,-7.485916,-3.946175,3.009087,-1.800766,-0.2116852,-0.9686737,3.470505,-0.9304581,2.615059,-0.8352051
39.158329010009766,,,,,,,,,,,,,,,0.3816147,-1.005165,3.105698,-0.1375656,3.609665,-0.3072815,5.454819,-0.9424973,5.50227,-0.7450256,4.575722,-0.9313431,3.307316,-0.8400955,2.790703,-0.8030472,-7.494705,-3.939339,2.995415,-1.792953,-0.2243805,-0.9559784,3.459763,-0.9158096,2.607246,-0.8322754
39.166666666666664,0.0,35.0,-26.0,-76.0,-5.0,-878.0,-9.0,-4272.0,-3.0,-8017.0,-6.0,-864.0,-2.0,-2460.0,,,,,,,,,,,,,,,,,,,,,,,,,,
39.16667175292969,,,,,,,,,,,,,,,0.378685,-0.9934464,3.103745,-0.1375656,3.603806,-0.2897034,5.445053,-0.9415207,5.483715,-0.7381897,4.571815,-0.9352493,3.301456,-0.854744,2.795586,-0.7991409,-7.506424,-3.940315,2.975883,-1.792953,-0.2380524,-0.9403534,3.444138,-0.9040909,2.599434,-0.8322754
39.17499923706055,,,,,,,,,,,,,,,0.3747787,-0.980751,3.096909,-0.1268234,3.601852,-0.2760315,5.434311,-0.9405441,5.462231,-0.7333069,4.568886,-0.9342728,3.294621,-0.8645096,2.802422,-0.7942581,-7.514236,-3.946175,2.958305,-1.799789,-0.2497711,-0.925705,3.428513,-0.8953018,2.589668,-0.8342285
39.18333053588867,,,,,,,,,,,,,,,0.3679428,-0.9690323,3.08812,-0.1072922,3.597946,-0.2643127,5.420639,-0.9395676,5.442699,-0.7303772,4.564003,-0.9284134,3.285831,-0.8664627,2.808281,-0.7874222,-7.523026,-3.960823,2.939751,-1.812485,-0.2585602,-0.9139862,3.405075,-0.8894424,2.576973,-0.8352051
39.19166946411133,,,,,,,,,,,,,,,0.36306,-0.9592667,3.075424,-0.0858078,3.595993,-0.2555237,5.405014,-0.9395676,5.422192,-0.7294006,4.560097,-0.9215775,3.278996,-0.8606033,2.815117,-0.7776566,-7.526932,-3.979378,2.925102,-1.829086,-0.2644196,-0.9051971,3.385544,-0.8894424,2.564278,-0.842041
39.2,0.0,28.0,-26.0,-76.0,-5.0,-885.0,-9.0,-4279.0,-3.0,-8023.0,-5.0,-859.0,-2.0,-2461.0,,,,,,,,,,,,,,,,,,,,,,,,,,
39.20000076293945,,,,,,,,,,,,,,,0.3552475,-0.9514542,3.059799,-0.0623703,3.59404,-0.2496643,5.387436,-0.9395676,5.404613,-0.7333069,4.553261,-0.9127884,3.270206,-0.8498611,2.820976,-0.7688675,-7.522049,-3.997932,2.910454,-1.847641,-0.2693024,-0.9022675,3.363083,-0.8913956,2.550606,-0.8508301
39.20832824707031,,,,,,,,,,,,,,,0.3493881,-0.9514542,3.043198,-0.04186249,3.590134,-0.2447815,5.374741,-0.9395676,5.387035,-0.7430725,4.546425,-0.9039993,3.263371,-0.8342361,2.824883,-0.7639847,-7.514236,-4.013557,2.895805,-1.861313,-0.2702789,-0.9022675,3.345505,-0.8953018,2.54084,-0.8605957
39.216670989990234,,,,,,,,,,,,,,,0.3425522,-0.9573135,3.029526,-0.02623749,3.588181,-0.2398987,5.363022,-0.9415207,5.376293,-0.7567444,4.535683,-0.8942337,3.258488,-0.8137283,2.825859,-0.7600784,-7.499588,-4.022346,2.88018,-1.868149,-0.2693024,-0.9071503,3.328903,-0.9011612,2.532051,-0.873291
39.224998474121094,,,,,,,,,,,,,,,0.3366928,-0.9670792,3.018784,-0.01647186,3.585251,-0.236969,5.356186,-0.9444504,5.369457,-0.7704163,4.523964,-0.8893509,3.255558,-0.7971268,2.824883,-0.7591019,-7.483963,-4.026253,2.867485,-1.869125,-0.2693024,-0.9130096,3.317184,-0.906044,2.523262,-0.8869629
39.23332977294922,,,,,,,,,,,,,,,0.3308334,-0.9778214,3.011948,-0.01256561,3.581345,-0.2340393,5.34935,-0.9493332,5.364574,-0.782135,4.506386,-0.8893509,3.255558,-0.7795486,2.819023,-0.7620316,-7.471268,-4.02137,2.855766,-1.861313,-0.2683258,-0.9198456,3.308395,-0.9089737,2.521309,-0.8977051
39.233333333333334,-1.0,20.0,-26.0,-75.0,-5.0,-889.0,-9.0,-4280.0,-3.0,-8029.0,-5.0,-855.0,-2.0,-2462.0,,,,,,,,,,,,,,,,,,,,,,,,,,
39.241668701171875,,,,,,,,,,,,,,,0.3279037,-0.9866104,3.008041,-0.01256561,3.576462,-0.2320862,5.345444,-0.9590988,5.361645,-0.7889709,4.486855,-0.8893509,3.255558,-0.7668533,2.811211,-0.7659378,-7.464432,-4.013557,2.847954,-1.846664,-0.2693024,-0.9266815,3.305466,-0.9089737,2.519356,-0.9064941
39.25,,,,,,,,,,,,,,,0.3269272,-0.9924698,3.009018,-0.01451874,3.567673,-0.2340393,5.340561,-0.969841,5.358715,-0.7899475,4.46537,-0.8883743,3.255558,-0.7629471,2.801445,-0.7747269,-7.461502,-3.999886,2.845024,-1.82811,-0.2722321,-0.9335175,3.305466,-0.9050674,2.518379,-0.911377
39.258331298828125,,,,,,,,,,,,,,,0.3210678,-0.9944229,3.010971,-0.01940155,3.554977,-0.2379456,5.332748,-0.9835129,5.355785,-0.7850647,4.445839,-0.8834915,3.252628,-0.7639236,2.787773,-0.7844925,-7.467361,-3.988167,2.84893,-1.809555,-0.2732086,-0.94133,3.305466,-0.8992081,2.518379,-0.9104004
39.266666666666666,-1.0,16.0,-27.0,-74.0,-5.0,-888.0,-9.0,-4280.0,-3.0,-8038.0,-4.0,-854.0,-2.0,-2459.0,,,,,,,,,,,,,,,,,,,,,,,,,,
39.26667022705078,,,,,,,,,,,,,,,0.3181381,-0.9905167,3.011948,-0.02721405,3.539352,-0.2428284,5.320053,-0.9971848,5.349926,-0.7782288,4.430214,-0.8747025,3.248722,-0.769783,2.775078,-0.7932816,-7.480057,-3.981331,2.855766,-1.792953,-0.2741852,-0.9481659,3.308395,-0.8933487,2.518379,-0.904541
39.275001525878906,,,,,,,,,,,,,,,0.3132553,-0.9827042,3.009018,-0.03600311,3.519821,-0.2535706,5.306381,-1.005974,5.344067,-0.7694397,4.417519,-0.8620071,3.242863,-0.7815018,2.762383,-0.8020706,-7.497635,-3.978401,2.866508,-1.782211,-0.2751617,-0.9491425,3.312302,-0.8884659,2.513496,-0.8937988
39.283329010009766,,,,,,,,,,,,,,,0.3083725,-0.9739151,3.003159,-0.04576874,3.498337,-0.2672424,5.28978,-1.011833,5.336254,-0.7586975,4.409706,-0.8463821,3.234074,-0.7961502,2.750664,-0.8089066,-7.517166,-3.980354,2.875298,-1.778305,-0.2751617,-0.9510956,3.313278,-0.8874893,2.510567,-0.8820801
39.29167175292969,,,,,,,,,,,,,,,0.3064194,-0.9631729,2.995346,-0.05260468,3.477829,-0.2857971,5.272202,-1.011833,5.329418,-0.7499084,4.40873,-0.828804,3.222355,-0.8098221,2.739922,-0.8128128,-7.534744,-3.986214,2.879204,-1.780258,-0.2761383,-0.9491425,3.314255,-0.8884659,2.499825,-0.8703613
39.29999923706055,,,,,,,,,,,,,,,0.3034897,-0.9543839,2.98851,-0.05944061,3.459274,-0.3063049,5.257553,-1.003044,5.324535,-0.7411194,4.40873,-0.813179,3.20966,-0.8195877,2.732109,-0.8137894,-7.548416,-3.99305,2.88018,-1.789047,-0.2751617,-0.9442596,3.312302,-0.8962784,2.485176,-0.857666
39.3,-1.0,12.0,-27.0,-75.0,-4.0,-886.0,-10.0,-4282.0,-3.0,-8049.0,-5.0,-859.0,-2.0,-2458.0,,,,,,,,,,,,,,,,,,,,,,,,,,
39.30833053588867,,,,,,,,,,,,,,,0.3025131,-0.949501,2.980698,-0.06334686,3.447556,-0.3258362,5.245834,-0.9883957,5.322582,-0.7303772,4.40873,-0.8014603,3.196964,-0.8225174,2.725273,-0.8098831,-7.558182,-4.002815,2.873344,-1.802719,-0.279068,-0.9364471,3.309372,-0.906044,2.465645,-0.8459473
39.31666946411133,,,,,,,,,,,,,,,0.3044662,-0.9485245,2.976791,-0.06822968,3.436813,-0.3443909,5.237045,-0.9708176,5.322582,-0.7157288,4.407753,-0.7946243,3.186222,-0.816658,2.719414,-0.8020706,-7.561111,-4.011604,2.861626,-1.816391,-0.2917633,-0.9296112,3.302536,-0.9158096,2.44416,-0.8391113
39.32500076293945,,,,,,,,,,,,,,,0.3083725,-0.9504776,2.975815,-0.0701828,3.432907,-0.3570862,5.231186,-0.9493332,5.324535,-0.6991272,4.403847,-0.7956009,3.17841,-0.8039627,2.715508,-0.7942581,-7.560135,-4.016487,2.846977,-1.831039,-0.3015289,-0.9247284,3.290817,-0.9265518,2.4217,-0.8342285
39.33332824707031,,,,,,,,,,,,,,,0.3122787,-0.9543839,2.977768,-0.0701828,3.431931,-0.3609924,5.229233,-0.9298019,5.328442,-0.6786194,4.397987,-0.8014603,3.171574,-0.7834549,2.710625,-0.7854691,-7.556229,-4.017464,2.831352,-1.841782,-0.3181305,-0.9217987,3.280075,-0.9324112,2.408028,-0.8342285
39.333333333333336,-1.0,9.0,-26.0,-78.0,-4.0,-886.0,-10.0,-4285.0,-3.0,-8060.0,-5.0,-865.0,-2.0,-2463.0,,,,,,,,,,,,,,,,,,,,,,,,,,
39.341670989990234,,,,,,,,,,,,,,,0.3142319,-0.9592667,2.981674,-0.07115936,3.429977,-0.3551331,5.228256,-0.9161301,5.331371,-0.657135,4.388222,-0.8102493,3.166691,-0.7619705,2.703789,-0.7757034,-7.550369,-4.015511,2.815727,-1.847641,-0.3366852,-0.9247284,3.26445,-0.9333878,2.396309,-0.8381348
39.349998474121094,,,,,,,,,,,,,,,0.3132553,-0.9631729,2.98558,-0.07115936,3.427048,-0.3443909,5.228256,-0.9044113,5.331371,-0.6376038,4.379433,-0.8209915,3.164738,-0.7395096,2.698906,-0.7669144,-7.545486,-4.012581,2.803032,-1.848618,-0.3523102,-0.9305878,3.246872,-0.9304581,2.39045,-0.8391113
39.35832977294922,,,,,,,,,,,,,,,0.3064194,-0.9670792,2.98851,-0.07115936,3.423141,-0.3258362,5.228256,-0.8985519,5.328442,-0.6210022,4.369667,-0.8327103,3.163761,-0.7209549,2.691093,-0.761055,-7.542557,-4.006721,2.790337,-1.843735,-0.3640289,-0.9354706,3.229294,-0.9236221,2.395332,-0.8400879
39.36666666666667,-1.0,9.0,-25.0,-79.0,-4.0,-885.0,-10.0,-4290.0,-4.0,-8070.0,-5.0,-871.0,-2.0,-2465.0,,,,,,,,,,,,,,,,,,,,,,,,,,
39.366668701171875,,,,,,,,,,,,,,,0.2966537,-0.9680557,2.98558,-0.07311249,3.416306,-0.3082581,5.228256,-0.8985519,5.322582,-0.6092834,4.360878,-0.844429,3.163761,-0.7043533,2.683281,-0.7581253,-7.54158,-3.997932,2.778618,-1.834946,-0.372818,-0.94133,3.211716,-0.9158096,2.403145,-0.8439941
39.375,,,,,,,,,,,,,,,0.2868881,-0.9670792,2.984604,-0.07604218,3.410446,-0.2936096,5.225327,-0.9014816,5.309887,-0.6034241,4.353065,-0.8522415,3.159855,-0.6955643,2.677422,-0.7561722,-7.539627,-3.989143,2.767876,-1.82518,-0.3737946,-0.9481659,3.196091,-0.9099503,2.414864,-0.8459473
39.383331298828125,,,,,,,,,,,,,,,0.2751694,-0.9641495,2.976791,-0.07701874,3.401657,-0.2818909,5.22142,-0.9053879,5.295238,-0.5995178,4.34623,-0.860054,3.153019,-0.6887283,2.669609,-0.7581253,-7.543533,-3.982307,2.756157,-1.816391,-0.3737946,-0.9520721,3.175583,-0.9050674,2.424629,-0.8469238
39.39167022705078,,,,,,,,,,,,,,,0.2644272,-0.9573135,2.970932,-0.07701874,3.395798,-0.2770081,5.213608,-0.907341,5.276684,-0.5995178,4.34037,-0.8639603,3.145206,-0.682869,2.665703,-0.7630081,-7.548416,-3.979378,2.741508,-1.812485,-0.3698883,-0.9540253,3.158981,-0.9011612,2.435371,-0.848877
39.4,-1.0,8.0,-24.0,-80.0,-4.0,-883.0,-10.0,-4295.0,-4.0,-8079.0,-6.0,-874.0,-2.0,-2465.0,,,,,,,,,,,,,,,,,,,,,,,,,,
39.400001525878906,,,,,,,,,,,,,,,0.2556381,-0.949501,2.96312,-0.07604218,3.390915,-0.2770081,5.202866,-0.9092941,5.257153,-0.6024475,4.336464,-0.8649368,3.135441,-0.6799393,2.66375,-0.7678909,-7.558182,-3.976448,2.725883,-1.813461,-0.3698883,-0.9559784,3.14238,-0.8953018,2.440254,-0.8498535
39.408329010009766,,,,,,,,,,,,,,,0.2527084,-0.940712,2.958237,-0.07506561,3.387985,-0.2770081,5.187241,-0.9102707,5.237621,-0.6053772,4.331581,-0.8629837,3.123722,-0.676033,2.662773,-0.7737503,-7.568924,-3.974495,2.709282,-1.819321,-0.3747711,-0.9598846,3.123825,-0.8874893,2.443184,-0.8498535
39.41667175292969,,,,,,,,,,,,,,,0.253685,-0.9319229,2.953354,-0.07213593,3.384079,-0.2760315,5.169662,-0.9092941,5.217113,-0.6092834,4.327675,-0.8571243,3.112003,-0.6731033,2.659843,-0.7805862,-7.583572,-3.974495,2.694633,-1.830063,-0.3855133,-0.9637909,3.103317,-0.874794,2.436348,-0.848877
39.42499923706055,,,,,,,,,,,,,,,0.2575912,-0.9260635,2.948471,-0.06822968,3.381149,-0.2740784,5.147202,-0.9102707,5.199535,-0.6151428,4.320839,-0.8493118,3.099308,-0.6731033,2.65789,-0.7874222,-7.600174,-3.976448,2.682915,-1.843735,-0.4030914,-0.9745331,3.086716,-0.8572159,2.428535,-0.8449707
39.43333053588867,,,,,,,,,,,,,,,0.2624741,-0.925087,2.943588,-0.06041718,3.379196,-0.2691956,5.124741,-0.9141769,5.178051,-0.6229553,4.31498,-0.8385696,3.090519,-0.6731033,2.652031,-0.7932816,-7.618729,-3.978401,2.673149,-1.855453,-0.4245758,-0.9901581,3.072067,-0.8376846,2.413887,-0.8381348
39.43333333333333,-1.0,6.0,-24.0,-82.0,-4.0,-883.0,-10.0,-4297.0,-4.0,-8081.0,-7.0,-874.0,-3.0,-2465.0,,,,,,,,,,,,,,,,,,,,,,,,,,
39.44166946411133,,,,,,,,,,,,,,,0.26931,-0.9328995,2.940659,-0.05358124,3.373337,-0.2633362,5.104233,-0.9171066,5.160473,-0.6327209,4.307167,-0.828804,3.086613,-0.676033,2.646172,-0.7962112,-7.634354,-3.980354,2.665337,-1.865219,-0.4460602,-1.004807,3.061325,-0.8201065,2.393379,-0.8293457
39.45000076293945,,,,,,,,,,,,,,,0.2741928,-0.9436417,2.935776,-0.04576874,3.369431,-0.2604065,5.085678,-0.9190598,5.141918,-0.6463928,4.296425,-0.8209915,3.080753,-0.6799393,2.638359,-0.7981644,-7.649002,-3.982307,2.662407,-1.871078,-0.4646149,-1.021408,3.055466,-0.8103409,2.372871,-0.8205566
39.45832824707031,,,,,,,,,,,,,,,0.2771225,-0.9573135,2.930893,-0.03697968,3.363571,-0.2613831,5.073959,-0.9219894,5.128246,-0.6590881,4.287636,-0.8141556,3.079777,-0.6857986,2.628593,-0.8010941,-7.658768,-3.985237,2.663383,-1.870102,-0.4812164,-1.037033,3.056442,-0.8093643,2.35041,-0.8137207
39.46666666666667,-1.0,3.0,-25.0,-82.0,-5.0,-885.0,-9.0,-4299.0,-3.0,-8083.0,-7.0,-872.0,-2.0,-2468.0,,,,,,,,,,,,,,,,,,,,,,,,,,
39.466670989990234,,,,,,,,,,,,,,,0.2790756,-0.9739151,2.92308,-0.02916718,3.358688,-0.268219,5.06517,-0.9249191,5.116528,-0.67276,4.276894,-0.8112259,3.076847,-0.6936111,2.620781,-0.8020706,-7.661697,-3.989143,2.670219,-1.867172,-0.4909821,-1.048752,3.057419,-0.8162003,2.329903,-0.810791
39.474998474121094,,,,,,,,,,,,,,,0.2771225,-0.9885635,2.919174,-0.01842499,3.352829,-0.2818909,5.064194,-0.9219894,5.107738,-0.688385,4.268105,-0.8141556,3.077824,-0.7024002,2.613945,-0.8010941,-7.658768,-3.995003,2.678032,-1.862289,-0.4948883,-1.055588,3.061325,-0.8308487,2.313301,-0.8117676
39.48332977294922,,,,,,,,,,,,,,,0.2741928,-0.9983292,2.913315,-0.006706238,3.347946,-0.2975159,5.06517,-0.9161301,5.102856,-0.7001038,4.261269,-0.8219681,3.076847,-0.714119,2.609062,-0.8001175,-7.652908,-4.002815,2.685844,-1.858383,-0.497818,-1.054611,3.064255,-0.8484268,2.298653,-0.8195801
39.491668701171875,,,,,,,,,,,,,,,0.2702866,-1.004189,2.907455,0.0001296997,3.34404,-0.3141174,5.0681,-0.9083176,5.103832,-0.7088928,4.256386,-0.8327103,3.077824,-0.7277908,2.604179,-0.7952347,-7.64119,-4.009651,2.69561,-1.85643,-0.4948883,-1.049728,3.064255,-0.8630753,2.285957,-0.8312988
39.5,-1.0,3.0,-25.0,-82.0,-5.0,-886.0,-9.0,-4304.0,-3.0,-8083.0,-7.0,-873.0,-2.0,-2473.0,0.2624741,-1.001259,2.899643,0.005989075,3.339157,-0.3297424,5.07103,-0.9005051,5.103832,-0.7176819,4.25248,-0.844429,3.074894,-0.7414627,2.600273,-0.7883987,-7.629471,-4.015511,2.701469,-1.858383,-0.4929352,-1.040939,3.060349,-0.8708878,2.274239,-0.8459473
39.508331298828125,,,,,,,,,,,,,,,0.2546616,-0.9944229,2.890854,0.009895325,3.332321,-0.3443909,5.069077,-0.8956223,5.102856,-0.7235413,4.250526,-0.8541946,3.073917,-0.7570877,2.59832,-0.7835159,-7.620682,-4.020393,2.699516,-1.865219,-0.497818,-1.027267,3.054489,-0.8699112,2.268379,-0.8605957
39.51667022705078,,,,,,,,,,,,,,,0.2448959,-0.9856339,2.881088,0.01184845,3.324509,-0.3551331,5.063217,-0.8936691,5.100903,-0.7274475,4.24955,-0.8620071,3.072941,-0.769783,2.594414,-0.7727737,-7.615799,-4.023323,2.688774,-1.875961,-0.5066071,-1.013596,3.047653,-0.8601456,2.264473,-0.873291
39.525001525878906,,,,,,,,,,,,,,,0.2341537,-0.9729385,2.871323,0.01380157,3.31572,-0.361969,5.052475,-0.8956223,5.094067,-0.7294006,4.251503,-0.8649368,3.069035,-0.7815018,2.592461,-0.7581253,-7.614822,-4.01844,2.672173,-1.88475,-0.5173492,-0.9999237,3.039841,-0.8474503,2.260567,-0.8820801
39.533329010009766,,,,,,,,,,,,,,,0.2253647,-0.9573135,2.86644,0.01477814,3.304001,-0.3648987,5.038803,-0.9005051,5.086254,-0.7303772,4.250526,-0.8620071,3.062199,-0.792244,2.588554,-0.7434769,-7.620682,-4.009651,2.649712,-1.896469,-0.5310211,-0.9862518,3.033981,-0.8367081,2.261543,-0.8859863
39.53333333333333,-1.0,6.0,-25.0,-84.0,-6.0,-888.0,-9.0,-4305.0,-3.0,-8084.0,-6.0,-872.0,-2.0,-2477.0,,,,,,,,,,,,,,,,,,,,,,,,,,
39.54167175292969,,,,,,,,,,,,,,,0.2155991,-0.9446182,2.861557,0.0157547,3.291306,-0.3678284,5.022202,-0.9044113,5.076488,-0.7254944,4.248573,-0.8541946,3.055363,-0.7981033,2.582695,-0.7268753,-7.632401,-3.997932,2.627251,-1.905258,-0.544693,-0.9755096,3.028122,-0.8269424,2.264473,-0.8850098
39.54999923706055,,,,,,,,,,,,,,,0.2097397,-0.933876,2.859604,0.01868439,3.282516,-0.3678284,5.006577,-0.9092941,5.06477,-0.719635,4.245644,-0.8454056,3.046574,-0.801033,2.578789,-0.7102737,-7.645096,-3.983284,2.60479,-1.911118,-0.5593414,-0.9706268,3.029099,-0.8210831,2.270332,-0.8762207
39.55833053588867,,,,,,,,,,,,,,,0.2077866,-0.9280167,2.859604,0.02454376,3.270798,-0.3668518,4.993881,-0.9112473,5.055004,-0.7127991,4.242714,-0.8346634,3.034855,-0.8020096,2.572929,-0.6946487,-7.661697,-3.965706,2.590141,-1.915024,-0.5652008,-0.9667206,3.029099,-0.8210831,2.278145,-0.8674316
39.56666666666667,-1.0,7.0,-25.0,-85.0,-6.0,-889.0,-9.0,-4302.0,-3.0,-8083.0,-6.0,-870.0,-2.0,-2483.0,,,,,,,,,,,,,,,,,,,,,,,,,,
39.56666946411133,,,,,,,,,,,,,,,0.2087631,-0.9260635,2.86058,0.02747345,3.260056,-0.361969,4.984116,-0.9044113,5.048168,-0.7049866,4.236855,-0.8268509,3.01923,-0.801033,2.566093,-0.6790237,-7.675369,-3.947151,2.584282,-1.917953,-0.5700836,-0.965744,3.033981,-0.8240128,2.281075,-0.857666
39.57500076293945,,,,,,,,,,,,,,,0.2136459,-0.9270401,2.86058,0.02747345,3.251266,-0.3551331,4.97728,-0.891716,5.040356,-0.6971741,4.230995,-0.8219681,3.002628,-0.7961502,2.556328,-0.667305,-7.687088,-3.932503,2.583305,-1.919907,-0.5691071,-0.9676971,3.037888,-0.8259659,2.283028,-0.8469238
39.58332824707031,,,,,,,,,,,,,,,0.2204819,-0.9328995,2.857651,0.02552032,3.243454,-0.346344,4.976303,-0.8780441,5.035473,-0.6913147,4.22123,-0.820015,2.987003,-0.7893143,2.545586,-0.6585159,-7.70076,-3.921761,2.589165,-1.920883,-0.5652008,-0.9686737,3.039841,-0.827919,2.281075,-0.8391113
39.591670989990234,,,,,,,,,,,,,,,0.2273178,-0.940712,2.851791,0.01966095,3.237595,-0.3395081,4.973373,-0.860466,5.028637,-0.688385,4.21244,-0.8209915,2.968449,-0.7785721,2.53582,-0.6536331,-7.710526,-3.911995,2.599907,-1.92186,-0.5612946,-0.9686737,3.038864,-0.8240128,2.280098,-0.8312988
39.599998474121094,,,,,,,,,,,,,,,0.2322006,-0.9485245,2.843979,0.01087189,3.226852,-0.3326721,4.969467,-0.844841,5.020824,-0.6874084,4.202675,-0.8219681,2.9538,-0.7658768,2.526054,-0.6526566,-7.724197,-3.907112,2.609673,-1.920883,-0.5593414,-0.9647675,3.033981,-0.8181534,2.273262,-0.826416
39.6,-1.0,7.0,-25.0,-82.0,-5.0,-890.0,-9.0,-4302.0,-3.0,-8081.0,-6.0,-868.0,-1.0,-2490.0,,,,,,,,,,,,,,,,,,,,,,,,,,
39.60832977294922,,,,,,,,,,,,,,,0.2351303,-0.9553604,2.836166,0.003059387,3.22197,-0.3277893,4.965561,-0.8311691,5.011059,-0.688385,4.192909,-0.8239212,2.942081,-0.7512283,2.518242,-0.6585159,-7.738846,-3.906136,2.619438,-1.91893,-0.560318,-0.956955,3.021286,-0.8152237,2.264473,-0.8254395
39.616668701171875,,,,,,,,,,,,,,,0.2331772,-0.9621964,2.828354,-0.006706238,3.21611,-0.3258362,4.959702,-0.8204269,5.000317,-0.6913147,4.180214,-0.8258743,2.931339,-0.7365799,2.509453,-0.6663284,-7.752518,-3.908089,2.621391,-1.916,-0.5652008,-0.9471893,3.003708,-0.8132706,2.255684,-0.8234863
39.625,,,,,,,,,,,,,,,0.2253647,-0.965126,2.821518,-0.01451874,3.209274,-0.3268127,4.950912,-0.8165207,4.987621,-0.6961975,4.167519,-0.8268509,2.924503,-0.7238846,2.500664,-0.6800003,-7.770096,-3.912971,2.619438,-1.914047,-0.575943,-0.9354706,2.985153,-0.8152237,2.246895,-0.8234863
39.633331298828125,,,,,,,,,,,,,,,0.2155991,-0.9661026,2.817612,-0.02135468,3.207321,-0.3277893,4.938217,-0.8165207,4.973949,-0.7010803,4.154823,-0.8258743,2.923527,-0.714119,2.493828,-0.6975784,-7.784744,-3.923714,2.612602,-1.911118,-0.5925446,-0.9237518,2.965622,-0.8220596,2.235176,-0.8254395
39.63333333333333,-1.0,8.0,-25.0,-81.0,-5.0,-895.0,-9.0,-4301.0,-2.0,-8083.0,-5.0,-864.0,-2.0,-2496.0,,,,,,,,,,,,,,,,,,,,,,,,,,
39.64167022705078,,,,,,,,,,,,,,,0.2019272,-0.9661026,2.812729,-0.02819061,3.205368,-0.3287659,4.925522,-0.8194504,4.961254,-0.7049866,4.138222,-0.8268509,2.923527,-0.7082596,2.485039,-0.7132034,-7.796463,-3.937386,2.60479,-1.904282,-0.6110992,-0.9149628,2.944138,-0.8328018,2.222481,-0.8254395
39.650001525878906,,,,,,,,,,,,,,,0.1882553,-0.9641495,2.812729,-0.03014374,3.206345,-0.3268127,4.916733,-0.8233566,4.951488,-0.7079163,4.12455,-0.828804,2.921574,-0.7063065,2.477226,-0.7288284,-7.802322,-3.954964,2.596001,-1.898422,-0.6296539,-0.91008,2.925583,-0.8513565,2.211739,-0.8273926
39.658329010009766,,,,,,,,,,,,,,,0.1736069,-0.9602432,2.812729,-0.0311203,3.204391,-0.3229065,4.907944,-0.8321457,4.945629,-0.7088928,4.110878,-0.8317337,2.920597,-0.7102127,2.467461,-0.7425003,-7.808182,-3.976448,2.584282,-1.897446,-0.6501617,-0.9071503,2.908005,-0.8699112,2.200996,-0.8293457
39.666666666666664,-2.0,12.0,-25.0,-79.0,-5.0,-903.0,-9.0,-4297.0,-2.0,-8083.0,-5.0,-860.0,-2.0,-2501.0,,,,,,,,,,,,,,,,,,,,,,,,,,
39.66667175292969,,,,,,,,,,,,,,,0.1618881,-0.9553604,2.811752,-0.03209686,3.203415,-0.3170471,4.902084,-0.8409348,4.941723,-0.70401,4.099159,-0.8375931,2.916691,-0.7160721,2.455742,-0.7473831,-7.811111,-3.997932,2.576469,-1.896469,-0.669693,-0.9081268,2.89238,-0.8874893,2.188301,-0.8312988
39.67499923706055,,,,,,,,,,,,,,,0.1511459,-0.9514542,2.812729,-0.0311203,3.200485,-0.3102112,4.900131,-0.8497238,4.942699,-0.6961975,4.089394,-0.8454056,2.908878,-0.7199783,2.445976,-0.7464066,-7.809158,-4.020393,2.562798,-1.897446,-0.6882477,-0.9091034,2.878708,-0.9040909,2.178535,-0.8322754
39.68333053588867,,,,,,,,,,,,,,,0.1472397,-0.949501,2.810776,-0.02916718,3.191696,-0.3043518,4.900131,-0.860466,4.945629,-0.6854553,4.082558,-0.8522415,2.901066,-0.7199783,2.436211,-0.7425003,-7.810135,-4.036995,2.552055,-1.904282,-0.7019196,-0.9110565,2.862106,-0.9206924,2.169746,-0.8322754
39.69166946411133,,,,,,,,,,,,,,,0.1482162,-0.9475479,2.807846,-0.02623749,3.180954,-0.2975159,4.902084,-0.8721848,4.948559,-0.6708069,4.075722,-0.8571243,2.887394,-0.714119,2.428398,-0.7376175,-7.811111,-4.04969,2.54229,-1.911118,-0.716568,-0.9130096,2.846481,-0.9304581,2.159004,-0.8303223
39.7,-2.0,17.0,-25.0,-74.0,-5.0,-908.0,-9.0,-4296.0,-2.0,-8085.0,-5.0,-856.0,-2.0,-2507.0,,,,,,,,,,,,,,,,,,,,,,,,,,
39.70000076293945,,,,,,,,,,,,,,,0.1550522,-0.9475479,2.801987,-0.02037811,3.170212,-0.2936096,4.904037,-0.8819504,4.948559,-0.6561584,4.071815,-0.8620071,2.876652,-0.7014236,2.421562,-0.7307816,-7.812088,-4.05555,2.524712,-1.920883,-0.7282867,-0.9139862,2.830856,-0.937294,2.146309,-0.8303223
39.70832824707031,,,,,,,,,,,,,,,0.1638412,-0.9455948,2.792221,-0.01061249,3.155563,-0.2936096,4.907944,-0.8907394,4.947582,-0.6405334,4.06498,-0.8649368,2.866886,-0.6838455,2.414726,-0.7229691,-7.813065,-4.05555,2.509087,-1.928696,-0.7370758,-0.9169159,2.816208,-0.9412003,2.133614,-0.8303223
39.716670989990234,,,,,,,,,,,,,,,0.1736069,-0.9446182,2.778549,0.0001296997,3.142868,-0.2965393,4.904037,-0.8995285,4.938793,-0.6297913,4.060097,-0.8639603,2.855167,-0.6643143,2.409843,-0.7190628,-7.808182,-4.053596,2.495415,-1.932602,-0.7439117,-0.9217987,2.806442,-0.9392471,2.123848,-0.8293457
39.724998474121094,,,,,,,,,,,,,,,0.1863022,-0.9416885,2.764877,0.01282501,3.131149,-0.3004456,4.898178,-0.9063644,4.929028,-0.6210022,4.050331,-0.8629837,2.846378,-0.644783,2.406914,-0.7171097,-7.804276,-4.050667,2.482719,-1.930649,-0.7497711,-0.9266815,2.800583,-0.9343643,2.111153,-0.8303223
39.73332977294922,,,,,,,,,,,,,,,0.1941147,-0.9397354,2.753159,0.0313797,3.124313,-0.3043518,4.890366,-0.907341,4.914379,-0.6180725,4.040565,-0.8639603,2.840519,-0.6301346,2.404961,-0.7180862,-7.796463,-4.04969,2.472954,-1.923813,-0.7507477,-0.934494,2.794724,-0.9245987,2.097481,-0.833252
39.733333333333334,-2.0,19.0,-25.0,-69.0,-5.0,-910.0,-9.0,-4298.0,-2.0,-8088.0,-5.0,-856.0,-2.0,-2505.0,,,,,,,,,,,,,,,,,,,,,,,,,,
39.741668701171875,,,,,,,,,,,,,,,0.1960678,-0.9348526,2.74437,0.05091095,3.119431,-0.3111877,4.879623,-0.9044113,4.897778,-0.6200256,4.0308,-0.86689,2.836613,-0.6232986,2.402031,-0.7190628,-7.788651,-4.051643,2.463188,-1.915024,-0.7507477,-0.9452362,2.79277,-0.9109268,2.090645,-0.8391113
39.75,,,,,,,,,,,,,,,0.1941147,-0.9309464,2.739487,0.07434845,3.119431,-0.3180237,4.866928,-0.9014816,4.882153,-0.6268616,4.020058,-0.8698196,2.83173,-0.6232986,2.403008,-0.7210159,-7.779861,-4.056526,2.456352,-1.906235,-0.7487946,-0.9579315,2.796677,-0.8943253,2.087715,-0.8479004
39.758331298828125,,,,,,,,,,,,,,,0.1882553,-0.9289932,2.73851,0.09485626,3.119431,-0.3248596,4.851303,-0.8956223,4.869457,-0.6356506,4.006386,-0.8747025,2.830753,-0.629158,2.406914,-0.7229691,-7.774002,-4.063362,2.452446,-1.898422,-0.7468414,-0.9706268,2.797653,-0.8767471,2.085762,-0.8596191
39.766666666666666,-2.0,14.0,-25.0,-65.0,-5.0,-912.0,-10.0,-4300.0,-1.0,-8090.0,-5.0,-859.0,-2.0,-2501.0,,,,,,,,,,,,,,,,,,,,,,,,,,
39.76667022705078,,,,,,,,,,,,,,,0.1794662,-0.9289932,2.74144,0.1143875,3.120407,-0.3287659,4.835678,-0.8907394,4.854809,-0.6493225,3.992714,-0.882515,2.8288,-0.6379471,2.411797,-0.7258987,-7.776932,-4.071175,2.449516,-1.892563,-0.7429352,-0.9833221,2.800583,-0.8581924,2.090645,-0.8752441
39.775001525878906,,,,,,,,,,,,,,,0.1706772,-0.9328995,2.747299,0.1290359,3.121384,-0.3297424,4.82103,-0.891716,4.844067,-0.6649475,3.980019,-0.8873978,2.8288,-0.6486893,2.416679,-0.729805,-7.783768,-4.077034,2.441704,-1.888657,-0.7429352,-0.9950409,2.802536,-0.8386612,2.095528,-0.8947754
39.783329010009766,,,,,,,,,,,,,,,0.1648178,-0.940712,2.751205,0.1358719,3.123337,-0.3277893,4.804428,-0.9005051,4.835278,-0.6776428,3.966347,-0.8922806,2.830753,-0.6584549,2.423515,-0.7327347,-7.79744,-4.079964,2.433891,-1.88768,-0.7468414,-1.00383,2.803513,-0.8220596,2.098457,-0.9143066
39.79167175292969,,,,,,,,,,,,,,,0.1618881,-0.9485245,2.753159,0.1339188,3.123337,-0.3238831,4.791733,-0.9161301,4.827465,-0.6874084,3.955605,-0.8961868,2.832706,-0.6643143,2.427422,-0.7337112,-7.813065,-4.08094,2.426079,-1.885727,-0.7546539,-1.008713,2.802536,-0.8103409,2.099434,-0.9348145
39.79999923706055,,,,,,,,,,,,,,,0.159935,-0.9631729,2.753159,0.1231766,3.120407,-0.3160706,4.782944,-0.9337082,4.819653,-0.6893616,3.946815,-0.89814,2.83466,-0.6643143,2.428398,-0.7327347,-7.831619,-4.08094,2.410454,-1.882797,-0.7693024,-1.010666,2.801559,-0.8015518,2.101387,-0.9523926
39.8,-1.0,7.0,-26.0,-65.0,-4.0,-913.0,-11.0,-4301.0,-2.0,-8096.0,-5.0,-864.0,-3.0,-2500.0,,,,,,,,,,,,,,,,,,,,,,,,,,
39.80833053588867,,,,,,,,,,,,,,,0.1638412,-0.9797745,2.748276,0.1026688,3.118454,-0.3033752,4.776108,-0.9571457,4.810863,-0.6874084,3.939003,-0.8991165,2.836613,-0.6652908,2.423515,-0.7288284,-7.850174,-4.084846,2.395805,-1.881821,-0.7849274,-1.010666,2.79863,-0.7976456,2.097481,-0.9641113
39.81666946411133,,,,,,,,,,,,,,,0.1677475,-0.9953995,2.743393,0.07337189,3.113571,-0.2887268,4.771225,-0.9786301,4.804028,-0.6815491,3.93412,-0.9010696,2.836613,-0.667244,2.416679,-0.7239456,-7.865799,-4.087776,2.378227,-1.880844,-0.8064117,-1.007736,2.7957,-0.7956924,2.091621,-0.9709473
39.82500076293945,,,,,,,,,,,,,,,0.1736069,-1.011024,2.73558,0.04212189,3.107712,-0.2731018,4.772202,-0.9932785,4.795238,-0.6747131,3.927284,-0.89814,2.837589,-0.6682205,2.406914,-0.7180862,-7.876541,-4.091682,2.356743,-1.880844,-0.8278961,-1.005783,2.790817,-0.7956924,2.081856,-0.9729004
39.83332824707031,,,,,,,,,,,,,,,0.1784897,-1.02372,2.729721,0.009895325,3.100876,-0.2584534,4.775131,-1.000114,4.788403,-0.6678772,3.924355,-0.8971634,2.833683,-0.6750565,2.394218,-0.7132034,-7.882401,-4.102425,2.337212,-1.883774,-0.8464508,-1.007736,2.786911,-0.7986221,2.07502,-0.9699707
39.833333333333336,-1.0,3.0,-26.0,-67.0,-4.0,-915.0,-11.0,-4303.0,-2.0,-8102.0,-5.0,-865.0,-2.0,-2501.0,,,,,,,,,,,,,,,,,,,,,,,,,,
39.841670989990234,,,,,,,,,,,,,,,0.1823959,-1.034462,2.721909,-0.01940155,3.095993,-0.2467346,4.777084,-1.000114,4.78059,-0.6649475,3.920448,-0.8932571,2.826847,-0.6848221,2.380547,-0.7112503,-7.883377,-4.114143,2.319633,-1.89061,-0.8601227,-1.012619,2.782028,-0.7995987,2.06916,-0.9631348
39.849998474121094,,,,,,,,,,,,,,,0.1814194,-1.044228,2.717026,-0.04283905,3.085251,-0.2389221,4.778061,-0.9942551,4.771801,-0.6649475,3.913612,-0.8883743,2.820988,-0.6975174,2.369804,-0.7132034,-7.884354,-4.126839,2.307915,-1.896469,-0.8718414,-1.019455,2.775192,-0.7976456,2.063301,-0.9543457
39.85832977294922,,,,,,,,,,,,,,,0.1765366,-1.048134,2.711166,-0.05651093,3.075485,-0.2389221,4.776108,-0.9883957,4.763012,-0.67276,3.90873,-0.8844681,2.814152,-0.7102127,2.360039,-0.7180862,-7.880447,-4.139534,2.296196,-1.902328,-0.8747711,-1.029221,2.765427,-0.7937393,2.058418,-0.9436035
39.86666666666667,-1.0,0.0,-26.0,-68.0,-4.0,-914.0,-11.0,-4307.0,-2.0,-8109.0,-5.0,-865.0,-2.0,-2503.0,,,,,,,,,,,,,,,,,,,,,,,,,,
39.866668701171875,,,,,,,,,,,,,,,0.1677475,-1.048134,2.708237,-0.06529999,3.06279,-0.2457581,4.768295,-0.9835129,4.753246,-0.6864319,3.9058,-0.8795853,2.806339,-0.7180252,2.352226,-0.7249222,-7.875565,-4.152229,2.28936,-1.908188,-0.8757477,-1.039963,2.757614,-0.7878799,2.059395,-0.9318848
39.875,,,,,,,,,,,,,,,0.1560287,-1.046181,2.703354,-0.06725311,3.051071,-0.2594299,4.756577,-0.9825363,4.745434,-0.7010803,3.901894,-0.875679,2.799503,-0.7199783,2.349297,-0.7317581,-7.872635,-4.162971,2.285454,-1.913071,-0.8747711,-1.048752,2.743942,-0.7820206,2.059395,-0.9191895
39.883331298828125,,,,,,,,,,,,,,,0.1433334,-1.040321,2.698471,-0.06334686,3.036423,-0.2770081,4.740952,-0.9835129,4.734692,-0.7167053,3.898964,-0.8727493,2.794621,-0.7160721,2.347343,-0.7366409,-7.871658,-4.170784,2.287407,-1.919907,-0.8698883,-1.054611,2.731247,-0.7761612,2.059395,-0.9074707
39.89167022705078,,,,,,,,,,,,,,,0.1267319,-1.033485,2.693588,-0.05944061,3.022751,-0.2975159,4.722397,-0.985466,4.725903,-0.7323303,3.897987,-0.8707962,2.791691,-0.7063065,2.34539,-0.7425003,-7.872635,-4.17469,2.287407,-1.924789,-0.8718414,-1.057541,2.720505,-0.7703018,2.059395,-0.895752
39.9,-1.0,-3.0,-27.0,-66.0,-5.0,-909.0,-11.0,-4309.0,-2.0,-8115.0,-5.0,-864.0,-2.0,-2507.0,,,,,,,,,,,,,,,,,,,,,,,,,,
39.900001525878906,,,,,,,,,,,,,,,0.1111069,-1.027626,2.686752,-0.05358124,3.012985,-0.3141174,4.705795,-0.9874191,4.720043,-0.7450256,3.897011,-0.8698196,2.788761,-0.6936111,2.342461,-0.7444534,-7.873611,-4.173714,2.291313,-1.933578,-0.8757477,-1.056564,2.709763,-0.7663956,2.059395,-0.8850098
39.908329010009766,,,,,,,,,,,,,,,0.09645844,-1.021767,2.67894,-0.04869843,3.006149,-0.3268127,4.689194,-0.985466,4.71516,-0.7547913,3.896034,-0.8698196,2.787785,-0.682869,2.336601,-0.7464066,-7.873611,-4.169807,2.293266,-1.943344,-0.8816071,-1.054611,2.702927,-0.7673721,2.053535,-0.8742676
39.91667175292969,,,,,,,,,,,,,,,0.08278656,-1.012978,2.668198,-0.04381561,3.00029,-0.330719,4.677475,-0.9776535,4.710278,-0.7577209,3.895058,-0.8678665,2.785831,-0.6721268,2.329765,-0.7473831,-7.872635,-4.161995,2.295219,-1.955063,-0.8933258,-1.051682,2.69902,-0.7722549,2.047676,-0.8664551
39.92499923706055,,,,,,,,,,,,,,,0.07204437,-1.004189,2.658432,-0.03795624,2.998337,-0.3258362,4.669662,-0.9649582,4.706371,-0.7547913,3.891151,-0.8629837,2.783878,-0.6682205,2.322929,-0.7483597,-7.870682,-4.151253,2.297173,-1.968735,-0.9089508,-1.045822,2.694138,-0.7771378,2.039864,-0.8596191
39.93333053588867,,,,,,,,,,,,,,,0.06325531,-0.9953995,2.651596,-0.0311203,2.996384,-0.3121643,4.66478,-0.9493332,4.704418,-0.7499084,3.884315,-0.8571243,2.778996,-0.6711502,2.31414,-0.7483597,-7.865799,-4.141487,2.298149,-1.979477,-0.9275055,-1.041916,2.692184,-0.7859268,2.029121,-0.8547363
39.93333333333333,-1.0,-4.0,-26.0,-67.0,-4.0,-905.0,-11.0,-4309.0,-2.0,-8119.0,-5.0,-863.0,-2.0,-2510.0,,,,,,,,,,,,,,,,,,,,,,,,,,
39.94166946411133,,,,,,,,,,,,,,,0.05641937,-0.9846573,2.645737,-0.02037811,2.992477,-0.2945862,4.663803,-0.9337082,4.698559,-0.7440491,3.879433,-0.8532181,2.775089,-0.6789627,2.306328,-0.7473831,-7.860916,-4.129768,2.300102,-1.98436,-0.9460602,-1.036057,2.687302,-0.7986221,2.021309,-0.8498535
39.95000076293945,,,,,,,,,,,,,,,0.05446625,-0.971962,2.642807,-0.009635925,2.987595,-0.2721252,4.665756,-0.9239426,4.691723,-0.7381897,3.87455,-0.8473587,2.765324,-0.6897049,2.302422,-0.7464066,-7.856033,-4.119026,2.303032,-1.986313,-0.966568,-1.030197,2.676559,-0.8103409,2.011543,-0.8449707
39.95832824707031,,,,,,,,,,,,,,,0.05446625,-0.9612198,2.642807,-0.0008468628,2.981735,-0.2496643,4.666733,-0.9200363,4.68391,-0.7333069,3.86869,-0.8454056,2.754581,-0.7024002,2.297539,-0.7434769,-7.856033,-4.113167,2.305962,-1.987289,-0.9851227,-1.022385,2.665817,-0.8230362,2.005684,-0.842041
39.96666666666667,-1.0,-4.0,-26.0,-68.0,-4.0,-905.0,-11.0,-4312.0,-3.0,-8124.0,-5.0,-861.0,-2.0,-2517.0,,,,,,,,,,,,,,,,,,,,,,,,,,
39.966670989990234,,,,,,,,,,,,,,,0.05739594,-0.9543839,2.646713,0.0079422,2.975876,-0.2330627,4.669662,-0.9200363,4.676098,-0.7303772,3.862831,-0.844429,2.739933,-0.7170486,2.295586,-0.7405472,-7.860916,-4.106331,2.308891,-1.98436,-1.000748,-1.011642,2.648239,-0.8347549,1.998848,-0.8391113
39.974998474121094,,,,,,,,,,,,,,,0.05934906,-0.9553604,2.652573,0.01477814,2.970016,-0.2223206,4.671616,-0.9249191,4.666332,-0.7294006,3.858925,-0.8463821,2.725285,-0.7268143,2.294609,-0.7415237,-7.869705,-4.104378,2.312798,-1.980453,-1.015396,-0.9979706,2.630661,-0.8445206,1.993965,-0.8381348
39.98332977294922,,,,,,,,,,,,,,,0.06325531,-0.9612198,2.659409,0.01868439,2.964157,-0.2184143,4.672592,-0.9327316,4.659496,-0.7303772,3.856972,-0.8493118,2.711613,-0.7326736,2.293633,-0.7444534,-7.878494,-4.104378,2.313774,-1.979477,-1.028091,-0.9862518,2.612106,-0.8542862,1.987129,-0.8381348
39.991668701171875,,,,,,,,,,,,,,,0.06423187,-0.9709854,2.665268,0.01966095,2.962204,-0.2184143,4.674545,-0.9434738,4.650707,-0.7303772,3.854042,-0.851265,2.700871,-0.7365799,2.290703,-0.7512894,-7.894119,-4.108284,2.312798,-1.98143,-1.043716,-0.9735565,2.597458,-0.8620987,1.977364,-0.8391113
40.0,-1.0,-6.0,-25.0,-67.0,-5.0,-903.0,-11.0,-4319.0,-3.0,-8130.0,-5.0,-856.0,-2.0,-2527.0,0.06520844,-0.9836807,2.669174,0.01966095,2.959274,-0.2232971,4.673569,-0.9503098,4.644848,-0.7303772,3.851112,-0.8541946,2.693058,-0.7356033,2.28582,-0.761055,-7.908768,-4.111214,2.309868,-1.985336,-1.056412,-0.965744,2.582809,-0.8660049,1.964668,-0.8400879
40.008331298828125,,,,,,,,,,,,,,,0.06227875,-0.9953995,2.669174,0.01868439,2.956345,-0.2311096,4.669662,-0.9551926,4.638012,-0.7313538,3.844276,-0.8541946,2.688175,-0.7316971,2.279961,-0.7727737,-7.920486,-4.11219,2.303032,-1.991196,-1.070084,-0.9628143,2.575974,-0.8650284,1.94709,-0.8430176
40.01667022705078,,,,,,,,,,,,,,,0.0583725,-1.002235,2.667221,0.01966095,2.955368,-0.2389221,4.66478,-0.9581223,4.632153,-0.7333069,3.835487,-0.8590775,2.688175,-0.7268143,2.271172,-0.7815628,-7.937088,-4.114143,2.296196,-1.998032,-1.083755,-0.9647675,2.573044,-0.8611221,1.923653,-0.8449707
40.025001525878906,,,,,,,,,,,,,,,0.05446625,-1.001259,2.661362,0.0235672,2.951462,-0.2486877,4.657944,-0.9581223,4.625317,-0.7372131,3.825722,-0.86689,2.689152,-0.7219315,2.261406,-0.7883987,-7.951736,-4.113167,2.290337,-2.002914,-1.092545,-0.9716034,2.57402,-0.8552628,1.902168,-0.8469238
40.033329010009766,,,,,,,,,,,,,,,0.05056,-0.9934464,2.652573,0.02649689,2.946579,-0.2604065,4.647202,-0.9561691,4.615551,-0.7460022,3.813026,-0.8766556,2.690128,-0.7190018,2.248711,-0.7913284,-7.964432,-4.11219,2.283501,-2.004868,-1.098404,-0.9823456,2.574997,-0.8523331,1.879707,-0.8449707
40.03333333333333,-1.0,-11.0,-26.0,-69.0,-5.0,-901.0,-11.0,-4328.0,-2.0,-8135.0,-5.0,-855.0,-2.0,-2535.0,,,,,,,,,,,,,,,,,,,,,,,,,,
40.04167175292969,,,,,,,,,,,,,,,0.04567719,-0.9817276,2.642807,0.02845001,2.939743,-0.2711487,4.636459,-0.9532394,4.604809,-0.7557678,3.799355,-0.891304,2.690128,-0.7131424,2.238945,-0.7903519,-7.977127,-4.11219,2.273735,-2.005844,-1.100357,-0.9921112,2.574997,-0.8454971,1.862129,-0.8381348
40.04999923706055,,,,,,,,,,,,,,,0.0427475,-0.9709854,2.633041,0.02747345,2.933884,-0.283844,4.623764,-0.9532394,4.59309,-0.76651,3.785683,-0.9098587,2.685246,-0.7063065,2.229179,-0.7874222,-7.98201,-4.113167,2.266899,-2.006821,-1.095474,-0.9989471,2.573044,-0.8406143,1.845528,-0.8283691
40.05833053588867,,,,,,,,,,,,,,,0.04079437,-0.9612198,2.623276,0.0235672,2.926071,-0.2975159,4.611069,-0.9532394,4.579418,-0.7811584,3.773964,-0.92939,2.679386,-0.698494,2.22039,-0.7854691,-7.98494,-4.116096,2.259087,-2.004868,-1.086685,-1.001877,2.568161,-0.8406143,1.838692,-0.8195801
40.06666666666667,-1.0,-14.0,-27.0,-72.0,-5.0,-903.0,-10.0,-4336.0,-2.0,-8141.0,-5.0,-852.0,-2.0,-2541.0,,,,,,,,,,,,,,,,,,,,,,,,,,
40.06666946411133,,,,,,,,,,,,,,,0.04177094,-0.9534073,2.617416,0.01380157,2.918259,-0.3111877,4.600327,-0.9571457,4.565746,-0.7899475,3.767128,-0.9479446,2.671574,-0.6906815,2.212578,-0.7835159,-7.98201,-4.120979,2.248344,-2.002914,-1.07692,-0.9989471,2.561325,-0.843544,1.838692,-0.8088379
40.07500076293945,,,,,,,,,,,,,,,0.04372406,-0.9504776,2.611557,0.0001296997,2.911423,-0.3219299,4.588608,-0.9639816,4.554028,-0.7958069,3.759315,-0.96064,2.660831,-0.6809158,2.207695,-0.7844925,-7.975174,-4.130745,2.237602,-2.000961,-1.072037,-0.9930878,2.550583,-0.8484268,1.841621,-0.802002
40.08332824707031,,,,,,,,,,,,,,,0.04567719,-0.9524307,2.608627,-0.01451874,2.904587,-0.3268127,4.580795,-0.9737473,4.543285,-0.79776,3.755409,-0.9704056,2.652042,-0.6701736,2.206718,-0.7864456,-7.967361,-4.140511,2.221001,-1.994125,-1.06813,-0.9833221,2.538864,-0.8542862,1.848457,-0.8000488
40.091670989990234,,,,,,,,,,,,,,,0.05056,-0.9592667,2.606674,-0.02623749,2.897751,-0.3268127,4.574936,-0.9835129,4.534496,-0.7958069,3.75248,-0.9743118,2.640324,-0.6613846,2.205742,-0.7883987,-7.961502,-4.147346,2.207329,-1.98436,-1.06813,-0.97258,2.524216,-0.8620987,1.851387,-0.8000488
40.099998474121094,,,,,,,,,,,,,,,0.05641937,-0.965126,2.605698,-0.03404999,2.893845,-0.3219299,4.569077,-0.9932785,4.526684,-0.7870178,3.74955,-0.976265,2.632511,-0.6584549,2.204765,-0.7903519,-7.956619,-4.151253,2.190727,-1.971664,-1.074966,-0.965744,2.509567,-0.8718643,1.851387,-0.8049316
40.1,-1.0,-16.0,-28.0,-76.0,-5.0,-907.0,-10.0,-4340.0,-3.0,-8145.0,-5.0,-854.0,-1.0,-2546.0,,,,,,,,,,,,,,,,,,,,,,,,,,
40.10832977294922,,,,,,,,,,,,,,,0.06227875,-0.9709854,2.604721,-0.03600311,2.890915,-0.3092346,4.566147,-1.004021,4.520824,-0.7762756,3.74662,-0.9782181,2.627628,-0.6623611,2.201836,-0.7883987,-7.958572,-4.151253,2.179985,-1.955063,-1.083755,-0.9637909,2.495895,-0.8865128,1.846504,-0.8137207
40.116668701171875,,,,,,,,,,,,,,,0.066185,-0.9787979,2.602768,-0.03404999,2.887985,-0.2897034,4.566147,-1.007927,4.514965,-0.7626038,3.740761,-0.9811478,2.624699,-0.6750565,2.198906,-0.7854691,-7.966385,-4.147346,2.172173,-1.940414,-1.092545,-0.9647675,2.482224,-0.9001846,1.832832,-0.8225098
40.125,,,,,,,,,,,,,,,0.06813812,-0.9856339,2.598862,-0.02916718,2.884079,-0.2731018,4.564194,-1.00695,4.512035,-0.7489319,3.730995,-0.9889603,2.622746,-0.6906815,2.194023,-0.7815628,-7.976151,-4.141487,2.166313,-1.926743,-1.101334,-0.9716034,2.469528,-0.9119034,1.816231,-0.826416
40.133331298828125,,,,,,,,,,,,,,,0.06911469,-0.9934464,2.594955,-0.02135468,2.87822,-0.2584534,4.566147,-1.002068,4.508129,-0.7401428,3.7183,-0.9977493,2.623722,-0.7102127,2.18914,-0.7747269,-7.985916,-4.131721,2.16436,-1.917953,-1.10817,-0.9852753,2.45488,-0.9226456,1.797676,-0.8293457
40.13333333333333,-1.0,-21.0,-28.0,-78.0,-4.0,-908.0,-10.0,-4342.0,-3.0,-8145.0,-6.0,-854.0,-2.0,-2547.0,,,,,,,,,,,,,,,,,,,,,,,,,,
40.14167022705078,,,,,,,,,,,,,,,0.07106781,-1.000282,2.58519,-0.01451874,2.873337,-0.2447815,4.566147,-0.9913254,4.50227,-0.7342834,3.706581,-1.005562,2.624699,-0.7268143,2.183281,-0.7678909,-7.994705,-4.122932,2.168266,-1.915024,-1.111099,-1.0009,2.446091,-0.9304581,1.781075,-0.8303223
40.150001525878906,,,,,,,,,,,,,,,0.07106781,-1.005165,2.575424,-0.01061249,2.862595,-0.2389221,4.566147,-0.9757004,4.495434,-0.7313538,3.695839,-1.011421,2.625675,-0.7424393,2.177422,-0.7659378,-7.997635,-4.117073,2.169243,-1.919907,-1.113052,-1.018478,2.437302,-0.9382706,1.767403,-0.8303223
40.158329010009766,,,,,,,,,,,,,,,0.06911469,-1.007118,2.563705,-0.01158905,2.850876,-0.2389221,4.564194,-0.9600754,4.487621,-0.7342834,3.686073,-1.010445,2.625675,-0.7551346,2.173515,-0.7659378,-7.996658,-4.11219,2.170219,-1.930649,-1.115982,-1.039963,2.429489,-0.9412003,1.760567,-0.8303223
40.166666666666664,-1.0,-25.0,-29.0,-79.0,-4.0,-906.0,-10.0,-4347.0,-3.0,-8146.0,-6.0,-856.0,-2.0,-2545.0,,,,,,,,,,,,,,,,,,,,,,,,,,
40.16667175292969,,,,,,,,,,,,,,,0.066185,-1.006142,2.550034,-0.0154953,2.840134,-0.2457581,4.564194,-0.9424973,4.477856,-0.7391663,3.683144,-1.003609,2.623722,-0.7590408,2.176445,-0.7678909,-7.989822,-4.109261,2.168266,-1.944321,-1.124771,-1.056564,2.424606,-0.9382706,1.760567,-0.8293457
40.17499923706055,,,,,,,,,,,,,,,0.06325531,-1.002235,2.537338,-0.02037811,2.829391,-0.2574768,4.559311,-0.9268723,4.466137,-0.7469788,3.68412,-0.9889603,2.618839,-0.7600174,2.176445,-0.7737503,-7.981033,-4.107307,2.163383,-1.960922,-1.13356,-1.072189,2.4207,-0.9382706,1.76545,-0.8312988
40.18333053588867,,,,,,,,,,,,,,,0.06032562,-0.9953995,2.52562,-0.02721405,2.817673,-0.2711487,4.555405,-0.9112473,4.454418,-0.7557678,3.688026,-0.969429,2.614933,-0.7590408,2.183281,-0.7796097,-7.975174,-4.108284,2.152641,-1.976547,-1.147232,-1.082932,2.413864,-0.9382706,1.773262,-0.8342285
40.19166946411133,,,,,,,,,,,,,,,0.05641937,-0.9905167,2.515854,-0.03307343,2.808884,-0.2848206,4.547592,-0.8965988,4.446606,-0.7626038,3.694862,-0.9469681,2.611027,-0.7570877,2.190117,-0.7874222,-7.971268,-4.109261,2.140923,-1.991196,-1.165787,-1.089767,2.411911,-0.9353409,1.784981,-0.8381348
40.2,-1.0,-28.0,-28.0,-78.0,-4.0,-906.0,-10.0,-4351.0,-3.0,-8147.0,-6.0,-859.0,-3.0,-2541.0,,,,,,,,,,,,,,,,,,,,,,,,,,
40.20000076293945,,,,,,,,,,,,,,,0.04958344,-0.9866104,2.509995,-0.03795624,2.800095,-0.2975159,4.53978,-0.8858566,4.437817,-0.7674866,3.700722,-0.9254837,2.608097,-0.7570877,2.198906,-0.7942581,-7.972244,-4.110237,2.129204,-2.005844,-1.186295,-1.092697,2.402145,-0.9333878,1.795723,-0.8400879
40.20832824707031,,,,,,,,,,,,,,,0.0427475,-0.987587,2.508041,-0.04186249,2.792282,-0.3053284,4.529037,-0.8770676,4.432934,-0.7723694,3.706581,-0.9098587,2.609074,-0.7590408,2.205742,-0.7962112,-7.97908,-4.110237,2.116508,-2.016586,-1.20192,-1.089767,2.391403,-0.9314346,1.801582,-0.8410645
40.216670989990234,,,,,,,,,,,,,,,0.03591156,-0.9934464,2.506088,-0.04576874,2.78447,-0.3082581,4.520248,-0.8673019,4.430981,-0.7733459,3.706581,-0.8991165,2.609074,-0.7668533,2.211601,-0.7962112,-7.990799,-4.111214,2.103813,-2.027328,-1.218521,-1.082932,2.373825,-0.9285049,1.805489,-0.8400879
40.224998474121094,,,,,,,,,,,,,,,0.02907562,-1.004189,2.508041,-0.04772186,2.774704,-0.3053284,4.510483,-0.8614426,4.430981,-0.7704163,3.703651,-0.8961868,2.609074,-0.7785721,2.212578,-0.7952347,-8.002518,-4.113167,2.093071,-2.034164,-1.23024,-1.072189,2.35527,-0.9226456,1.807442,-0.8391113
40.23332977294922,,,,,,,,,,,,,,,0.02223969,-1.013954,2.511948,-0.04967499,2.764938,-0.2975159,4.499741,-0.8594894,4.430004,-0.7694397,3.691933,-0.9020462,2.609074,-0.7951736,2.210625,-0.792305,-8.009354,-4.117073,2.085258,-2.040024,-1.238052,-1.059494,2.333786,-0.9158096,1.805489,-0.8400879
40.233333333333334,-1.0,-30.0,-28.0,-79.0,-4.0,-908.0,-10.0,-4355.0,-3.0,-8154.0,-6.0,-859.0,-3.0,-2539.0,,,,,,,,,,,,,,,,,,,,,,,,,,
40.241668701171875,,,,,,,,,,,,,,,0.01540375,-1.02372,2.514877,-0.05260468,2.754196,-0.283844,4.488022,-0.8614426,4.430004,-0.7674866,3.678261,-0.9108353,2.604191,-0.8137283,2.209648,-0.7864456,-8.014236,-4.123909,2.079399,-2.04393,-1.243912,-1.045822,2.313278,-0.9119034,1.797676,-0.8410645
40.25,,,,,,,,,,,,,,,0.007591248,-1.027626,2.517807,-0.0545578,2.74736,-0.2711487,4.47435,-0.8663254,4.426098,-0.7674866,3.660683,-0.922554,2.598331,-0.8332596,2.204765,-0.7805862,-8.012283,-4.133675,2.071587,-2.040024,-1.252701,-1.03215,2.29277,-0.9079971,1.788887,-0.8391113
40.258331298828125,,,,,,,,,,,,,,,0.003684998,-1.02372,2.52269,-0.0545578,2.741501,-0.2613831,4.460678,-0.876091,4.420238,-0.7713928,3.642128,-0.9332962,2.588566,-0.8488846,2.197929,-0.7747269,-8.003494,-4.144417,2.071587,-2.033188,-1.26149,-1.017502,2.278122,-0.9050674,1.777168,-0.8410645
40.266666666666666,-2.0,-27.0,-28.0,-82.0,-4.0,-912.0,-11.0,-4359.0,-3.0,-8164.0,-6.0,-857.0,-4.0,-2541.0,,,,,,,,,,,,,,,,,,,,,,,,,,
40.26667022705078,,,,,,,,,,,,,,,-0.001197815,-1.015907,2.52562,-0.0545578,2.738571,-0.252594,4.4431,-0.8868332,4.410473,-0.7772522,3.623573,-0.9401321,2.577824,-0.8606033,2.193047,-0.7708206,-7.990799,-4.158089,2.07061,-2.022446,-1.275162,-1.005783,2.268356,-0.9050674,1.76545,-0.842041
40.275001525878906,,,,,,,,,,,,,,,-0.006080627,-1.004189,2.531479,-0.0545578,2.735641,-0.2447815,4.427475,-0.8995285,4.399731,-0.782135,3.603065,-0.945015,2.568058,-0.8684158,2.188164,-0.7669144,-7.975174,-4.17469,2.072563,-2.00975,-1.290787,-0.996994,2.26152,-0.906044,1.755684,-0.8430176
40.283329010009766,,,,,,,,,,,,,,,-0.009986877,-0.9895401,2.535385,-0.05162811,2.740524,-0.2408752,4.41185,-0.9112473,4.390942,-0.7899475,3.585487,-0.945015,2.557316,-0.8723221,2.182304,-0.7630081,-7.961502,-4.187386,2.078423,-1.994125,-1.308365,-0.9911346,2.257614,-0.9040909,1.747871,-0.8449707
40.29167175292969,,,,,,,,,,,,,,,-0.01486969,-0.9778214,2.534409,-0.04576874,2.744431,-0.2389221,4.399155,-0.9200363,4.380199,-0.7958069,3.573769,-0.9391556,2.549503,-0.8674393,2.177422,-0.7581253,-7.952713,-4.196175,2.086235,-1.979477,-1.32399,-0.988205,2.258591,-0.9011612,1.743965,-0.8469238
40.29999923706055,,,,,,,,,,,,,,,-0.01877594,-0.9700089,2.535385,-0.0389328,2.75029,-0.2350159,4.387436,-0.9239426,4.372387,-0.79776,3.563026,-0.9284134,2.541691,-0.8606033,2.168633,-0.7532425,-7.949783,-4.202034,2.091118,-1.968735,-1.332779,-0.988205,2.260544,-0.8972549,1.742012,-0.8537598
40.3,-2.0,-26.0,-28.0,-83.0,-5.0,-916.0,-11.0,-4361.0,-3.0,-8173.0,-5.0,-855.0,-4.0,-2546.0,,,,,,,,,,,,,,,,,,,,,,,,,,
40.30833053588867,,,,,,,,,,,,,,,-0.02170563,-0.9690323,2.529526,-0.0311203,2.757126,-0.2311096,4.381577,-0.9219894,4.365551,-0.7967834,3.553261,-0.9196243,2.534855,-0.847908,2.16375,-0.74543,-7.95369,-4.203011,2.092094,-1.962875,-1.335709,-0.9891815,2.26445,-0.8894424,1.737129,-0.8635254
40.31666946411133,,,,,,,,,,,,,,,-0.02463531,-0.9758682,2.521713,-0.0233078,2.762985,-0.2281799,4.37767,-0.9112473,4.359692,-0.7948303,3.548378,-0.9108353,2.528996,-0.8352127,2.158867,-0.7366409,-7.964432,-4.200081,2.092094,-1.959946,-1.328873,-0.9901581,2.272263,-0.8806534,1.737129,-0.8762207
40.32500076293945,,,,,,,,,,,,,,,-0.02561188,-0.9856339,2.511948,-0.0154953,2.766891,-0.2272034,4.37767,-0.8975754,4.353832,-0.7948303,3.545448,-0.9020462,2.523136,-0.8215408,2.152031,-0.7268753,-7.97908,-4.195198,2.086235,-1.961899,-1.322037,-0.9950409,2.277145,-0.8718643,1.72834,-0.8937988
40.33332824707031,,,,,,,,,,,,,,,-0.02658844,-1.001259,2.500229,-0.008659363,2.768845,-0.2281799,4.375717,-0.8799973,4.348949,-0.7958069,3.547401,-0.8922806,2.518253,-0.807869,2.147148,-0.7180862,-7.998611,-4.188362,2.076469,-1.964828,-1.307388,-0.9989471,2.284958,-0.8689346,1.721504,-0.9123535
40.333333333333336,-2.0,-25.0,-28.0,-82.0,-4.0,-921.0,-10.0,-4362.0,-3.0,-8177.0,-6.0,-856.0,-4.0,-2552.0,,,,,,,,,,,,,,,,,,,,,,,,,,
40.341670989990234,,,,,,,,,,,,,,,-0.02658844,-1.019814,2.490463,-0.00377655,2.768845,-0.2340393,4.376694,-0.8575363,4.34602,-0.7997131,3.550331,-0.8864212,2.514347,-0.7951736,2.143242,-0.7122269,-8.017166,-4.182503,2.062798,-1.965805,-1.299576,-1.001877,2.289841,-0.8689346,1.710762,-0.9299316
40.349998474121094,,,,,,,,,,,,,,,-0.02463531,-1.039345,2.483627,-0.002799988,2.766891,-0.2447815,4.375717,-0.8409348,4.34016,-0.8114319,3.554237,-0.882515,2.514347,-0.7844315,2.137383,-0.7151566,-8.033768,-4.17762,2.052055,-1.966782,-1.297623,-1.002853,2.29277,-0.8708878,1.701973,-0.9445801
40.35832977294922,,,,,,,,,,,,,,,-0.02268219,-1.058876,2.479721,-0.004753113,2.764938,-0.2574768,4.373764,-0.8301926,4.334301,-0.8231506,3.55912,-0.8805618,2.514347,-0.7815018,2.12957,-0.7219925,-8.045486,-4.171761,2.038383,-1.965805,-1.305435,-1.004807,2.296677,-0.8796768,1.69416,-0.9543457
40.36666666666667,-2.0,-23.0,-28.0,-82.0,-4.0,-924.0,-10.0,-4363.0,-3.0,-8181.0,-6.0,-857.0,-4.0,-2561.0,,,,,,,,,,,,,,,,,,,,,,,,,,
40.366668701171875,,,,,,,,,,,,,,,-0.0197525,-1.075478,2.478745,-0.009635925,2.762009,-0.2701721,4.366928,-0.8243332,4.329418,-0.8348694,3.56205,-0.8795853,2.518253,-0.7824783,2.120781,-0.7366409,-8.056229,-4.164925,2.027641,-1.961899,-1.319107,-1.005783,2.291794,-0.8874893,1.688301,-0.958252
40.375,,,,,,,,,,,,,,,-0.01584625,-1.088173,2.479721,-0.01354218,2.758102,-0.2828674,4.356186,-0.8282394,4.323559,-0.8465881,3.564003,-0.8815384,2.525089,-0.7863846,2.109062,-0.7581253,-8.060135,-4.159065,2.014946,-1.954086,-1.340591,-1.005783,2.286911,-0.8943253,1.688301,-0.9572754
40.383331298828125,,,,,,,,,,,,,,,-0.01096344,-1.095009,2.483627,-0.01940155,2.754196,-0.2936096,4.342514,-0.8419113,4.319653,-0.8573303,3.564003,-0.8854446,2.528996,-0.7951736,2.096367,-0.7835159,-8.063065,-4.151253,2.00518,-1.94725,-1.364029,-1.004807,2.282028,-0.9040909,1.691231,-0.9523926
40.39167022705078,,,,,,,,,,,,,,,-0.009010315,-1.098915,2.48851,-0.02721405,2.748337,-0.3004456,4.327866,-0.8624191,4.313793,-0.86026,3.563026,-0.891304,2.534855,-0.8049393,2.083672,-0.8059769,-8.065018,-4.14344,1.994438,-1.942368,-1.388443,-1.001877,2.272263,-0.9148331,1.69709,-0.9396973
40.4,-1.0,-24.0,-28.0,-81.0,-4.0,-928.0,-10.0,-4363.0,-4.0,-8185.0,-5.0,-859.0,-3.0,-2569.0,,,,,,,,,,,,,,,,,,,,,,,,,,
40.400001525878906,,,,,,,,,,,,,,,-0.006080627,-1.095009,2.493393,-0.03307343,2.743454,-0.3014221,4.311264,-0.8887863,4.309887,-0.8573303,3.558144,-0.89814,2.536808,-0.8156815,2.072929,-0.8264847,-8.062088,-4.134651,1.980766,-1.937485,-1.407974,-0.9950409,2.262497,-0.9265518,1.704903,-0.927002
40.408329010009766,,,,,,,,,,,,,,,-0.00705719,-1.087196,2.499252,-0.03697968,2.737595,-0.3004456,4.295639,-0.9171066,4.305981,-0.8485413,3.552284,-0.9098587,2.534855,-0.8254471,2.062187,-0.83918,-8.059158,-4.122932,1.967094,-1.931625,-1.422623,-0.9852753,2.252731,-0.9402237,1.708809,-0.9143066
40.41667175292969,,,,,,,,,,,,,,,-0.009010315,-1.072548,2.504135,-0.03990936,2.728806,-0.2984924,4.282944,-0.9454269,4.301098,-0.8348694,3.546425,-0.9206009,2.529972,-0.8332596,2.058281,-0.8460159,-8.054276,-4.11219,1.958305,-1.926743,-1.432388,-0.9716034,2.242966,-0.9558487,1.710762,-0.8996582
40.42499923706055,,,,,,,,,,,,,,,-0.01291656,-1.055946,2.511948,-0.03990936,2.720993,-0.2955627,4.273178,-0.9747238,4.295238,-0.8172913,3.539589,-0.9303665,2.520206,-0.8352127,2.056328,-0.8460159,-8.049393,-4.102425,1.950493,-1.92186,-1.439224,-0.9559784,2.234177,-0.9734268,1.708809,-0.8898926
40.43333053588867,,,,,,,,,,,,,,,-0.0197525,-1.039345,2.514877,-0.03795624,2.713181,-0.2926331,4.271225,-0.9971848,4.287426,-0.79776,3.5308,-0.9440384,2.509464,-0.8342361,2.056328,-0.83918,-8.046463,-4.091682,1.943657,-1.915024,-1.441177,-0.9374237,2.229294,-0.9890518,1.700996,-0.8840332
40.43333333333333,0.0,-25.0,-28.0,-79.0,-3.0,-930.0,-10.0,-4362.0,-4.0,-8187.0,-6.0,-861.0,-3.0,-2578.0,,,,,,,,,,,,,,,,,,,,,,,,,,
40.44166946411133,,,,,,,,,,,,,,,-0.02658844,-1.021767,2.51683,-0.03502655,2.704391,-0.2936096,4.274155,-1.01281,4.278637,-0.7811584,3.521034,-0.9557571,2.496769,-0.8293533,2.056328,-0.8313675,-8.043533,-4.085823,1.943657,-1.908188,-1.442154,-0.9237518,2.225388,-1.002724,1.690254,-0.880127
40.45000076293945,,,,,,,,,,,,,,,-0.03244781,-1.006142,2.513901,-0.03209686,2.694626,-0.2965393,4.282944,-1.020622,4.268871,-0.7674866,3.507362,-0.9655228,2.481144,-0.8244705,2.054375,-0.8245316,-8.042557,-4.082893,1.943657,-1.903305,-1.445084,-0.9159393,2.222458,-1.010536,1.675606,-0.8811035
40.45832824707031,,,,,,,,,,,,,,,-0.0353775,-0.9924698,2.506088,-0.02721405,2.686813,-0.3023987,4.291733,-1.017693,4.259106,-0.7577209,3.494667,-0.9713821,2.467472,-0.8215408,2.052422,-0.8176956,-8.051346,-4.081917,1.947563,-1.897446,-1.44606,-0.9139862,2.221481,-1.011513,1.66291,-0.8830566
40.46666666666667,0.0,-24.0,-29.0,-75.0,-3.0,-930.0,-11.0,-4362.0,-4.0,-8186.0,-6.0,-865.0,-2.0,-2585.0,,,,,,,,,,,,,,,,,,,,,,,,,,
40.466670989990234,,,,,,,,,,,,,,,-0.0353775,-0.9817276,2.497299,-0.02037811,2.678024,-0.3102112,4.304428,-1.008904,4.251293,-0.7547913,3.481972,-0.9772415,2.455753,-0.8205643,2.046562,-0.8098831,-8.060135,-4.085823,1.953423,-1.892563,-1.450943,-0.9178925,2.217575,-1.004677,1.644356,-0.8859863
40.474998474121094,,,,,,,,,,,,,,,-0.03244781,-0.9748917,2.484604,-0.01647186,2.672165,-0.3141174,4.314194,-0.9962082,4.24641,-0.7586975,3.469276,-0.9801712,2.445011,-0.8254471,2.041679,-0.8059769,-8.074783,-4.092659,1.963188,-1.891586,-1.457779,-0.9286346,2.209763,-0.9919815,1.63166,-0.8879395
40.48332977294922,,,,,,,,,,,,,,,-0.02561188,-0.9700089,2.470932,-0.0154953,2.665329,-0.3141174,4.32103,-0.9776535,4.240551,-0.7606506,3.460487,-0.9801712,2.432316,-0.8371658,2.036797,-0.7991409,-8.090408,-4.102425,1.971001,-1.89061,-1.466568,-0.9432831,2.203903,-0.9753799,1.621895,-0.888916
40.491668701171875,,,,,,,,,,,,,,,-0.02170563,-0.9680557,2.456284,-0.01354218,2.658493,-0.3102112,4.323959,-0.9610519,4.234692,-0.7626038,3.454628,-0.9791946,2.424503,-0.8469315,2.033867,-0.792305,-8.105057,-4.11219,1.97686,-1.892563,-1.47731,-0.956955,2.190231,-0.9519424,1.610176,-0.8898926
40.5,0.0,-22.0,-29.0,-74.0,-4.0,-928.0,-11.0,-4362.0,-4.0,-8186.0,-6.0,-869.0,-3.0,-2587.0,-0.01682281,-0.9670792,2.443588,-0.01158905,2.652634,-0.3023987,4.319077,-0.9473801,4.228832,-0.7626038,3.450722,-0.9801712,2.418644,-0.8527908,2.03289,-0.7864456,-8.120682,-4.120003,1.982719,-1.897446,-1.489029,-0.9686737,2.179489,-0.9285049,1.60334,-0.8898926
40.508331298828125,,,,,,,,,,,,,,,-0.01584625,-0.9690323,2.434799,-0.01158905,2.648727,-0.2887268,4.311264,-0.9376144,4.223949,-0.7596741,3.449745,-0.9811478,2.416691,-0.8557205,2.03289,-0.7805862,-8.130447,-4.128792,1.982719,-1.906235,-1.501724,-0.9784393,2.163864,-0.9050674,1.599434,-0.888916
40.51667022705078,,,,,,,,,,,,,,,-0.01877594,-0.9729385,2.429916,-0.0076828,2.644821,-0.2760315,4.298569,-0.9366379,4.219067,-0.7547913,3.449745,-0.9782181,2.418644,-0.8498611,2.034843,-0.7747269,-8.137283,-4.135628,1.980766,-1.91893,-1.51149,-0.9803925,2.151169,-0.8826065,1.596504,-0.8879395
40.525001525878906,,,,,,,,,,,,,,,-0.02463531,-0.9787979,2.427963,-0.0008468628,2.640915,-0.2633362,4.287827,-0.9395676,4.216137,-0.7528381,3.447792,-0.976265,2.420597,-0.8332596,2.03582,-0.7727737,-8.14119,-4.141487,1.971001,-1.933578,-1.518326,-0.9784393,2.141403,-0.8650284,1.596504,-0.8869629
40.533329010009766,,,,,,,,,,,,,,,-0.03342438,-0.9856339,2.429916,0.005989075,2.637009,-0.2535706,4.274155,-0.9444504,4.213207,-0.7528381,3.444862,-0.9752884,2.42548,-0.8088455,2.034843,-0.7737503,-8.139236,-4.142464,1.959282,-1.948227,-1.522232,-0.9735565,2.130661,-0.8533096,1.597481,-0.8859863
40.53333333333333,0.0,-22.0,-29.0,-76.0,-5.0,-927.0,-11.0,-4362.0,-4.0,-8187.0,-7.0,-871.0,-3.0,-2586.0,,,,,,,,,,,,,,,,,,,,,,,,,,
40.54167175292969,,,,,,,,,,,,,,,-0.04319,-0.9924698,2.43187,0.01770782,2.630173,-0.2486877,4.266342,-0.9512863,4.212231,-0.7577209,3.439003,-0.9723587,2.431339,-0.7775955,2.033867,-0.7786331,-8.133377,-4.142464,1.94561,-1.960922,-1.525162,-0.9676971,2.119919,-0.8464737,1.597481,-0.8820801
40.54999923706055,,,,,,,,,,,,,,,-0.0510025,-1.000282,2.435776,0.02845001,2.621384,-0.2477112,4.261459,-0.9590988,4.213207,-0.7713928,3.429237,-0.9674759,2.435246,-0.7492752,2.029961,-0.7825394,-8.127518,-4.138557,1.934868,-1.970688,-1.531998,-0.9608612,2.1082,-0.843544,1.596504,-0.8752441
40.55833053588867,,,,,,,,,,,,,,,-0.05979156,-1.004189,2.437729,0.04016876,2.612595,-0.2516174,4.260483,-0.9610519,4.21516,-0.7870178,3.417519,-0.9625931,2.438175,-0.7258377,2.024101,-0.7874222,-8.116776,-4.127815,1.923149,-1.973618,-1.534927,-0.9559784,2.098434,-0.843544,1.591621,-0.8654785
40.56666666666667,-1.0,-22.0,-29.0,-81.0,-5.0,-924.0,-11.0,-4366.0,-4.0,-8186.0,-7.0,-870.0,-3.0,-2585.0,,,,,,,,,,,,,,,,,,,,,,,,,,
40.56666946411133,,,,,,,,,,,,,,,-0.06760406,-1.005165,2.438705,0.04993439,2.601852,-0.2545471,4.262436,-0.9610519,4.217113,-0.8045959,3.4058,-0.9577103,2.436222,-0.7092361,2.018242,-0.7932816,-8.106033,-4.114143,1.916313,-1.970688,-1.546646,-0.9550018,2.088669,-0.8474503,1.585762,-0.8537598
40.57500076293945,,,,,,,,,,,,,,,-0.07346344,-1.003212,2.436752,0.05579376,2.587204,-0.2584534,4.263412,-0.9590988,4.214184,-0.8211975,3.393105,-0.9518509,2.430363,-0.7014236,2.010429,-0.7962112,-8.097244,-4.096565,1.915337,-1.960922,-1.559341,-0.956955,2.078903,-0.8513565,1.57502,-0.8430176
40.58332824707031,,,,,,,,,,,,,,,-0.07932281,-0.9953995,2.433823,0.06165314,2.576462,-0.2643127,4.264389,-0.9561691,4.208324,-0.8299866,3.383339,-0.945015,2.421574,-0.7063065,2.002617,-0.7981644,-8.091385,-4.074104,1.915337,-1.943344,-1.575943,-0.9628143,2.070114,-0.8533096,1.559395,-0.8303223
40.591670989990234,,,,,,,,,,,,,,,-0.08518219,-0.987587,2.429916,0.06360626,2.56572,-0.2701721,4.264389,-0.9512863,4.200512,-0.8329163,3.37455,-0.938179,2.409855,-0.7180252,1.995781,-0.7952347,-8.084549,-4.051643,1.916313,-1.929672,-1.592545,-0.9735565,2.062302,-0.8533096,1.545723,-0.8205566
40.599998474121094,,,,,,,,,,,,,,,-0.09201813,-0.9797745,2.42308,0.06067657,2.56279,-0.2740784,4.262436,-0.9512863,4.18977,-0.82901,3.366737,-0.9323196,2.396183,-0.7336502,1.990898,-0.7893753,-8.085526,-4.029182,1.918266,-1.916,-1.60524,-0.9862518,2.056442,-0.8523331,1.535957,-0.8117676
40.6,-1.0,-24.0,-28.0,-82.0,-5.0,-924.0,-11.0,-4370.0,-3.0,-8187.0,-7.0,-871.0,-3.0,-2587.0,,,,,,,,,,,,,,,,,,,,,,,,,,
40.60832977294922,,,,,,,,,,,,,,,-0.0978775,-0.9739151,2.417221,0.0548172,2.55986,-0.2789612,4.257553,-0.9551926,4.175121,-0.8192444,3.360878,-0.9235306,2.382511,-0.754158,1.986015,-0.7825394,-8.086502,-4.013557,1.918266,-1.901352,-1.615982,-0.9989471,2.053513,-0.8494034,1.524239,-0.8068848
40.616668701171875,,,,,,,,,,,,,,,-0.1017838,-0.9729385,2.413315,0.05188751,2.56279,-0.283844,4.250717,-0.9630051,4.163403,-0.8055725,3.355995,-0.9166946,2.372746,-0.7707596,1.982109,-0.7737503,-8.092361,-4.002815,1.912407,-1.894516,-1.623795,-1.012619,2.04863,-0.8445206,1.517403,-0.8049316
40.625,,,,,,,,,,,,,,,-0.1047134,-0.9729385,2.409409,0.04602814,2.56572,-0.2887268,4.245834,-0.9747238,4.149731,-0.7938538,3.350136,-0.9118118,2.364933,-0.7844315,1.980156,-0.7649612,-8.099197,-3.997932,1.904594,-1.891586,-1.629654,-1.030197,2.044724,-0.8406143,1.517403,-0.8059082
40.633331298828125,,,,,,,,,,,,,,,-0.10569,-0.9748917,2.403549,0.04114532,2.568649,-0.2936096,4.242905,-0.9874191,4.141918,-0.7840881,3.3433,-0.906929,2.36005,-0.7941971,1.980156,-0.7591019,-8.105057,-4.002815,1.887016,-1.888657,-1.634537,-1.045822,2.035934,-0.8367081,1.518379,-0.8088379
40.63333333333333,-1.0,-26.0,-27.0,-81.0,-6.0,-928.0,-11.0,-4371.0,-3.0,-8189.0,-7.0,-870.0,-3.0,-2590.0,,,,,,,,,,,,,,,,,,,,,,,,,,
40.64167022705078,,,,,,,,,,,,,,,-0.10569,-0.980751,2.399643,0.03821564,2.571579,-0.2975159,4.238998,-1.002068,4.134106,-0.7733459,3.336464,-0.9010696,2.36005,-0.7981033,1.983086,-0.7551956,-8.116776,-4.014534,1.870415,-1.88768,-1.640396,-1.060471,2.030075,-0.8328018,1.521309,-0.8127441
40.650001525878906,,,,,,,,,,,,,,,-0.1027603,-0.9827042,2.39769,0.03723907,2.568649,-0.3004456,4.237045,-1.010857,4.129223,-0.7655334,3.331581,-0.8952103,2.362003,-0.7981033,1.985039,-0.7551956,-8.128494,-4.028206,1.845024,-1.885727,-1.648209,-1.078049,2.026169,-0.8318253,1.529121,-0.8234863
40.658329010009766,,,,,,,,,,,,,,,-0.1008072,-0.9817276,2.39476,0.03723907,2.564743,-0.3063049,4.234116,-1.014763,4.125317,-0.7596741,3.328651,-0.891304,2.36591,-0.7941971,1.985039,-0.7581253,-8.144119,-4.041878,1.818657,-1.882797,-1.658951,-1.091721,2.022263,-0.8328018,1.534981,-0.8381348
40.666666666666664,-1.0,-29.0,-27.0,-77.0,-6.0,-933.0,-11.0,-4372.0,-3.0,-8191.0,-7.0,-869.0,-3.0,-2595.0,,,,,,,,,,,,,,,,,,,,,,,,,,
40.66667175292969,,,,,,,,,,,,,,,-0.1008072,-0.9768448,2.393784,0.04114532,2.55986,-0.3121643,4.232162,-1.013786,4.120434,-0.7557678,3.326698,-0.8854446,2.371769,-0.7873611,1.983086,-0.7630081,-8.160721,-4.054573,1.795219,-1.881821,-1.67067,-1.105392,2.021286,-0.8376846,1.53791,-0.8498535
40.67499923706055,,,,,,,,,,,,,,,-0.1008072,-0.9670792,2.392807,0.0470047,2.553024,-0.3170471,4.22728,-1.004997,4.113598,-0.7528381,3.327675,-0.8786087,2.372746,-0.7815018,1.979179,-0.7649612,-8.176346,-4.060432,1.770805,-1.881821,-1.682388,-1.116135,2.018356,-0.8425674,1.54084,-0.8615723
40.68333053588867,,,,,,,,,,,,,,,-0.1047134,-0.9553604,2.39183,0.05188751,2.551071,-0.3229065,4.222397,-0.9903488,4.105785,-0.7518616,3.329628,-0.8727493,2.376652,-0.776619,1.97332,-0.7649612,-8.190994,-4.061409,1.747368,-1.882797,-1.692154,-1.119064,2.020309,-0.8474503,1.541817,-0.8723145
40.69166946411133,,,,,,,,,,,,,,,-0.1095963,-0.9455948,2.392807,0.05774689,2.548141,-0.3268127,4.215561,-0.9757004,4.09602,-0.7528381,3.335487,-0.86689,2.377628,-0.769783,1.964531,-0.7639847,-8.207596,-4.058479,1.734673,-1.888657,-1.69606,-1.117111,2.024216,-0.8572159,1.539864,-0.8791504
40.7,0.0,-31.0,-26.0,-75.0,-6.0,-939.0,-12.0,-4375.0,-3.0,-8194.0,-7.0,-869.0,-3.0,-2594.0,,,,,,,,,,,,,,,,,,,,,,,,,,
40.70000076293945,,,,,,,,,,,,,,,-0.1144791,-0.9348526,2.390854,0.0626297,2.547165,-0.330719,4.204819,-0.9639816,4.087231,-0.7557678,3.341347,-0.8590775,2.374699,-0.7649002,1.955742,-0.7600784,-8.219315,-4.05262,1.724907,-1.900375,-1.69899,-1.108322,2.027145,-0.8679581,1.534981,-0.8811035
40.70832824707031,,,,,,,,,,,,,,,-0.1203384,-0.925087,2.39183,0.06165314,2.550095,-0.3326721,4.195053,-0.9551926,4.080395,-0.7606506,3.347206,-0.8522415,2.370792,-0.760994,1.950859,-0.7551956,-8.224197,-4.045784,1.721977,-1.911118,-1.699966,-1.09465,2.028122,-0.8806534,1.527168,-0.8771973
40.716670989990234,,,,,,,,,,,,,,,-0.1252213,-0.9192276,2.390854,0.05384064,2.551071,-0.330719,4.184311,-0.9512863,4.075512,-0.7674866,3.352089,-0.8473587,2.36591,-0.7561111,1.946953,-0.7503128,-8.225174,-4.041878,1.72686,-1.926743,-1.69606,-1.080978,2.028122,-0.8933487,1.520332,-0.8693848
40.724998474121094,,,,,,,,,,,,,,,-0.1291275,-0.9153214,2.386948,0.04114532,2.552048,-0.3258362,4.176498,-0.9561691,4.071606,-0.7752991,3.355995,-0.8473587,2.36005,-0.7531815,1.948906,-0.74543,-8.223221,-4.045784,1.735649,-1.939438,-1.692154,-1.065353,2.023239,-0.9050674,1.51545,-0.8586426
40.73332977294922,,,,,,,,,,,,,,,-0.1320572,-0.9153214,2.386948,0.02747345,2.554001,-0.3199768,4.166733,-0.9649582,4.070629,-0.7801819,3.359901,-0.851265,2.348331,-0.7512283,1.952812,-0.7434769,-8.213455,-4.053596,1.749321,-1.94725,-1.685318,-1.049728,2.013474,-0.9148331,1.510567,-0.8469238
40.733333333333334,0.0,-33.0,-26.0,-79.0,-6.0,-946.0,-12.0,-4381.0,-3.0,-8198.0,-7.0,-867.0,-3.0,-2591.0,,,,,,,,,,,,,,,,,,,,,,,,,,
40.741668701171875,,,,,,,,,,,,,,,-0.1320572,-0.9192276,2.383041,0.009895325,2.553024,-0.3141174,4.159897,-0.9747238,4.071606,-0.7831116,3.358925,-0.860054,2.340519,-0.7492752,1.957695,-0.7425003,-8.20369,-4.065315,1.762016,-1.957016,-1.680435,-1.038986,1.999802,-0.921669,1.508614,-0.833252
40.75,,,,,,,,,,,,,,,-0.1330338,-0.925087,2.378159,-0.005729675,2.550095,-0.3063049,4.154037,-0.9835129,4.072582,-0.7840881,3.355995,-0.8717728,2.33173,-0.7473221,1.962578,-0.7415237,-8.192947,-4.08094,1.774712,-1.962875,-1.672623,-1.033127,1.982224,-0.921669,1.50666,-0.8225098
40.758331298828125,,,,,,,,,,,,,,,-0.1291275,-0.9319229,2.373276,-0.01940155,2.545212,-0.2955627,4.151108,-0.9883957,4.071606,-0.7831116,3.351112,-0.8854446,2.322941,-0.745369,1.967461,-0.7425003,-8.181229,-4.094612,1.783501,-1.961899,-1.660904,-1.030197,1.959763,-0.9148331,1.504707,-0.8127441
40.766666666666666,0.0,-34.0,-26.0,-85.0,-6.0,-950.0,-12.0,-4388.0,-3.0,-8202.0,-6.0,-865.0,-3.0,-2593.0,,,,,,,,,,,,,,,,,,,,,,,,,,
40.76667022705078,,,,,,,,,,,,,,,-0.1242447,-0.9397354,2.367416,-0.02916718,2.538376,-0.2828674,4.149155,-0.9903488,4.067699,-0.7782288,3.342323,-0.8991165,2.315128,-0.7473221,1.968437,-0.7434769,-8.170486,-4.103401,1.793266,-1.957016,-1.655045,-1.030197,1.939255,-0.9031143,1.498848,-0.8039551
40.775001525878906,,,,,,,,,,,,,,,-0.1144791,-0.9475479,2.36351,-0.03209686,2.530563,-0.2701721,4.146225,-0.985466,4.063793,-0.7704163,3.334511,-0.9127884,2.308292,-0.7492752,1.967461,-0.7425003,-8.157791,-4.106331,1.796196,-1.948227,-1.648209,-1.03215,1.919724,-0.8865128,1.491035,-0.8000488
40.783329010009766,,,,,,,,,,,,,,,-0.1037369,-0.9524307,2.359604,-0.0311203,2.522751,-0.2565002,4.144272,-0.9757004,4.060863,-0.7616272,3.323769,-0.9186478,2.304386,-0.7531815,1.962578,-0.7425003,-8.149979,-4.103401,1.802055,-1.937485,-1.644302,-1.033127,1.903122,-0.8689346,1.479317,-0.7980957
40.79167175292969,,,,,,,,,,,,,,,-0.09201813,-0.9524307,2.357651,-0.02428436,2.516891,-0.2418518,4.137436,-0.9639816,4.053051,-0.7538147,3.31205,-0.9186478,2.301456,-0.7600174,1.959648,-0.7434769,-8.140213,-4.094612,1.804985,-1.923813,-1.646255,-1.03508,1.887497,-0.8542862,1.464668,-0.7980957
40.79999923706055,,,,,,,,,,,,,,,-0.07932281,-0.9465714,2.353745,-0.0154953,2.511032,-0.2281799,4.128647,-0.9503098,4.044262,-0.7479553,3.303261,-0.9118118,2.296574,-0.7688065,1.953789,-0.7434769,-8.133377,-4.08094,1.804985,-1.908188,-1.653091,-1.036057,1.877731,-0.8406143,1.45295,-0.802002
40.8,0.0,-33.0,-26.0,-87.0,-6.0,-948.0,-11.0,-4392.0,-2.0,-8206.0,-6.0,-866.0,-3.0,-2597.0,,,,,,,,,,,,,,,,,,,,,,,,,,
40.80833053588867,,,,,,,,,,,,,,,-0.06760406,-0.9368057,2.354721,-0.005729675,2.507126,-0.2184143,4.120834,-0.9366379,4.036449,-0.7440491,3.295448,-0.8991165,2.29755,-0.7785721,1.948906,-0.7434769,-8.129471,-4.065315,1.806938,-1.895493,-1.66481,-1.03801,1.873825,-0.8298721,1.441231,-0.8039551
40.81666946411133,,,,,,,,,,,,,,,-0.058815,-0.925087,2.354721,0.008918762,2.502243,-0.2145081,4.109116,-0.9258957,4.028637,-0.7411194,3.292519,-0.8844681,2.293644,-0.7873611,1.941093,-0.7434769,-8.126541,-4.053596,1.805962,-1.88768,-1.680435,-1.041916,1.872849,-0.8230362,1.437325,-0.8059082
40.82500076293945,,,,,,,,,,,,,,,-0.05393219,-0.9114151,2.350815,0.02552032,2.50029,-0.2164612,4.097397,-0.9171066,4.021801,-0.7411194,3.289589,-0.8688431,2.289738,-0.7951736,1.934258,-0.7444534,-8.127518,-4.045784,1.799126,-1.886703,-1.700943,-1.045822,1.877731,-0.8171768,1.437325,-0.8059082
40.83332824707031,,,,,,,,,,,,,,,-0.05393219,-0.9006729,2.348862,0.04114532,2.496384,-0.2232971,4.087631,-0.9092941,4.015942,-0.7430725,3.288612,-0.8541946,2.282902,-0.7961502,1.929375,-0.7464066,-8.131424,-4.038948,1.79229,-1.89061,-1.723404,-1.052658,1.884567,-0.8132706,1.443184,-0.8049316
40.833333333333336,0.0,-31.0,-27.0,-87.0,-5.0,-946.0,-11.0,-4392.0,-2.0,-8210.0,-6.0,-869.0,-3.0,-2601.0,,,,,,,,,,,,,,,,,,,,,,,,,,
40.841670989990234,,,,,,,,,,,,,,,-0.05686188,-0.893837,2.343979,0.05677032,2.492477,-0.2359924,4.078842,-0.9053879,4.010082,-0.7450256,3.287636,-0.844429,2.278019,-0.7941971,1.922539,-0.7483597,-8.14119,-4.038948,1.780571,-1.900375,-1.741959,-1.064377,1.896286,-0.8074112,1.451973,-0.8049316
40.849998474121094,,,,,,,,,,,,,,,-0.06467438,-0.8889542,2.337143,0.0704422,2.487595,-0.252594,4.072006,-0.9024582,4.006176,-0.7460022,3.287636,-0.8434525,2.270206,-0.7863846,1.918633,-0.7512894,-8.154861,-4.040901,1.766899,-1.915024,-1.762466,-1.076096,1.904099,-0.8035049,1.457832,-0.8059082
40.85832977294922,,,,,,,,,,,,,,,-0.07541656,-0.8879776,2.33226,0.08216095,2.483688,-0.2701721,4.06517,-0.9014816,4.003246,-0.7469788,3.285683,-0.8483353,2.262394,-0.776619,1.917656,-0.7551956,-8.16658,-4.041878,1.756157,-1.934555,-1.780045,-1.087814,1.908981,-0.8015518,1.460762,-0.8078613
40.86666666666667,0.0,-30.0,-27.0,-87.0,-5.0,-945.0,-12.0,-4393.0,-2.0,-8213.0,-6.0,-872.0,-3.0,-2608.0,,,,,,,,,,,,,,,,,,,,,,,,,,
40.866668701171875,,,,,,,,,,,,,,,-0.08713531,-0.8860245,2.325424,0.08997345,2.477829,-0.2867737,4.062241,-0.8995285,3.99934,-0.7450256,3.2808,-0.8610306,2.257511,-0.7658768,1.915703,-0.7591019,-8.180252,-4.045784,1.749321,-1.95018,-1.797623,-1.098557,1.911911,-0.8015518,1.458809,-0.8117676
40.875,,,,,,,,,,,,,,,-0.09885406,-0.8840714,2.319565,0.09290314,2.473923,-0.299469,4.058334,-0.8975754,3.993481,-0.7430725,3.273964,-0.8815384,2.254581,-0.7570877,1.914726,-0.7669144,-8.193924,-4.04969,1.745415,-1.962875,-1.810318,-1.106369,1.906052,-0.8044815,1.450996,-0.817627
40.883331298828125,,,,,,,,,,,,,,,-0.1086197,-0.8791885,2.316635,0.09095001,2.46904,-0.3082581,4.053452,-0.8956223,3.986645,-0.7391663,3.263222,-0.9088821,2.250675,-0.7492752,1.912773,-0.77668,-8.201736,-4.04969,1.746391,-1.969711,-1.82106,-1.112228,1.898239,-0.812294,1.439278,-0.8254395
40.89167022705078,,,,,,,,,,,,,,,-0.1193619,-0.871376,2.310776,0.08802032,2.462204,-0.3121643,4.048569,-0.891716,3.977856,-0.7333069,3.25248,-0.9372025,2.249699,-0.7424393,1.90789,-0.7844925,-8.208572,-4.04969,1.750298,-1.970688,-1.833755,-1.113205,1.88945,-0.8220596,1.423653,-0.8273926
40.9,0.0,-33.0,-26.0,-91.0,-5.0,-947.0,-12.0,-4396.0,-2.0,-8218.0,-7.0,-873.0,-3.0,-2616.0,,,,,,,,,,,,,,,,,,,,,,,,,,
40.900001525878906,,,,,,,,,,,,,,,-0.1271744,-0.8664932,2.308823,0.08411407,2.455368,-0.3111877,4.042709,-0.8848801,3.971996,-0.7254944,3.242714,-0.9655228,2.244816,-0.7395096,1.902031,-0.7913284,-8.213455,-4.04969,1.757133,-1.965805,-1.840591,-1.111252,1.879684,-0.8347549,1.409004,-0.8254395
40.908329010009766,,,,,,,,,,,,,,,-0.1320572,-0.862587,2.305893,0.08020782,2.447556,-0.3082581,4.03685,-0.876091,3.967113,-0.719635,3.230995,-0.9928665,2.241886,-0.7365799,1.894218,-0.7971878,-8.216385,-4.050667,1.762016,-1.956039,-1.848404,-1.102463,1.871872,-0.8474503,1.395332,-0.8195801
40.91667175292969,,,,,,,,,,,,,,,-0.13694,-0.8616104,2.30394,0.0782547,2.43779,-0.3023987,4.030014,-0.8643723,3.960278,-0.7127991,3.220253,-1.013374,2.23798,-0.7356033,1.890312,-0.8001175,-8.216385,-4.05262,1.763969,-1.941391,-1.85817,-1.088791,1.862106,-0.8581924,1.388496,-0.8117676
40.92499923706055,,,,,,,,,,,,,,,-0.1398697,-0.8664932,2.30101,0.0782547,2.429001,-0.2936096,4.027084,-0.8536301,3.957348,-0.7069397,3.21244,-1.031929,2.231144,-0.7346268,1.885429,-0.7981644,-8.219315,-4.054573,1.762016,-1.924789,-1.867935,-1.074142,1.859177,-0.8640518,1.383614,-0.802002
40.93333053588867,,,,,,,,,,,,,,,-0.1408463,-0.8752823,2.300034,0.08216095,2.418259,-0.283844,4.026108,-0.8428879,3.954418,-0.70401,3.204628,-1.042671,2.228214,-0.7316971,1.885429,-0.7942581,-8.225174,-4.054573,1.752251,-1.909164,-1.878677,-1.055588,1.851364,-0.8669815,1.379707,-0.7893066
40.93333333333333,0.0,-36.0,-26.0,-97.0,-6.0,-946.0,-12.0,-4399.0,-3.0,-8221.0,-7.0,-875.0,-3.0,-2626.0,,,,,,,,,,,,,,,,,,,,,,,,,,
40.94166946411133,,,,,,,,,,,,,,,-0.1398697,-0.8889542,2.29808,0.09095001,2.408493,-0.2760315,4.023178,-0.8360519,3.952465,-0.7020569,3.197792,-1.047554,2.222355,-0.7277908,1.886406,-0.7913284,-8.231033,-4.05555,1.738579,-1.894516,-1.890396,-1.036057,1.840622,-0.8650284,1.376778,-0.7814941
40.95000076293945,,,,,,,,,,,,,,,-0.1379166,-0.9036026,2.296127,0.1016922,2.396774,-0.268219,4.019272,-0.8350754,3.950512,-0.7049866,3.192909,-1.047554,2.223331,-0.7238846,1.888359,-0.7913284,-8.239822,-4.053596,1.724907,-1.879868,-1.897232,-1.013596,1.827927,-0.859169,1.374825,-0.7785645
40.95832824707031,,,,,,,,,,,,,,,-0.13694,-0.9202042,2.294174,0.1143875,2.387009,-0.2584534,4.014389,-0.8399582,3.949535,-0.7079163,3.188026,-1.044624,2.225285,-0.7190018,1.890312,-0.7913284,-8.247635,-4.050667,1.705376,-1.867172,-1.901138,-0.996994,1.815231,-0.8494034,1.371895,-0.7805176
40.96666666666667,0.0,-37.0,-26.0,-100.0,-6.0,-947.0,-12.0,-4397.0,-3.0,-8227.0,-7.0,-876.0,-4.0,-2635.0,,,,,,,,,,,,,,,,,,,,,,,,,,
40.966670989990234,,,,,,,,,,,,,,,-0.1330338,-0.933876,2.290268,0.1270828,2.380173,-0.2516174,4.006577,-0.8477707,3.944653,-0.7108459,3.182167,-1.039742,2.228214,-0.7121658,1.890312,-0.7962112,-8.257401,-4.047737,1.687798,-1.857407,-1.900162,-0.9823456,1.805466,-0.8367081,1.367989,-0.7844238
40.974998474121094,,,,,,,,,,,,,,,-0.1330338,-0.9465714,2.284409,0.1368484,2.37236,-0.2467346,3.993881,-0.8555832,3.938793,-0.7147522,3.176308,-1.030952,2.229191,-0.7033768,1.891289,-0.80793,-8.265213,-4.044807,1.671196,-1.851547,-1.896255,-0.97258,1.794724,-0.8249893,1.363106,-0.7922363
40.98332977294922,,,,,,,,,,,,,,,-0.1320572,-0.9573135,2.278549,0.1456375,2.367477,-0.2447815,3.978256,-0.8653488,3.93391,-0.7176819,3.172401,-1.021187,2.228214,-0.6975174,1.886406,-0.8206253,-8.273026,-4.040901,1.66143,-1.852524,-1.890396,-0.9706268,1.788864,-0.8162003,1.358223,-0.8029785
40.991668701171875,,,,,,,,,,,,,,,-0.1330338,-0.9641495,2.271713,0.1505203,2.364548,-0.2447815,3.962631,-0.8731613,3.926098,-0.7215881,3.169472,-1.014351,2.225285,-0.6945877,1.87957,-0.8342972,-8.282791,-4.040901,1.651665,-1.85643,-1.884537,-0.9735565,1.785934,-0.812294,1.35627,-0.8146973
41.0,-1.0,-39.0,-26.0,-99.0,-5.0,-948.0,-11.0,-4392.0,-3.0,-8236.0,-7.0,-875.0,-4.0,-2641.0,-0.1330338,-0.9700089,2.26683,0.1495438,2.362595,-0.2447815,3.948959,-0.8770676,3.918285,-0.7235413,3.165565,-1.010445,2.219425,-0.6945877,1.875664,-0.8450394,-8.290604,-4.043831,1.646782,-1.863266,-1.881607,-0.9803925,1.782028,-0.812294,1.357246,-0.8293457
41.008331298828125,,,,,,,,,,,,,,,-0.1349869,-0.9739151,2.26683,0.1456375,2.363571,-0.2457581,3.937241,-0.8799973,3.909496,-0.7274475,3.163612,-1.010445,2.20966,-0.6945877,1.870781,-0.8469925,-8.296463,-4.048714,1.642876,-1.870102,-1.881607,-0.9911346,1.781052,-0.8152237,1.361153,-0.848877
41.01667022705078,,,,,,,,,,,,,,,-0.13694,-0.9768448,2.265854,0.1397781,2.364548,-0.2457581,3.931381,-0.8829269,3.900707,-0.7333069,3.161659,-1.013374,2.199894,-0.698494,1.866875,-0.8411331,-8.302322,-4.054573,1.641899,-1.877914,-1.885513,-0.9999237,1.779099,-0.8191299,1.361153,-0.8654785
41.025001525878906,,,,,,,,,,,,,,,-0.13694,-0.9797745,2.26976,0.1309891,2.366501,-0.2438049,3.929428,-0.8897629,3.895824,-0.7430725,3.15873,-1.018257,2.189152,-0.7043533,1.861992,-0.8284378,-8.307205,-4.062386,1.639946,-1.88475,-1.88942,-1.010666,1.776169,-0.8230362,1.362129,-0.8850098
41.033329010009766,,,,,,,,,,,,,,,-0.13694,-0.9846573,2.274643,0.1212234,2.370407,-0.2418518,3.927475,-0.8995285,3.890942,-0.7518616,3.156776,-1.022163,2.183292,-0.7111893,1.858086,-0.8069534,-8.307205,-4.069221,1.63604,-1.889633,-1.899185,-1.017502,1.772263,-0.8259659,1.362129,-0.9055176
41.03333333333333,-2.0,-41.0,-27.0,-96.0,-5.0,-949.0,-11.0,-4390.0,-3.0,-8244.0,-6.0,-877.0,-4.0,-2643.0,,,,,,,,,,,,,,,,,,,,,,,,,,
41.04167175292969,,,,,,,,,,,,,,,-0.1398697,-0.9895401,2.278549,0.1124344,2.373337,-0.2398987,3.929428,-0.9151535,3.889965,-0.7616272,3.154823,-1.02314,2.180363,-0.7180252,1.854179,-0.7825394,-8.307205,-4.076057,1.635063,-1.891586,-1.906021,-1.019455,1.768356,-0.8249893,1.362129,-0.9211426
41.04999923706055,,,,,,,,,,,,,,,-0.1447525,-0.9924698,2.280502,0.1026688,2.37529,-0.236969,3.930405,-0.9327316,3.889965,-0.7723694,3.15287,-1.018257,2.179386,-0.7258377,1.84832,-0.7551956,-8.308182,-4.08094,1.627251,-1.89061,-1.915787,-1.022385,1.766403,-0.8220596,1.358223,-0.9299316
41.05833053588867,,,,,,,,,,,,,,,-0.1496353,-0.9944229,2.280502,0.09290314,2.376266,-0.2359924,3.927475,-0.9483566,3.891918,-0.7782288,3.14994,-1.004585,2.17841,-0.7326736,1.842461,-0.7327347,-8.308182,-4.085823,1.621391,-1.89061,-1.925552,-1.022385,1.760544,-0.8191299,1.354317,-0.9299316
41.06666666666667,-2.0,-43.0,-27.0,-92.0,-5.0,-951.0,-11.0,-4392.0,-3.0,-8251.0,-6.0,-877.0,-3.0,-2645.0,,,,,,,,,,,,,,,,,,,,,,,,,,
41.06666946411133,,,,,,,,,,,,,,,-0.1564713,-0.9953995,2.279526,0.0860672,2.376266,-0.2389221,3.921616,-0.9659348,3.894848,-0.782135,3.147011,-0.9840775,2.17548,-0.7365799,1.834648,-0.7190628,-8.308182,-4.0868,1.619438,-1.89061,-1.938248,-1.021408,1.755661,-0.8162003,1.352364,-0.9211426
41.07500076293945,,,,,,,,,,,,,,,-0.1623306,-0.9924698,2.276596,0.08020782,2.37236,-0.2438049,3.913803,-0.9805832,3.896801,-0.7860413,3.145058,-0.9577103,2.17548,-0.7395096,1.823906,-0.7151566,-8.308182,-4.084846,1.619438,-1.89061,-1.95192,-1.021408,1.746872,-0.8162003,1.348457,-0.9064941
41.08332824707031,,,,,,,,,,,,,,,-0.16819,-0.987587,2.27562,0.0782547,2.369431,-0.2496643,3.905014,-0.9913254,3.898754,-0.7870178,3.144081,-0.9332962,2.173527,-0.7424393,1.815117,-0.7210159,-8.308182,-4.077034,1.624321,-1.89061,-1.969498,-1.023361,1.737106,-0.8230362,1.344551,-0.8850098
41.091670989990234,,,,,,,,,,,,,,,-0.1701431,-0.9827042,2.27562,0.07727814,2.365524,-0.2555237,3.897202,-0.9971848,3.899731,-0.7860413,3.143105,-0.9108353,2.169621,-0.7414627,1.809258,-0.7366409,-8.308182,-4.066292,1.63018,-1.885727,-1.986099,-1.027267,1.727341,-0.8328018,1.338692,-0.8615723
41.099998474121094,,,,,,,,,,,,,,,-0.1730728,-0.9787979,2.276596,0.07630157,2.358688,-0.2594299,3.892319,-0.9962082,3.899731,-0.7850647,3.141151,-0.8922806,2.166691,-0.7395096,1.804375,-0.7571487,-8.307205,-4.053596,1.63604,-1.877914,-2.006607,-1.031174,1.717575,-0.8464737,1.329903,-0.8400879
41.1,-2.0,-46.0,-27.0,-92.0,-5.0,-954.0,-10.0,-4393.0,-3.0,-8254.0,-5.0,-874.0,-3.0,-2650.0,,,,,,,,,,,,,,,,,,,,,,,,,,
41.10832977294922,,,,,,,,,,,,,,,-0.1720963,-0.9758682,2.279526,0.07630157,2.354782,-0.2613831,3.890366,-0.9883957,3.895824,-0.7879944,3.141151,-0.8864212,2.164738,-0.738533,1.801445,-0.7805862,-8.305252,-4.037971,1.641899,-1.869125,-2.024185,-1.037033,1.711716,-0.8620987,1.323067,-0.8186035
41.116668701171875,,,,,,,,,,,,,,,-0.1701431,-0.971962,2.283432,0.07630157,2.352829,-0.2604065,3.891342,-0.9776535,3.889965,-0.7899475,3.138222,-0.8883743,2.164738,-0.7375565,1.801445,-0.8010941,-8.304276,-4.022346,1.641899,-1.85936,-2.040787,-1.041916,1.705856,-0.8787003,1.312325,-0.8029785
41.125,,,,,,,,,,,,,,,-0.16819,-0.9700089,2.284409,0.07434845,2.350876,-0.2565002,3.898178,-0.9630051,3.884106,-0.7899475,3.134315,-0.89814,2.165714,-0.7395096,1.806328,-0.8196487,-8.304276,-4.008675,1.637016,-1.850571,-2.051529,-1.044846,1.702927,-0.8923721,1.301582,-0.7902832
41.133331298828125,,,,,,,,,,,,,,,-0.1672134,-0.9670792,2.286362,0.07337189,2.351852,-0.2516174,3.904037,-0.9434738,3.87434,-0.7879944,3.128456,-0.913765,2.162785,-0.7424393,1.809258,-0.8303909,-8.306229,-3.998909,1.626274,-1.843735,-2.057388,-1.046799,1.698044,-0.9011612,1.29084,-0.7805176
41.13333333333333,-2.0,-51.0,-28.0,-91.0,-5.0,-957.0,-10.0,-4394.0,-3.0,-8259.0,-6.0,-870.0,-3.0,-2656.0,,,,,,,,,,,,,,,,,,,,,,,,,,
41.14167022705078,,,,,,,,,,,,,,,-0.1672134,-0.9602432,2.284409,0.07239532,2.350876,-0.2467346,3.91185,-0.9219894,3.862621,-0.7860413,3.116737,-0.9342728,2.160831,-0.7492752,1.81414,-0.8372269,-8.311111,-3.995003,1.610649,-1.838852,-2.058365,-1.046799,1.694138,-0.9079971,1.278145,-0.7717285
41.150001525878906,,,,,,,,,,,,,,,-0.1662369,-0.9514542,2.280502,0.07239532,2.350876,-0.2428284,3.915756,-0.8995285,3.849926,-0.7831116,3.103065,-0.9547806,2.154972,-0.7561111,1.815117,-0.8401566,-8.314041,-3.995979,1.593071,-1.838852,-2.057388,-1.047775,1.689255,-0.9099503,1.270332,-0.763916
41.158329010009766,,,,,,,,,,,,,,,-0.1662369,-0.9446182,2.273666,0.07239532,2.349899,-0.2408752,3.916733,-0.8809738,3.836254,-0.7792053,3.086464,-0.9713821,2.145206,-0.760994,1.815117,-0.8411331,-8.319901,-4.001839,1.577446,-1.843735,-2.057388,-1.048752,1.680466,-0.9079971,1.264473,-0.7580566
41.166666666666664,-3.0,-55.0,-28.0,-90.0,-5.0,-961.0,-11.0,-4393.0,-3.0,-8266.0,-6.0,-871.0,-3.0,-2660.0,,,,,,,,,,,,,,,,,,,,,,,,,,
41.16667175292969,,,,,,,,,,,,,,,-0.1672134,-0.9377823,2.26683,0.07239532,2.34697,-0.2428284,3.916733,-0.8653488,3.822582,-0.7752991,3.071815,-0.9870071,2.135441,-0.7649002,1.811211,-0.8411331,-8.323807,-4.007698,1.561821,-1.8535,-2.053482,-1.049728,1.671677,-0.9070206,1.26252,-0.7541504
41.17499923706055,,,,,,,,,,,,,,,-0.1701431,-0.9319229,2.259995,0.0704422,2.342087,-0.2457581,3.912827,-0.8555832,3.806957,-0.7723694,3.057167,-0.9977493,2.124699,-0.7658768,1.804375,-0.8421097,-8.323807,-4.015511,1.550102,-1.864243,-2.057388,-1.055588,1.661911,-0.9040909,1.260567,-0.7512207
41.18333053588867,,,,,,,,,,,,,,,-0.1711197,-0.9299698,2.255112,0.06653595,2.338181,-0.2516174,3.906967,-0.8497238,3.793285,-0.7674866,3.045448,-1.004585,2.114933,-0.7639236,1.795586,-0.8430862,-8.323807,-4.022346,1.544243,-1.878891,-2.064224,-1.062424,1.655075,-0.9011612,1.25666,-0.7561035
41.19166946411133,,,,,,,,,,,,,,,-0.1730728,-0.9309464,2.251205,0.05774689,2.333298,-0.2574768,3.897202,-0.8487473,3.779613,-0.7645569,3.038612,-1.006538,2.105167,-0.760994,1.786797,-0.8421097,-8.321854,-4.029182,1.541313,-1.892563,-2.074966,-1.06926,1.652145,-0.8972549,1.254707,-0.7629395
41.2,-3.0,-58.0,-28.0,-89.0,-5.0,-962.0,-11.0,-4395.0,-3.0,-8269.0,-5.0,-871.0,-2.0,-2659.0,,,,,,,,,,,,,,,,,,,,,,,,,,
41.20000076293945,,,,,,,,,,,,,,,-0.1740494,-0.9319229,2.247299,0.04993439,2.328415,-0.2633362,3.890366,-0.8526535,3.764965,-0.7626038,3.035683,-1.008492,2.101261,-0.7561111,1.776054,-0.8401566,-8.318924,-4.036995,1.540337,-1.907211,-2.092545,-1.078049,1.648239,-0.8923721,1.249825,-0.7746582
41.20832824707031,,,,,,,,,,,,,,,-0.1760025,-0.9348526,2.245346,0.0391922,2.327438,-0.2672424,3.882553,-0.8624191,3.755199,-0.7577209,3.037636,-1.009468,2.098331,-0.7522049,1.767265,-0.83918,-8.318924,-4.043831,1.54229,-1.91893,-2.109146,-1.087814,1.648239,-0.8865128,1.240059,-0.7893066
41.216670989990234,,,,,,,,,,,,,,,-0.1760025,-0.9358292,2.243393,0.02747345,2.322556,-0.2721252,3.876694,-0.8770676,3.74934,-0.7538147,3.039589,-1.008492,2.096378,-0.7482986,1.756523,-0.8372269,-8.323807,-4.04969,1.544243,-1.925766,-2.129654,-1.095627,1.650192,-0.8796768,1.223457,-0.8059082
41.224998474121094,,,,,,,,,,,,,,,-0.1750259,-0.933876,2.239487,0.01868439,2.317673,-0.2750549,3.871811,-0.8936691,3.74641,-0.7518616,3.043495,-1.008492,2.097355,-0.7443924,1.749687,-0.8352737,-8.32869,-4.057503,1.544243,-1.931625,-2.149185,-1.099533,1.649216,-0.8718643,1.207832,-0.8195801
41.23332977294922,,,,,,,,,,,,,,,-0.1740494,-0.9260635,2.233627,0.01184845,2.31279,-0.2779846,3.866928,-0.907341,3.74641,-0.7538147,3.046425,-1.011421,2.096378,-0.7424393,1.743828,-0.8352737,-8.334549,-4.065315,1.545219,-1.934555,-2.165787,-1.098557,1.650192,-0.8660049,1.189278,-0.8303223
41.233333333333334,-2.0,-59.0,-27.0,-86.0,-5.0,-962.0,-11.0,-4399.0,-4.0,-8272.0,-5.0,-870.0,-2.0,-2661.0,,,,,,,,,,,,,,,,,,,,,,,,,,
41.241668701171875,,,,,,,,,,,,,,,-0.1720963,-0.9153214,2.225815,0.0079422,2.305954,-0.2818909,3.859116,-0.9180832,3.748363,-0.7577209,3.046425,-1.013374,2.095402,-0.7414627,1.740898,-0.8362503,-8.344315,-4.071175,1.543266,-1.932602,-2.177505,-1.093674,1.650192,-0.8611221,1.170723,-0.842041
41.25,,,,,,,,,,,,,,,-0.1711197,-0.9045792,2.215073,0.006965637,2.295212,-0.2887268,3.854233,-0.9249191,3.754223,-0.7655334,3.041542,-1.015327,2.091496,-0.7434158,1.742851,-0.8372269,-8.35408,-4.074104,1.54229,-1.929672,-2.185318,-1.084885,1.651169,-0.859169,1.158028,-0.8479004
41.258331298828125,,,,,,,,,,,,,,,-0.1701431,-0.8899307,2.206284,0.0079422,2.286423,-0.299469,3.847397,-0.9239426,3.756176,-0.7762756,3.034706,-1.018257,2.088566,-0.745369,1.744804,-0.8362503,-8.366776,-4.077034,1.53936,-1.925766,-2.189224,-1.072189,1.646286,-0.859169,1.147285,-0.8508301
41.266666666666666,-2.0,-57.0,-27.0,-81.0,-4.0,-965.0,-11.0,-4404.0,-4.0,-8274.0,-4.0,-864.0,-2.0,-2665.0,,,,,,,,,,,,,,,,,,,,,,,,,,
41.26667022705078,,,,,,,,,,,,,,,-0.1711197,-0.8772354,2.196518,0.01087189,2.275681,-0.3102112,3.840561,-0.9161301,3.758129,-0.7860413,3.02494,-1.02021,2.08466,-0.7512283,1.752617,-0.8323441,-8.379471,-4.078987,1.53643,-1.91893,-2.185318,-1.057541,1.643356,-0.8611221,1.141426,-0.8527832
41.275001525878906,,,,,,,,,,,,,,,-0.1740494,-0.8635635,2.185776,0.01477814,2.265915,-0.3229065,3.831772,-0.9024582,3.757153,-0.7958069,3.008339,-1.02021,2.079777,-0.7600174,1.759453,-0.8264847,-8.390213,-4.079964,1.535454,-1.910141,-2.182388,-1.043869,1.633591,-0.8620987,1.142403,-0.8547363
41.283329010009766,,,,,,,,,,,,,,,-0.1789322,-0.8528214,2.177963,0.02063751,2.255173,-0.3326721,3.820053,-0.8868332,3.751293,-0.8006897,2.995644,-1.018257,2.075871,-0.7736893,1.766289,-0.8167191,-8.407791,-4.08094,1.53643,-1.897446,-2.178482,-1.027267,1.621872,-0.8640518,1.145332,-0.857666
41.29167175292969,,,,,,,,,,,,,,,-0.183815,-0.8498917,2.170151,0.02454376,2.24736,-0.3375549,3.809311,-0.8751144,3.74641,-0.8016663,2.982948,-1.016304,2.071964,-0.7912674,1.769218,-0.8069534,-8.418533,-4.079964,1.53643,-1.882797,-2.176529,-1.013596,1.607224,-0.8669815,1.151192,-0.8615723
41.29999923706055,,,,,,,,,,,,,,,-0.1906509,-0.8508682,2.165268,0.02649689,2.237595,-0.3356018,3.796616,-0.8712082,3.740551,-0.8026428,2.972206,-1.012398,2.067081,-0.807869,1.768242,-0.8001175,-8.430252,-4.075081,1.535454,-1.865219,-2.178482,-1.005783,1.592575,-0.8669815,1.155098,-0.864502
41.3,-1.0,-51.0,-28.0,-76.0,-4.0,-970.0,-11.0,-4406.0,-4.0,-8274.0,-5.0,-860.0,-2.0,-2667.0,,,,,,,,,,,,,,,,,,,,,,,,,,
41.30833053588867,,,,,,,,,,,,,,,-0.19944,-0.8567276,2.164291,0.02942657,2.229782,-0.3277893,3.785873,-0.8741379,3.733715,-0.8045959,2.96537,-1.006538,2.062199,-0.8274002,1.762383,-0.7952347,-8.439041,-4.071175,1.532524,-1.850571,-2.185318,-0.9999237,1.57695,-0.8669815,1.159004,-0.8664551
41.31666946411133,,,,,,,,,,,,,,,-0.2082291,-0.8664932,2.162338,0.03333282,2.22197,-0.3170471,3.773178,-0.8819504,3.728832,-0.8065491,2.961464,-1.001656,2.055363,-0.8469315,1.752617,-0.7913284,-8.442947,-4.066292,1.526665,-1.841782,-2.195084,-0.996994,1.562302,-0.8669815,1.161934,-0.8674316
41.32500076293945,,,,,,,,,,,,,,,-0.2160416,-0.8772354,2.161362,0.03723907,2.213181,-0.3053284,3.761459,-0.8946457,3.723949,-0.8104553,2.961464,-0.9977493,2.049503,-0.8606033,1.741875,-0.7913284,-8.446854,-4.060432,1.514946,-1.838852,-2.210709,-0.9960175,1.550583,-0.8660049,1.161934,-0.8664551
41.33332824707031,,,,,,,,,,,,,,,-0.2228775,-0.8860245,2.160385,0.04016876,2.208298,-0.2955627,3.749741,-0.9092941,3.722973,-0.8163147,2.963417,-0.9987259,2.042667,-0.8693924,1.730156,-0.792305,-8.444901,-4.056526,1.503227,-1.842758,-2.22438,-1.0009,1.5457,-0.8650284,1.159004,-0.8635254
41.333333333333336,-1.0,-52.0,-28.0,-74.0,-3.0,-977.0,-11.0,-4407.0,-4.0,-8279.0,-5.0,-858.0,-2.0,-2669.0,,,,,,,,,,,,,,,,,,,,,,,,,,
41.341670989990234,,,,,,,,,,,,,,,-0.2267838,-0.8918839,2.160385,0.04212189,2.202438,-0.2877502,3.737045,-0.9249191,3.72102,-0.8241272,2.963417,-1.000679,2.031925,-0.8742752,1.719414,-0.7913284,-8.444901,-4.056526,1.486626,-1.85643,-2.239029,-1.007736,1.541794,-0.8611221,1.153145,-0.857666
41.349998474121094,,,,,,,,,,,,,,,-0.23069,-0.8918839,2.159409,0.04114532,2.197556,-0.2828674,3.72728,-0.9366379,3.72102,-0.8329163,2.96537,-1.004585,2.028019,-0.8693924,1.710625,-0.7893753,-8.44783,-4.064339,1.468071,-1.879868,-2.250748,-1.016525,1.536911,-0.8581924,1.147285,-0.8469238
41.35832977294922,,,,,,,,,,,,,,,-0.2345963,-0.887001,2.159409,0.03723907,2.194626,-0.2779846,3.715561,-0.9434738,3.717113,-0.8407288,2.963417,-1.011421,2.018253,-0.8586502,1.702812,-0.7883987,-8.455643,-4.077034,1.450493,-1.902328,-2.260513,-1.027267,1.532028,-0.8533096,1.135567,-0.8342285
41.36666666666667,-1.0,-57.0,-28.0,-73.0,-3.0,-983.0,-11.0,-4410.0,-4.0,-8288.0,-5.0,-856.0,-2.0,-2672.0,,,,,,,,,,,,,,,,,,,,,,,,,,
41.366668701171875,,,,,,,,,,,,,,,-0.2355728,-0.8801651,2.161362,0.02942657,2.191696,-0.2711487,3.702866,-0.9483566,3.713207,-0.8465881,2.958534,-1.017281,2.012394,-0.8430252,1.695976,-0.7883987,-8.461502,-4.093636,1.434868,-1.925766,-2.266373,-1.036057,1.526169,-0.8494034,1.126778,-0.8254395
41.375,,,,,,,,,,,,,,,-0.2375259,-0.8723526,2.163315,0.01966095,2.189743,-0.2623596,3.687241,-0.9532394,3.708324,-0.8524475,2.952675,-1.022163,2.005558,-0.823494,1.691093,-0.7874222,-8.469315,-4.110237,1.424126,-1.944321,-2.271255,-1.040939,1.51738,-0.8484268,1.116035,-0.8166504
41.383331298828125,,,,,,,,,,,,,,,-0.2414322,-0.8694229,2.166245,0.01087189,2.188766,-0.2486877,3.673569,-0.9600754,3.702465,-0.8524475,2.943886,-1.02314,2.002628,-0.8039627,1.686211,-0.7893753,-8.47908,-4.127815,1.41436,-1.956039,-2.276138,-1.041916,1.504684,-0.8503799,1.10334,-0.8127441
41.39167022705078,,,,,,,,,,,,,,,-0.246315,-0.8723526,2.169174,0.005012512,2.186813,-0.2340393,3.662827,-0.9649582,3.696606,-0.8504944,2.935097,-1.022163,1.998722,-0.7834549,1.682304,-0.792305,-8.486893,-4.138557,1.412407,-1.960922,-2.279068,-1.040939,1.492966,-0.8533096,1.091621,-0.8146973
41.4,0.0,-60.0,-29.0,-74.0,-3.0,-985.0,-11.0,-4414.0,-3.0,-8297.0,-6.0,-854.0,-2.0,-2673.0,,,,,,,,,,,,,,,,,,,,,,,,,,
41.400001525878906,,,,,,,,,,,,,,,-0.2531509,-0.8821182,2.169174,0.005989075,2.180954,-0.2203674,3.654037,-0.969841,3.690746,-0.8485413,2.923378,-1.019234,1.998722,-0.7668533,1.680351,-0.7942581,-8.491776,-4.141487,1.41143,-1.957016,-2.282974,-1.03508,1.482224,-0.8581924,1.081856,-0.8205566
41.408329010009766,,,,,,,,,,,,,,,-0.2599869,-0.8948135,2.168198,0.01380157,2.176071,-0.2076721,3.650131,-0.9727707,3.682934,-0.8426819,2.917519,-1.015327,1.997746,-0.7522049,1.682304,-0.7962112,-8.495682,-4.141487,1.415337,-1.948227,-2.288834,-1.024338,1.476364,-0.8650284,1.06916,-0.8303223
41.41667175292969,,,,,,,,,,,,,,,-0.2648697,-0.909462,2.163315,0.02649689,2.169235,-0.1988831,3.653061,-0.9747238,3.677074,-0.8338928,2.912636,-1.011421,1.999699,-0.7404861,1.684258,-0.7981644,-8.495682,-4.136604,1.419243,-1.935532,-2.29567,-1.013596,1.472458,-0.8699112,1.054512,-0.8439941
41.42499923706055,,,,,,,,,,,,,,,-0.2697525,-0.9231339,2.157455,0.04016876,2.162399,-0.1949768,3.660873,-0.9737473,3.669262,-0.82901,2.911659,-1.010445,2.001652,-0.7307205,1.68914,-0.8001175,-8.495682,-4.130745,1.423149,-1.919907,-2.301529,-1.001877,1.471481,-0.8728409,1.03791,-0.8557129
41.43333053588867,,,,,,,,,,,,,,,-0.2726822,-0.933876,2.14769,0.05579376,2.15947,-0.1959534,3.671616,-0.969841,3.659496,-0.8251038,2.911659,-1.011421,2.004581,-0.7219315,1.695,-0.8050003,-8.497635,-4.122932,1.423149,-1.902328,-2.308365,-0.9901581,1.468552,-0.8738174,1.021309,-0.8684082
41.43333333333333,-1.0,-61.0,-29.0,-74.0,-4.0,-987.0,-11.0,-4420.0,-3.0,-8302.0,-6.0,-856.0,-2.0,-2673.0,,,,,,,,,,,,,,,,,,,,,,,,,,
41.44166946411133,,,,,,,,,,,,,,,-0.2726822,-0.9397354,2.138901,0.06848907,2.154587,-0.2018127,3.685287,-0.9649582,3.649731,-0.8221741,2.913612,-1.009468,2.005558,-0.7131424,1.698906,-0.8098831,-8.501541,-4.11512,1.418266,-1.885727,-2.316177,-0.9784393,1.465622,-0.8738174,1.004707,-0.8820801
41.45000076293945,,,,,,,,,,,,,,,-0.2707291,-0.940712,2.128159,0.07141876,2.152634,-0.2115784,3.697006,-0.9600754,3.638988,-0.8221741,2.916542,-1.007515,2.002628,-0.7043533,1.701836,-0.8167191,-8.507401,-4.110237,1.407524,-1.869125,-2.323013,-0.9696503,1.45488,-0.874794,0.9900589,-0.895752
41.45832824707031,,,,,,,,,,,,,,,-0.2677994,-0.9416885,2.118393,0.06848907,2.152634,-0.2232971,3.706772,-0.9561691,3.628246,-0.8241272,2.916542,-1.005562,1.999699,-0.6955643,1.698906,-0.823555,-8.512283,-4.105354,1.394829,-1.8535,-2.327896,-0.9667206,1.443161,-0.8787003,0.9773636,-0.9123535
41.46666666666667,-1.0,-61.0,-28.0,-74.0,-4.0,-991.0,-12.0,-4428.0,-2.0,-8305.0,-6.0,-861.0,-1.0,-2676.0,,,,,,,,,,,,,,,,,,,,,,,,,,
41.466670989990234,,,,,,,,,,,,,,,-0.2638931,-0.940712,2.112534,0.05774689,2.154587,-0.2350159,3.711655,-0.9512863,3.617504,-0.8270569,2.914589,-1.001656,1.99091,-0.6887283,1.695,-0.8284378,-8.519119,-4.103401,1.382133,-1.842758,-2.333755,-0.9667206,1.425583,-0.8826065,0.9685745,-0.9318848
41.474998474121094,,,,,,,,,,,,,,,-0.2599869,-0.9387589,2.106674,0.04309845,2.155563,-0.2477112,3.710678,-0.9454269,3.605785,-0.8319397,2.913612,-0.9977493,1.984074,-0.6838455,1.687187,-0.8274612,-8.526932,-4.102425,1.368462,-1.834946,-2.337662,-0.97258,1.403122,-0.8874893,0.9627151,-0.9494629
41.48332977294922,,,,,,,,,,,,,,,-0.2560806,-0.9377823,2.101791,0.02747345,2.157516,-0.2604065,3.705795,-0.9405441,3.595043,-0.8329163,2.90873,-0.9948196,1.972355,-0.6789627,1.675468,-0.823555,-8.534744,-4.098518,1.357719,-1.833969,-2.339615,-0.9823456,1.384567,-0.8913956,0.9588089,-0.967041
41.491668701171875,,,,,,,,,,,,,,,-0.2511978,-0.9387589,2.095932,0.009895325,2.15654,-0.2691956,3.695053,-0.9327316,3.587231,-0.8309631,2.9058,-0.9948196,1.963566,-0.676033,1.659843,-0.8147659,-8.538651,-4.094612,1.352837,-1.841782,-2.339615,-0.996994,1.366013,-0.8933487,0.9568558,-0.9768066
41.5,-1.0,-61.0,-28.0,-73.0,-5.0,-992.0,-12.0,-4433.0,-2.0,-8309.0,-6.0,-865.0,-2.0,-2681.0,-0.2472916,-0.9368057,2.087143,-0.002799988,2.152634,-0.2789612,3.680405,-0.922966,3.579418,-0.8270569,2.9058,-0.9957962,1.95673,-0.6731033,1.648125,-0.8020706,-8.543533,-4.092659,1.347954,-1.855453,-2.339615,-1.010666,1.351364,-0.8923721,0.9539261,-0.9758301
41.508331298828125,,,,,,,,,,,,,,,-0.2443619,-0.9348526,2.084213,-0.01158905,2.150681,-0.2887268,3.669662,-0.9112473,3.573559,-0.8192444,2.904823,-1.001656,1.952824,-0.6731033,1.638359,-0.7913284,-8.543533,-4.091682,1.346001,-1.872055,-2.340591,-1.022385,1.342575,-0.8884659,0.9529495,-0.9631348
41.51667022705078,,,,,,,,,,,,,,,-0.2414322,-0.9299698,2.07933,-0.01940155,2.145798,-0.3023987,3.657944,-0.8985519,3.571606,-0.8124084,2.9058,-1.010445,1.950871,-0.6701736,1.630547,-0.7815628,-8.54158,-4.091682,1.345024,-1.892563,-2.337662,-1.031174,1.336716,-0.8826065,0.9539261,-0.9416504
41.525001525878906,,,,,,,,,,,,,,,-0.2394791,-0.9260635,2.075424,-0.02135468,2.137985,-0.3199768,3.646225,-0.8897629,3.574535,-0.8055725,2.9058,-1.022163,1.949894,-0.6682205,1.625664,-0.7717972,-8.539627,-4.091682,1.339165,-1.907211,-2.337662,-1.034103,1.334763,-0.8806534,0.9578323,-0.911377
41.533329010009766,,,,,,,,,,,,,,,-0.2404556,-0.9202042,2.071518,-0.02233124,2.130173,-0.3424377,3.637436,-0.8839035,3.577465,-0.8016663,2.907753,-1.033882,1.948917,-0.6682205,1.622734,-0.7639847,-8.531815,-4.094612,1.333305,-1.917953,-2.340591,-1.03215,1.336716,-0.8787003,0.9568558,-0.8771973
41.53333333333333,-1.0,-60.0,-28.0,-75.0,-6.0,-990.0,-12.0,-4437.0,-2.0,-8312.0,-6.0,-866.0,-2.0,-2688.0,,,,,,,,,,,,,,,,,,,,,,,,,,
41.54167175292969,,,,,,,,,,,,,,,-0.2414322,-0.9133682,2.067612,-0.02135468,2.121384,-0.3639221,3.632553,-0.8819504,3.586254,-0.7987366,2.9058,-1.042671,1.948917,-0.6691971,1.619804,-0.7600784,-8.520096,-4.097542,1.324516,-1.919907,-2.342545,-1.029221,1.336716,-0.8816299,0.9588089,-0.8459473
41.54999923706055,,,,,,,,,,,,,,,-0.246315,-0.9114151,2.065659,-0.02135468,2.110641,-0.3824768,3.6306,-0.8829269,3.589184,-0.7997131,2.904823,-1.049507,1.946964,-0.6682205,1.616875,-0.7571487,-8.505447,-4.099495,1.314751,-1.912094,-2.347427,-1.021408,1.334763,-0.8894424,0.960762,-0.8186035
41.55833053588867,,,,,,,,,,,,,,,-0.2511978,-0.9084854,2.060776,-0.01940155,2.100876,-0.3951721,3.629623,-0.8887863,3.591137,-0.8016663,2.89994,-1.053413,1.944035,-0.6682205,1.609062,-0.7532425,-8.495682,-4.099495,1.304985,-1.897446,-2.357193,-1.014572,1.332809,-0.9001846,0.960762,-0.7990723
41.56666666666667,-1.0,-61.0,-28.0,-80.0,-6.0,-988.0,-12.0,-4438.0,-2.0,-8315.0,-5.0,-866.0,-1.0,-2695.0,,,,,,,,,,,,,,,,,,,,,,,,,,
41.56666946411133,,,,,,,,,,,,,,,-0.2580338,-0.9065323,2.055893,-0.01842499,2.090134,-0.3990784,3.629623,-0.8975754,3.589184,-0.8036194,2.895058,-1.05439,1.940128,-0.6691971,1.600273,-0.74543,-8.483963,-4.099495,1.296196,-1.876938,-2.367935,-1.010666,1.32988,-0.9128799,0.9578323,-0.786377
41.57500076293945,,,,,,,,,,,,,,,-0.2668228,-0.9036026,2.047104,-0.01940155,2.083298,-0.393219,3.626694,-0.9092941,3.581371,-0.8045959,2.890175,-1.053413,1.935246,-0.667244,1.588554,-0.7366409,-8.478104,-4.096565,1.287407,-1.8535,-2.379654,-1.00676,1.322067,-0.9255753,0.9568558,-0.7814941
41.58332824707031,,,,,,,,,,,,,,,-0.2785416,-0.902626,2.040268,-0.01744843,2.074509,-0.3795471,3.622787,-0.9219894,3.570629,-0.8016663,2.882362,-1.048531,1.936222,-0.6623611,1.577812,-0.7268753,-8.476151,-4.090706,1.279594,-1.831039,-2.394302,-1.005783,1.315231,-0.9343643,0.9549026,-0.7814941
41.591670989990234,,,,,,,,,,,,,,,-0.2912369,-0.8987198,2.031479,-0.01451874,2.067673,-0.3580627,3.618881,-0.9337082,3.556957,-0.7987366,2.879433,-1.044624,1.931339,-0.660408,1.569023,-0.7161331,-8.481033,-4.0868,1.273735,-1.812485,-2.409927,-1.002853,1.305466,-0.9363174,0.9529495,-0.7854004
41.599998474121094,,,,,,,,,,,,,,,-0.3029556,-0.893837,2.026596,-0.01158905,2.06279,-0.3356018,3.615952,-0.9464035,3.542309,-0.79776,2.876503,-1.042671,1.931339,-0.6584549,1.561211,-0.7053909,-8.492752,-4.081917,1.266899,-1.79686,-2.425552,-0.9979706,1.297653,-0.9324112,0.9490433,-0.7932129
41.6,-1.0,-63.0,-28.0,-87.0,-6.0,-988.0,-13.0,-4440.0,-3.0,-8318.0,-5.0,-863.0,-1.0,-2702.0,,,,,,,,,,,,,,,,,,,,,,,,,,
41.60832977294922,,,,,,,,,,,,,,,-0.3176041,-0.8889542,2.024643,-0.006706238,2.056931,-0.3141174,3.611069,-0.9571457,3.529613,-0.79776,2.873573,-1.043648,1.929386,-0.6574783,1.554375,-0.6966019,-8.504471,-4.078011,1.26104,-1.787094,-2.441177,-0.9950409,1.288864,-0.9245987,0.945137,-0.8059082
41.616668701171875,,,,,,,,,,,,,,,-0.3332291,-0.8850479,2.026596,-0.0008468628,2.052048,-0.2965393,3.606186,-0.9620285,3.519848,-0.8016663,2.869667,-1.043648,1.92548,-0.6584549,1.551445,-0.6897659,-8.51619,-4.073128,1.257133,-1.785141,-2.460709,-0.9911346,1.281052,-0.9109268,0.936348,-0.817627
41.625,,,,,,,,,,,,,,,-0.3439713,-0.8830948,2.031479,0.0079422,2.046188,-0.2848206,3.603256,-0.9630051,3.513012,-0.8104553,2.866737,-1.042671,1.921574,-0.6623611,1.546562,-0.68293,-8.523026,-4.070198,1.253227,-1.789047,-2.482193,-0.9911346,1.275192,-0.8992081,0.9256058,-0.8254395
41.633331298828125,,,,,,,,,,,,,,,-0.3527603,-0.8830948,2.039291,0.01770782,2.042282,-0.2799377,3.600327,-0.9590988,3.507153,-0.8202209,2.860878,-1.042671,1.915714,-0.6682205,1.545586,-0.6809769,-8.521072,-4.067268,1.250298,-1.801743,-2.504654,-0.9911346,1.270309,-0.890419,0.9090042,-0.8342285
41.63333333333333,-1.0,-67.0,-28.0,-91.0,-5.0,-990.0,-13.0,-4440.0,-3.0,-8319.0,-6.0,-861.0,0.0,-2705.0,,,,,,,,,,,,,,,,,,,,,,,,,,
41.64167022705078,,,,,,,,,,,,,,,-0.3576431,-0.8840714,2.05101,0.02649689,2.039352,-0.2779846,3.59642,-0.9503098,3.504223,-0.8309631,2.850136,-1.041695,1.908878,-0.6682205,1.541679,-0.6809769,-8.518143,-4.066292,1.250298,-1.813461,-2.524185,-0.9940643,1.266403,-0.8884659,0.8914261,-0.8430176
41.650001525878906,,,,,,,,,,,,,,,-0.3595963,-0.8850479,2.060776,0.03430939,2.038376,-0.2789612,3.590561,-0.9415207,3.503246,-0.8417053,2.836464,-1.038765,1.902042,-0.6682205,1.540703,-0.6809769,-8.512283,-4.065315,1.248344,-1.824203,-2.544693,-1.001877,1.265427,-0.8943253,0.873848,-0.8459473
41.658329010009766,,,,,,,,,,,,,,,-0.3605728,-0.8840714,2.069565,0.03723907,2.038376,-0.2818909,3.581772,-0.9307785,3.49934,-0.8485413,2.822792,-1.035835,1.89423,-0.6623611,1.540703,-0.6819534,-8.497635,-4.065315,1.245415,-1.835922,-2.558365,-1.011642,1.26445,-0.9040909,0.8523636,-0.8469238
41.666666666666664,0.0,-69.0,-28.0,-93.0,-5.0,-994.0,-13.0,-4441.0,-3.0,-8318.0,-6.0,-861.0,-1.0,-2709.0,,,,,,,,,,,,,,,,,,,,,,,,,,
41.66667175292969,,,,,,,,,,,,,,,-0.35569,-0.8821182,2.074448,0.03723907,2.040329,-0.2857971,3.57103,-0.922966,3.497387,-0.8495178,2.807167,-1.030952,1.887394,-0.6525955,1.540703,-0.68293,-8.486893,-4.067268,1.245415,-1.841782,-2.56813,-1.022385,1.266403,-0.9187393,0.8377151,-0.8449707
41.67499923706055,,,,,,,,,,,,,,,-0.3508072,-0.8811417,2.077377,0.02942657,2.042282,-0.2867737,3.560287,-0.9219894,3.489574,-0.8465881,2.791542,-1.02607,1.880558,-0.6418533,1.544609,-0.6819534,-8.477127,-4.067268,1.242485,-1.840805,-2.573013,-1.031174,1.26738,-0.9324112,0.8289261,-0.842041
41.68333053588867,,,,,,,,,,,,,,,-0.3439713,-0.8791885,2.073471,0.01770782,2.045212,-0.2867737,3.551498,-0.9268723,3.481762,-0.8426819,2.77787,-1.02314,1.874699,-0.6301346,1.545586,-0.6809769,-8.475174,-4.068245,1.237602,-1.835922,-2.572037,-1.039963,1.268356,-0.9431534,0.820137,-0.8400879
41.69166946411133,,,,,,,,,,,,,,,-0.3361588,-0.8791885,2.068588,0.001106262,2.046188,-0.2828674,3.544662,-0.9376144,3.471996,-0.8368225,2.769081,-1.024117,1.869816,-0.6193924,1.551445,-0.6790237,-8.476151,-4.071175,1.228813,-1.826157,-2.567154,-1.046799,1.272263,-0.9490128,0.8181839,-0.8381348
41.7,0.0,-71.0,-28.0,-93.0,-5.0,-998.0,-13.0,-4444.0,-3.0,-8317.0,-6.0,-862.0,-1.0,-2712.0,,,,,,,,,,,,,,,,,,,,,,,,,,
41.70000076293945,,,,,,,,,,,,,,,-0.3302994,-0.8811417,2.060776,-0.01647186,2.045212,-0.2760315,3.537827,-0.9571457,3.464184,-0.8299866,2.760292,-1.02314,1.862003,-0.613533,1.552422,-0.6760941,-8.482986,-4.073128,1.219048,-1.815414,-2.563248,-1.050705,1.273239,-0.9499893,0.8220901,-0.8352051
41.70832824707031,,,,,,,,,,,,,,,-0.3254166,-0.8850479,2.05394,-0.03307343,2.041306,-0.2691956,3.53392,-0.9786301,3.458324,-0.8211975,2.755409,-1.021187,1.854191,-0.6115799,1.552422,-0.6721878,-8.492752,-4.077034,1.205376,-1.807602,-2.558365,-1.055588,1.274216,-0.9460831,0.8289261,-0.833252
41.716670989990234,,,,,,,,,,,,,,,-0.3224869,-0.8918839,2.042221,-0.04479218,2.036423,-0.2623596,3.528061,-1.000114,3.454418,-0.813385,2.751503,-1.021187,1.843449,-0.613533,1.547539,-0.6692581,-8.502518,-4.0868,1.182915,-1.801743,-2.554459,-1.058517,1.274216,-0.9421768,0.8377151,-0.833252
41.724998474121094,,,,,,,,,,,,,,,-0.3224869,-0.8996964,2.035385,-0.04869843,2.029587,-0.2555237,3.521225,-1.015739,3.452465,-0.8026428,2.747597,-1.019234,1.83466,-0.6174393,1.541679,-0.667305,-8.51619,-4.099495,1.160454,-1.800766,-2.554459,-1.060471,1.273239,-0.9382706,0.8465042,-0.8352051
41.73332977294922,,,,,,,,,,,,,,,-0.3254166,-0.9045792,2.027573,-0.0467453,2.020798,-0.2477112,3.512436,-1.025505,3.452465,-0.7909241,2.745644,-1.017281,1.823917,-0.6223221,1.534843,-0.6663284,-8.530838,-4.114143,1.13311,-1.805649,-2.559341,-1.062424,1.271286,-0.9382706,0.8562698,-0.8361816
41.733333333333334,0.0,-75.0,-28.0,-90.0,-5.0,-999.0,-13.0,-4443.0,-3.0,-8315.0,-6.0,-863.0,-1.0,-2715.0,,,,,,,,,,,,,,,,,,,,,,,,,,
41.741668701171875,,,,,,,,,,,,,,,-0.3293228,-0.9045792,2.020737,-0.03795624,2.013962,-0.2428284,3.50267,-1.029411,3.454418,-0.7792053,2.742714,-1.015327,1.811222,-0.6262283,1.528008,-0.6663284,-8.545486,-4.129768,1.111626,-1.813461,-2.569107,-1.062424,1.263474,-0.9382706,0.867012,-0.8361816
41.75,,,,,,,,,,,,,,,-0.3332291,-0.902626,2.011948,-0.02623749,2.007126,-0.2398987,3.491928,-1.026482,3.453442,-0.76651,2.740761,-1.014351,1.802433,-0.6301346,1.520195,-0.6663284,-8.561111,-4.144417,1.095024,-1.823227,-2.583755,-1.060471,1.258591,-0.9431534,0.8767776,-0.8361816
41.758331298828125,,,,,,,,,,,,,,,-0.3351822,-0.8948135,2.001205,-0.01354218,2.00322,-0.2379456,3.479233,-1.017693,3.450512,-0.7547913,2.737831,-1.015327,1.794621,-0.6350174,1.513359,-0.6682816,-8.580643,-4.155159,1.085258,-1.831039,-2.598404,-1.055588,1.250778,-0.9499893,0.8836136,-0.8391113
41.766666666666666,0.0,-78.0,-28.0,-86.0,-5.0,-1001.0,-13.0,-4444.0,-3.0,-8315.0,-6.0,-862.0,-1.0,-2719.0,,,,,,,,,,,,,,,,,,,,,,,,,,
41.76667022705078,,,,,,,,,,,,,,,-0.3332291,-0.8830948,1.992416,-0.0008468628,2.002243,-0.2389221,3.472397,-1.00695,3.441723,-0.7469788,2.733925,-1.017281,1.791691,-0.6408768,1.510429,-0.6712112,-8.600174,-4.161018,1.088188,-1.834946,-2.617935,-1.050705,1.241013,-0.9568253,0.8884964,-0.8400879
41.775001525878906,,,,,,,,,,,,,,,-0.3283463,-0.8674698,1.981674,0.008918762,2.005173,-0.2408752,3.470444,-0.9971848,3.430981,-0.7460022,2.732948,-1.021187,1.790714,-0.6477127,1.510429,-0.6751175,-8.620682,-4.161995,1.097954,-1.834946,-2.634537,-1.046799,1.231247,-0.9617081,0.889473,-0.8430176
41.783329010009766,,,,,,,,,,,,,,,-0.3205338,-0.8479385,1.974838,0.01770782,2.008102,-0.2438049,3.469467,-0.9874191,3.417309,-0.750885,2.729042,-1.028023,1.789738,-0.6535721,1.509453,-0.6800003,-8.636307,-4.159065,1.110649,-1.82811,-2.651138,-1.041916,1.217575,-0.9607315,0.8865433,-0.8459473
41.79167175292969,,,,,,,,,,,,,,,-0.308815,-0.8284073,1.969955,0.02747345,2.012985,-0.2486877,3.473373,-0.9805832,3.401684,-0.7586975,2.728065,-1.029976,1.791691,-0.6594315,1.511406,-0.6858597,-8.655838,-4.154182,1.129204,-1.815414,-2.665787,-1.039963,1.203903,-0.9558487,0.882637,-0.8498535
41.79999923706055,,,,,,,,,,,,,,,-0.2990494,-0.8108292,1.969955,0.03528595,2.018845,-0.2555237,3.476303,-0.9786301,3.387035,-0.7713928,2.724159,-1.029976,1.792667,-0.6613846,1.513359,-0.6956253,-8.668533,-4.14637,1.142876,-1.800766,-2.675552,-1.038986,1.187302,-0.9460831,0.873848,-0.8527832
41.8,-1.0,-80.0,-28.0,-80.0,-5.0,-1003.0,-14.0,-4446.0,-3.0,-8321.0,-6.0,-862.0,-2.0,-2721.0,,,,,,,,,,,,,,,,,,,,,,,,,,
41.80833053588867,,,,,,,,,,,,,,,-0.2912369,-0.7961807,1.969955,0.04309845,2.022751,-0.2613831,3.479233,-0.9766769,3.376293,-0.7840881,2.722206,-1.028999,1.792667,-0.660408,1.514336,-0.7063675,-8.680252,-4.139534,1.150688,-1.789047,-2.686295,-1.038986,1.169724,-0.9304581,0.8601761,-0.8527832
41.81666946411133,,,,,,,,,,,,,,,-0.2853775,-0.784462,1.975815,0.04993439,2.021774,-0.2662659,3.478256,-0.9757004,3.366528,-0.7938538,2.72123,-1.02314,1.791691,-0.6555252,1.515312,-0.7171097,-8.690018,-4.135628,1.150688,-1.784164,-2.697037,-1.039963,1.153122,-0.9128799,0.8465042,-0.8479004
41.82500076293945,,,,,,,,,,,,,,,-0.2834244,-0.7786026,1.981674,0.05677032,2.018845,-0.2701721,3.476303,-0.9786301,3.358715,-0.7997131,2.720253,-1.015327,1.791691,-0.6486893,1.515312,-0.7288284,-8.696854,-4.130745,1.146782,-1.786118,-2.708755,-1.038986,1.137497,-0.8933487,0.8318558,-0.8400879
41.83332824707031,,,,,,,,,,,,,,,-0.2824478,-0.7786026,1.987534,0.06458282,2.015915,-0.2711487,3.47142,-0.9825363,3.355785,-0.79776,2.72123,-1.006538,1.789738,-0.6389236,1.514336,-0.7385941,-8.694901,-4.127815,1.135063,-1.800766,-2.719498,-1.03508,1.125778,-0.8708878,0.8191605,-0.8293457
41.833333333333336,-1.0,-84.0,-28.0,-76.0,-5.0,-1003.0,-13.0,-4451.0,-3.0,-8327.0,-6.0,-865.0,-3.0,-2724.0,,,,,,,,,,,,,,,,,,,,,,,,,,
41.841670989990234,,,,,,,,,,,,,,,-0.2844009,-0.7854385,1.990463,0.06751251,2.009079,-0.2721252,3.464584,-0.9864426,3.356762,-0.7899475,2.720253,-0.9967728,1.787785,-0.6311111,1.511406,-0.7464066,-8.690018,-4.126839,1.118462,-1.821274,-2.731216,-1.028244,1.118942,-0.8533096,0.8084183,-0.8186035
41.849998474121094,,,,,,,,,,,,,,,-0.2873306,-0.7981339,1.992416,0.06848907,1.999313,-0.2711487,3.455795,-0.9923019,3.357738,-0.7752991,2.720253,-0.9870071,1.784855,-0.6272049,1.509453,-0.7561722,-8.684158,-4.126839,1.100883,-1.849594,-2.742935,-1.019455,1.117966,-0.8386612,0.8025589,-0.8088379
41.85832977294922,,,,,,,,,,,,,,,-0.2883072,-0.8108292,1.990463,0.06360626,1.991501,-0.2701721,3.451889,-0.9991379,3.359692,-0.7567444,2.717323,-0.9772415,1.778996,-0.6223221,1.509453,-0.7659378,-8.67244,-4.126839,1.085258,-1.880844,-2.75563,-1.008713,1.119919,-0.8220596,0.7996292,-0.8000488
41.86666666666667,-1.0,-90.0,-28.0,-77.0,-5.0,-1004.0,-13.0,-4456.0,-2.0,-8334.0,-6.0,-866.0,-3.0,-2726.0,,,,,,,,,,,,,,,,,,,,,,,,,,
41.866668701171875,,,,,,,,,,,,,,,-0.2912369,-0.8235245,1.98558,0.0548172,1.981735,-0.2691956,3.445053,-1.002068,3.362621,-0.7372131,2.714394,-0.9674759,1.768253,-0.6174393,1.5075,-0.7776566,-8.657791,-4.129768,1.074516,-1.909164,-2.762466,-0.9940643,1.120895,-0.8093643,0.7986526,-0.7941895
41.875,,,,,,,,,,,,,,,-0.29319,-0.8371964,1.977768,0.04309845,1.970993,-0.2672424,3.441147,-1.000114,3.365551,-0.7206116,2.708534,-0.9586868,1.760441,-0.613533,1.5075,-0.7893753,-8.644119,-4.135628,1.062798,-1.932602,-2.768326,-0.9794159,1.127731,-0.8015518,0.8006058,-0.7961426
41.883331298828125,,,,,,,,,,,,,,,-0.2970963,-0.8450089,1.967026,0.03040314,1.961227,-0.2662659,3.436264,-0.9942551,3.365551,-0.7108459,2.704628,-0.9498978,1.749699,-0.6106033,1.506523,-0.8001175,-8.633377,-4.141487,1.054985,-1.946274,-2.771255,-0.9647675,1.129684,-0.7956924,0.8025589,-0.7990723
41.89167022705078,,,,,,,,,,,,,,,-0.3019791,-0.8489151,1.956284,0.01477814,1.949509,-0.2672424,3.431381,-0.9874191,3.364574,-0.7049866,2.697792,-0.9401321,1.739933,-0.6066971,1.5075,-0.8137894,-8.622635,-4.147346,1.052055,-1.952133,-2.774185,-0.950119,1.129684,-0.7947159,0.8035355,-0.802002
41.9,-1.0,-96.0,-29.0,-79.0,-5.0,-1003.0,-13.0,-4464.0,-1.0,-8340.0,-6.0,-861.0,-2.0,-2729.0,,,,,,,,,,,,,,,,,,,,,,,,,,
41.900001525878906,,,,,,,,,,,,,,,-0.3078384,-0.8508682,1.944565,0.003059387,1.939743,-0.2652893,3.424545,-0.9766769,3.363598,-0.7059631,2.693886,-0.9332962,1.734074,-0.5998611,1.50457,-0.8216019,-8.616776,-4.153206,1.049126,-1.94725,-2.771255,-0.9354706,1.131638,-0.7976456,0.8064651,-0.8059082
41.908329010009766,,,,,,,,,,,,,,,-0.3156509,-0.8518448,1.934799,-0.006706238,1.927048,-0.2604065,3.412827,-0.9639816,3.358715,-0.7108459,2.68998,-0.9284134,1.731144,-0.5940018,1.500664,-0.8245316,-8.610916,-4.160042,1.047173,-1.933578,-2.772232,-0.9247284,1.129684,-0.8015518,0.8054886,-0.8078613
41.91667175292969,,,,,,,,,,,,,,,-0.3263931,-0.8547745,1.929916,-0.01061249,1.918259,-0.2574768,3.403061,-0.9532394,3.355785,-0.7176819,2.68998,-0.9254837,1.734074,-0.5900955,1.495781,-0.8206253,-8.60994,-4.164925,1.045219,-1.914047,-2.772232,-0.9178925,1.130661,-0.8083878,0.8074417,-0.8078613
41.92499923706055,,,,,,,,,,,,,,,-0.3361588,-0.8606339,1.925034,-0.006706238,1.90947,-0.252594,3.389389,-0.9473801,3.350903,-0.7245178,2.688026,-0.9284134,1.738956,-0.5871658,1.488945,-0.8089066,-8.608963,-4.169807,1.045219,-1.893539,-2.771255,-0.9130096,1.129684,-0.8142471,0.8084183,-0.8059082
41.93333053588867,,,,,,,,,,,,,,,-0.3449478,-0.8723526,1.922104,0.0001296997,1.901657,-0.2467346,3.378647,-0.9424973,3.348949,-0.7294006,2.689003,-0.9323196,1.745792,-0.5871658,1.482109,-0.7903519,-8.613846,-4.172737,1.043266,-1.872055,-2.774185,-0.9110565,1.130661,-0.8162003,0.8074417,-0.8029785
41.93333333333333,-1.0,-103.0,-30.0,-83.0,-6.0,-1005.0,-12.0,-4467.0,-1.0,-8340.0,-6.0,-858.0,-2.0,-2734.0,,,,,,,,,,,,,,,,,,,,,,,,,,
41.94166946411133,,,,,,,,,,,,,,,-0.3527603,-0.8879776,1.92601,0.008918762,1.893845,-0.2457581,3.370834,-0.9415207,3.345043,-0.7303772,2.68998,-0.9391556,1.751652,-0.5881424,1.477226,-0.7649612,-8.620682,-4.172737,1.041313,-1.857407,-2.775162,-0.9139862,1.130661,-0.8132706,0.8074417,-0.7980957
41.95000076293945,,,,,,,,,,,,,,,-0.3595963,-0.9036026,1.92894,0.02161407,1.887985,-0.2516174,3.365952,-0.9434738,3.341137,-0.7284241,2.68998,-0.9489212,1.758488,-0.589119,1.47332,-0.7395706,-8.629471,-4.169807,1.040337,-1.851547,-2.773209,-0.9198456,1.129684,-0.8064346,0.8015823,-0.7932129
41.95832824707031,,,,,,,,,,,,,,,-0.3654556,-0.9221573,1.932846,0.0313797,1.885056,-0.2574768,3.362045,-0.9434738,3.336254,-0.7225647,2.689003,-0.9586868,1.762394,-0.5871658,1.47332,-0.7161331,-8.64119,-4.166878,1.041313,-1.8535,-2.776138,-0.9266815,1.127731,-0.796669,0.795723,-0.7893066
41.96666666666667,-1.0,-105.0,-30.0,-86.0,-6.0,-1009.0,-12.0,-4469.0,-2.0,-8340.0,-6.0,-854.0,-3.0,-2740.0,,,,,,,,,,,,,,,,,,,,,,,,,,
41.966670989990234,,,,,,,,,,,,,,,-0.3693619,-0.9377823,1.934799,0.04016876,1.880173,-0.2662659,3.361069,-0.9405441,3.331371,-0.7147522,2.68705,-0.9645462,1.7663,-0.5832596,1.475273,-0.698555,-8.656815,-4.161995,1.04229,-1.863266,-2.775162,-0.934494,1.121872,-0.7878799,0.7849808,-0.7844238
41.974998474121094,,,,,,,,,,,,,,,-0.371315,-0.9455948,1.934799,0.0470047,1.879196,-0.2750549,3.360092,-0.9337082,3.324535,-0.7079163,2.683144,-0.9684525,1.767277,-0.5764236,1.480156,-0.6897659,-8.674393,-4.157112,1.045219,-1.879868,-2.775162,-0.9442596,1.116989,-0.7820206,0.773262,-0.779541
41.98332977294922,,,,,,,,,,,,,,,-0.371315,-0.9446182,1.932846,0.04993439,1.880173,-0.2828674,3.363022,-0.9239426,3.316723,-0.7001038,2.678261,-0.969429,1.765324,-0.5656815,1.486992,-0.6917191,-8.688065,-4.152229,1.047173,-1.897446,-2.777115,-0.950119,1.106247,-0.7790909,0.7625198,-0.7756348
41.991668701171875,,,,,,,,,,,,,,,-0.3742447,-0.9368057,1.927963,0.05091095,1.883102,-0.2877502,3.360092,-0.9102707,3.309887,-0.6913147,2.671425,-0.9674759,1.764347,-0.5529861,1.493828,-0.7024612,-8.701736,-4.1493,1.049126,-1.913071,-2.781021,-0.9510956,1.097458,-0.7820206,0.7508011,-0.7727051
42.0,-1.0,-105.0,-31.0,-86.0,-6.0,-1015.0,-12.0,-4472.0,-3.0,-8338.0,-6.0,-851.0,-3.0,-2742.0,-0.3742447,-0.9192276,1.925034,0.04993439,1.886032,-0.2877502,3.359116,-0.8946457,3.303051,-0.6864319,2.665565,-0.96064,1.762394,-0.5432205,1.498711,-0.7210159,-8.711502,-4.1493,1.048149,-1.926743,-2.78981,-0.950119,1.084763,-0.7878799,0.7410355,-0.7717285
42.008331298828125,,,,,,,,,,,,,,,-0.3752213,-0.8967667,1.922104,0.04407501,1.889938,-0.283844,3.356186,-0.8790207,3.297192,-0.6835022,2.659706,-0.9508743,1.757511,-0.535408,1.502617,-0.7425003,-8.717361,-4.147346,1.041313,-1.936508,-2.798599,-0.9432831,1.072067,-0.7956924,0.7322464,-0.7736816
42.01667022705078,,,,,,,,,,,,,,,-0.3742447,-0.8752823,1.922104,0.03821564,1.891891,-0.2789612,3.354233,-0.8653488,3.292309,-0.6805725,2.651894,-0.9362259,1.750675,-0.5305252,1.50457,-0.7669144,-8.721268,-4.145393,1.032524,-1.941391,-2.810318,-0.9315643,1.057419,-0.8015518,0.7293167,-0.779541
42.025001525878906,,,,,,,,,,,,,,,-0.3732681,-0.8518448,1.922104,0.03040314,1.892868,-0.2760315,3.35228,-0.8555832,3.286449,-0.6795959,2.647011,-0.9196243,1.745792,-0.5285721,1.500664,-0.7893753,-8.718338,-4.145393,1.016899,-1.942368,-2.823013,-0.9198456,1.046677,-0.8035049,0.7283401,-0.7893066
42.033329010009766,,,,,,,,,,,,,,,-0.3742447,-0.8342667,1.92601,0.01966095,1.890915,-0.2789612,3.350327,-0.8507004,3.282543,-0.6776428,2.640175,-0.9010696,1.738956,-0.5305252,1.496758,-0.8069534,-8.715408,-4.142464,0.999321,-1.940414,-2.838638,-0.9091034,1.033981,-0.8035049,0.7302933,-0.802002
42.03333333333333,-1.0,-103.0,-30.0,-87.0,-6.0,-1019.0,-12.0,-4473.0,-3.0,-8340.0,-5.0,-849.0,-3.0,-2744.0,,,,,,,,,,,,,,,,,,,,,,,,,,
42.04167175292969,,,,,,,,,,,,,,,-0.3761978,-0.8205948,1.92894,0.009895325,1.888962,-0.2848206,3.350327,-0.8546066,3.275707,-0.6756897,2.631386,-0.8834915,1.733097,-0.5344315,1.489922,-0.8225784,-8.712479,-4.139534,0.9817429,-1.937485,-2.850357,-0.9012909,1.020309,-0.8035049,0.7400589,-0.8156738
42.04999923706055,,,,,,,,,,,,,,,-0.3781509,-0.8166885,1.926987,0.003059387,1.885056,-0.2945862,3.347397,-0.8653488,3.270824,-0.67276,2.62162,-0.8727493,1.725285,-0.5393143,1.480156,-0.8303909,-8.707596,-4.137581,0.9651413,-1.931625,-2.860123,-0.8973846,1.01152,-0.8005753,0.7517776,-0.8273926
42.05833053588867,,,,,,,,,,,,,,,-0.3810806,-0.8205948,1.920151,-0.0008468628,1.884079,-0.3053284,3.343491,-0.8809738,3.266918,-0.6698303,2.611855,-0.86689,1.719425,-0.542244,1.47039,-0.8313675,-8.704666,-4.135628,0.9534225,-1.923813,-2.867935,-0.9012909,1.000778,-0.7995987,0.7654495,-0.8361816
42.06666666666667,-1.0,-104.0,-30.0,-87.0,-6.0,-1017.0,-12.0,-4472.0,-3.0,-8347.0,-5.0,-846.0,-3.0,-2747.0,,,,,,,,,,,,,,,,,,,,,,,,,,
42.06666946411133,,,,,,,,,,,,,,,-0.3859634,-0.8303604,1.915268,0.0001296997,1.880173,-0.315094,3.340561,-0.9034348,3.263988,-0.6688538,2.600136,-0.86689,1.713566,-0.5441971,1.460625,-0.8216019,-8.70076,-4.135628,0.9397507,-1.917953,-2.872818,-0.9091034,0.9919891,-0.8015518,0.7830276,-0.8410645
42.07500076293945,,,,,,,,,,,,,,,-0.3908463,-0.8459854,1.905502,0.00403595,1.879196,-0.3209534,3.333725,-0.9278488,3.263988,-0.6708069,2.58744,-0.875679,1.70966,-0.542244,1.448906,-0.8040237,-8.696854,-4.134651,0.9319382,-1.911118,-2.873795,-0.9178925,0.9851532,-0.8054581,0.7966995,-0.8449707
42.08332824707031,,,,,,,,,,,,,,,-0.3957291,-0.8645401,1.89769,0.006965637,1.87822,-0.3219299,3.328842,-0.9483566,3.263988,-0.6747131,2.579628,-0.8883743,1.705753,-0.542244,1.440117,-0.7815628,-8.692947,-4.134651,0.9270554,-1.907211,-2.872818,-0.9286346,0.9822235,-0.8103409,0.8074417,-0.8459473
42.091670989990234,,,,,,,,,,,,,,,-0.3996353,-0.8860245,1.887924,0.01087189,1.877243,-0.3199768,3.322006,-0.9688644,3.265942,-0.6815491,2.573769,-0.9010696,1.701847,-0.5432205,1.431328,-0.7532425,-8.689041,-4.131721,0.921196,-1.909164,-2.867935,-0.9403534,0.9753876,-0.8152237,0.811348,-0.8449707
42.099998474121094,,,,,,,,,,,,,,,-0.4015884,-0.9045792,1.883041,0.0157547,1.87529,-0.3141174,3.317123,-0.9805832,3.265942,-0.6913147,2.569862,-0.9118118,1.698917,-0.5432205,1.420586,-0.7288284,-8.686111,-4.122932,0.9163132,-1.913071,-2.865982,-0.9510956,0.9734344,-0.8171768,0.8084183,-0.8479004
42.1,-1.0,-108.0,-29.0,-85.0,-5.0,-1015.0,-12.0,-4471.0,-4.0,-8357.0,-5.0,-847.0,-3.0,-2749.0,,,,,,,,,,,,,,,,,,,,,,,,,,
42.10832977294922,,,,,,,,,,,,,,,-0.4054947,-0.9221573,1.879135,0.0157547,1.87236,-0.3063049,3.31517,-0.9874191,3.264965,-0.6981506,2.571815,-0.9186478,1.698917,-0.5441971,1.412773,-0.7083206,-8.685135,-4.111214,0.9133835,-1.919907,-2.865982,-0.9589081,0.9734344,-0.8181534,0.8006058,-0.8527832
42.116668701171875,,,,,,,,,,,,,,,-0.4074478,-0.933876,1.878159,0.01477814,1.868454,-0.2984924,3.313217,-0.9893723,3.258129,-0.7020569,2.576698,-0.9186478,1.700871,-0.5471268,1.406914,-0.7005081,-8.685135,-4.099495,0.9124069,-1.924789,-2.871841,-0.9637909,0.9763641,-0.8152237,0.7830276,-0.8586426
42.125,,,,,,,,,,,,,,,-0.4064713,-0.9397354,1.880112,0.01087189,1.860641,-0.2897034,3.314194,-0.985466,3.250317,-0.7030334,2.581581,-0.9147415,1.704777,-0.5539627,1.400078,-0.7044144,-8.688065,-4.084846,0.9114304,-1.924789,-2.879654,-0.9686737,0.9773407,-0.8064346,0.7625198,-0.8635254
42.133331298828125,,,,,,,,,,,,,,,-0.4054947,-0.940712,1.883041,0.005989075,1.851852,-0.2809143,3.31517,-0.9815598,3.238598,-0.7010803,2.58744,-0.9098587,1.707706,-0.5617752,1.393242,-0.7161331,-8.690018,-4.069221,0.9114304,-1.920883,-2.894302,-0.9716034,0.9783173,-0.7956924,0.7390823,-0.8664551
42.13333333333333,0.0,-111.0,-28.0,-85.0,-5.0,-1014.0,-12.0,-4474.0,-4.0,-8364.0,-5.0,-848.0,-3.0,-2753.0,,,,,,,,,,,,,,,,,,,,,,,,,,
42.14167022705078,,,,,,,,,,,,,,,-0.4015884,-0.9377823,1.884995,0.002082825,1.84404,-0.2750549,3.31517,-0.9796066,3.223949,-0.6981506,2.591347,-0.9059525,1.710636,-0.5705643,1.385429,-0.7346878,-8.693924,-4.059456,0.9133835,-1.906235,-2.915787,-0.9686737,0.9812469,-0.7859268,0.7127151,-0.8635254
42.150001525878906,,,,,,,,,,,,,,,-0.3996353,-0.9319229,1.885971,-0.002799988,1.835251,-0.2721252,3.313217,-0.9766769,3.209301,-0.6932678,2.591347,-0.9059525,1.712589,-0.5813065,1.377617,-0.7522659,-8.693924,-4.05555,0.9124069,-1.885727,-2.940201,-0.965744,0.9783173,-0.7781143,0.6873245,-0.8547363
42.158329010009766,,,,,,,,,,,,,,,-0.3967056,-0.9221573,1.886948,-0.008659363,1.827438,-0.2701721,3.308334,-0.9737473,3.198559,-0.688385,2.58744,-0.9098587,1.70966,-0.5910721,1.372734,-0.7649612,-8.694901,-4.05555,0.9124069,-1.85643,-2.962662,-0.9589081,0.974411,-0.7771378,0.6697464,-0.8410645
42.166666666666664,0.0,-112.0,-28.0,-83.0,-6.0,-1015.0,-11.0,-4478.0,-4.0,-8368.0,-5.0,-848.0,-3.0,-2761.0,,,,,,,,,,,,,,,,,,,,,,,,,,
42.16667175292969,,,,,,,,,,,,,,,-0.3947525,-0.9104385,1.884995,-0.01256561,1.822556,-0.2672424,3.300522,-0.9737473,3.188793,-0.6854553,2.578651,-0.9176712,1.705753,-0.6008377,1.366875,-0.7737503,-8.694901,-4.063362,0.9133835,-1.826157,-2.986099,-0.9491425,0.9656219,-0.7839737,0.6560745,-0.8225098
42.17499923706055,,,,,,,,,,,,,,,-0.3937759,-0.902626,1.881088,-0.01647186,1.818649,-0.2672424,3.292709,-0.9757004,3.184887,-0.6835022,2.565956,-0.9303665,1.697941,-0.6106033,1.364922,-0.7737503,-8.692947,-4.077034,0.9085007,-1.799789,-3.003677,-0.9384003,0.9539032,-0.8005753,0.6463089,-0.8000488
42.18333053588867,,,,,,,,,,,,,,,-0.3957291,-0.8948135,1.877182,-0.01940155,1.823532,-0.268219,3.280014,-0.9796066,3.18391,-0.6825256,2.550331,-0.9459915,1.688175,-0.6174393,1.367851,-0.7678909,-8.691971,-4.096565,0.905571,-1.778305,-3.01442,-0.9276581,0.943161,-0.8210831,0.6443558,-0.7766113
42.19166946411133,,,,,,,,,,,,,,,-0.3996353,-0.8889542,1.875229,-0.02037811,1.826462,-0.2652893,3.269272,-0.9844894,3.18684,-0.6864319,2.535683,-0.9616165,1.680363,-0.6242752,1.372734,-0.7571487,-8.696854,-4.117073,0.9006882,-1.767563,-3.017349,-0.9169159,0.9353485,-0.8464737,0.648262,-0.7600098
42.2,0.0,-111.0,-28.0,-81.0,-5.0,-1013.0,-11.0,-4482.0,-4.0,-8369.0,-5.0,-848.0,-3.0,-2771.0,,,,,,,,,,,,,,,,,,,,,,,,,,
42.20000076293945,,,,,,,,,,,,,,,-0.4045181,-0.8860245,1.871323,-0.02135468,1.831345,-0.2613831,3.260483,-0.9883957,3.18977,-0.688385,2.521034,-0.9752884,1.67548,-0.6281815,1.380547,-0.74543,-8.705643,-4.139534,0.8977585,-1.767563,-3.01442,-0.9071503,0.9304657,-0.8679581,0.6580276,-0.7492676
42.20832824707031,,,,,,,,,,,,,,,-0.4094009,-0.8860245,1.871323,-0.02135468,1.833298,-0.2584534,3.254623,-0.9932785,3.192699,-0.6903381,2.510292,-0.9870071,1.669621,-0.6320877,1.390312,-0.7356644,-8.717361,-4.159065,0.8958054,-1.776352,-3.006607,-0.9012909,0.9294891,-0.8855362,0.6668167,-0.7463379
42.216670989990234,,,,,,,,,,,,,,,-0.4133072,-0.8889542,1.870346,-0.02233124,1.833298,-0.2574768,3.248764,-0.9991379,3.195629,-0.6932678,2.50248,-0.9957962,1.667667,-0.6311111,1.397148,-0.729805,-8.72908,-4.175667,0.8909225,-1.792953,-2.998795,-0.8993378,0.9285126,-0.8943253,0.6726761,-0.7502441
42.224998474121094,,,,,,,,,,,,,,,-0.4133072,-0.893837,1.874252,-0.02623749,1.828415,-0.2604065,3.246811,-0.9971848,3.197582,-0.6971741,2.500526,-1.001656,1.669621,-0.6281815,1.403008,-0.7229691,-8.743729,-4.187386,0.8860397,-1.810532,-2.990982,-0.903244,0.9343719,-0.8972549,0.6736526,-0.7629395
42.23332977294922,,,,,,,,,,,,,,,-0.4172134,-0.9006729,1.876205,-0.03404999,1.819626,-0.2691956,3.247787,-0.9932785,3.195629,-0.7020569,2.50248,-1.004585,1.67255,-0.6223221,1.405937,-0.7200394,-8.757401,-4.195198,0.8840866,-1.829086,-2.982193,-0.91008,0.9402313,-0.8933487,0.6697464,-0.7814941
42.233333333333334,0.0,-110.0,-27.0,-82.0,-5.0,-1010.0,-12.0,-4485.0,-5.0,-8373.0,-5.0,-849.0,-3.0,-2780.0,,,,,,,,,,,,,,,,,,,,,,,,,,
42.241668701171875,,,,,,,,,,,,,,,-0.4172134,-0.9075089,1.880112,-0.04576874,1.807907,-0.2818909,3.246811,-0.9874191,3.192699,-0.7098694,2.506386,-1.006538,1.67841,-0.6106033,1.405937,-0.7180862,-8.76619,-4.200081,0.8792038,-1.847641,-2.979263,-0.9227753,0.9441376,-0.8865128,0.6609573,-0.8029785
42.25,,,,,,,,,,,,,,,-0.41819,-0.9104385,1.881088,-0.06041718,1.798141,-0.299469,3.247787,-0.9805832,3.191723,-0.7167053,2.511269,-1.007515,1.686222,-0.5969315,1.402031,-0.7161331,-8.774002,-4.202034,0.8752975,-1.863266,-2.978287,-0.9384003,0.9441376,-0.8787003,0.6511917,-0.8225098
42.258331298828125,,,,,,,,,,,,,,,-0.4211197,-0.9123917,1.884018,-0.07897186,1.788376,-0.315094,3.250717,-0.9747238,3.18684,-0.7274475,2.520058,-1.006538,1.695011,-0.5783768,1.394218,-0.7112503,-8.774979,-4.203987,0.8723679,-1.879868,-2.981216,-0.9550018,0.9441376,-0.8738174,0.6404495,-0.842041
42.266666666666666,0.0,-113.0,-27.0,-82.0,-5.0,-1012.0,-12.0,-4489.0,-4.0,-8378.0,-5.0,-851.0,-4.0,-2787.0,,,,,,,,,,,,,,,,,,,,,,,,,,
42.26667022705078,,,,,,,,,,,,,,,-0.4230728,-0.9114151,1.883041,-0.09459686,1.782516,-0.3297424,3.249741,-0.9747238,3.18391,-0.7401428,2.526894,-1.006538,1.702824,-0.5568924,1.389336,-0.7053909,-8.774002,-4.20594,0.8704147,-1.895493,-2.989029,-0.9696503,0.9392548,-0.8718643,0.6306839,-0.857666
42.275001525878906,,,,,,,,,,,,,,,-0.4279556,-0.9055557,1.876205,-0.1072922,1.780563,-0.3404846,3.249741,-0.9786301,3.180981,-0.7528381,2.529823,-1.008492,1.708683,-0.5344315,1.384453,-0.6975784,-8.771072,-4.210823,0.8704147,-1.910141,-3.001724,-0.9833221,0.9304657,-0.8679581,0.6297073,-0.8703613
42.283329010009766,,,,,,,,,,,,,,,-0.4318619,-0.8957901,1.868393,-0.1151047,1.779587,-0.3424377,3.245834,-0.9883957,3.174145,-0.76651,2.53373,-1.011421,1.711613,-0.5149002,1.378593,-0.6887894,-8.764236,-4.213753,0.8723679,-1.926743,-3.012466,-0.9950409,0.9167938,-0.8620987,0.6345901,-0.8811035
42.29167175292969,,,,,,,,,,,,,,,-0.4357681,-0.8850479,1.858627,-0.1160812,1.783493,-0.3365784,3.241928,-1.004021,3.165356,-0.7792053,2.535683,-1.013374,1.711613,-0.5002518,1.372734,-0.6809769,-8.758377,-4.218636,0.8752975,-1.940414,-3.029068,-1.002853,0.9001923,-0.8562393,0.6453323,-0.8879395
42.29999923706055,,,,,,,,,,,,,,,-0.4396744,-0.8772354,1.847885,-0.1111984,1.787399,-0.3258362,3.236069,-1.020622,3.15559,-0.7879944,2.534706,-1.017281,1.707706,-0.4924393,1.370781,-0.6790237,-8.745682,-4.220589,0.8782272,-1.95018,-3.04567,-1.009689,0.880661,-0.8464737,0.6580276,-0.8908691
42.3,0.0,-118.0,-27.0,-83.0,-5.0,-1018.0,-12.0,-4492.0,-4.0,-8380.0,-6.0,-850.0,-4.0,-2788.0,,,,,,,,,,,,,,,,,,,,,,,,,,
42.30833053588867,,,,,,,,,,,,,,,-0.4416275,-0.871376,1.837143,-0.1014328,1.794235,-0.3121643,3.228256,-1.035271,3.143871,-0.7919006,2.532753,-1.02314,1.701847,-0.4895096,1.367851,-0.6839066,-8.73201,-4.220589,0.8792038,-1.956039,-3.062271,-1.012619,0.8621063,-0.8318253,0.670723,-0.8908691
42.31666946411133,,,,,,,,,,,,,,,-0.4426041,-0.8733292,1.830307,-0.08776093,1.799118,-0.2975159,3.220444,-1.046013,3.131176,-0.7938538,2.52787,-1.027046,1.694035,-0.4924393,1.364922,-0.6946487,-8.721268,-4.219612,0.8782272,-1.956039,-3.075943,-1.014572,0.8425751,-0.8181534,0.679512,-0.888916
42.32500076293945,,,,,,,,,,,,,,,-0.4426041,-0.8830948,1.823471,-0.07408905,1.802048,-0.2848206,3.212631,-1.049919,3.119457,-0.7909241,2.521034,-1.028999,1.685246,-0.5031815,1.362968,-0.7092972,-8.710526,-4.214729,0.874321,-1.95311,-3.088638,-1.016525,0.8269501,-0.8054581,0.6853714,-0.8820801
42.33332824707031,,,,,,,,,,,,,,,-0.4406509,-0.8967667,1.821518,-0.05748749,1.804977,-0.2760315,3.204819,-1.048943,3.109692,-0.7840881,2.512245,-1.030952,1.673527,-0.5158768,1.361015,-0.729805,-8.699783,-4.206917,0.8645554,-1.945297,-3.097427,-1.018478,0.8171844,-0.7956924,0.6873245,-0.8713379
42.333333333333336,0.0,-124.0,-27.0,-84.0,-5.0,-1024.0,-12.0,-4495.0,-4.0,-8376.0,-6.0,-849.0,-4.0,-2785.0,,,,,,,,,,,,,,,,,,,,,,,,,,
42.341670989990234,,,,,,,,,,,,,,,-0.4357681,-0.9133682,1.821518,-0.04381561,1.806931,-0.2721252,3.19603,-1.045036,3.101879,-0.7733459,2.50248,-1.030952,1.664738,-0.5315018,1.361015,-0.7493362,-8.690018,-4.200081,0.858696,-1.935532,-3.103287,-1.018478,0.8113251,-0.7908096,0.6853714,-0.8615723
42.349998474121094,,,,,,,,,,,,,,,-0.4299088,-0.9319229,1.822495,-0.03209686,1.805954,-0.2779846,3.192123,-1.0382,3.097973,-0.7606506,2.49662,-1.028999,1.654972,-0.5451736,1.362968,-0.7669144,-8.686111,-4.194221,0.8508835,-1.924789,-3.10817,-1.020432,0.8142548,-0.7937393,0.6814651,-0.8518066
42.35832977294922,,,,,,,,,,,,,,,-0.4240494,-0.9455948,1.822495,-0.01842499,1.801071,-0.2867737,3.187241,-1.033318,3.097973,-0.7499084,2.489784,-1.024117,1.64716,-0.5559158,1.365898,-0.7835159,-8.687088,-4.188362,0.8440475,-1.913071,-3.109146,-1.022385,0.8210907,-0.8005753,0.6785355,-0.8449707
42.36666666666667,0.0,-129.0,-27.0,-85.0,-6.0,-1033.0,-11.0,-4501.0,-4.0,-8373.0,-6.0,-852.0,-4.0,-2782.0,,,,,,,,,,,,,,,,,,,,,,,,,,
42.366668701171875,,,,,,,,,,,,,,,-0.4142838,-0.9514542,1.821518,-0.0076828,1.796188,-0.3014221,3.183334,-1.033318,3.100903,-0.7401428,2.485878,-1.02021,1.6413,-0.5676346,1.370781,-0.7962112,-8.691971,-4.184456,0.8401413,-1.905258,-3.110123,-1.024338,0.8308563,-0.8132706,0.6726761,-0.8400879
42.375,,,,,,,,,,,,,,,-0.4064713,-0.9514542,1.818588,-0.0008468628,1.790329,-0.3180237,3.181381,-1.0382,3.104809,-0.7303772,2.487831,-1.017281,1.635441,-0.5793533,1.375664,-0.8050003,-8.702713,-4.182503,0.8372116,-1.899399,-3.109146,-1.028244,0.8435516,-0.8288956,0.6677933,-0.8410645
42.383331298828125,,,,,,,,,,,,,,,-0.3986588,-0.9455948,1.815659,0.002082825,1.782516,-0.3365784,3.180405,-1.046989,3.107738,-0.7225647,2.489784,-1.014351,1.634464,-0.5930252,1.378593,-0.8098831,-8.713455,-4.18055,0.8342819,-1.897446,-3.10817,-1.030197,0.8562469,-0.8454971,0.6599808,-0.848877
42.39167022705078,,,,,,,,,,,,,,,-0.3918228,-0.9328995,1.808823,0.003059387,1.774704,-0.3512268,3.178452,-1.060661,3.112621,-0.7186584,2.492714,-1.012398,1.633488,-0.6086502,1.384453,-0.8098831,-8.725174,-4.179573,0.836235,-1.895493,-3.110123,-1.03215,0.8630829,-0.8620987,0.6531448,-0.8596191
42.4,0.0,-132.0,-28.0,-87.0,-6.0,-1042.0,-12.0,-4504.0,-3.0,-8374.0,-7.0,-855.0,-4.0,-2781.0,,,,,,,,,,,,,,,,,,,,,,,,,,
42.400001525878906,,,,,,,,,,,,,,,-0.3898697,-0.9211807,1.802963,-0.001823425,1.768845,-0.361969,3.179428,-1.07238,3.116528,-0.7157288,2.49662,-1.013374,1.632511,-0.6281815,1.385429,-0.8059769,-8.735916,-4.17762,0.836235,-1.896469,-3.110123,-1.030197,0.8679657,-0.8767471,0.6424026,-0.8713379
42.408329010009766,,,,,,,,,,,,,,,-0.3888931,-0.9114151,1.794174,-0.008659363,1.763962,-0.3688049,3.178452,-1.083122,3.117504,-0.7157288,2.497597,-1.015327,1.632511,-0.6467361,1.385429,-0.7981644,-8.743729,-4.17469,0.8372116,-1.900375,-3.112076,-1.029221,0.8689423,-0.8874893,0.6277542,-0.8850098
42.41667175292969,,,,,,,,,,,,,,,-0.3908463,-0.9055557,1.788315,-0.01744843,1.762009,-0.3688049,3.182358,-1.088982,3.118481,-0.7157288,2.498573,-1.017281,1.632511,-0.667244,1.381523,-0.7874222,-8.746658,-4.171761,0.8372116,-1.903305,-3.116959,-1.027267,0.8669891,-0.8962784,0.6131058,-0.8947754
42.42499923706055,,,,,,,,,,,,,,,-0.3937759,-0.9065323,1.782455,-0.02819061,1.760056,-0.3668518,3.186264,-1.086052,3.120434,-0.7157288,2.49662,-1.018257,1.631535,-0.6848221,1.377617,-0.77668,-8.744705,-4.170784,0.8401413,-1.906235,-3.124771,-1.021408,0.8630829,-0.8992081,0.5984573,-0.9006348
42.43333053588867,,,,,,,,,,,,,,,-0.3986588,-0.9143448,1.778549,-0.03502655,1.758102,-0.3639221,3.191147,-1.07531,3.120434,-0.7186584,2.49369,-1.016304,1.630558,-0.6945877,1.374687,-0.7688675,-8.742752,-4.172737,0.8440475,-1.911118,-3.132584,-1.017502,0.8582001,-0.8982315,0.585762,-0.8967285
42.43333333333333,0.0,-135.0,-28.0,-89.0,-6.0,-1048.0,-11.0,-4507.0,-4.0,-8381.0,-7.0,-856.0,-4.0,-2787.0,,,,,,,,,,,,,,,,,,,,,,,,,,
42.44166946411133,,,,,,,,,,,,,,,-0.4045181,-0.9280167,1.77562,-0.0389328,1.755173,-0.3590393,3.198959,-1.059685,3.122387,-0.719635,2.488808,-1.011421,1.628605,-0.6975174,1.369804,-0.7649612,-8.740799,-4.172737,0.8469772,-1.916,-3.138443,-1.014572,0.8503876,-0.8982315,0.5759964,-0.888916
42.45000076293945,,,,,,,,,,,,,,,-0.4084244,-0.9436417,1.77269,-0.03990936,1.75029,-0.3551331,3.203842,-1.039177,3.123363,-0.7215881,2.484901,-1.003609,1.627628,-0.6955643,1.364922,-0.7669144,-8.741776,-4.172737,0.8528366,-1.922836,-3.144302,-1.010666,0.8464813,-0.8953018,0.570137,-0.8762207
42.45832824707031,,,,,,,,,,,,,,,-0.4103775,-0.9612198,1.77269,-0.03990936,1.742477,-0.3531799,3.207748,-1.017693,3.125317,-0.7215881,2.480995,-0.9928665,1.622746,-0.6887283,1.359062,-0.7757034,-8.748611,-4.175667,0.858696,-1.928696,-3.148209,-1.00676,0.8406219,-0.8933487,0.5662308,-0.8625488
42.46666666666667,0.0,-141.0,-28.0,-91.0,-6.0,-1051.0,-12.0,-4509.0,-4.0,-8392.0,-7.0,-857.0,-4.0,-2797.0,,,,,,,,,,,,,,,,,,,,,,,,,,
42.466670989990234,,,,,,,,,,,,,,,-0.4123306,-0.9778214,1.77562,-0.03795624,1.734665,-0.3551331,3.208725,-1.000114,3.126293,-0.7206116,2.478065,-0.9821243,1.619816,-0.6799393,1.352226,-0.7864456,-8.759354,-4.17762,0.8645554,-1.937485,-3.149185,-1.001877,0.8367157,-0.8933487,0.5652542,-0.8508301
42.474998474121094,,,,,,,,,,,,,,,-0.4142838,-0.9905167,1.777573,-0.03697968,1.725876,-0.3580627,3.209702,-0.9844894,3.126293,-0.7215881,2.476112,-0.9723587,1.617863,-0.6691971,1.344414,-0.7962112,-8.775955,-4.176643,0.8684616,-1.946274,-3.149185,-0.9960175,0.8308563,-0.8943253,0.5691605,-0.8400879
42.48332977294922,,,,,,,,,,,,,,,-0.4152603,-1.003212,1.782455,-0.03697968,1.718063,-0.3590393,3.205795,-0.9757004,3.123363,-0.7235413,2.474159,-0.9674759,1.61591,-0.660408,1.334648,-0.8050003,-8.792557,-4.17762,0.8684616,-1.954086,-3.147232,-0.9872284,0.8279266,-0.8982315,0.5720901,-0.833252
42.491668701171875,,,,,,,,,,,,,,,-0.41819,-1.013954,1.786362,-0.04186249,1.709274,-0.3609924,3.200912,-0.9717941,3.120434,-0.7274475,2.472206,-0.9674759,1.61298,-0.6574783,1.323906,-0.8089066,-8.809158,-4.17762,0.8704147,-1.963852,-3.142349,-0.9745331,0.8269501,-0.9050674,0.5691605,-0.8303223
42.5,0.0,-145.0,-29.0,-92.0,-6.0,-1050.0,-11.0,-4509.0,-4.0,-8402.0,-7.0,-856.0,-4.0,-2806.0,-0.4250259,-1.026649,1.790268,-0.05162811,1.701462,-0.3629456,3.1931,-0.9708176,3.115551,-0.7323303,2.469276,-0.9713821,1.612003,-0.6574783,1.312187,-0.8089066,-8.824783,-4.17762,0.8665085,-1.971664,-3.140396,-0.9608612,0.8279266,-0.9109268,0.570137,-0.8283691
42.508331298828125,,,,,,,,,,,,,,,-0.4328384,-1.040321,1.794174,-0.05846405,1.696579,-0.3658752,3.185287,-0.9737473,3.109692,-0.7411194,2.464394,-0.9791946,1.612003,-0.660408,1.298515,-0.80793,-8.831619,-4.18055,0.8635788,-1.977524,-3.138443,-0.9442596,0.833786,-0.9148331,0.5633011,-0.8273926
42.51667022705078,,,,,,,,,,,,,,,-0.4416275,-1.056923,1.796127,-0.0623703,1.688766,-0.3678284,3.175522,-0.9796066,3.104809,-0.7479553,2.455605,-0.9889603,1.606144,-0.667244,1.290703,-0.8050003,-8.833572,-4.187386,0.8626022,-1.977524,-3.13942,-0.9266815,0.8386688,-0.9206924,0.561348,-0.8244629
42.525001525878906,,,,,,,,,,,,,,,-0.4533463,-1.075478,1.79808,-0.06529999,1.683884,-0.3697815,3.167709,-0.9864426,3.099926,-0.7547913,2.445839,-0.9987259,1.604191,-0.6731033,1.28582,-0.8001175,-8.82869,-4.196175,0.8596725,-1.973618,-3.142349,-0.9139862,0.8455048,-0.9236221,0.5574417,-0.8215332
42.533329010009766,,,,,,,,,,,,,,,-0.4631119,-1.093056,1.797104,-0.06334686,1.680954,-0.3717346,3.159897,-0.9971848,3.095043,-0.7596741,2.430214,-1.010445,1.597355,-0.6789627,1.28582,-0.7962112,-8.815994,-4.204964,0.8606491,-1.967758,-3.146255,-0.9071503,0.8513641,-0.9245987,0.5515823,-0.8195801
42.53333333333333,0.0,-146.0,-29.0,-89.0,-6.0,-1049.0,-10.0,-4509.0,-4.0,-8407.0,-7.0,-854.0,-4.0,-2811.0,,,,,,,,,,,,,,,,,,,,,,,,,,
42.54167175292969,,,,,,,,,,,,,,,-0.4709244,-1.107704,1.796127,-0.05748749,1.681931,-0.3727112,3.152084,-1.005974,3.088207,-0.7586975,2.416542,-1.017281,1.592472,-0.6857986,1.28582,-0.7913284,-8.798416,-4.216682,0.8577194,-1.956039,-3.153091,-0.9061737,0.8523407,-0.9236221,0.5486526,-0.8195801
42.54999923706055,,,,,,,,,,,,,,,-0.4787369,-1.119423,1.794174,-0.04869843,1.683884,-0.3707581,3.144272,-1.01281,3.081371,-0.7567444,2.40287,-1.021187,1.58466,-0.691658,1.290703,-0.7864456,-8.776932,-4.225471,0.8577194,-1.942368,-3.163834,-0.9120331,0.8533173,-0.921669,0.5486526,-0.8234863
42.55833053588867,,,,,,,,,,,,,,,-0.4826431,-1.128212,1.792221,-0.04186249,1.69072,-0.3668518,3.139389,-1.018669,3.073559,-0.750885,2.392128,-1.021187,1.5788,-0.6945877,1.297539,-0.7815628,-8.756424,-4.229378,0.8499069,-1.927719,-3.178482,-0.9247284,0.8464813,-0.9177628,0.5476761,-0.8273926
42.56666666666667,0.0,-146.0,-29.0,-88.0,-6.0,-1046.0,-10.0,-4509.0,-4.0,-8407.0,-7.0,-855.0,-4.0,-2814.0,,,,,,,,,,,,,,,,,,,,,,,,,,
42.56666946411133,,,,,,,,,,,,,,,-0.4845963,-1.131142,1.791245,-0.03795624,1.699509,-0.361969,3.134506,-1.020622,3.06184,-0.7430725,2.380409,-1.019234,1.573917,-0.6975174,1.301445,-0.7757034,-8.739822,-4.230354,0.8381882,-1.913071,-3.191177,-0.9403534,0.8386688,-0.9138565,0.5496292,-0.8361816
42.57500076293945,,,,,,,,,,,,,,,-0.4875259,-1.128212,1.791245,-0.03697968,1.708298,-0.3541565,3.128647,-1.017693,3.052074,-0.7362366,2.375526,-1.013374,1.571964,-0.7004471,1.304375,-0.7727737,-8.724197,-4.229378,0.827446,-1.903305,-3.206802,-0.9579315,0.8289032,-0.9099503,0.5515823,-0.8498535
42.58332824707031,,,,,,,,,,,,,,,-0.4875259,-1.121376,1.793198,-0.04088593,1.717087,-0.3453674,3.121811,-1.010857,3.041332,-0.7294006,2.373573,-1.006538,1.570988,-0.7004471,1.305351,-0.7757034,-8.720291,-4.229378,0.811821,-1.898422,-3.218521,-0.9764862,0.818161,-0.906044,0.554512,-0.8615723
42.591670989990234,,,,,,,,,,,,,,,-0.4845963,-1.113564,1.79808,-0.04869843,1.722946,-0.3404846,3.115952,-1.000114,3.031567,-0.7245178,2.37455,-0.9977493,1.575871,-0.7004471,1.304375,-0.7835159,-8.718338,-4.229378,0.8001022,-1.896469,-3.23024,-0.9921112,0.8103485,-0.9050674,0.5564651,-0.8752441
42.599998474121094,,,,,,,,,,,,,,,-0.4797134,-1.101845,1.802963,-0.05944061,1.726852,-0.3356018,3.109116,-0.985466,3.019848,-0.7215881,2.37748,-0.9889603,1.580753,-0.7004471,1.304375,-0.7952347,-8.726151,-4.232307,0.7932663,-1.899399,-3.239029,-1.00383,0.8005829,-0.9050674,0.5603714,-0.888916
42.6,0.0,-140.0,-29.0,-85.0,-6.0,-1044.0,-11.0,-4508.0,-4.0,-8408.0,-6.0,-856.0,-4.0,-2823.0,,,,,,,,,,,,,,,,,,,,,,,,,,
42.60832977294922,,,,,,,,,,,,,,,-0.4738541,-1.090126,1.808823,-0.0701828,1.725876,-0.3316956,3.104233,-0.9717941,3.009106,-0.7176819,2.381386,-0.9870071,1.58466,-0.6994705,1.305351,-0.8108597,-8.733963,-4.238167,0.7913132,-1.904282,-3.244888,-1.012619,0.7957001,-0.9089737,0.561348,-0.9006348
42.616668701171875,,,,,,,,,,,,,,,-0.465065,-1.078407,1.812729,-0.07994843,1.723923,-0.3316956,3.09935,-0.9590988,3.001293,-0.7127991,2.385292,-0.985054,1.590519,-0.698494,1.305351,-0.8274612,-8.745682,-4.246956,0.796196,-1.911118,-3.247818,-1.018478,0.7927704,-0.9148331,0.5623245,-0.9104004
42.625,,,,,,,,,,,,,,,-0.4552994,-1.068642,1.814682,-0.09166718,1.722946,-0.3365784,3.09642,-0.9493332,2.991528,-0.7088928,2.386269,-0.9860306,1.592472,-0.6965408,1.307304,-0.8411331,-8.755447,-4.257698,0.8020554,-1.92186,-3.248795,-1.022385,0.7908173,-0.9206924,0.5633011,-0.9152832
42.633331298828125,,,,,,,,,,,,,,,-0.4416275,-1.060829,1.815659,-0.1004562,1.71904,-0.3443909,3.09642,-0.9434738,2.982738,-0.70401,2.387245,-0.9899368,1.592472,-0.6955643,1.307304,-0.8508987,-8.764236,-4.266487,0.8069382,-1.932602,-3.244888,-1.023361,0.7908173,-0.9236221,0.5623245,-0.9172363
42.63333333333333,0.0,-133.0,-29.0,-82.0,-6.0,-1041.0,-11.0,-4509.0,-4.0,-8410.0,-6.0,-851.0,-3.0,-2830.0,,,,,,,,,,,,,,,,,,,,,,,,,,
42.64167022705078,,,,,,,,,,,,,,,-0.4318619,-1.056923,1.811752,-0.1102219,1.712204,-0.3551331,3.098373,-0.9434738,2.975903,-0.6981506,2.384315,-0.9948196,1.587589,-0.6936111,1.309258,-0.8567581,-8.770096,-4.27137,0.8108444,-1.943344,-3.241959,-1.023361,0.7908173,-0.9245987,0.5623245,-0.9152832
42.650001525878906,,,,,,,,,,,,,,,-0.4240494,-1.056923,1.80687,-0.1199875,1.708298,-0.3668518,3.10228,-0.9483566,2.971996,-0.6952209,2.379433,-0.9997025,1.582706,-0.6897049,1.309258,-0.8557816,-8.776932,-4.27137,0.8079147,-1.95311,-3.239029,-1.021408,0.7917938,-0.921669,0.561348,-0.911377
42.658329010009766,,,,,,,,,,,,,,,-0.41819,-1.057899,1.800034,-0.1287766,1.702438,-0.3854065,3.107162,-0.9590988,2.970043,-0.6952209,2.37162,-1.005562,1.573917,-0.6838455,1.307304,-0.8538284,-8.781815,-4.26844,0.8001022,-1.964828,-3.231216,-1.017502,0.7888641,-0.9138565,0.561348,-0.904541
42.666666666666664,-1.0,-130.0,-29.0,-80.0,-5.0,-1039.0,-11.0,-4512.0,-4.0,-8413.0,-5.0,-847.0,-3.0,-2834.0,,,,,,,,,,,,,,,,,,,,,,,,,,
42.66667175292969,,,,,,,,,,,,,,,-0.4162369,-1.059853,1.791245,-0.1346359,1.697556,-0.4029846,3.113022,-0.9717941,2.97102,-0.6981506,2.366737,-1.012398,1.564152,-0.6750565,1.306328,-0.8499222,-8.785721,-4.263557,0.7854538,-1.973618,-3.22438,-1.011642,0.7849579,-0.9021378,0.5623245,-0.8996582
42.67499923706055,,,,,,,,,,,,,,,-0.4211197,-1.060829,1.784409,-0.1365891,1.69072,-0.4156799,3.118881,-0.985466,2.975903,-0.7059631,2.358925,-1.022163,1.556339,-0.6652908,1.304375,-0.8479691,-8.790604,-4.258675,0.7708054,-1.9785,-3.216568,-1.005783,0.7781219,-0.8894424,0.5642776,-0.8947754
42.68333053588867,,,,,,,,,,,,,,,-0.4240494,-1.060829,1.778549,-0.1375656,1.688766,-0.4273987,3.123764,-0.9991379,2.981762,-0.7167053,2.354042,-1.036812,1.55048,-0.6535721,1.302422,-0.8450394,-8.79451,-4.251839,0.7561569,-1.980453,-3.211685,-1.0009,0.7664032,-0.8787003,0.570137,-0.8898926
42.69166946411133,,,,,,,,,,,,,,,-0.4308853,-1.056923,1.77269,-0.1326828,1.68486,-0.4342346,3.123764,-1.00988,2.988598,-0.7303772,2.347206,-1.052437,1.544621,-0.6467361,1.301445,-0.8430862,-8.799393,-4.246956,0.7483444,-1.977524,-3.208755,-0.9979706,0.7566376,-0.8728409,0.5740433,-0.8869629
42.7,-2.0,-127.0,-29.0,-79.0,-5.0,-1043.0,-10.0,-4520.0,-5.0,-8416.0,-5.0,-847.0,-3.0,-2837.0,,,,,,,,,,,,,,,,,,,,,,,,,,
42.70000076293945,,,,,,,,,,,,,,,-0.4396744,-1.048134,1.768784,-0.1248703,1.683884,-0.4313049,3.123764,-1.019646,2.99641,-0.7450256,2.3433,-1.071968,1.540714,-0.6457596,1.301445,-0.8421097,-8.799393,-4.245003,0.7454147,-1.973618,-3.209732,-1.0009,0.7439423,-0.8708878,0.5789261,-0.8850098
42.70832824707031,,,,,,,,,,,,,,,-0.4465103,-1.040321,1.765854,-0.1170578,1.683884,-0.4215393,3.120834,-1.026482,3.00227,-0.7577209,2.34037,-1.090523,1.538761,-0.6486893,1.301445,-0.8411331,-8.800369,-4.245003,0.7454147,-1.968735,-3.214615,-1.00676,0.7302704,-0.8738174,0.5828323,-0.8830566
42.716670989990234,,,,,,,,,,,,,,,-0.4513931,-1.031532,1.762924,-0.1111984,1.682907,-0.4078674,3.115952,-1.030388,3.007153,-0.7704163,2.339394,-1.103218,1.537785,-0.6594315,1.298515,-0.8411331,-8.79451,-4.244026,0.7502975,-1.963852,-3.223404,-1.016525,0.7205048,-0.8845596,0.5828323,-0.8771973
42.724998474121094,,,,,,,,,,,,,,,-0.4572525,-1.022743,1.759995,-0.1063156,1.68486,-0.3912659,3.108139,-1.034294,3.013012,-0.7772522,2.33744,-1.112007,1.537785,-0.6750565,1.295586,-0.8401566,-8.790604,-4.245003,0.7551804,-1.962875,-3.23317,-1.029221,0.7097626,-0.8943253,0.5828323,-0.8703613
42.73332977294922,,,,,,,,,,,,,,,-0.4592056,-1.014931,1.759018,-0.1043625,1.685837,-0.3736877,3.100327,-1.0382,3.016918,-0.7801819,2.335487,-1.114937,1.537785,-0.691658,1.291679,-0.8411331,-8.780838,-4.24305,0.7610397,-1.965805,-3.244888,-1.038986,0.7019501,-0.9040909,0.5779495,-0.864502
42.733333333333334,-3.0,-125.0,-29.0,-79.0,-4.0,-1049.0,-10.0,-4524.0,-5.0,-8420.0,-5.0,-850.0,-3.0,-2837.0,,,,,,,,,,,,,,,,,,,,,,,,,,
42.741668701171875,,,,,,,,,,,,,,,-0.4601822,-1.009071,1.758041,-0.1063156,1.685837,-0.3600159,3.092514,-1.040154,3.019848,-0.7811584,2.333534,-1.107124,1.537785,-0.707283,1.286797,-0.8469925,-8.770096,-4.24012,0.7659225,-1.971664,-3.25563,-1.046799,0.6951141,-0.9119034,0.5720901,-0.8605957
42.75,,,,,,,,,,,,,,,-0.4592056,-1.006142,1.755112,-0.1131516,1.685837,-0.3512268,3.083725,-1.039177,3.021801,-0.7792053,2.331581,-1.095406,1.535831,-0.7199783,1.281914,-0.854805,-8.761307,-4.238167,0.7668991,-1.977524,-3.266373,-1.053635,0.6902313,-0.9148331,0.5623245,-0.857666
42.758331298828125,,,,,,,,,,,,,,,-0.4543228,-1.003212,1.754135,-0.1190109,1.681931,-0.3443909,3.075912,-1.035271,3.017895,-0.7752991,2.329628,-1.083687,1.532902,-0.7268143,1.278008,-0.8616409,-8.752518,-4.234261,0.7629929,-1.98436,-3.272232,-1.054611,0.6853485,-0.9128799,0.5564651,-0.8566895
42.766666666666666,-3.0,-125.0,-29.0,-81.0,-4.0,-1054.0,-11.0,-4524.0,-5.0,-8426.0,-5.0,-852.0,-3.0,-2836.0,,,,,,,,,,,,,,,,,,,,,,,,,,
42.76667022705078,,,,,,,,,,,,,,,-0.4504166,-1.000282,1.752182,-0.1238937,1.678024,-0.3424377,3.067123,-1.032341,3.012035,-0.7743225,2.327675,-1.071968,1.531925,-0.7277908,1.275078,-0.8694534,-8.747635,-4.227425,0.7629929,-1.991196,-3.277115,-1.052658,0.6833954,-0.9070206,0.5476761,-0.8586426
42.775001525878906,,,,,,,,,,,,,,,-0.4416275,-1.000282,1.751205,-0.1297531,1.673141,-0.3453674,3.058334,-1.027458,3.003246,-0.7743225,2.324745,-1.061226,1.528996,-0.7258377,1.273125,-0.8762894,-8.746658,-4.221565,0.7561569,-1.993149,-3.281021,-1.050705,0.6794891,-0.8992081,0.5379105,-0.8605957
42.783329010009766,,,,,,,,,,,,,,,-0.4328384,-1.001259,1.750229,-0.1346359,1.666306,-0.3531799,3.052475,-1.021599,2.991528,-0.7752991,2.323769,-1.055367,1.525089,-0.7190018,1.272148,-0.8792191,-8.750565,-4.219612,0.7463913,-1.994125,-3.285904,-1.048752,0.677536,-0.8884659,0.530098,-0.8605957
42.79167175292969,,,,,,,,,,,,,,,-0.4250259,-1.003212,1.749252,-0.1395187,1.657516,-0.3629456,3.046616,-1.016716,2.975903,-0.7772522,2.323769,-1.05439,1.520206,-0.7102127,1.273125,-0.8782425,-8.758377,-4.216682,0.7366257,-1.993149,-3.291763,-1.047775,0.6765594,-0.8787003,0.5203323,-0.857666
42.79999923706055,,,,,,,,,,,,,,,-0.4191666,-1.009071,1.749252,-0.1444016,1.649704,-0.3727112,3.042709,-1.013786,2.963207,-0.7782288,2.320839,-1.05732,1.51923,-0.7014236,1.270195,-0.8714066,-8.770096,-4.217659,0.72686,-1.992172,-3.296646,-1.045822,0.6746063,-0.8708878,0.5115433,-0.8518066
42.8,-3.0,-128.0,-29.0,-84.0,-4.0,-1057.0,-12.0,-4521.0,-4.0,-8434.0,-5.0,-849.0,-3.0,-2839.0,,,,,,,,,,,,,,,,,,,,,,,,,,
42.80833053588867,,,,,,,,,,,,,,,-0.4152603,-1.018837,1.750229,-0.1473312,1.644821,-0.3873596,3.03978,-1.013786,2.951488,-0.7782288,2.321815,-1.060249,1.514347,-0.6926346,1.268242,-0.8616409,-8.782791,-4.224495,0.7200241,-1.991196,-3.302505,-1.039963,0.6736298,-0.8708878,0.5047073,-0.8410645
42.81666946411133,,,,,,,,,,,,,,,-0.4162369,-1.032509,1.750229,-0.1483078,1.638962,-0.4000549,3.038803,-1.016716,2.942699,-0.7772522,2.321815,-1.064156,1.511417,-0.6838455,1.263359,-0.8508987,-8.795486,-4.236214,0.7170944,-1.992172,-3.304459,-1.03215,0.6707001,-0.874794,0.4968948,-0.8273926
42.82500076293945,,,,,,,,,,,,,,,-0.4201431,-1.04911,1.752182,-0.1483078,1.636032,-0.4068909,3.038803,-1.019646,2.938793,-0.7723694,2.320839,-1.069038,1.507511,-0.6770096,1.256523,-0.8421097,-8.809158,-4.252815,0.7151413,-1.997055,-3.304459,-1.019455,0.6697235,-0.8806534,0.4929886,-0.8137207
42.83332824707031,,,,,,,,,,,,,,,-0.4269791,-1.068642,1.752182,-0.1463547,1.629196,-0.4107971,3.03978,-1.024529,2.93684,-0.7645569,2.319862,-1.069038,1.500675,-0.6691971,1.248711,-0.8333206,-8.818924,-4.270393,0.7170944,-2.003891,-3.302505,-1.007736,0.6667938,-0.8884659,0.4900589,-0.7990723
42.833333333333336,-3.0,-131.0,-29.0,-87.0,-4.0,-1060.0,-13.0,-4521.0,-4.0,-8443.0,-5.0,-848.0,-2.0,-2844.0,,,,,,,,,,,,,,,,,,,,,,,,,,
42.841670989990234,,,,,,,,,,,,,,,-0.4377213,-1.090126,1.749252,-0.143425,1.62529,-0.4098206,3.038803,-1.030388,2.937817,-0.7567444,2.320839,-1.066109,1.494816,-0.6652908,1.239922,-0.8303909,-8.829666,-4.287971,0.7200241,-2.007797,-3.294693,-0.9989471,0.6677704,-0.8982315,0.4851761,-0.7854004
42.849998474121094,,,,,,,,,,,,,,,-0.44944,-1.110634,1.747299,-0.1414719,1.618454,-0.4010315,3.034897,-1.0382,2.940746,-0.7489319,2.321815,-1.062202,1.491886,-0.6594315,1.232109,-0.8313675,-8.840408,-4.30555,0.7210007,-2.014633,-3.28688,-0.9930878,0.6658173,-0.9040909,0.483223,-0.7766113
42.85832977294922,,,,,,,,,,,,,,,-0.4582291,-1.129189,1.74437,-0.1395187,1.612595,-0.3854065,3.030014,-1.04406,2.941723,-0.7430725,2.320839,-1.058296,1.487003,-0.6584549,1.22625,-0.8342972,-8.848221,-4.315315,0.7170944,-2.024399,-3.279068,-0.9891815,0.6648407,-0.9050674,0.4802933,-0.770752
42.86666666666667,-2.0,-137.0,-28.0,-91.0,-4.0,-1058.0,-13.0,-4522.0,-4.0,-8450.0,-5.0,-846.0,-2.0,-2844.0,,,,,,,,,,,,,,,,,,,,,,,,,,
42.866668701171875,,,,,,,,,,,,,,,-0.4670181,-1.144814,1.743393,-0.1375656,1.607712,-0.3668518,3.024155,-1.052849,2.942699,-0.7401428,2.320839,-1.049507,1.48505,-0.660408,1.22039,-0.83918,-8.858963,-4.318245,0.7063522,-2.033188,-3.273209,-0.9921112,0.6609344,-0.9011612,0.4754105,-0.7678223
42.875,,,,,,,,,,,,,,,-0.4738541,-1.154579,1.745346,-0.1375656,1.604782,-0.3512268,3.017319,-1.062614,2.941723,-0.7391663,2.319862,-1.042671,1.48505,-0.6652908,1.215508,-0.8430862,-8.868729,-4.316292,0.6917038,-2.039047,-3.271255,-0.996994,0.6560516,-0.8933487,0.4715042,-0.7717285
42.883331298828125,,,,,,,,,,,,,,,-0.4797134,-1.158485,1.748276,-0.1365891,1.601852,-0.3375549,3.012436,-1.074333,2.93684,-0.7430725,2.315956,-1.038765,1.484074,-0.6682205,1.217461,-0.8430862,-8.877518,-4.308479,0.6731491,-2.045883,-3.271255,-0.9989471,0.646286,-0.8826065,0.4666214,-0.7814941
42.89167022705078,,,,,,,,,,,,,,,-0.4845963,-1.157509,1.759018,-0.1346359,1.604782,-0.3297424,3.006577,-1.087029,2.930981,-0.7499084,2.30912,-1.032906,1.486027,-0.6750565,1.219414,-0.8421097,-8.884354,-4.293831,0.6545944,-2.049789,-3.273209,-0.9989471,0.6355438,-0.8708878,0.4617386,-0.7961426
42.9,-2.0,-143.0,-28.0,-89.0,-4.0,-1057.0,-13.0,-4520.0,-4.0,-8451.0,-5.0,-846.0,-2.0,-2847.0,,,,,,,,,,,,,,,,,,,,,,,,,,
42.900001525878906,,,,,,,,,,,,,,,-0.4855728,-1.14872,1.768784,-0.1336594,1.605759,-0.330719,3.00267,-1.096794,2.923168,-0.7577209,2.300331,-1.029976,1.48505,-0.6809158,1.221367,-0.83918,-8.88533,-4.279182,0.6418991,-2.048813,-3.278091,-0.9960175,0.6228485,-0.8601456,0.4578323,-0.8127441
42.908329010009766,,,,,,,,,,,,,,,-0.4894791,-1.135048,1.778549,-0.1317062,1.608688,-0.3365784,3.000717,-1.10363,2.915356,-0.7655334,2.289589,-1.028999,1.483097,-0.6838455,1.225273,-0.8352737,-8.88826,-4.264534,0.6282272,-2.041,-3.283951,-0.9901581,0.615036,-0.8533096,0.4549026,-0.8283691
42.91667175292969,,,,,,,,,,,,,,,-0.4894791,-1.115517,1.785385,-0.1336594,1.610641,-0.3453674,2.996811,-1.10656,2.910473,-0.7752991,2.279823,-1.031929,1.480167,-0.6838455,1.227226,-0.8303909,-8.886307,-4.249886,0.6252975,-2.028305,-3.288834,-0.9794159,0.6111298,-0.8445206,0.4500198,-0.8430176
42.92499923706055,,,,,,,,,,,,,,,-0.4894791,-1.094032,1.787338,-0.1395187,1.612595,-0.3551331,2.994858,-1.104607,2.907543,-0.7831116,2.272987,-1.038765,1.479191,-0.682869,1.228203,-0.8284378,-8.882401,-4.24012,0.6262741,-2.011703,-3.294693,-0.9706268,0.6111298,-0.8376846,0.4402542,-0.8557129
42.93333053588867,,,,,,,,,,,,,,,-0.4845963,-1.071571,1.784409,-0.1463547,1.609665,-0.361969,2.994858,-1.1007,2.90559,-0.7919006,2.268105,-1.045601,1.478214,-0.6779861,1.225273,-0.8284378,-8.877518,-4.234261,0.6311569,-1.993149,-3.305435,-0.9637909,0.6169891,-0.8318253,0.4304886,-0.8635254
42.93333333333333,0.0,-145.0,-28.0,-86.0,-4.0,-1058.0,-12.0,-4519.0,-4.0,-8450.0,-5.0,-849.0,-3.0,-2855.0,,,,,,,,,,,,,,,,,,,,,,,,,,
42.94166946411133,,,,,,,,,,,,,,,-0.4816666,-1.050087,1.774643,-0.1610031,1.603806,-0.3648987,2.992905,-1.091911,2.904613,-0.7967834,2.265175,-1.052437,1.480167,-0.6701736,1.22332,-0.8313675,-8.871658,-4.232307,0.6389694,-1.977524,-3.315201,-0.9608612,0.6277313,-0.8249893,0.4187698,-0.8654785
42.95000076293945,,,,,,,,,,,,,,,-0.4767838,-1.029579,1.763901,-0.1756516,1.597946,-0.3609924,2.991928,-1.082146,2.903637,-0.79776,2.265175,-1.058296,1.486027,-0.6613846,1.219414,-0.8372269,-8.867752,-4.232307,0.6418991,-1.966782,-3.328873,-0.9589081,0.6384735,-0.8171768,0.4031448,-0.8635254
42.95832824707031,,,,,,,,,,,,,,,-0.4728775,-1.016884,1.748276,-0.1893234,1.590134,-0.3541565,2.995834,-1.07531,2.898754,-0.79776,2.269081,-1.060249,1.488956,-0.6555252,1.218437,-0.8440628,-8.858963,-4.234261,0.648735,-1.959946,-3.346451,-0.9589081,0.6482391,-0.8132706,0.389473,-0.8605957
42.96666666666667,0.0,-145.0,-28.0,-86.0,-5.0,-1058.0,-13.0,-4520.0,-4.0,-8452.0,-4.0,-850.0,-3.0,-2864.0,,,,,,,,,,,,,,,,,,,,,,,,,,
42.966670989990234,,,,,,,,,,,,,,,-0.4719009,-1.012001,1.734604,-0.2000656,1.583298,-0.346344,2.996811,-1.06945,2.892895,-0.7958069,2.271034,-1.058296,1.497746,-0.6535721,1.22039,-0.8508987,-8.853104,-4.23719,0.6506882,-1.956039,-3.362076,-0.9628143,0.6531219,-0.8132706,0.3806839,-0.8566895
42.974998474121094,,,,,,,,,,,,,,,-0.4709244,-1.013954,1.725815,-0.205925,1.575485,-0.3346252,2.999741,-1.065544,2.886059,-0.7879944,2.272987,-1.050484,1.505558,-0.6535721,1.222343,-0.8577347,-8.847244,-4.241096,0.655571,-1.959946,-3.377701,-0.9686737,0.6550751,-0.8152237,0.3777542,-0.8518066
42.98332977294922,,,,,,,,,,,,,,,-0.4719009,-1.021767,1.719955,-0.205925,1.568649,-0.3199768,2.998764,-1.062614,2.880199,-0.7772522,2.273964,-1.038765,1.511417,-0.660408,1.229179,-0.8606644,-8.837479,-4.24305,0.6614304,-1.963852,-3.390396,-0.97258,0.6570282,-0.8220596,0.3816605,-0.8469238
42.991668701171875,,,,,,,,,,,,,,,-0.4758072,-1.033485,1.718002,-0.2000656,1.564743,-0.3072815,2.997787,-1.061638,2.873363,-0.7626038,2.27494,-1.02607,1.515324,-0.6740799,1.236015,-0.8616409,-8.829666,-4.24305,0.6692429,-1.965805,-3.399185,-0.9774628,0.6550751,-0.8328018,0.3914261,-0.8410645
43.0,0.0,-147.0,-29.0,-85.0,-5.0,-1060.0,-12.0,-4523.0,-4.0,-8457.0,-4.0,-849.0,-4.0,-2872.0,-0.48069,-1.047157,1.718979,-0.1883469,1.561813,-0.2965393,2.993881,-1.060661,2.868481,-0.7469788,2.275917,-1.013374,1.517277,-0.6897049,1.242851,-0.8587112,-8.818924,-4.24305,0.679985,-1.965805,-3.404068,-0.9794159,0.6531219,-0.8464737,0.405098,-0.8381348
43.008331298828125,,,,,,,,,,,,,,,-0.4875259,-1.059853,1.721909,-0.1727219,1.555954,-0.2857971,2.983139,-1.059685,2.865551,-0.7342834,2.273964,-1.002632,1.515324,-0.7063065,1.249687,-0.8508987,-8.810135,-4.242073,0.6887741,-1.965805,-3.407974,-0.981369,0.6501923,-0.8630753,0.4148636,-0.8361816
43.01667022705078,,,,,,,,,,,,,,,-0.4933853,-1.067665,1.726791,-0.1561203,1.553024,-0.2809143,2.973373,-1.058708,2.863598,-0.7225647,2.276894,-0.9938431,1.513371,-0.722908,1.252617,-0.8421097,-8.805252,-4.239143,0.6995163,-1.966782,-3.406998,-0.9833221,0.6492157,-0.8738174,0.4216995,-0.8410645
43.025001525878906,,,,,,,,,,,,,,,-0.5011978,-1.067665,1.729721,-0.1395187,1.547165,-0.2789612,2.961655,-1.057732,2.858715,-0.7147522,2.27787,-0.9889603,1.509464,-0.7346268,1.25164,-0.8333206,-8.79744,-4.232307,0.7073288,-1.970688,-3.408951,-0.9823456,0.6482391,-0.8826065,0.4256058,-0.8479004
43.033329010009766,,,,,,,,,,,,,,,-0.5080338,-1.062782,1.731674,-0.1258469,1.543259,-0.2809143,2.948959,-1.057732,2.854809,-0.7118225,2.279823,-0.9879837,1.505558,-0.7365799,1.248711,-0.8264847,-8.796463,-4.223518,0.702446,-1.977524,-3.409927,-0.9784393,0.646286,-0.8874893,0.4216995,-0.8537598
43.03333333333333,0.0,-150.0,-29.0,-83.0,-6.0,-1060.0,-12.0,-4524.0,-3.0,-8463.0,-4.0,-851.0,-4.0,-2875.0,,,,,,,,,,,,,,,,,,,,,,,,,,
43.04167175292969,,,,,,,,,,,,,,,-0.5138931,-1.05204,1.731674,-0.1141281,1.541306,-0.2867737,2.938217,-1.059685,2.846996,-0.7098694,2.28373,-0.9889603,1.502628,-0.7316971,1.244804,-0.8206253,-8.796463,-4.212776,0.6975632,-1.987289,-3.407974,-0.9735565,0.6423798,-0.8855362,0.413887,-0.8605957
43.04999923706055,,,,,,,,,,,,,,,-0.5217056,-1.039345,1.727768,-0.1024094,1.541306,-0.2955627,2.931381,-1.062614,2.836254,-0.7118225,2.287636,-0.99189,1.498722,-0.7199783,1.237968,-0.8186722,-8.801346,-4.199104,0.686821,-2.001938,-3.409927,-0.9696503,0.6345673,-0.8806534,0.4021683,-0.8664551
43.05833053588867,,,,,,,,,,,,,,,-0.5246353,-1.030556,1.724838,-0.0936203,1.543259,-0.3014221,2.927475,-1.065544,2.823559,-0.7137756,2.289589,-0.9948196,1.494816,-0.7004471,1.228203,-0.8216019,-8.810135,-4.187386,0.671196,-2.01561,-3.41481,-0.9637909,0.6238251,-0.8718643,0.3924026,-0.8693848
43.06666666666667,0.0,-153.0,-29.0,-80.0,-6.0,-1060.0,-12.0,-4524.0,-3.0,-8469.0,-4.0,-852.0,-3.0,-2875.0,,,,,,,,,,,,,,,,,,,,,,,,,,
43.06666946411133,,,,,,,,,,,,,,,-0.5304947,-1.024696,1.718979,-0.08483124,1.548141,-0.3023987,2.926498,-1.065544,2.80891,-0.7157288,2.290565,-0.9967728,1.492863,-0.6809158,1.219414,-0.8255081,-8.821854,-4.17762,0.6594772,-2.026352,-3.416763,-0.9579315,0.6101532,-0.8601456,0.3855667,-0.864502
43.07500076293945,,,,,,,,,,,,,,,-0.5334244,-1.022743,1.71312,-0.0779953,1.555954,-0.299469,2.931381,-1.064568,2.798168,-0.7176819,2.290565,-0.9997025,1.487003,-0.6643143,1.206718,-0.8303909,-8.833572,-4.172737,0.6477585,-2.031235,-3.421646,-0.9540253,0.5964813,-0.8484268,0.3797073,-0.8566895
43.08332824707031,,,,,,,,,,,,,,,-0.5353775,-1.028603,1.709213,-0.07408905,1.56279,-0.2945862,2.939194,-1.062614,2.788403,-0.7206116,2.288612,-1.001656,1.480167,-0.651619,1.195976,-0.8333206,-8.844315,-4.171761,0.6428757,-2.028305,-3.425552,-0.950119,0.5818329,-0.8396378,0.3787308,-0.848877
43.091670989990234,,,,,,,,,,,,,,,-0.5363541,-1.036415,1.708237,-0.07311249,1.567673,-0.2848206,2.948959,-1.056755,2.786449,-0.7225647,2.285683,-1.001656,1.472355,-0.6486893,1.186211,-0.8323441,-8.857986,-4.176643,0.6418991,-2.016586,-3.429459,-0.9481659,0.568161,-0.8298721,0.3806839,-0.8410645
43.099998474121094,,,,,,,,,,,,,,,-0.5363541,-1.046181,1.70726,-0.07506561,1.571579,-0.2731018,2.957748,-1.052849,2.789379,-0.7235413,2.2808,-1.001656,1.463566,-0.6535721,1.176445,-0.8245316,-8.867752,-4.184456,0.6458054,-2.000961,-3.433365,-0.9471893,0.5593719,-0.8230362,0.3836136,-0.8352051
43.1,0.0,-154.0,-29.0,-76.0,-6.0,-1058.0,-12.0,-4525.0,-3.0,-8473.0,-4.0,-853.0,-3.0,-2873.0,,,,,,,,,,,,,,,,,,,,,,,,,,
43.10832977294922,,,,,,,,,,,,,,,-0.5373306,-1.056923,1.711166,-0.08385468,1.569626,-0.2623596,2.966537,-1.047966,2.798168,-0.7245178,2.276894,-1.000679,1.45673,-0.6643143,1.169609,-0.8128128,-8.873611,-4.193245,0.6506882,-1.983383,-3.438248,-0.9452362,0.5544891,-0.8181534,0.3884964,-0.833252
43.116668701171875,,,,,,,,,,,,,,,-0.5363541,-1.063759,1.714096,-0.09557343,1.569626,-0.2516174,2.972397,-1.04406,2.80891,-0.7235413,2.272011,-1.002632,1.449894,-0.6789627,1.164726,-0.7962112,-8.877518,-4.201057,0.6575241,-1.964828,-3.441177,-0.9403534,0.5505829,-0.8132706,0.3943558,-0.833252
43.125,,,,,,,,,,,,,,,-0.5344009,-1.069618,1.717026,-0.1072922,1.568649,-0.2408752,2.973373,-1.040154,2.820629,-0.7206116,2.265175,-1.005562,1.446964,-0.6926346,1.16375,-0.7776566,-8.877518,-4.206917,0.655571,-1.949203,-3.44313,-0.9374237,0.5476532,-0.8113174,0.4021683,-0.8342285
43.133331298828125,,,,,,,,,,,,,,,-0.5295181,-1.074501,1.718979,-0.1180344,1.56572,-0.2350159,2.97142,-1.036247,2.831371,-0.7167053,2.257362,-1.008492,1.445011,-0.7014236,1.162773,-0.7561722,-8.877518,-4.210823,0.6536179,-1.939438,-3.44606,-0.9354706,0.5466766,-0.8093643,0.4070511,-0.833252
43.13333333333333,-1.0,-154.0,-29.0,-76.0,-6.0,-1061.0,-12.0,-4527.0,-3.0,-8476.0,-4.0,-853.0,-3.0,-2875.0,,,,,,,,,,,,,,,,,,,,,,,,,,
43.14167022705078,,,,,,,,,,,,,,,-0.5246353,-1.076454,1.720932,-0.1248703,1.566696,-0.2311096,2.967514,-1.033318,2.837231,-0.7098694,2.250526,-1.014351,1.446964,-0.707283,1.16375,-0.7346878,-8.875565,-4.207893,0.6477585,-1.934555,-3.44899,-0.9335175,0.5417938,-0.8044815,0.4119339,-0.8322754
43.150001525878906,,,,,,,,,,,,,,,-0.5187759,-1.073524,1.720932,-0.1268234,1.566696,-0.2301331,2.954819,-1.029411,2.84016,-0.70401,2.240761,-1.019234,1.449894,-0.7033768,1.161797,-0.7161331,-8.871658,-4.201057,0.6418991,-1.936508,-3.458755,-0.934494,0.5359344,-0.8025284,0.4168167,-0.8273926
43.158329010009766,,,,,,,,,,,,,,,-0.5148697,-1.066689,1.719955,-0.1248703,1.568649,-0.2340393,2.939194,-1.024529,2.839184,-0.6971741,2.229042,-1.021187,1.4538,-0.6965408,1.161797,-0.7014847,-8.871658,-4.195198,0.63311,-1.940414,-3.466568,-0.9384003,0.5281219,-0.8025284,0.4177933,-0.8195801
43.166666666666664,-1.0,-156.0,-29.0,-75.0,-6.0,-1066.0,-11.0,-4529.0,-3.0,-8477.0,-5.0,-853.0,-3.0,-2879.0,,,,,,,,,,,,,,,,,,,,,,,,,,
43.16667175292969,,,,,,,,,,,,,,,-0.51194,-1.057899,1.718002,-0.1190109,1.569626,-0.2398987,2.921616,-1.020622,2.834301,-0.6893616,2.220253,-1.018257,1.45673,-0.6857986,1.159843,-0.6887894,-8.872635,-4.188362,0.6301804,-1.946274,-3.476334,-0.9471893,0.5154266,-0.8044815,0.413887,-0.810791
43.17499923706055,,,,,,,,,,,,,,,-0.5099869,-1.046181,1.71312,-0.1131516,1.568649,-0.2477112,2.901108,-1.016716,2.828442,-0.6835022,2.211464,-1.012398,1.457706,-0.6731033,1.156914,-0.6790237,-8.874588,-4.183479,0.6272507,-1.954086,-3.489029,-0.9540253,0.505661,-0.8132706,0.4060745,-0.8010254
43.18333053588867,,,,,,,,,,,,,,,-0.5080338,-1.030556,1.711166,-0.1043625,1.564743,-0.2565002,2.882553,-1.015739,2.822582,-0.6805725,2.203651,-1.002632,1.457706,-0.660408,1.155937,-0.6751175,-8.879471,-4.181526,0.6272507,-1.959946,-3.502701,-0.9598846,0.4929657,-0.8249893,0.3953323,-0.7902832
43.19166946411133,,,,,,,,,,,,,,,-0.5080338,-1.015907,1.70726,-0.09557343,1.555954,-0.2613831,2.866928,-1.017693,2.815746,-0.6805725,2.196815,-0.9899368,1.454777,-0.6525955,1.154961,-0.6780472,-8.887283,-4.184456,0.6292038,-1.963852,-3.513443,-0.9637909,0.4832001,-0.8425674,0.382637,-0.7785645
43.2,-2.0,-155.0,-29.0,-74.0,-5.0,-1074.0,-11.0,-4536.0,-3.0,-8480.0,-5.0,-854.0,-3.0,-2885.0,,,,,,,,,,,,,,,,,,,,,,,,,,
43.20000076293945,,,,,,,,,,,,,,,-0.5080338,-1.005165,1.70433,-0.08873749,1.545212,-0.2643127,2.855209,-1.021599,2.81184,-0.6835022,2.190956,-0.976265,1.449894,-0.6477127,1.156914,-0.6878128,-8.89119,-4.189339,0.6301804,-1.965805,-3.523209,-0.9647675,0.4763641,-0.8630753,0.3699417,-0.7658691
43.20832824707031,,,,,,,,,,,,,,,-0.5070572,-0.9924698,1.702377,-0.08287811,1.532516,-0.2643127,2.850327,-1.024529,2.806957,-0.6893616,2.18412,-0.9655228,1.445011,-0.6457596,1.159843,-0.7005081,-8.897049,-4.195198,0.6321335,-1.962875,-3.528091,-0.9598846,0.4714813,-0.8826065,0.3601761,-0.7541504
43.216670989990234,,,,,,,,,,,,,,,-0.5080338,-0.9797745,1.701401,-0.07701874,1.518845,-0.2623596,2.854233,-1.028435,2.803051,-0.6961975,2.178261,-0.9616165,1.439152,-0.6477127,1.162773,-0.7151566,-8.901932,-4.202034,0.6350632,-1.95311,-3.530045,-0.9530487,0.4685516,-0.8972549,0.3552933,-0.7414551
43.224998474121094,,,,,,,,,,,,,,,-0.5070572,-0.9700089,1.701401,-0.07311249,1.506149,-0.2594299,2.863022,-1.032341,2.800121,-0.7030334,2.171425,-0.9635696,1.436222,-0.6506424,1.166679,-0.7307816,-8.899979,-4.203987,0.63311,-1.943344,-3.534927,-0.9452362,0.4685516,-0.9040909,0.3494339,-0.7316895
43.23332977294922,,,,,,,,,,,,,,,-0.5070572,-0.9612198,1.701401,-0.06920624,1.496384,-0.2594299,2.876694,-1.034294,2.798168,-0.70401,2.166542,-0.9684525,1.436222,-0.6535721,1.170586,-0.74543,-8.896072,-4.201057,0.63311,-1.932602,-3.533951,-0.9364471,0.4695282,-0.9031143,0.3494339,-0.7248535
43.233333333333334,-2.0,-156.0,-28.0,-76.0,-5.0,-1081.0,-11.0,-4542.0,-3.0,-8489.0,-5.0,-856.0,-3.0,-2886.0,,,,,,,,,,,,,,,,,,,,,,,,,,
43.241668701171875,,,,,,,,,,,,,,,-0.5090103,-0.9524307,1.700424,-0.06725311,1.489548,-0.2623596,2.891342,-1.034294,2.796215,-0.6991272,2.161659,-0.9743118,1.436222,-0.6594315,1.173515,-0.7561722,-8.890213,-4.196175,0.6321335,-1.920883,-3.53688,-0.9296112,0.4665985,-0.8953018,0.3474808,-0.7229004
43.25,,,,,,,,,,,,,,,-0.51194,-0.9465714,1.697495,-0.06334686,1.482712,-0.2701721,2.904037,-1.033318,2.794262,-0.6893616,2.160683,-0.9752884,1.436222,-0.6623611,1.179375,-0.7630081,-8.886307,-4.187386,0.6292038,-1.908188,-3.535904,-0.925705,0.4646454,-0.8816299,0.3494339,-0.7219238
43.258331298828125,,,,,,,,,,,,,,,-0.5148697,-0.9485245,1.695541,-0.05651093,1.477829,-0.283844,2.91478,-1.030388,2.792309,-0.6737366,2.162636,-0.9713821,1.433292,-0.6652908,1.179375,-0.7659378,-8.880447,-4.179573,0.6292038,-1.898422,-3.538834,-0.9247284,0.4636688,-0.8630753,0.3484573,-0.7248535
43.266666666666666,-2.0,-157.0,-27.0,-79.0,-5.0,-1085.0,-11.0,-4548.0,-3.0,-8498.0,-5.0,-857.0,-3.0,-2884.0,,,,,,,,,,,,,,,,,,,,,,,,,,
43.26667022705078,,,,,,,,,,,,,,,-0.5187759,-0.9553604,1.690659,-0.04576874,1.475876,-0.3004456,2.918686,-1.027458,2.792309,-0.657135,2.167519,-0.9616165,1.42841,-0.6682205,1.182304,-0.7659378,-8.870682,-4.172737,0.6252975,-1.889633,-3.541763,-0.9247284,0.4568329,-0.8454971,0.3474808,-0.7307129
43.275001525878906,,,,,,,,,,,,,,,-0.5226822,-0.9670792,1.689682,-0.03209686,1.47197,-0.3180237,2.919662,-1.023552,2.789379,-0.64151,2.173378,-0.945015,1.419621,-0.6721268,1.181328,-0.7669144,-8.863846,-4.168831,0.6233444,-1.882797,-3.544693,-0.9286346,0.4529266,-0.8298721,0.3465042,-0.7355957
43.283329010009766,,,,,,,,,,,,,,,-0.5256119,-0.9836807,1.685776,-0.01451874,1.470993,-0.3356018,2.916733,-1.016716,2.786449,-0.6346741,2.180214,-0.9215775,1.406925,-0.6731033,1.183281,-0.7678909,-8.855057,-4.165901,0.6194382,-1.877914,-3.544693,-0.9335175,0.4499969,-0.8152237,0.3465042,-0.7424316
43.29167175292969,,,,,,,,,,,,,,,-0.5285416,-1.004189,1.683823,0.001106262,1.467087,-0.3482971,2.91185,-1.004997,2.781567,-0.6346741,2.18705,-0.89814,1.392277,-0.6731033,1.178398,-0.7669144,-8.849197,-4.163948,0.6126022,-1.874008,-3.549576,-0.9374237,0.4470673,-0.8044815,0.3474808,-0.7502441
43.29999923706055,,,,,,,,,,,,,,,-0.5304947,-1.02079,1.684799,0.009895325,1.467087,-0.3551331,2.906967,-0.9883957,2.773754,-0.6454163,2.190956,-0.8786087,1.379581,-0.6731033,1.173515,-0.7659378,-8.841385,-4.161995,0.6028366,-1.875961,-3.554459,-0.9403534,0.4499969,-0.7947159,0.3465042,-0.7590332
43.3,-1.0,-157.0,-27.0,-80.0,-6.0,-1088.0,-11.0,-4550.0,-3.0,-8502.0,-6.0,-857.0,-2.0,-2884.0,,,,,,,,,,,,,,,,,,,,,,,,,,
43.30833053588867,,,,,,,,,,,,,,,-0.5314713,-1.034462,1.687729,0.01282501,1.465134,-0.3570862,2.901108,-0.9688644,2.766918,-0.6590881,2.192909,-0.8659134,1.370792,-0.6731033,1.166679,-0.7659378,-8.842361,-4.161018,0.5901413,-1.880844,-3.564224,-0.9462128,0.4558563,-0.7820206,0.3435745,-0.7668457
43.31666946411133,,,,,,,,,,,,,,,-0.5344009,-1.045204,1.690659,0.008918762,1.465134,-0.3541565,2.896225,-0.9415207,2.760082,-0.6766663,2.190956,-0.8610306,1.36591,-0.6691971,1.15789,-0.7649612,-8.847244,-4.160042,0.5745163,-1.889633,-3.577896,-0.9520721,0.4656219,-0.7722549,0.3386917,-0.7785645
43.32500076293945,,,,,,,,,,,,,,,-0.5373306,-1.048134,1.694565,-0.002799988,1.464157,-0.3482971,2.890366,-0.9132004,2.754223,-0.6942444,2.188026,-0.860054,1.363956,-0.6652908,1.150078,-0.7630081,-8.856033,-4.157112,0.5588913,-1.903305,-3.592545,-0.9589081,0.4734344,-0.7634659,0.3299026,-0.7893066
43.33332824707031,,,,,,,,,,,,,,,-0.5422134,-1.043251,1.698471,-0.0154953,1.465134,-0.3385315,2.884506,-0.8839035,2.748363,-0.7079163,2.183144,-0.8629837,1.366886,-0.6594315,1.144218,-0.7620316,-8.870682,-4.155159,0.5422897,-1.917953,-3.60817,-0.9628143,0.4783173,-0.7556534,0.3181839,-0.8010254
43.333333333333336,-1.0,-156.0,-26.0,-85.0,-6.0,-1093.0,-10.0,-4551.0,-3.0,-8504.0,-6.0,-853.0,-3.0,-2884.0,,,,,,,,,,,,,,,,,,,,,,,,,,
43.341670989990234,,,,,,,,,,,,,,,-0.5510025,-1.033485,1.701401,-0.02623749,1.463181,-0.3277893,2.87767,-0.860466,2.742504,-0.7206116,2.176308,-0.8688431,1.370792,-0.6535721,1.139336,-0.7620316,-8.890213,-4.157112,0.5295944,-1.931625,-3.619888,-0.9628143,0.4812469,-0.7488174,0.3035355,-0.810791
43.349998474121094,,,,,,,,,,,,,,,-0.5568619,-1.02079,1.70433,-0.03209686,1.460251,-0.3180237,2.868881,-0.844841,2.736645,-0.7294006,2.169472,-0.8737259,1.374699,-0.6477127,1.135429,-0.7659378,-8.904861,-4.160042,0.5178757,-1.945297,-3.63356,-0.9637909,0.4802704,-0.7468643,0.2859573,-0.8205566
43.35832977294922,,,,,,,,,,,,,,,-0.5636978,-1.005165,1.706284,-0.03014374,1.457321,-0.3063049,2.860092,-0.8399582,2.728832,-0.7342834,2.161659,-0.8795853,1.376652,-0.6418533,1.134453,-0.7727737,-8.91658,-4.162971,0.5100632,-1.955063,-3.638443,-0.9618378,0.4724579,-0.7488174,0.2693558,-0.8303223
43.36666666666667,-1.0,-160.0,-27.0,-89.0,-6.0,-1097.0,-10.0,-4549.0,-3.0,-8507.0,-6.0,-850.0,-3.0,-2886.0,,,,,,,,,,,,,,,,,,,,,,,,,,
43.366668701171875,,,,,,,,,,,,,,,-0.5676041,-0.987587,1.706284,-0.02037811,1.450485,-0.2936096,2.85228,-0.844841,2.720043,-0.7401428,2.154823,-0.8844681,1.377628,-0.6369705,1.135429,-0.7776566,-8.923416,-4.163948,0.50811,-1.962875,-3.640396,-0.9540253,0.458786,-0.7546768,0.2547073,-0.8400879
43.375,,,,,,,,,,,,,,,-0.5705338,-0.971962,1.70433,-0.008659363,1.443649,-0.2799377,2.845444,-0.8555832,2.708324,-0.7489319,2.147011,-0.8893509,1.373722,-0.6340408,1.138359,-0.7835159,-8.924393,-4.162971,0.5061569,-1.967758,-3.634537,-0.9462128,0.4480438,-0.7634659,0.248848,-0.848877
43.383331298828125,,,,,,,,,,,,,,,-0.5636978,-0.9602432,1.701401,0.002082825,1.438766,-0.2643127,2.840561,-0.8731613,2.696606,-0.7577209,2.137245,-0.8991165,1.367863,-0.6340408,1.138359,-0.7883987,-8.91951,-4.161018,0.5071335,-1.971664,-3.629654,-0.9354706,0.4373016,-0.7732315,0.2439651,-0.8557129
43.39167022705078,,,,,,,,,,,,,,,-0.5568619,-0.9524307,1.696518,0.008918762,1.435837,-0.2496643,2.835678,-0.8936691,2.68391,-0.7655334,2.131386,-0.9127884,1.362003,-0.635994,1.140312,-0.7893753,-8.912674,-4.153206,0.50811,-1.976547,-3.626724,-0.9266815,0.4255829,-0.7829971,0.2449417,-0.857666
43.4,-1.0,-165.0,-27.0,-94.0,-6.0,-1098.0,-10.0,-4549.0,-3.0,-8509.0,-5.0,-848.0,-2.0,-2893.0,,,,,,,,,,,,,,,,,,,,,,,,,,
43.400001525878906,,,,,,,,,,,,,,,-0.5451431,-0.9485245,1.694565,0.01184845,1.435837,-0.236969,2.829819,-0.9132004,2.673168,-0.7723694,2.123573,-0.9274368,1.354191,-0.6369705,1.140312,-0.7913284,-8.904861,-4.14344,0.5110397,-1.982407,-3.624771,-0.9227753,0.4216766,-0.7937393,0.2517776,-0.8566895
43.408329010009766,,,,,,,,,,,,,,,-0.5304947,-0.9504776,1.688705,0.008918762,1.439743,-0.2252502,2.823959,-0.9258957,2.664379,-0.7752991,2.119667,-0.945015,1.347355,-0.6369705,1.137383,-0.792305,-8.895096,-4.132698,0.5129929,-1.988266,-3.626724,-0.9227753,0.4128876,-0.8015518,0.2634964,-0.8518066
43.41667175292969,,,,,,,,,,,,,,,-0.5158463,-0.956337,1.685776,0.002082825,1.446579,-0.2154846,2.814194,-0.9366379,2.659496,-0.7733459,2.116737,-0.9567337,1.342472,-0.6350174,1.12957,-0.7913284,-8.889236,-4.11805,0.5159225,-1.992172,-3.629654,-0.9247284,0.4050751,-0.8054581,0.2771683,-0.842041
43.42499923706055,,,,,,,,,,,,,,,-0.5031509,-0.965126,1.685776,-0.0076828,1.458298,-0.2096252,2.806381,-0.9415207,2.65559,-0.7674866,2.113808,-0.9635696,1.338566,-0.6340408,1.125664,-0.7932816,-8.881424,-4.106331,0.5178757,-1.996078,-3.63649,-0.9296112,0.3982391,-0.8054581,0.2879105,-0.8254395
43.43333053588867,,,,,,,,,,,,,,,-0.4933853,-0.9729385,1.686752,-0.0154953,1.468063,-0.2096252,2.797592,-0.9454269,2.656567,-0.7586975,2.111855,-0.9645462,1.33466,-0.6320877,1.117851,-0.7962112,-8.873611,-4.096565,0.5198288,-1.995102,-3.650162,-0.9374237,0.3884735,-0.8035049,0.2947464,-0.8098145
43.43333333333333,-1.0,-169.0,-27.0,-95.0,-6.0,-1098.0,-11.0,-4552.0,-3.0,-8513.0,-5.0,-845.0,-3.0,-2900.0,,,,,,,,,,,,,,,,,,,,,,,,,,
43.44166946411133,,,,,,,,,,,,,,,-0.4855728,-0.9797745,1.689682,-0.02037811,1.478806,-0.2154846,2.78978,-0.9454269,2.65852,-0.7469788,2.109901,-0.9567337,1.33173,-0.6320877,1.111015,-0.7981644,-8.863846,-4.0868,0.5217819,-1.991196,-3.659927,-0.9471893,0.3777313,-0.8025284,0.2986526,-0.7932129
43.45000076293945,,,,,,,,,,,,,,,-0.4826431,-0.9846573,1.695541,-0.02428436,1.485641,-0.2223206,2.78392,-0.9444504,2.663403,-0.7372131,2.105019,-0.9401321,1.330753,-0.635994,1.105156,-0.8001175,-8.851151,-4.076057,0.5217819,-1.983383,-3.672623,-0.9530487,0.365036,-0.7986221,0.2976761,-0.779541
43.45832824707031,,,,,,,,,,,,,,,-0.4845963,-0.987587,1.699448,-0.0233078,1.491501,-0.2320862,2.781967,-0.9424973,2.669262,-0.7284241,2.099159,-0.9206009,1.3288,-0.644783,1.103203,-0.8010941,-8.836502,-4.069221,0.5178757,-1.969711,-3.684341,-0.9540253,0.3552704,-0.796669,0.2947464,-0.7697754
43.46666666666667,-1.0,-171.0,-28.0,-93.0,-6.0,-1097.0,-11.0,-4555.0,-3.0,-8521.0,-5.0,-842.0,-3.0,-2905.0,,,,,,,,,,,,,,,,,,,,,,,,,,
43.466670989990234,,,,,,,,,,,,,,,-0.4894791,-0.987587,1.701401,-0.01940155,1.491501,-0.2467346,2.780014,-0.9395676,2.673168,-0.7225647,2.0933,-0.89814,1.329777,-0.6535721,1.102226,-0.8020706,-8.82576,-4.065315,0.5139694,-1.954086,-3.690201,-0.9520721,0.3533173,-0.796669,0.2879105,-0.7668457
43.474998474121094,,,,,,,,,,,,,,,-0.496315,-0.980751,1.702377,-0.0154953,1.489548,-0.2594299,2.780014,-0.938591,2.676098,-0.7215881,2.085487,-0.8795853,1.330753,-0.6662674,1.105156,-0.8020706,-8.813065,-4.065315,0.5022507,-1.940414,-3.69606,-0.9471893,0.3533173,-0.7956924,0.2840042,-0.7648926
43.48332977294922,,,,,,,,,,,,,,,-0.5060806,-0.9690323,1.697495,-0.0076828,1.483688,-0.2711487,2.781967,-0.9395676,2.678051,-0.7235413,2.077675,-0.8659134,1.333683,-0.6750565,1.111015,-0.8040237,-8.809158,-4.068245,0.4885788,-1.929672,-3.694107,-0.9384003,0.3591766,-0.7956924,0.2810745,-0.7658691
43.491668701171875,,,,,,,,,,,,,,,-0.5158463,-0.9534073,1.691635,0.0001296997,1.473923,-0.2828674,2.780014,-0.9405441,2.679028,-0.7284241,2.071815,-0.8590775,1.336613,-0.6789627,1.114922,-0.80793,-8.814041,-4.075081,0.4710007,-1.92186,-3.689224,-0.9296112,0.3640594,-0.7956924,0.2810745,-0.7687988
43.5,-2.0,-173.0,-28.0,-89.0,-6.0,-1097.0,-10.0,-4554.0,-4.0,-8529.0,-5.0,-842.0,-3.0,-2909.0,-0.5256119,-0.9368057,1.680893,0.006965637,1.464157,-0.2926331,2.780014,-0.9405441,2.676098,-0.73526,2.067909,-0.8561478,1.338566,-0.6779861,1.117851,-0.8167191,-8.827713,-4.085823,0.4514694,-1.922836,-3.679459,-0.9227753,0.3728485,-0.7956924,0.2849808,-0.7746582
43.508331298828125,,,,,,,,,,,,,,,-0.5334244,-0.9153214,1.669174,0.01087189,1.451462,-0.299469,2.777084,-0.9444504,2.675121,-0.7391663,2.06498,-0.8659134,1.341496,-0.6711502,1.117851,-0.8264847,-8.846268,-4.098518,0.4338913,-1.928696,-3.666763,-0.9178925,0.380661,-0.7937393,0.2879105,-0.7785645
43.51667022705078,,,,,,,,,,,,,,,-0.5402603,-0.8948135,1.661362,0.01380157,1.43486,-0.3053284,2.775131,-0.9473801,2.674145,-0.7420959,2.065956,-0.8795853,1.344425,-0.6584549,1.116875,-0.8342972,-8.870682,-4.110237,0.4192429,-1.937485,-3.656021,-0.9159393,0.3835907,-0.7927628,0.2927933,-0.7814941
43.525001525878906,,,,,,,,,,,,,,,-0.5412369,-0.8772354,1.654526,0.0157547,1.422165,-0.3082581,2.769272,-0.9493332,2.675121,-0.7430725,2.069862,-0.8952103,1.347355,-0.6467361,1.113945,-0.8421097,-8.896072,-4.120979,0.4114304,-1.949203,-3.647232,-0.9178925,0.3845673,-0.7947159,0.2947464,-0.7854004
43.533329010009766,,,,,,,,,,,,,,,-0.5422134,-0.8616104,1.648666,0.01770782,1.40654,-0.3072815,2.767319,-0.9522629,2.679028,-0.7420959,2.074745,-0.9118118,1.350285,-0.6369705,1.108086,-0.8440628,-8.920486,-4.130745,0.4085007,-1.960922,-3.644302,-0.9227753,0.3738251,-0.7976456,0.295723,-0.7893066
43.53333333333333,-2.0,-175.0,-29.0,-83.0,-6.0,-1099.0,-11.0,-4556.0,-4.0,-8534.0,-5.0,-841.0,-3.0,-2913.0,,,,,,,,,,,,,,,,,,,,,,,,,,
43.54167175292969,,,,,,,,,,,,,,,-0.5392838,-0.8528214,1.64769,0.01966095,1.392868,-0.3033752,2.765366,-0.9551926,2.68684,-0.7401428,2.083534,-0.9245071,1.351261,-0.6301346,1.102226,-0.8430862,-8.941971,-4.135628,0.405571,-1.967758,-3.644302,-0.925705,0.3640594,-0.8015518,0.2927933,-0.7971191
43.54999923706055,,,,,,,,,,,,,,,-0.5353775,-0.8489151,1.64769,0.02454376,1.382126,-0.299469,2.765366,-0.9532394,2.692699,-0.7372131,2.088417,-0.9332962,1.353214,-0.6272049,1.099297,-0.8352737,-8.954666,-4.141487,0.4085007,-1.974594,-3.655045,-0.9286346,0.3542938,-0.8083878,0.2927933,-0.8049316
43.55833053588867,,,,,,,,,,,,,,,-0.5285416,-0.8479385,1.65062,0.03333282,1.37236,-0.2936096,2.763412,-0.9551926,2.701488,-0.7333069,2.09623,-0.9372025,1.353214,-0.629158,1.09539,-0.8225784,-8.962479,-4.14637,0.4124069,-1.9785,-3.665787,-0.9335175,0.3396454,-0.8171768,0.2879105,-0.8156738
43.56666666666667,-2.0,-174.0,-29.0,-81.0,-6.0,-1102.0,-11.0,-4559.0,-4.0,-8540.0,-5.0,-839.0,-3.0,-2916.0,,,,,,,,,,,,,,,,,,,,,,,,,,
43.56666946411133,,,,,,,,,,,,,,,-0.5207291,-0.8489151,1.653549,0.04407501,1.369431,-0.2877502,2.761459,-0.9522629,2.708324,-0.7303772,2.100136,-0.9362259,1.354191,-0.6379471,1.096367,-0.8089066,-8.967361,-4.151253,0.4153366,-1.982407,-3.679459,-0.9374237,0.3279266,-0.8240128,0.2840042,-0.8273926
43.57500076293945,,,,,,,,,,,,,,,-0.5158463,-0.8537979,1.655502,0.05579376,1.364548,-0.2867737,2.75853,-0.9503098,2.712231,-0.7284241,2.099159,-0.9313431,1.353214,-0.6506424,1.09832,-0.7962112,-8.967361,-4.159065,0.4172897,-1.98436,-3.69313,-0.94133,0.318161,-0.8269424,0.2781448,-0.8381348
43.58332824707031,,,,,,,,,,,,,,,-0.5099869,-0.8596573,1.658432,0.06751251,1.359665,-0.2936096,2.756577,-0.9473801,2.713207,-0.7274475,2.0933,-0.9274368,1.349308,-0.6662674,1.10125,-0.7874222,-8.965408,-4.168831,0.4163132,-1.982407,-3.706802,-0.9471893,0.3123016,-0.8269424,0.2722855,-0.8479004
43.591670989990234,,,,,,,,,,,,,,,-0.5051041,-0.862587,1.658432,0.07434845,1.357712,-0.3063049,2.753647,-0.9434738,2.711254,-0.7274475,2.085487,-0.9245071,1.346378,-0.6799393,1.106133,-0.7835159,-8.964432,-4.17762,0.41436,-1.98143,-3.717545,-0.9530487,0.3113251,-0.8230362,0.2625198,-0.8547363
43.599998474121094,,,,,,,,,,,,,,,-0.5041275,-0.8635635,1.656479,0.07434845,1.354782,-0.3209534,2.750717,-0.9405441,2.707348,-0.7284241,2.077675,-0.9235306,1.341496,-0.6926346,1.112968,-0.7835159,-8.965408,-4.184456,0.4124069,-1.980453,-3.728287,-0.9608612,0.3142548,-0.8152237,0.2556839,-0.8566895
43.6,-2.0,-172.0,-29.0,-79.0,-5.0,-1102.0,-11.0,-4563.0,-5.0,-8545.0,-5.0,-836.0,-3.0,-2920.0,,,,,,,,,,,,,,,,,,,,,,,,,,
43.60832977294922,,,,,,,,,,,,,,,-0.5041275,-0.8645401,1.649643,0.06848907,1.352829,-0.3404846,2.747787,-0.9395676,2.704418,-0.7303772,2.068886,-0.9245071,1.33466,-0.7014236,1.116875,-0.7874222,-8.968338,-4.189339,0.4104538,-1.975571,-3.737076,-0.9676971,0.3191376,-0.8044815,0.2439651,-0.8586426
43.616668701171875,,,,,,,,,,,,,,,-0.5080338,-0.8645401,1.645737,0.05286407,1.353806,-0.3600159,2.744858,-0.938591,2.698559,-0.7333069,2.06205,-0.9254837,1.325871,-0.707283,1.118828,-0.7942581,-8.972244,-4.190315,0.4075241,-1.970688,-3.748795,-0.9735565,0.3230438,-0.7927628,0.2312698,-0.8596191
43.625,,,,,,,,,,,,,,,-0.5138931,-0.8645401,1.636948,0.03235626,1.352829,-0.377594,2.743881,-0.9405441,2.692699,-0.7362366,2.054237,-0.9274368,1.317081,-0.7092361,1.117851,-0.8010941,-8.981033,-4.186409,0.4045944,-1.970688,-3.760513,-0.9794159,0.3269501,-0.781044,0.2185745,-0.8615723
43.633331298828125,,,,,,,,,,,,,,,-0.5217056,-0.8645401,1.628159,0.006965637,1.353806,-0.3922424,2.741928,-0.9434738,2.68977,-0.7381897,2.049355,-0.9274368,1.307316,-0.7111893,1.113945,-0.8069534,-8.989822,-4.176643,0.4085007,-1.970688,-3.770279,-0.9833221,0.3279266,-0.7722549,0.2049026,-0.8664551
43.63333333333333,-1.0,-174.0,-28.0,-74.0,-4.0,-1100.0,-11.0,-4567.0,-4.0,-8545.0,-5.0,-834.0,-2.0,-2922.0,,,,,,,,,,,,,,,,,,,,,,,,,,
43.64167022705078,,,,,,,,,,,,,,,-0.5314713,-0.8674698,1.621323,-0.01842499,1.358688,-0.4039612,2.738022,-0.9483566,2.684887,-0.7381897,2.046425,-0.92939,1.299503,-0.7092361,1.107109,-0.8098831,-8.998611,-4.162971,0.4104538,-1.973618,-3.778091,-0.9852753,0.3279266,-0.7663956,0.1931839,-0.8762207
43.650001525878906,,,,,,,,,,,,,,,-0.5402603,-0.8723526,1.61644,-0.04088593,1.363571,-0.4117737,2.735092,-0.9561691,2.679028,-0.7362366,2.043495,-0.9313431,1.294621,-0.7082596,1.09832,-0.8108597,-9.008377,-4.14637,0.4182663,-1.98143,-3.781998,-0.9891815,0.3249969,-0.7644424,0.1843948,-0.8908691
43.658329010009766,,,,,,,,,,,,,,,-0.5461197,-0.8772354,1.61351,-0.05944061,1.366501,-0.4147034,2.732162,-0.9630051,2.673168,-0.7323303,2.041542,-0.9313431,1.293644,-0.7121658,1.086601,-0.8137894,-9.01326,-4.131721,0.4270554,-1.988266,-3.781021,-0.9930878,0.318161,-0.765419,0.179512,-0.904541
43.666666666666664,-1.0,-177.0,-28.0,-68.0,-4.0,-1097.0,-10.0,-4570.0,-4.0,-8547.0,-5.0,-831.0,-2.0,-2929.0,,,,,,,,,,,,,,,,,,,,,,,,,,
43.66667175292969,,,,,,,,,,,,,,,-0.5500259,-0.8830948,1.612534,-0.07213593,1.368454,-0.4176331,2.729233,-0.9708176,2.664379,-0.7254944,2.037636,-0.9342728,1.293644,-0.7180252,1.077812,-0.8176956,-9.01619,-4.117073,0.4329147,-1.997055,-3.776138,-0.9940643,0.3132782,-0.7683487,0.1804886,-0.9162598
43.67499923706055,,,,,,,,,,,,,,,-0.5549088,-0.8850479,1.611557,-0.07408905,1.369431,-0.4176331,2.728256,-0.9796066,2.651684,-0.7186584,2.035683,-0.9372025,1.298527,-0.7209549,1.070976,-0.8196487,-9.01619,-4.107307,0.4397507,-2.007797,-3.768326,-0.9960175,0.3103485,-0.7732315,0.1883011,-0.9230957
43.68333053588867,,,,,,,,,,,,,,,-0.5568619,-0.8830948,1.61351,-0.0701828,1.369431,-0.4117737,2.728256,-0.9913254,2.638988,-0.7137756,2.036659,-0.9362259,1.302433,-0.7248611,1.06414,-0.8255081,-9.01326,-4.099495,0.4417038,-2.018539,-3.756607,-0.9989471,0.3074188,-0.781044,0.1980667,-0.9240723
43.69166946411133,,,,,,,,,,,,,,,-0.5597916,-0.8791885,1.615463,-0.05944061,1.369431,-0.4039612,2.729233,-1.004021,2.62727,-0.7127991,2.036659,-0.9352493,1.308292,-0.7277908,1.061211,-0.8362503,-9.006424,-4.096565,0.4417038,-2.033188,-3.747818,-0.9979706,0.3035126,-0.7908096,0.2127151,-0.9162598
43.7,0.0,-180.0,-28.0,-61.0,-4.0,-1093.0,-10.0,-4574.0,-4.0,-8551.0,-4.0,-834.0,-2.0,-2936.0,,,,,,,,,,,,,,,,,,,,,,,,,,
43.70000076293945,,,,,,,,,,,,,,,-0.5627213,-0.871376,1.618393,-0.05065155,1.370407,-0.3941956,2.730209,-1.013786,2.614574,-0.7137756,2.041542,-0.9323196,1.311222,-0.729744,1.058281,-0.8479691,-8.995682,-4.098518,0.4377975,-2.047836,-3.737076,-0.9960175,0.2986298,-0.8025284,0.2254105,-0.904541
43.70832824707031,,,,,,,,,,,,,,,-0.5646744,-0.8635635,1.624252,-0.04576874,1.370407,-0.3834534,2.731186,-1.024529,2.602856,-0.7186584,2.044472,-0.9284134,1.314152,-0.7287674,1.058281,-0.8606644,-8.98201,-4.100471,0.4319382,-2.062485,-3.736099,-0.9940643,0.2957001,-0.8152237,0.2381058,-0.888916
43.716670989990234,,,,,,,,,,,,,,,-0.5676041,-0.8537979,1.630112,-0.0467453,1.371384,-0.3717346,2.730209,-1.031364,2.596996,-0.7274475,2.048378,-0.9245071,1.317081,-0.7248611,1.057304,-0.8714066,-8.967361,-4.104378,0.4251022,-2.076157,-3.737076,-0.9930878,0.2908173,-0.827919,0.2449417,-0.8713379
43.724998474121094,,,,,,,,,,,,,,,-0.5676041,-0.846962,1.634995,-0.05162811,1.37236,-0.361969,2.728256,-1.033318,2.594067,-0.7391663,2.055214,-0.9235306,1.315128,-0.7209549,1.059258,-0.8792191,-8.952713,-4.109261,0.4192429,-2.083969,-3.741959,-0.9940643,0.2859344,-0.8406143,0.248848,-0.8586426
43.73332977294922,,,,,,,,,,,,,,,-0.5636978,-0.8430557,1.639877,-0.0623703,1.37529,-0.3512268,2.72435,-1.035271,2.597973,-0.7528381,2.061073,-0.9215775,1.312199,-0.714119,1.057304,-0.8831253,-8.932205,-4.113167,0.4124069,-2.082016,-3.747818,-0.996994,0.2820282,-0.8513565,0.2478714,-0.848877
43.733333333333334,0.0,-183.0,-29.0,-60.0,-4.0,-1094.0,-11.0,-4577.0,-4.0,-8554.0,-4.0,-835.0,-2.0,-2941.0,,,,,,,,,,,,,,,,,,,,,,,,,,
43.741668701171875,,,,,,,,,,,,,,,-0.558815,-0.840126,1.646713,-0.07897186,1.377243,-0.3414612,2.719467,-1.032341,2.601879,-0.7655334,2.06498,-0.9215775,1.311222,-0.7063065,1.057304,-0.8831253,-8.913651,-4.11805,0.405571,-2.076157,-3.756607,-1.0009,0.2810516,-0.8542862,0.2468948,-0.8410645
43.75,,,,,,,,,,,,,,,-0.5519791,-0.840126,1.646713,-0.09459686,1.377243,-0.3316956,2.714584,-1.027458,2.608715,-0.7782288,2.068886,-0.9235306,1.308292,-0.698494,1.056328,-0.8792191,-8.897049,-4.122932,0.3977585,-2.065414,-3.766373,-1.002853,0.2810516,-0.8542862,0.2459183,-0.8352051
43.758331298828125,,,,,,,,,,,,,,,-0.5422134,-0.8420792,1.646713,-0.1102219,1.37529,-0.3248596,2.707748,-1.021599,2.615551,-0.7899475,2.068886,-0.9215775,1.30341,-0.6926346,1.054375,-0.8753128,-8.882401,-4.127815,0.3879929,-2.051743,-3.775162,-1.002853,0.2820282,-0.8474503,0.2449417,-0.8322754
43.766666666666666,0.0,-187.0,-29.0,-61.0,-3.0,-1100.0,-11.0,-4581.0,-3.0,-8553.0,-3.0,-835.0,-3.0,-2949.0,,,,,,,,,,,,,,,,,,,,,,,,,,
43.76667022705078,,,,,,,,,,,,,,,-0.5344009,-0.8479385,1.640854,-0.1199875,1.371384,-0.315094,2.702866,-1.017693,2.619457,-0.79776,2.069862,-0.9186478,1.29755,-0.6877518,1.051445,-0.8714066,-8.873611,-4.133675,0.3733444,-2.034164,-3.783951,-0.9999237,0.2849579,-0.8347549,0.2429886,-0.833252
43.775001525878906,,,,,,,,,,,,,,,-0.5265884,-0.8567276,1.634995,-0.1229172,1.363571,-0.3072815,2.69603,-1.013786,2.619457,-0.8026428,2.069862,-0.9108353,1.289738,-0.6877518,1.050468,-0.8714066,-8.871658,-4.136604,0.358696,-2.018539,-3.79274,-0.9921112,0.2859344,-0.8210831,0.2439651,-0.8352051
43.783329010009766,,,,,,,,,,,,,,,-0.5226822,-0.8664932,1.629135,-0.1209641,1.351852,-0.3023987,2.689194,-1.008904,2.618481,-0.8055725,2.068886,-0.8971634,1.282902,-0.6926346,1.047539,-0.8792191,-8.870682,-4.139534,0.343071,-2.004868,-3.802505,-0.9803925,0.2839813,-0.8083878,0.2390823,-0.8391113
43.79167175292969,,,,,,,,,,,,,,,-0.5187759,-0.8821182,1.624252,-0.1160812,1.339157,-0.2965393,2.683334,-1.00695,2.611645,-0.8065491,2.064003,-0.8864212,1.273136,-0.7004471,1.048515,-0.8899612,-8.875565,-4.138557,0.3284225,-1.997055,-3.809341,-0.9706268,0.2820282,-0.7986221,0.2351761,-0.8449707
43.79999923706055,,,,,,,,,,,,,,,-0.5168228,-0.8957901,1.61937,-0.1063156,1.326462,-0.2926331,2.678452,-1.00695,2.604809,-0.8045959,2.061073,-0.8737259,1.265324,-0.7121658,1.048515,-0.9046097,-8.883377,-4.135628,0.3186569,-1.991196,-3.814224,-0.9628143,0.2761688,-0.7937393,0.226387,-0.8537598
43.8,0.0,-191.0,-30.0,-61.0,-4.0,-1105.0,-12.0,-4586.0,-4.0,-8553.0,-2.0,-835.0,-2.0,-2959.0,,,,,,,,,,,,,,,,,,,,,,,,,,
43.80833053588867,,,,,,,,,,,,,,,-0.5168228,-0.9104385,1.615463,-0.09557343,1.310837,-0.2906799,2.672592,-1.008904,2.595043,-0.8055725,2.054237,-0.8620071,1.258488,-0.7248611,1.047539,-0.9202347,-8.890213,-4.129768,0.3137741,-1.986313,-3.816177,-0.9598846,0.2683563,-0.796669,0.2146683,-0.864502
43.81666946411133,,,,,,,,,,,,,,,-0.5168228,-0.9260635,1.61351,-0.08483124,1.299118,-0.2887268,2.668686,-1.010857,2.589184,-0.8055725,2.047401,-0.8590775,1.253605,-0.7375565,1.046562,-0.9339066,-8.896072,-4.121956,0.311821,-1.98143,-3.814224,-0.9598846,0.2566376,-0.8054581,0.2039261,-0.873291
43.82500076293945,,,,,,,,,,,,,,,-0.5177994,-0.9377823,1.61058,-0.07506561,1.291306,-0.2867737,2.667709,-1.014763,2.582348,-0.8026428,2.039589,-0.8620071,1.250675,-0.7482986,1.041679,-0.9436722,-8.899979,-4.119026,0.3137741,-1.976547,-3.813248,-0.9628143,0.2449188,-0.8142471,0.1892776,-0.8830566
43.83332824707031,,,,,,,,,,,,,,,-0.5177994,-0.9475479,1.607651,-0.06822968,1.28447,-0.2867737,2.669662,-1.019646,2.579418,-0.79776,2.02787,-0.8727493,1.251652,-0.7570877,1.03582,-0.9456253,-8.901932,-4.119026,0.3167038,-1.970688,-3.811295,-0.9696503,0.2371063,-0.8230362,0.1775589,-0.8908691
43.833333333333336,0.0,-193.0,-31.0,-62.0,-4.0,-1107.0,-12.0,-4589.0,-4.0,-8554.0,-2.0,-834.0,-2.0,-2965.0,,,,,,,,,,,,,,,,,,,,,,,,,,
43.841670989990234,,,,,,,,,,,,,,,-0.5197525,-0.9543839,1.602768,-0.06432343,1.282516,-0.2906799,2.672592,-1.022575,2.578442,-0.7909241,2.016151,-0.8903275,1.251652,-0.7629471,1.026054,-0.9436722,-8.907791,-4.126839,0.3196335,-1.965805,-3.808365,-0.9745331,0.2312469,-0.8269424,0.1697464,-0.8977051
43.849998474121094,,,,,,,,,,,,,,,-0.5217056,-0.9621964,1.596909,-0.06334686,1.28447,-0.2955627,2.676498,-1.022575,2.578442,-0.7801819,2.00248,-0.913765,1.252628,-0.7658768,1.016289,-0.9348831,-8.912674,-4.138557,0.3196335,-1.957016,-3.811295,-0.9794159,0.2312469,-0.8249893,0.1619339,-0.9055176
43.85832977294922,,,,,,,,,,,,,,,-0.5246353,-0.9661026,1.593002,-0.06725311,1.287399,-0.2984924,2.680405,-1.019646,2.580395,-0.7645569,1.989784,-0.9313431,1.253605,-0.7658768,1.005547,-0.9251175,-8.920486,-4.153206,0.3157272,-1.951157,-3.815201,-0.9852753,0.2361298,-0.8171768,0.1560745,-0.9123535
43.86666666666667,0.0,-194.0,-32.0,-64.0,-5.0,-1110.0,-13.0,-4590.0,-3.0,-8559.0,-3.0,-831.0,-2.0,-2973.0,,,,,,,,,,,,,,,,,,,,,,,,,,
43.866668701171875,,,,,,,,,,,,,,,-0.5304947,-0.9690323,1.58812,-0.07115936,1.294235,-0.3033752,2.681381,-1.01281,2.580395,-0.7489319,1.979042,-0.9498978,1.252628,-0.7619705,1.00164,-0.9133987,-8.934158,-4.169807,0.3088913,-1.949203,-3.82692,-0.9911346,0.2458954,-0.8005753,0.148262,-0.9221191
43.875,,,,,,,,,,,,,,,-0.5344009,-0.971962,1.586166,-0.07604218,1.301071,-0.3092346,2.679428,-1.001091,2.579418,-0.7362366,1.9683,-0.9645462,1.250675,-0.7551346,0.9977341,-0.9046097,-8.946854,-4.181526,0.3001022,-1.955063,-3.842545,-0.9979706,0.2615204,-0.7820206,0.1424026,-0.9309082
43.883331298828125,,,,,,,,,,,,,,,-0.5363541,-0.9748917,1.58812,-0.08287811,1.305954,-0.3121643,2.674545,-0.9874191,2.572582,-0.7313538,1.961464,-0.9723587,1.244816,-0.7443924,1.000664,-0.9007034,-8.961502,-4.189339,0.2874069,-1.971664,-3.860123,-1.007736,0.2771454,-0.765419,0.1345901,-0.9377441
43.89167022705078,,,,,,,,,,,,,,,-0.5402603,-0.9778214,1.592026,-0.08971405,1.310837,-0.3111877,2.667709,-0.9747238,2.562817,-0.7294006,1.957558,-0.9752884,1.23798,-0.7307205,1.005547,-0.8987503,-8.97908,-4.188362,0.2786179,-1.996078,-3.88063,-1.020432,0.2917938,-0.7488174,0.1287308,-0.9416504
43.9,0.0,-197.0,-32.0,-68.0,-5.0,-1115.0,-13.0,-4591.0,-3.0,-8563.0,-3.0,-827.0,-2.0,-2981.0,,,,,,,,,,,,,,,,,,,,,,,,,,
43.900001525878906,,,,,,,,,,,,,,,-0.5441666,-0.980751,1.594955,-0.09459686,1.311813,-0.3092346,2.65892,-0.9649582,2.551098,-0.7333069,1.960487,-0.9743118,1.229191,-0.714119,1.014336,-0.8997269,-8.995682,-4.18055,0.2678757,-2.027328,-3.899185,-1.034103,0.3035126,-0.7400284,0.1258011,-0.9387207
43.908329010009766,,,,,,,,,,,,,,,-0.5490494,-0.9866104,1.597885,-0.09557343,1.30986,-0.3043518,2.649155,-0.9610519,2.537426,-0.7450256,1.964394,-0.9723587,1.224308,-0.6955643,1.020195,-0.90168,-9.009354,-4.169807,0.2610397,-2.061508,-3.915787,-1.046799,0.3113251,-0.7361221,0.1209183,-0.9289551
43.91667175292969,,,,,,,,,,,,,,,-0.5539322,-0.9895401,1.599838,-0.0936203,1.306931,-0.2975159,2.643295,-0.9610519,2.521801,-0.7577209,1.974159,-0.9704056,1.219425,-0.6789627,1.023125,-0.9036331,-9.01619,-4.153206,0.2600632,-2.092758,-3.927505,-1.054611,0.3113251,-0.7410049,0.123848,-0.9133301
43.92499923706055,,,,,,,,,,,,,,,-0.5617447,-0.9895401,1.599838,-0.08776093,1.301071,-0.2936096,2.637436,-0.9678879,2.510082,-0.7713928,1.984901,-0.969429,1.216496,-0.667244,1.026054,-0.9046097,-9.024002,-4.136604,0.264946,-2.117172,-3.935318,-1.056564,0.3054657,-0.7546768,0.1287308,-0.895752
43.93333053588867,,,,,,,,,,,,,,,-0.5724869,-0.987587,1.597885,-0.07994843,1.295212,-0.2906799,2.63353,-0.9776535,2.500317,-0.7840881,1.994667,-0.9674759,1.217472,-0.6555252,1.024101,-0.9036331,-9.023026,-4.120979,0.2708054,-2.130844,-3.934341,-1.050705,0.2957001,-0.7742081,0.1355667,-0.8791504
43.93333333333333,0.0,-203.0,-32.0,-74.0,-5.0,-1121.0,-12.0,-4593.0,-3.0,-8564.0,-4.0,-828.0,-3.0,-2986.0,,,,,,,,,,,,,,,,,,,,,,,,,,
43.94166946411133,,,,,,,,,,,,,,,-0.5802994,-0.9817276,1.593979,-0.06920624,1.289352,-0.2906799,2.63353,-0.9903488,2.498363,-0.7938538,2.005409,-0.9655228,1.219425,-0.6477127,1.022148,-0.9046097,-9.018143,-4.108284,0.2756882,-2.130844,-3.930435,-1.037033,0.2810516,-0.7986221,0.1492386,-0.8635254
43.95000076293945,,,,,,,,,,,,,,,-0.5871353,-0.971962,1.586166,-0.0545578,1.285446,-0.2975159,2.636459,-1.003044,2.498363,-0.8006897,2.012245,-0.96064,1.224308,-0.6438065,1.019218,-0.9065628,-9.004471,-4.100471,0.2844772,-2.117172,-3.922623,-1.017502,0.2654266,-0.8249893,0.1590042,-0.8527832
43.95832824707031,,,,,,,,,,,,,,,-0.590065,-0.9602432,1.57933,-0.04186249,1.28447,-0.3092346,2.638412,-1.014763,2.503246,-0.8045959,2.015175,-0.9528275,1.227238,-0.6438065,1.017265,-0.9104691,-8.982986,-4.095589,0.2874069,-2.095688,-3.91188,-0.9960175,0.2488251,-0.8533096,0.1687698,-0.8459473
43.96666666666667,-1.0,-207.0,-32.0,-79.0,-5.0,-1125.0,-12.0,-4593.0,-3.0,-8561.0,-4.0,-828.0,-3.0,-2985.0,,,,,,,,,,,,,,,,,,,,,,,,,,
43.966670989990234,,,,,,,,,,,,,,,-0.5890884,-0.9475479,1.571518,-0.03209686,1.28447,-0.3248596,2.640366,-1.022575,2.510082,-0.8065491,2.012245,-0.9459915,1.230167,-0.6457596,1.014336,-0.9182816,-8.965408,-4.097542,0.2874069,-2.069321,-3.903091,-0.9716034,0.2351532,-0.8796768,0.1765823,-0.8439941
43.974998474121094,,,,,,,,,,,,,,,-0.5842056,-0.9368057,1.562729,-0.02428436,1.287399,-0.3424377,2.641342,-1.026482,2.515942,-0.8065491,2.00248,-0.938179,1.233097,-0.6477127,1.013359,-0.9280472,-8.943924,-4.104378,0.280571,-2.040024,-3.900162,-0.9510956,0.2263641,-0.9001846,0.1804886,-0.8449707
43.98332977294922,,,,,,,,,,,,,,,-0.5773697,-0.9309464,1.554916,-0.01940155,1.291306,-0.3580627,2.642319,-1.028435,2.522778,-0.8065491,1.990761,-0.9264603,1.23505,-0.6486893,1.013359,-0.9387894,-8.927322,-4.113167,0.2727585,-2.014633,-3.900162,-0.9364471,0.2205048,-0.9158096,0.1785355,-0.8479004
43.991668701171875,,,,,,,,,,,,,,,-0.5676041,-0.9289932,1.547104,-0.0154953,1.296188,-0.3717346,2.640366,-1.031364,2.528637,-0.8075256,1.972206,-0.9147415,1.234074,-0.651619,1.010429,-0.9466019,-8.918533,-4.126839,0.2610397,-1.995102,-3.907974,-0.9305878,0.2146454,-0.9206924,0.1736526,-0.8508301
44.0,-1.0,-208.0,-32.0,-85.0,-4.0,-1131.0,-12.0,-4592.0,-3.0,-8557.0,-4.0,-830.0,-3.0,-2988.0,-0.558815,-0.9348526,1.541245,-0.01256561,1.301071,-0.3834534,2.636459,-1.032341,2.53352,-0.8085022,1.953651,-0.9049759,1.234074,-0.6545486,1.002617,-0.9495316,-8.91658,-4.14344,0.249321,-1.983383,-3.918716,-0.9305878,0.2126923,-0.9187393,0.1658401,-0.8557129
44.008331298828125,,,,,,,,,,,,,,,-0.5519791,-0.9455948,1.537338,-0.01061249,1.306931,-0.3873596,2.6306,-1.033318,2.535473,-0.8124084,1.93998,-0.8952103,1.228214,-0.6594315,0.9967575,-0.9505081,-8.920486,-4.158089,0.242485,-1.979477,-3.932388,-0.9364471,0.2117157,-0.9119034,0.1541214,-0.8625488
44.01667022705078,,,,,,,,,,,,,,,-0.5490494,-0.9592667,1.535385,-0.009635925,1.313766,-0.3844299,2.621811,-1.034294,2.537426,-0.8172913,1.924355,-0.8893509,1.224308,-0.6652908,0.9879684,-0.9505081,-8.928299,-4.166878,0.2366257,-1.98143,-3.94899,-0.950119,0.2097626,-0.9021378,0.1433792,-0.8713379
44.025001525878906,,,,,,,,,,,,,,,-0.5470963,-0.9758682,1.531479,-0.0076828,1.322556,-0.3785706,2.613022,-1.035271,2.540356,-0.8241272,1.917519,-0.8854446,1.218449,-0.6682205,0.9811325,-0.9475784,-8.938065,-4.171761,0.233696,-1.988266,-3.965591,-0.9637909,0.2068329,-0.890419,0.1316605,-0.8811035
44.033329010009766,,,,,,,,,,,,,,,-0.5461197,-0.9934464,1.527573,-0.006706238,1.328415,-0.3668518,2.605209,-1.035271,2.543285,-0.8309631,1.913612,-0.882515,1.214542,-0.6711502,0.9742966,-0.9456253,-8.942947,-4.171761,0.2385788,-2.000961,-3.979263,-0.9784393,0.2029266,-0.8816299,0.1189651,-0.8859863
44.03333333333333,-1.0,-206.0,-32.0,-87.0,-4.0,-1132.0,-12.0,-4591.0,-2.0,-8555.0,-5.0,-837.0,-2.0,-2992.0,,,,,,,,,,,,,,,,,,,,,,,,,,
44.04167175292969,,,,,,,,,,,,,,,-0.5490494,-1.009071,1.52562,-0.0076828,1.334274,-0.3551331,2.597397,-1.033318,2.545238,-0.8377991,1.916542,-0.8776321,1.211613,-0.6711502,0.9713669,-0.9426956,-8.942947,-4.163948,0.2473679,-2.013657,-3.991959,-0.9940643,0.1941376,-0.8796768,0.1121292,-0.888916
44.04999923706055,,,,,,,,,,,,,,,-0.5510025,-1.02372,1.521713,-0.01061249,1.336227,-0.346344,2.589584,-1.034294,2.550121,-0.8436584,1.922401,-0.8747025,1.210636,-0.6691971,0.9713669,-0.9387894,-8.939041,-4.154182,0.2571335,-2.026352,-3.998795,-1.005783,0.1853485,-0.8796768,0.1033401,-0.8928223
44.05833053588867,,,,,,,,,,,,,,,-0.5558853,-1.035439,1.517807,-0.01744843,1.333298,-0.3385315,2.582748,-1.033318,2.554028,-0.844635,1.930214,-0.8727493,1.211613,-0.6613846,0.97332,-0.9300003,-8.932205,-4.14344,0.2688522,-2.042953,-4.004654,-1.013596,0.177536,-0.8816299,0.09650421,-0.8908691
44.06666666666667,0.0,-206.0,-31.0,-87.0,-4.0,-1130.0,-12.0,-4593.0,-2.0,-8559.0,-4.0,-839.0,-2.0,-2995.0,,,,,,,,,,,,,,,,,,,,,,,,,,
44.06666946411133,,,,,,,,,,,,,,,-0.558815,-1.042274,1.513901,-0.02819061,1.326462,-0.3365784,2.578842,-1.033318,2.557934,-0.8436584,1.940956,-0.8688431,1.215519,-0.6535721,0.9782028,-0.9212112,-8.927322,-4.133675,0.2835007,-2.055649,-4.006607,-1.017502,0.1667938,-0.8845596,0.09357452,-0.8869629
44.07500076293945,,,,,,,,,,,,,,,-0.5636978,-1.042274,1.509018,-0.03697968,1.314743,-0.3404846,2.575912,-1.033318,2.560863,-0.844635,1.948769,-0.8649368,1.220402,-0.6457596,0.9830856,-0.9075394,-8.921463,-4.127815,0.2971725,-2.068344,-4.007584,-1.018478,0.1580048,-0.8855362,0.09064484,-0.8840332
44.08332824707031,,,,,,,,,,,,,,,-0.5676041,-1.036415,1.508041,-0.04576874,1.301071,-0.346344,2.57103,-1.036247,2.56184,-0.844635,1.953651,-0.8639603,1.224308,-0.6369705,0.9860153,-0.8899612,-8.927322,-4.123909,0.3069382,-2.084946,-4.007584,-1.017502,0.1482391,-0.8845596,0.09064484,-0.8830566
44.091670989990234,,,,,,,,,,,,,,,-0.5715103,-1.028603,1.508041,-0.05358124,1.283493,-0.3551331,2.570053,-1.04113,2.56184,-0.8465881,1.955605,-0.8698196,1.227238,-0.6311111,0.9869919,-0.8743362,-8.939041,-4.128792,0.3186569,-2.098618,-4.00856,-1.012619,0.1423798,-0.8816299,0.09357452,-0.888916
44.099998474121094,,,,,,,,,,,,,,,-0.5754166,-1.01786,1.508041,-0.05748749,1.267868,-0.3600159,2.569077,-1.045036,2.556957,-0.8485413,1.953651,-0.8795853,1.228214,-0.629158,0.9879684,-0.8616409,-8.954666,-4.136604,0.3264694,-2.107407,-4.010513,-1.005783,0.1414032,-0.8767471,0.09650421,-0.8967285
44.1,0.0,-208.0,-30.0,-85.0,-4.0,-1129.0,-12.0,-4598.0,-2.0,-8563.0,-3.0,-839.0,-2.0,-2994.0,,,,,,,,,,,,,,,,,,,,,,,,,,
44.10832977294922,,,,,,,,,,,,,,,-0.5773697,-1.006142,1.509018,-0.05944061,1.254196,-0.3609924,2.572006,-1.047966,2.548168,-0.8534241,1.950722,-0.8922806,1.228214,-0.6301346,0.9869919,-0.8538284,-8.970291,-4.14637,0.327446,-2.116196,-4.01442,-1.0009,0.1414032,-0.8728409,0.09845734,-0.904541
44.116668701171875,,,,,,,,,,,,,,,-0.5802994,-0.9924698,1.511948,-0.05944061,1.242477,-0.3580627,2.576889,-1.049919,2.537426,-0.86026,1.943886,-0.9079056,1.224308,-0.6379471,0.9821091,-0.8538284,-8.985916,-4.158089,0.3225632,-2.125961,-4.018326,-0.9989471,0.1404266,-0.8718643,0.1004105,-0.911377
44.125,,,,,,,,,,,,,,,-0.5802994,-0.9836807,1.513901,-0.05651093,1.234665,-0.3541565,2.581772,-1.049919,2.522778,-0.8661194,1.93412,-0.922554,1.220402,-0.6496658,0.9791794,-0.8587112,-8.999588,-4.171761,0.3147507,-2.131821,-4.025162,-0.996994,0.146286,-0.8767471,0.09845734,-0.9152832
44.133331298828125,,,,,,,,,,,,,,,-0.5793228,-0.9778214,1.517807,-0.05162811,1.229782,-0.3492737,2.588608,-1.047966,2.508129,-0.8690491,1.927284,-0.9362259,1.215519,-0.6652908,0.9772263,-0.87043,-9.002518,-4.182503,0.3020554,-2.13475,-4.031998,-0.996994,0.1492157,-0.8826065,0.09650421,-0.9133301
44.13333333333333,0.0,-210.0,-30.0,-83.0,-5.0,-1129.0,-12.0,-4602.0,-2.0,-8567.0,-3.0,-837.0,-2.0,-2992.0,,,,,,,,,,,,,,,,,,,,,,,,,,
44.14167022705078,,,,,,,,,,,,,,,-0.5773697,-0.9758682,1.52269,-0.04381561,1.227829,-0.346344,2.597397,-1.04406,2.492504,-0.8719788,1.921425,-0.9489212,1.20966,-0.682869,0.9762497,-0.8880081,-8.998611,-4.188362,0.2864304,-2.13475,-4.041763,-1.001877,0.1501923,-0.8874893,0.0916214,-0.904541
44.150001525878906,,,,,,,,,,,,,,,-0.57444,-0.9768448,1.524643,-0.03697968,1.229782,-0.3502502,2.605209,-1.0382,2.479809,-0.8700256,1.918495,-0.9586868,1.200871,-0.6994705,0.9752731,-0.9036331,-8.988846,-4.188362,0.2708054,-2.132797,-4.047623,-1.004807,0.1521454,-0.8913956,0.08478546,-0.8898926
44.158329010009766,,,,,,,,,,,,,,,-0.5705338,-0.9787979,1.527573,-0.03014374,1.232712,-0.3600159,2.611069,-1.031364,2.46809,-0.8661194,1.918495,-0.9635696,1.192081,-0.714119,0.9782028,-0.9163284,-8.972244,-4.184456,0.2542038,-2.128891,-4.053482,-1.00676,0.1482391,-0.8943253,0.07892609,-0.8684082
44.166666666666664,-1.0,-214.0,-30.0,-83.0,-5.0,-1128.0,-12.0,-4607.0,-2.0,-8571.0,-4.0,-835.0,-3.0,-2990.0,,,,,,,,,,,,,,,,,,,,,,,,,,
44.16667175292969,,,,,,,,,,,,,,,-0.5666275,-0.980751,1.529526,-0.0233078,1.240524,-0.3717346,2.615952,-1.026482,2.458324,-0.8641663,1.918495,-0.9655228,1.182316,-0.7248611,0.9811325,-0.9260941,-8.958572,-4.172737,0.2366257,-2.119125,-4.057388,-1.004807,0.1394501,-0.8933487,0.07990265,-0.848877
44.17499923706055,,,,,,,,,,,,,,,-0.5636978,-0.9836807,1.530502,-0.02135468,1.244431,-0.3883362,2.613998,-1.021599,2.450512,-0.8592834,1.920448,-0.9674759,1.173527,-0.7316971,0.9840622,-0.9290237,-8.948807,-4.155159,0.22686,-2.108383,-4.057388,-1.001877,0.130661,-0.8884659,0.08185577,-0.8273926
44.18333053588867,,,,,,,,,,,,,,,-0.5636978,-0.9846573,1.531479,-0.0233078,1.25029,-0.4020081,2.611069,-1.016716,2.445629,-0.8534241,1.921425,-0.9684525,1.165714,-0.7346268,0.9860153,-0.9270706,-8.942947,-4.140511,0.2190475,-2.098618,-4.055435,-0.9960175,0.1179657,-0.8835831,0.08966827,-0.8088379
44.19166946411133,,,,,,,,,,,,,,,-0.5666275,-0.9836807,1.530502,-0.02721405,1.251266,-0.4127502,2.605209,-1.01281,2.440746,-0.8475647,1.918495,-0.9635696,1.159855,-0.7336502,0.9879684,-0.9202347,-8.942947,-4.127815,0.2141647,-2.085922,-4.050552,-0.9862518,0.1052704,-0.8806534,0.0994339,-0.7932129
44.2,-2.0,-215.0,-30.0,-81.0,-4.0,-1127.0,-12.0,-4609.0,-2.0,-8578.0,-4.0,-832.0,-4.0,-2990.0,,,,,,,,,,,,,,,,,,,,,,,,,,
44.20000076293945,,,,,,,,,,,,,,,-0.5724869,-0.980751,1.527573,-0.03404999,1.25322,-0.4195862,2.59935,-1.00695,2.43684,-0.8436584,1.912636,-0.9557571,1.156925,-0.729744,0.9850388,-0.9085159,-8.952713,-4.120003,0.2092819,-2.07518,-4.043716,-0.9745331,0.09257507,-0.8796768,0.1121292,-0.7873535
44.20832824707031,,,,,,,,,,,,,,,-0.5783463,-0.9778214,1.524643,-0.04283905,1.25029,-0.4225159,2.591537,-1.000114,2.43684,-0.8377991,1.90287,-0.9479446,1.155949,-0.7238846,0.9821091,-0.8919144,-8.967361,-4.11805,0.2092819,-2.068344,-4.03688,-0.9628143,0.07792664,-0.8806534,0.1199417,-0.786377
44.216670989990234,,,,,,,,,,,,,,,-0.5851822,-0.9739151,1.51976,-0.04869843,1.244431,-0.4234924,2.583725,-0.9913254,2.437817,-0.8309631,1.888222,-0.9391556,1.158878,-0.7180252,0.9782028,-0.8723831,-8.983963,-4.120979,0.2092819,-2.062485,-4.031021,-0.9491425,0.06816101,-0.8806534,0.1209183,-0.7912598
44.224998474121094,,,,,,,,,,,,,,,-0.5929947,-0.9690323,1.51683,-0.05162811,1.239548,-0.4234924,2.574936,-0.9815598,2.441723,-0.8251038,1.870644,-0.9303665,1.162785,-0.7111893,0.9742966,-0.8489456,-9.001541,-4.128792,0.2083054,-2.057602,-4.025162,-0.9364471,0.05839539,-0.8796768,0.1179886,-0.802002
44.23332977294922,,,,,,,,,,,,,,,-0.5978775,-0.9621964,1.511948,-0.05260468,1.232712,-0.4215393,2.5681,-0.9737473,2.445629,-0.8182678,1.854042,-0.9254837,1.167667,-0.7014236,0.9684372,-0.8294144,-9.012283,-4.138557,0.2063522,-2.055649,-4.024185,-0.9286346,0.0476532,-0.8777237,0.1072464,-0.817627
44.233333333333334,-2.0,-214.0,-31.0,-77.0,-4.0,-1127.0,-12.0,-4610.0,-1.0,-8581.0,-5.0,-827.0,-4.0,-2994.0,,,,,,,,,,,,,,,,,,,,,,,,,,
44.241668701171875,,,,,,,,,,,,,,,-0.6008072,-0.956337,1.509018,-0.04967499,1.228806,-0.4225159,2.559311,-0.9669113,2.450512,-0.8114319,1.836464,-0.9245071,1.173527,-0.6936111,0.9616013,-0.80793,-9.023026,-4.147346,0.2043991,-2.053696,-4.023209,-0.9247284,0.03788757,-0.8728409,0.09259796,-0.8381348
44.25,,,,,,,,,,,,,,,-0.5998306,-0.9534073,1.505112,-0.04381561,1.227829,-0.424469,2.552475,-0.9630051,2.455395,-0.8075256,1.822792,-0.9284134,1.177433,-0.6867752,0.957695,-0.7903519,-9.027908,-4.153206,0.2004929,-2.050766,-4.027115,-0.925705,0.03593445,-0.8689346,0.07794952,-0.8557129
44.258331298828125,,,,,,,,,,,,,,,-0.5988541,-0.9524307,1.505112,-0.03795624,1.229782,-0.4234924,2.543686,-0.9630051,2.456371,-0.8065491,1.81498,-0.9401321,1.182316,-0.6848221,0.9518356,-0.7796097,-9.033768,-4.158089,0.1936569,-2.050766,-4.030045,-0.9315643,0.03691101,-0.8620987,0.06330109,-0.8713379
44.266666666666666,-2.0,-209.0,-31.0,-71.0,-4.0,-1128.0,-12.0,-4610.0,-2.0,-8588.0,-5.0,-819.0,-4.0,-3002.0,,,,,,,,,,,,,,,,,,,,,,,,,,
44.26667022705078,,,,,,,,,,,,,,,-0.5949478,-0.9543839,1.505112,-0.03307343,1.230759,-0.4215393,2.53685,-0.9688644,2.453442,-0.8104553,1.80912,-0.9547806,1.186222,-0.6897049,0.9449997,-0.77668,-9.036697,-4.162971,0.1917038,-2.053696,-4.035904,-0.9462128,0.04081726,-0.859169,0.04962921,-0.8869629
44.275001525878906,,,,,,,,,,,,,,,-0.5929947,-0.9612198,1.506088,-0.02721405,1.232712,-0.4186096,2.529037,-0.9776535,2.449535,-0.8124084,1.80912,-0.969429,1.190128,-0.698494,0.9362106,-0.77668,-9.040604,-4.166878,0.1877975,-2.059555,-4.04274,-0.9628143,0.05448914,-0.8611221,0.03791046,-0.895752
44.283329010009766,,,,,,,,,,,,,,,-0.590065,-0.9690323,1.509018,-0.01940155,1.234665,-0.4117737,2.521225,-0.9913254,2.440746,-0.8172913,1.81205,-0.9860306,1.194035,-0.7131424,0.9293747,-0.7805862,-9.046463,-4.172737,0.1848679,-2.069321,-4.052505,-0.9755096,0.06718445,-0.8660049,0.03205109,-0.9016113
44.29167175292969,,,,,,,,,,,,,,,-0.5881119,-0.9787979,1.509018,-0.0154953,1.232712,-0.4039612,2.516342,-1.008904,2.431957,-0.8202209,1.816933,-0.9977493,1.196964,-0.7277908,0.9196091,-0.7893753,-9.052322,-4.179573,0.1819382,-2.081039,-4.063248,-0.9833221,0.07987976,-0.8738174,0.02716827,-0.9016113
44.29999923706055,,,,,,,,,,,,,,,-0.5890884,-0.9885635,1.508041,-0.01256561,1.229782,-0.3951721,2.50853,-1.026482,2.420238,-0.8202209,1.822792,-1.007515,1.201847,-0.7414627,0.9117966,-0.7981644,-9.063065,-4.185432,0.179985,-2.095688,-4.077896,-0.9901581,0.09550476,-0.8835831,0.02326202,-0.895752
44.3,-2.0,-208.0,-30.0,-66.0,-4.0,-1134.0,-12.0,-4609.0,-2.0,-8595.0,-5.0,-818.0,-4.0,-3015.0,,,,,,,,,,,,,,,,,,,,,,,,,,
44.30833053588867,,,,,,,,,,,,,,,-0.5920181,-0.9934464,1.508041,-0.0076828,1.223923,-0.3873596,2.50267,-1.046989,2.413403,-0.8202209,1.827675,-1.014351,1.207706,-0.7512283,0.9059372,-0.8059769,-9.068924,-4.192268,0.1751022,-2.105453,-4.093521,-0.9901581,0.1062469,-0.8933487,0.0213089,-0.8859863
44.31666946411133,,,,,,,,,,,,,,,-0.5969009,-0.9973526,1.508041,-0.005729675,1.217087,-0.3805237,2.496811,-1.063591,2.40559,-0.8202209,1.830605,-1.017281,1.210636,-0.7492752,0.9020309,-0.8157425,-9.073807,-4.200081,0.1731491,-2.110336,-4.111099,-0.9852753,0.115036,-0.9011612,0.02033234,-0.8703613
44.32500076293945,,,,,,,,,,,,,,,-0.6008072,-1.001259,1.510971,-0.006706238,1.210251,-0.3746643,2.488998,-1.076286,2.398754,-0.8202209,1.834511,-1.017281,1.216496,-0.7424393,0.8991013,-0.8255081,-9.07869,-4.206917,0.171196,-2.108383,-4.126724,-0.9794159,0.1218719,-0.9070206,0.02716827,-0.8547363
44.33332824707031,,,,,,,,,,,,,,,-0.6047134,-0.9983292,1.517807,-0.006706238,1.203415,-0.3727112,2.484116,-1.086052,2.397778,-0.8221741,1.83744,-1.02021,1.219425,-0.7336502,0.9010544,-0.8382034,-9.07576,-4.212776,0.1721725,-2.099594,-4.138443,-0.9755096,0.1248016,-0.9089737,0.03302765,-0.8361816
44.333333333333336,-2.0,-209.0,-30.0,-64.0,-4.0,-1140.0,-11.0,-4610.0,-3.0,-8604.0,-5.0,-822.0,-4.0,-3029.0,,,,,,,,,,,,,,,,,,,,,,,,,,
44.341670989990234,,,,,,,,,,,,,,,-0.6066666,-0.9953995,1.528549,-0.008659363,1.198532,-0.377594,2.478256,-1.087029,2.396801,-0.8280334,1.83744,-1.02314,1.221378,-0.7238846,0.9049606,-0.8508987,-9.071854,-4.214729,0.1702194,-2.084946,-4.146255,-0.9755096,0.1277313,-0.9079971,0.04084015,-0.8186035
44.349998474121094,,,,,,,,,,,,,,,-0.6066666,-0.9934464,1.539291,-0.01158905,1.194626,-0.3834534,2.473373,-1.084099,2.399731,-0.8387756,1.838417,-1.024117,1.220402,-0.7180252,0.9098434,-0.8635941,-9.065018,-4.213753,0.1721725,-2.066391,-4.148209,-0.9774628,0.130661,-0.9050674,0.0525589,-0.8068848
44.35832977294922,,,,,,,,,,,,,,,-0.6037369,-0.9934464,1.55101,-0.01647186,1.192673,-0.393219,2.472397,-1.07531,2.403637,-0.8504944,1.838417,-1.02607,1.215519,-0.7180252,0.9166794,-0.8762894,-9.060135,-4.206917,0.1731491,-2.049789,-4.149185,-0.9803925,0.1287079,-0.9011612,0.06232452,-0.8039551
44.36666666666667,-2.0,-211.0,-30.0,-65.0,-5.0,-1145.0,-11.0,-4610.0,-3.0,-8611.0,-5.0,-826.0,-3.0,-3042.0,,,,,,,,,,,,,,,,,,,,,,,,,,
44.366668701171875,,,,,,,,,,,,,,,-0.5978775,-0.996376,1.559799,-0.01940155,1.192673,-0.4068909,2.468491,-1.060661,2.40559,-0.8651428,1.83744,-1.027046,1.20673,-0.7238846,0.9254684,-0.8870316,-9.056229,-4.195198,0.1731491,-2.035141,-4.147232,-0.9833221,0.1257782,-0.8962784,0.07404327,-0.8039551
44.375,,,,,,,,,,,,,,,-0.5929947,-1.002235,1.563705,-0.02428436,1.192673,-0.4205627,2.466537,-1.046989,2.407543,-0.8788147,1.835487,-1.02607,1.195011,-0.7346268,0.9293747,-0.8958206,-9.052322,-4.17762,0.171196,-2.023422,-4.146255,-0.9852753,0.1218719,-0.8913956,0.08283234,-0.810791
44.383331298828125,,,,,,,,,,,,,,,-0.5881119,-1.010048,1.560776,-0.0311203,1.193649,-0.4313049,2.465561,-1.0382,2.404613,-0.8885803,1.833534,-1.021187,1.181339,-0.7482986,0.9332809,-0.8997269,-9.053299,-4.155159,0.1672897,-2.01561,-4.148209,-0.9833221,0.1140594,-0.8874893,0.08771515,-0.8225098
44.39167022705078,,,,,,,,,,,,,,,-0.5822525,-1.02079,1.55101,-0.03697968,1.192673,-0.440094,2.465561,-1.032341,2.400707,-0.8973694,1.830605,-1.013374,1.166691,-0.760994,0.9323044,-0.8997269,-9.052322,-4.133675,0.1614304,-2.01268,-4.152115,-0.9823456,0.1042938,-0.8865128,0.08673859,-0.8400879
44.4,-1.0,-213.0,-30.0,-69.0,-5.0,-1147.0,-11.0,-4609.0,-3.0,-8615.0,-6.0,-828.0,-2.0,-3050.0,,,,,,,,,,,,,,,,,,,,,,,,,,
44.400001525878906,,,,,,,,,,,,,,,-0.5783463,-1.032509,1.537338,-0.04088593,1.189743,-0.4449768,2.465561,-1.032341,2.393871,-0.9022522,1.828651,-1.004585,1.153996,-0.7707596,0.9293747,-0.8928909,-9.054276,-4.111214,0.1516647,-2.01268,-4.159927,-0.9823456,0.0945282,-0.8894424,0.07892609,-0.8596191
44.408329010009766,,,,,,,,,,,,,,,-0.57444,-1.045204,1.521713,-0.04381561,1.185837,-0.4440002,2.467514,-1.040154,2.386059,-0.9022522,1.824745,-0.9948196,1.139347,-0.776619,0.9215622,-0.886055,-9.052322,-4.095589,0.1428757,-2.01561,-4.169693,-0.9833221,0.07792664,-0.8953018,0.07013702,-0.8771973
44.41667175292969,,,,,,,,,,,,,,,-0.5715103,-1.055946,1.504135,-0.0467453,1.179001,-0.440094,2.47142,-1.051872,2.378246,-0.8983459,1.823769,-0.985054,1.129581,-0.7775955,0.9127731,-0.8792191,-9.054276,-4.089729,0.1301804,-2.023422,-4.177505,-0.9901581,0.06523132,-0.9050674,0.05353546,-0.8918457
44.42499923706055,,,,,,,,,,,,,,,-0.5685806,-1.061806,1.49144,-0.04381561,1.174118,-0.4352112,2.476303,-1.063591,2.372387,-0.8895569,1.822792,-0.9743118,1.122746,-0.7746658,0.9039841,-0.8733597,-9.055252,-4.096565,0.117485,-2.036118,-4.183365,-1.0009,0.05155945,-0.9197159,0.03888702,-0.9035645
44.43333053588867,,,,,,,,,,,,,,,-0.5676041,-1.062782,1.478745,-0.0389328,1.167282,-0.4303284,2.480209,-1.076286,2.370434,-0.8797913,1.822792,-0.9655228,1.114933,-0.7668533,0.8971481,-0.8665237,-9.055252,-4.113167,0.1008835,-2.048813,-4.185318,-1.014572,0.04081726,-0.9343643,0.0213089,-0.911377
44.43333333333333,-1.0,-216.0,-31.0,-71.0,-5.0,-1145.0,-11.0,-4607.0,-3.0,-8614.0,-6.0,-829.0,-3.0,-3051.0,,,,,,,,,,,,,,,,,,,,,,,,,,
44.44166946411133,,,,,,,,,,,,,,,-0.5685806,-1.059853,1.469955,-0.03600311,1.164352,-0.4273987,2.482162,-1.086052,2.369457,-0.8680725,1.824745,-0.9616165,1.109074,-0.754158,0.8903122,-0.8606644,-9.055252,-4.139534,0.0901413,-2.062485,-4.181412,-1.03215,0.03593445,-0.9490128,0.006660461,-0.9172363
44.45000076293945,,,,,,,,,,,,,,,-0.5705338,-1.05204,1.46312,-0.03404999,1.15947,-0.424469,2.481186,-1.088005,2.372387,-0.8573303,1.826698,-0.9596634,1.103214,-0.7404861,0.8873825,-0.8567581,-9.057205,-4.170784,0.07744598,-2.076157,-4.175552,-1.045822,0.03398132,-0.9626846,-0.005058289,-0.9230957
44.45832824707031,,,,,,,,,,,,,,,-0.5734634,-1.035439,1.46019,-0.03404999,1.158493,-0.4254456,2.480209,-1.085075,2.37434,-0.8465881,1.829628,-0.9625931,1.098331,-0.7287674,0.8854294,-0.8538284,-9.057205,-4.199104,0.06865692,-2.086899,-4.166763,-1.057541,0.03593445,-0.9695206,-0.01482391,-0.9260254
44.46666666666667,-1.0,-218.0,-30.0,-73.0,-5.0,-1146.0,-11.0,-4610.0,-4.0,-8617.0,-5.0,-831.0,-3.0,-3051.0,,,,,,,,,,,,,,,,,,,,,,,,,,
44.466670989990234,,,,,,,,,,,,,,,-0.5773697,-1.02079,1.46019,-0.0389328,1.158493,-0.4283752,2.473373,-1.07531,2.375317,-0.8387756,1.830605,-0.9684525,1.096378,-0.7180252,0.8864059,-0.8499222,-9.060135,-4.223518,0.06377411,-2.093735,-4.157974,-1.06633,0.03886414,-0.9744034,-0.02263641,-0.9289551
44.474998474121094,,,,,,,,,,,,,,,-0.5842056,-1.008095,1.458237,-0.04869843,1.160446,-0.4293518,2.466537,-1.063591,2.373363,-0.8338928,1.830605,-0.9772415,1.095402,-0.7111893,0.8903122,-0.8440628,-9.064041,-4.238167,0.06475067,-2.095688,-4.151138,-1.071213,0.04570007,-0.9734268,-0.02947235,-0.9348145
44.48332977294922,,,,,,,,,,,,,,,-0.590065,-0.996376,1.458237,-0.06334686,1.161423,-0.4322815,2.459702,-1.050896,2.368481,-0.8309631,1.826698,-0.99189,1.095402,-0.7082596,0.8942184,-0.8372269,-9.069901,-4.239143,0.06963348,-2.096664,-4.150162,-1.070236,0.04667664,-0.9665909,-0.03142548,-0.9387207
44.491668701171875,,,,,,,,,,,,,,,-0.5949478,-0.9895401,1.458237,-0.07994843,1.163376,-0.4352112,2.452866,-1.036247,2.361645,-0.8299866,1.821815,-1.005562,1.098331,-0.7111893,0.8981247,-0.8303909,-9.07576,-4.228401,0.07744598,-2.096664,-4.153091,-1.06926,0.04179382,-0.9548721,-0.0333786,-0.9387207
44.5,-1.0,-221.0,-30.0,-76.0,-6.0,-1149.0,-10.0,-4617.0,-4.0,-8621.0,-5.0,-835.0,-3.0,-3053.0,-0.6027603,-0.9866104,1.456284,-0.09752655,1.164352,-0.4371643,2.448959,-1.022575,2.351879,-0.8309631,1.81498,-1.022163,1.103214,-0.7170486,0.9000778,-0.8264847,-9.082596,-4.209846,0.08721161,-2.093735,-4.16188,-1.065353,0.03495789,-0.9421768,-0.03533173,-0.9367676
44.508331298828125,,,,,,,,,,,,,,,-0.6086197,-0.9885635,1.453354,-0.1141281,1.166306,-0.4420471,2.445053,-1.014763,2.344067,-0.8338928,1.807167,-1.035835,1.109074,-0.7258377,0.9030075,-0.8245316,-9.088455,-4.186409,0.09990692,-2.089828,-4.175552,-1.062424,0.02519226,-0.9294815,-0.03728485,-0.9299316
44.51667022705078,,,,,,,,,,,,,,,-0.6125259,-0.9914932,1.448471,-0.1219406,1.167282,-0.4479065,2.442123,-1.008904,2.338207,-0.8358459,1.800331,-1.045601,1.11298,-0.7356033,0.9000778,-0.8255081,-9.093338,-4.162971,0.1077194,-2.086899,-4.187271,-1.062424,0.01249695,-0.9148331,-0.0411911,-0.9211426
44.525001525878906,,,,,,,,,,,,,,,-0.6164322,-0.9924698,1.442612,-0.1229172,1.169235,-0.4537659,2.438217,-1.00695,2.335278,-0.8377991,1.795448,-1.052437,1.117863,-0.7473221,0.8971481,-0.8303909,-9.092361,-4.14344,0.1165085,-2.081039,-4.20192,-1.0634,-0.005081177,-0.906044,-0.04607391,-0.9123535
44.533329010009766,,,,,,,,,,,,,,,-0.6174088,-0.9924698,1.436752,-0.1209641,1.171188,-0.4606018,2.435287,-1.010857,2.336254,-0.8407288,1.792519,-1.05439,1.118839,-0.7580643,0.8922653,-0.8362503,-9.088455,-4.127815,0.1204147,-2.074203,-4.214615,-1.068283,-0.01875305,-0.9021378,-0.05290985,-0.9055176
44.53333333333333,-1.0,-226.0,-29.0,-79.0,-6.0,-1154.0,-10.0,-4619.0,-3.0,-8628.0,-4.0,-839.0,-3.0,-3056.0,,,,,,,,,,,,,,,,,,,,,,,,,,
44.54167175292969,,,,,,,,,,,,,,,-0.6154556,-0.9905167,1.433823,-0.1131516,1.173141,-0.4645081,2.432358,-1.018669,2.338207,-0.8436584,1.792519,-1.052437,1.118839,-0.7678299,0.8854294,-0.8421097,-9.084549,-4.116096,0.124321,-2.069321,-4.222427,-1.070236,-0.0304718,-0.9040909,-0.06072235,-0.8996582
44.54999923706055,,,,,,,,,,,,,,,-0.6135025,-0.9856339,1.432846,-0.09947968,1.173141,-0.4674377,2.428452,-1.028435,2.342113,-0.8475647,1.792519,-1.045601,1.11591,-0.776619,0.8785934,-0.8489456,-9.074783,-4.11219,0.1252975,-2.061508,-4.22731,-1.071213,-0.04316711,-0.9079971,-0.06755829,-0.8986816
44.55833053588867,,,,,,,,,,,,,,,-0.6095963,-0.980751,1.432846,-0.08873749,1.171188,-0.4693909,2.421616,-1.042107,2.344067,-0.8534241,1.791542,-1.037788,1.111027,-0.7815018,0.8737106,-0.8557816,-9.063065,-4.11219,0.124321,-2.049789,-4.228287,-1.071213,-0.05293274,-0.9128799,-0.07341766,-0.9016113
44.56666666666667,-2.0,-232.0,-29.0,-80.0,-5.0,-1159.0,-9.0,-4616.0,-3.0,-8634.0,-4.0,-840.0,-4.0,-3059.0,,,,,,,,,,,,,,,,,,,,,,,,,,
44.56666946411133,,,,,,,,,,,,,,,-0.6086197,-0.9778214,1.438705,-0.08092499,1.168259,-0.4684143,2.415756,-1.054802,2.345043,-0.8573303,1.789589,-1.032906,1.104191,-0.7824783,0.8727341,-0.8626175,-9.053299,-4.11512,0.1223679,-2.036118,-4.229263,-1.068283,-0.0617218,-0.9197159,-0.07634735,-0.9084473
44.57500076293945,,,,,,,,,,,,,,,-0.6086197,-0.9739151,1.445541,-0.07408905,1.15947,-0.4684143,2.40892,-1.064568,2.346996,-0.8612366,1.785683,-1.02607,1.095402,-0.7795486,0.8727341,-0.8723831,-9.045486,-4.120979,0.1145554,-2.020493,-4.225357,-1.059494,-0.0695343,-0.9197159,-0.07537079,-0.9162598
44.58332824707031,,,,,,,,,,,,,,,-0.6086197,-0.971962,1.453354,-0.07115936,1.149704,-0.471344,2.401108,-1.07238,2.345043,-0.8651428,1.7808,-1.02021,1.091496,-0.7727127,0.8727341,-0.886055,-9.045486,-4.131721,0.1106491,-2.002914,-4.220474,-1.048752,-0.07539368,-0.9138565,-0.07537079,-0.9221191
44.591670989990234,,,,,,,,,,,,,,,-0.6144791,-0.971962,1.462143,-0.07115936,1.137009,-0.4772034,2.394272,-1.074333,2.344067,-0.8651428,1.775917,-1.015327,1.087589,-0.760994,0.8746872,-0.9055862,-9.051346,-4.14637,0.1028366,-1.982407,-4.213638,-1.037033,-0.0773468,-0.9079971,-0.07537079,-0.9260254
44.599998474121094,,,,,,,,,,,,,,,-0.6203384,-0.9709854,1.468002,-0.0701828,1.127243,-0.4850159,2.388412,-1.071404,2.344067,-0.8631897,1.771034,-1.010445,1.085636,-0.7434158,0.8785934,-0.9260941,-9.061111,-4.165901,0.09307098,-1.966782,-4.206802,-1.024338,-0.07637024,-0.9001846,-0.07341766,-0.927002
44.6,-2.0,-237.0,-29.0,-78.0,-5.0,-1165.0,-9.0,-4615.0,-3.0,-8640.0,-4.0,-839.0,-4.0,-3063.0,,,,,,,,,,,,,,,,,,,,,,,,,,
44.60832977294922,,,,,,,,,,,,,,,-0.6281509,-0.9690323,1.469955,-0.06725311,1.116501,-0.4918518,2.382553,-1.066521,2.34309,-0.8583069,1.768105,-1.005562,1.085636,-0.7248611,0.8785934,-0.9466019,-9.080643,-4.190315,0.0823288,-1.957016,-4.19899,-1.011642,-0.07441711,-0.8943253,-0.07439423,-0.9230957
44.616668701171875,,,,,,,,,,,,,,,-0.6340103,-0.965126,1.469955,-0.06139374,1.107712,-0.4967346,2.37767,-1.057732,2.342113,-0.8524475,1.767128,-0.9987259,1.086613,-0.7082596,0.8785934,-0.9661331,-9.100174,-4.214729,0.07158661,-1.957016,-4.192154,-0.9999237,-0.0695343,-0.8943253,-0.07830048,-0.9172363
44.625,,,,,,,,,,,,,,,-0.6447525,-0.9602432,1.467026,-0.05260468,1.101852,-0.4977112,2.374741,-1.046989,2.336254,-0.844635,1.767128,-0.9909134,1.089542,-0.6945877,0.8776169,-0.9817581,-9.123611,-4.23719,0.06182098,-1.966782,-4.186295,-0.9891815,-0.06269836,-0.8992081,-0.08513641,-0.911377
44.633331298828125,,,,,,,,,,,,,,,-0.6506119,-0.9534073,1.461166,-0.03795624,1.098923,-0.4928284,2.371811,-1.035271,2.327465,-0.8377991,1.766151,-0.9801712,1.090519,-0.6848221,0.8746872,-0.9895706,-9.144119,-4.258675,0.05693817,-1.98436,-4.183365,-0.9784393,-0.05781555,-0.9109268,-0.09294891,-0.9035645
44.63333333333333,-1.0,-239.0,-29.0,-78.0,-4.0,-1165.0,-9.0,-4615.0,-3.0,-8646.0,-4.0,-837.0,-4.0,-3062.0,,,,,,,,,,,,,,,,,,,,,,,,,,
44.64167022705078,,,,,,,,,,,,,,,-0.6584244,-0.9475479,1.458237,-0.01744843,1.095016,-0.4840393,2.370834,-1.027458,2.313793,-0.8319397,1.768105,-0.9704056,1.091496,-0.6838455,0.8727341,-0.9895706,-9.163651,-4.273323,0.05205536,-2.008774,-4.182388,-0.9696503,-0.05976868,-0.9265518,-0.1027145,-0.8947754
44.650001525878906,,,,,,,,,,,,,,,-0.6633072,-0.9436417,1.456284,0.001106262,1.09404,-0.4742737,2.368881,-1.021599,2.299145,-0.8309631,1.768105,-0.9616165,1.091496,-0.6897049,0.8707809,-0.9846878,-9.177322,-4.284065,0.04912567,-2.033188,-4.184341,-0.9618378,-0.06855774,-0.9431534,-0.1095505,-0.8869629
44.658329010009766,,,,,,,,,,,,,,,-0.6642838,-0.9436417,1.45726,0.02161407,1.093063,-0.4654846,2.370834,-1.018669,2.282543,-0.8348694,1.770058,-0.9547806,1.090519,-0.7033768,0.8717575,-0.9719925,-9.188065,-4.287971,0.04814911,-2.053696,-4.188248,-0.9530487,-0.07929993,-0.9568253,-0.1154099,-0.8762207
44.666666666666664,-1.0,-240.0,-29.0,-82.0,-3.0,-1165.0,-9.0,-4615.0,-4.0,-8652.0,-4.0,-840.0,-4.0,-3062.0,,,,,,,,,,,,,,,,,,,,,,,,,,
44.66667175292969,,,,,,,,,,,,,,,-0.6633072,-0.9455948,1.46312,0.04016876,1.093063,-0.4596252,2.371811,-1.019646,2.265942,-0.8426819,1.770058,-0.9518509,1.090519,-0.7238846,0.8737106,-0.9553909,-9.19783,-4.286995,0.05010223,-2.066391,-4.197037,-0.9452362,-0.09980774,-0.9675674,-0.1163864,-0.8635254
44.67499923706055,,,,,,,,,,,,,,,-0.6603775,-0.9524307,1.470932,0.05384064,1.09404,-0.4576721,2.372787,-1.025505,2.255199,-0.8573303,1.770058,-0.9518509,1.090519,-0.7443924,0.8785934,-0.9387894,-9.202713,-4.283089,0.05303192,-2.070297,-4.205826,-0.9393768,-0.1203156,-0.9714737,-0.117363,-0.8518066
44.68333053588867,,,,,,,,,,,,,,,-0.6535416,-0.9602432,1.479721,0.06165314,1.09697,-0.4625549,2.376694,-1.033318,2.248363,-0.8749084,1.769081,-0.9577103,1.089542,-0.7639236,0.8854294,-0.9221878,-9.207596,-4.276253,0.05498505,-2.066391,-4.214615,-0.934494,-0.1417999,-0.9695206,-0.1144333,-0.842041
44.69166946411133,,,,,,,,,,,,,,,-0.6467056,-0.9670792,1.487534,0.06458282,1.098923,-0.4674377,2.379623,-1.04113,2.248363,-0.89151,1.768105,-0.9674759,1.089542,-0.7775955,0.8912888,-0.9085159,-9.210526,-4.266487,0.05205536,-2.056625,-4.225357,-0.9335175,-0.1593781,-0.9626846,-0.1085739,-0.8352051
44.7,0.0,-242.0,-29.0,-85.0,-3.0,-1166.0,-8.0,-4618.0,-4.0,-8654.0,-4.0,-842.0,-4.0,-3062.0,,,,,,,,,,,,,,,,,,,,,,,,,,
44.70000076293945,,,,,,,,,,,,,,,-0.6408463,-0.971962,1.493393,0.06555939,1.100876,-0.4752502,2.382553,-1.046989,2.250317,-0.9090881,1.762245,-0.9791946,1.088566,-0.7863846,0.8961716,-0.8997269,-9.212479,-4.255745,0.04814911,-2.042953,-4.231216,-0.9325409,-0.1720734,-0.9490128,-0.1046677,-0.8381348
44.70832824707031,,,,,,,,,,,,,,,-0.6359634,-0.9748917,1.493393,0.06360626,1.101852,-0.4801331,2.38353,-1.049919,2.255199,-0.92276,1.757362,-0.9948196,1.086613,-0.7912674,0.9000778,-0.8958206,-9.214432,-4.24305,0.04424286,-2.027328,-4.240005,-0.9305878,-0.1750031,-0.9363174,-0.1007614,-0.8469238
44.716670989990234,,,,,,,,,,,,,,,-0.6340103,-0.9709854,1.489487,0.06165314,1.100876,-0.4801331,2.387436,-1.050896,2.260082,-0.9286194,1.753456,-1.008492,1.083683,-0.7902908,0.9010544,-0.8967972,-9.213455,-4.232307,0.04033661,-2.010727,-4.244888,-0.934494,-0.1750031,-0.9265518,-0.09783173,-0.8674316
44.724998474121094,,,,,,,,,,,,,,,-0.6330338,-0.9661026,1.479721,0.06165314,1.09697,-0.4742737,2.391342,-1.049919,2.264965,-0.9286194,1.74662,-1.019234,1.0788,-0.7863846,0.8971481,-0.8987503,-9.211502,-4.223518,0.03447723,-1.998032,-4.247818,-0.94133,-0.1681671,-0.9226456,-0.09392548,-0.8967285
44.73332977294922,,,,,,,,,,,,,,,-0.6340103,-0.9621964,1.468002,0.0626297,1.088181,-0.4615784,2.394272,-1.048943,2.266918,-0.9247131,1.740761,-1.027046,1.071964,-0.7844315,0.8912888,-0.90168,-9.210526,-4.216682,0.03057098,-1.989243,-4.250748,-0.950119,-0.1574249,-0.9245987,-0.09392548,-0.9289551
44.733333333333334,0.0,-242.0,-30.0,-87.0,-3.0,-1170.0,-8.0,-4621.0,-4.0,-8656.0,-4.0,-842.0,-4.0,-3064.0,,,,,,,,,,,,,,,,,,,,,,,,,,
44.741668701171875,,,,,,,,,,,,,,,-0.6340103,-0.9573135,1.453354,0.0626297,1.080368,-0.4459534,2.399155,-1.048943,2.268871,-0.9178772,1.736855,-1.029976,1.062199,-0.7844315,0.8854294,-0.9036331,-9.204666,-4.2118,0.03057098,-1.98436,-4.253677,-0.9618378,-0.1496124,-0.9324112,-0.09392548,-0.9602051
44.75,,,,,,,,,,,,,,,-0.63694,-0.9573135,1.441635,0.05970001,1.071579,-0.4293518,2.404037,-1.050896,2.269848,-0.9100647,1.735878,-1.027046,1.051456,-0.7844315,0.8776169,-0.9026566,-9.201736,-4.207893,0.03057098,-1.98436,-4.254654,-0.9784393,-0.1398468,-0.9431534,-0.09294891,-0.9885254
44.758331298828125,,,,,,,,,,,,,,,-0.63694,-0.9631729,1.433823,0.0548172,1.06279,-0.4117737,2.407944,-1.055779,2.270824,-0.9042053,1.735878,-1.02021,1.039738,-0.7844315,0.8707809,-0.8997269,-9.194901,-4.20594,0.03350067,-1.991196,-4.259537,-0.9989471,-0.1320343,-0.9568253,-0.09099579,-1.006104
44.766666666666666,0.0,-238.0,-30.0,-87.0,-4.0,-1174.0,-8.0,-4622.0,-4.0,-8659.0,-4.0,-839.0,-4.0,-3065.0,,,,,,,,,,,,,,,,,,,,,,,,,,
44.76667022705078,,,,,,,,,,,,,,,-0.6359634,-0.9700089,1.429916,0.04602814,1.058884,-0.3961487,2.409897,-1.060661,2.272778,-0.8993225,1.736855,-1.013374,1.028996,-0.7863846,0.8649216,-0.8958206,-9.189041,-4.204964,0.03252411,-2.001938,-4.265396,-1.020432,-0.1271515,-0.9695206,-0.09001923,-1.011963
44.775001525878906,,,,,,,,,,,,,,,-0.6340103,-0.9797745,1.427963,0.03235626,1.056931,-0.3844299,2.40892,-1.063591,2.273754,-0.8944397,1.737831,-1.005562,1.018253,-0.7873611,0.8600388,-0.8889847,-9.183182,-4.202034,0.02373505,-2.016586,-4.272232,-1.041916,-0.1251984,-0.9753799,-0.09001923,-1.009033
44.783329010009766,,,,,,,,,,,,,,,-0.6320572,-0.9856339,1.430893,0.01770782,1.058884,-0.377594,2.404037,-1.060661,2.274731,-0.8856506,1.739784,-0.9987259,1.011417,-0.7863846,0.8590622,-0.8831253,-9.180252,-4.197151,0.01396942,-2.033188,-4.283951,-1.058517,-0.1251984,-0.9753799,-0.09099579,-0.9963379
44.79167175292969,,,,,,,,,,,,,,,-0.6320572,-0.9885635,1.434799,0.002082825,1.06279,-0.3727112,2.395248,-1.050896,2.273754,-0.8749084,1.737831,-0.9938431,1.009464,-0.785408,0.8561325,-0.8772659,-9.180252,-4.192268,-0.0006790161,-2.04686,-4.300552,-1.073166,-0.1271515,-0.9704971,-0.09490204,-0.982666
44.79999923706055,,,,,,,,,,,,,,,-0.6320572,-0.9856339,1.437729,-0.01354218,1.068649,-0.3707581,2.38353,-1.0382,2.267895,-0.8622131,1.734901,-0.9909134,1.008488,-0.785408,0.8551559,-0.8694534,-9.179276,-4.189339,-0.01825714,-2.054672,-4.314224,-1.081955,-0.1300812,-0.9607315,-0.1046677,-0.967041
44.8,0.0,-230.0,-30.0,-85.0,-4.0,-1174.0,-8.0,-4624.0,-4.0,-8661.0,-4.0,-835.0,-4.0,-3068.0,,,,,,,,,,,,,,,,,,,,,,,,,,
44.80833053588867,,,,,,,,,,,,,,,-0.6330338,-0.9758682,1.437729,-0.0233078,1.074509,-0.3717346,2.369858,-1.018669,2.260082,-0.8456116,1.731972,-0.9899368,1.008488,-0.7863846,0.8502731,-0.8635941,-9.187088,-4.186409,-0.03388214,-2.057602,-4.334732,-1.087814,-0.1369171,-0.9480362,-0.1163864,-0.9523926
44.81666946411133,,,,,,,,,,,,,,,-0.63694,-0.9612198,1.438705,-0.02819061,1.076462,-0.377594,2.351303,-0.9932785,2.248363,-0.82901,1.726112,-0.9889603,1.011417,-0.7893143,0.8434372,-0.8606644,-9.191971,-4.184456,-0.04950714,-2.053696,-4.353287,-1.089767,-0.1427765,-0.9353409,-0.1310349,-0.9455566
44.82500076293945,,,,,,,,,,,,,,,-0.6398697,-0.9465714,1.438705,-0.0233078,1.075485,-0.3854065,2.333725,-0.9717941,2.234692,-0.8143616,1.720253,-0.9889603,1.011417,-0.7902908,0.8346481,-0.8596878,-9.202713,-4.186409,-0.06024933,-2.04393,-4.371841,-1.084885,-0.1476593,-0.9226456,-0.1515427,-0.942627
44.83332824707031,,,,,,,,,,,,,,,-0.6437759,-0.933876,1.436752,-0.01451874,1.068649,-0.3971252,2.317123,-0.9522629,2.219067,-0.8036194,1.716347,-0.9909134,1.009464,-0.7902908,0.8268356,-0.8606644,-9.213455,-4.190315,-0.06513214,-2.031235,-4.387466,-1.075119,-0.1496124,-0.9109268,-0.1681442,-0.9416504
44.833333333333336,0.0,-227.0,-30.0,-84.0,-5.0,-1169.0,-8.0,-4628.0,-4.0,-8664.0,-4.0,-830.0,-4.0,-3072.0,,,,,,,,,,,,,,,,,,,,,,,,,,
44.841670989990234,,,,,,,,,,,,,,,-0.6467056,-0.9221573,1.435776,0.0001296997,1.061813,-0.4078674,2.304428,-0.9405441,2.203442,-0.79776,1.716347,-0.9899368,1.007511,-0.7834549,0.81707,-0.8635941,-9.221268,-4.197151,-0.06415558,-2.019516,-4.396255,-1.060471,-0.150589,-0.9001846,-0.1866989,-0.9455566
44.849998474121094,,,,,,,,,,,,,,,-0.6476822,-0.9133682,1.434799,0.01966095,1.054001,-0.4195862,2.291733,-0.9346848,2.18977,-0.7958069,1.716347,-0.9899368,1.003605,-0.7746658,0.8082809,-0.8684769,-9.225174,-4.203987,-0.06317902,-2.010727,-4.402115,-1.040939,-0.1447296,-0.8933487,-0.1984177,-0.9484863
44.85832977294922,,,,,,,,,,,,,,,-0.6476822,-0.9114151,1.43187,0.03723907,1.043259,-0.4303284,2.282944,-0.9346848,2.180004,-0.7987366,1.720253,-0.9909134,0.9977455,-0.760994,0.8033981,-0.8733597,-9.225174,-4.2118,-0.0582962,-2.002914,-4.404068,-1.016525,-0.1408234,-0.8865128,-0.2081833,-0.9494629
44.86666666666667,0.0,-226.0,-31.0,-87.0,-5.0,-1163.0,-9.0,-4630.0,-4.0,-8670.0,-4.0,-826.0,-3.0,-3076.0,,,,,,,,,,,,,,,,,,,,,,,,,,
44.866668701171875,,,,,,,,,,,,,,,-0.6467056,-0.909462,1.426987,0.04993439,1.035446,-0.4381409,2.279037,-0.9405441,2.175121,-0.8016663,1.724159,-0.9928665,0.9938393,-0.7424393,0.8033981,-0.8772659,-9.219315,-4.218636,-0.05438995,-1.999008,-4.402115,-0.9901581,-0.1388702,-0.8806534,-0.2120895,-0.951416
44.875,,,,,,,,,,,,,,,-0.6447525,-0.9114151,1.421127,0.05774689,1.026657,-0.4430237,2.277084,-0.9503098,2.174145,-0.8026428,1.728065,-0.9938431,0.9928627,-0.7219315,0.8073044,-0.8811722,-9.211502,-4.225471,-0.04755402,-2.002914,-4.393326,-0.9647675,-0.1339874,-0.8767471,-0.2091599,-0.9504395
44.883331298828125,,,,,,,,,,,,,,,-0.6437759,-0.9153214,1.415268,0.0626297,1.022751,-0.4420471,2.277084,-0.9630051,2.174145,-0.8055725,1.728065,-0.9957962,0.9918861,-0.6994705,0.8151169,-0.8821487,-9.19783,-4.232307,-0.04169464,-2.008774,-4.387466,-0.9442596,-0.1320343,-0.874794,-0.2033005,-0.9494629
44.89167022705078,,,,,,,,,,,,,,,-0.6437759,-0.9211807,1.407455,0.06067657,1.020798,-0.4371643,2.276108,-0.9727707,2.179028,-0.8085022,1.727089,-0.9997025,0.9948158,-0.6818924,0.8248825,-0.8801956,-9.183182,-4.239143,-0.03778839,-2.01268,-4.381607,-0.9286346,-0.1330109,-0.8728409,-0.195488,-0.9465332
44.9,0.0,-229.0,-31.0,-92.0,-6.0,-1159.0,-9.0,-4631.0,-5.0,-8677.0,-3.0,-824.0,-3.0,-3080.0,,,,,,,,,,,,,,,,,,,,,,,,,,
44.900001525878906,,,,,,,,,,,,,,,-0.6457291,-0.9270401,1.399643,0.0548172,1.021774,-0.4313049,2.277084,-0.9825363,2.184887,-0.8143616,1.720253,-1.005562,0.996769,-0.667244,0.8356247,-0.8801956,-9.17244,-4.247932,-0.03290558,-2.017563,-4.375748,-0.9198456,-0.1398468,-0.8708878,-0.1876755,-0.9445801
44.908329010009766,,,,,,,,,,,,,,,-0.6476822,-0.933876,1.39183,0.05384064,1.023727,-0.424469,2.278061,-0.9913254,2.192699,-0.8172913,1.711464,-1.008492,0.9996986,-0.6565018,0.8473434,-0.8821487,-9.163651,-4.256721,-0.02899933,-2.021469,-4.371841,-0.9178925,-0.1437531,-0.8679581,-0.1759567,-0.942627
44.91667175292969,,,,,,,,,,,,,,,-0.6515884,-0.9416885,1.384018,0.0548172,1.026657,-0.4195862,2.280014,-0.9991379,2.197582,-0.8241272,1.701698,-1.009468,1.001652,-0.6565018,0.8551559,-0.8870316,-9.159744,-4.265511,-0.02606964,-2.022446,-4.367935,-0.9227753,-0.1515656,-0.8630753,-0.1700974,-0.9436035
44.92499923706055,,,,,,,,,,,,,,,-0.6564713,-0.9514542,1.377182,0.06067657,1.03154,-0.4127502,2.281967,-1.004997,2.199535,-0.8329163,1.68998,-1.008492,1.001652,-0.660408,0.8610153,-0.8919144,-9.159744,-4.272346,-0.02509308,-2.022446,-4.365005,-0.9315643,-0.1584015,-0.8572159,-0.1671677,-0.9455566
44.93333053588867,,,,,,,,,,,,,,,-0.6603775,-0.9612198,1.372299,0.06946564,1.035446,-0.4117737,2.280014,-1.007927,2.201488,-0.8407288,1.679237,-1.006538,1.003605,-0.6682205,0.8629684,-0.8967972,-9.165604,-4.272346,-0.0270462,-2.019516,-4.362076,-0.9452362,-0.1681671,-0.8503799,-0.1661911,-0.9475098
44.93333333333333,-1.0,-235.0,-32.0,-96.0,-6.0,-1157.0,-10.0,-4633.0,-5.0,-8681.0,-3.0,-827.0,-3.0,-3088.0,,,,,,,,,,,,,,,,,,,,,,,,,,
44.94166946411133,,,,,,,,,,,,,,,-0.6623306,-0.9670792,1.36937,0.07923126,1.033493,-0.4156799,2.278061,-1.00695,2.198559,-0.8475647,1.672401,-0.9997025,0.9996986,-0.6789627,0.8629684,-0.9026566,-9.170486,-4.267464,-0.03095245,-2.013657,-4.361099,-0.956955,-0.1750031,-0.8406143,-0.1681442,-0.951416
44.95000076293945,,,,,,,,,,,,,,,-0.6642838,-0.9690323,1.36644,0.08411407,1.029587,-0.4264221,2.276108,-1.003044,2.195629,-0.8534241,1.666542,-0.9889603,0.996769,-0.691658,0.8619919,-0.9055862,-9.177322,-4.258675,-0.03974152,-2.005844,-4.361099,-0.965744,-0.1828156,-0.827919,-0.1720505,-0.9543457
44.95832824707031,,,,,,,,,,,,,,,-0.6633072,-0.9709854,1.365463,0.08411407,1.021774,-0.440094,2.273178,-0.9971848,2.187817,-0.8544006,1.665565,-0.9782181,0.9918861,-0.7004471,0.8590622,-0.90168,-9.183182,-4.244026,-0.04950714,-1.999008,-4.363052,-0.97258,-0.1876984,-0.8162003,-0.1788864,-0.9562988
44.96666666666667,-1.0,-242.0,-33.0,-97.0,-6.0,-1157.0,-10.0,-4636.0,-5.0,-8682.0,-4.0,-831.0,-3.0,-3100.0,,,,,,,,,,,,,,,,,,,,,,,,,,
44.966670989990234,,,,,,,,,,,,,,,-0.6642838,-0.9709854,1.368393,0.07727814,1.012009,-0.4537659,2.268295,-0.9883957,2.180004,-0.8504944,1.664589,-0.9655228,0.9889565,-0.7082596,0.8580856,-0.8967972,-9.188065,-4.226448,-0.05927277,-1.992172,-4.367935,-0.9745331,-0.1886749,-0.8074112,-0.1866989,-0.9602051
44.974998474121094,,,,,,,,,,,,,,,-0.6623306,-0.9680557,1.374252,0.06751251,1.002243,-0.4693909,2.263412,-0.9776535,2.172192,-0.8436584,1.666542,-0.9547806,0.9830971,-0.7121658,0.8561325,-0.886055,-9.191971,-4.204964,-0.07099152,-1.986313,-4.376724,-0.9735565,-0.1876984,-0.8035049,-0.1945114,-0.9631348
44.98332977294922,,,,,,,,,,,,,,,-0.6594009,-0.9641495,1.383041,0.05188751,0.9915009,-0.4801331,2.25853,-0.9669113,2.165356,-0.8358459,1.669472,-0.9459915,0.9782143,-0.714119,0.8541794,-0.8733597,-9.194901,-4.185432,-0.07880402,-1.980453,-4.38649,-0.9696503,-0.1886749,-0.8035049,-0.2003708,-0.9660645
44.991668701171875,,,,,,,,,,,,,,,-0.6584244,-0.9573135,1.389877,0.03430939,0.9827118,-0.4859924,2.2556,-0.9571457,2.15852,-0.8270569,1.674355,-0.9401321,0.974308,-0.7150955,0.8541794,-0.8626175,-9.20076,-4.168831,-0.08466339,-1.977524,-4.398209,-0.9637909,-0.1867218,-0.8074112,-0.2072067,-0.9680176
45.0,-1.0,-248.0,-32.0,-95.0,-6.0,-1156.0,-10.0,-4642.0,-5.0,-8688.0,-5.0,-833.0,-4.0,-3111.0,-0.6574478,-0.9534073,1.398666,0.02161407,0.9788055,-0.4850159,2.253647,-0.9493332,2.150707,-0.8182678,1.678261,-0.9372025,0.9713783,-0.7160721,0.8522263,-0.8538284,-9.209549,-4.155159,-0.08661652,-1.977524,-4.408951,-0.9608612,-0.181839,-0.8171768,-0.2120895,-0.9699707
45.008331298828125,,,,,,,,,,,,,,,-0.6554947,-0.9524307,1.405502,0.01282501,0.9768524,-0.4762268,2.25267,-0.9454269,2.146801,-0.8124084,1.682167,-0.9352493,0.9704018,-0.7209549,0.8512497,-0.8440628,-9.218338,-4.147346,-0.08759308,-1.9785,-4.421646,-0.9628143,-0.1789093,-0.8288956,-0.219902,-0.973877
45.01667022705078,,,,,,,,,,,,,,,-0.6554947,-0.9524307,1.409409,0.009895325,0.977829,-0.4645081,2.251694,-0.9434738,2.144848,-0.8114319,1.685097,-0.9352493,0.9733315,-0.729744,0.84832,-0.8333206,-9.230057,-4.147346,-0.08368683,-1.979477,-4.428482,-0.9667206,-0.1779327,-0.8454971,-0.2277145,-0.9758301
45.025001525878906,,,,,,,,,,,,,,,-0.6535416,-0.9553604,1.413315,0.01087189,0.9807587,-0.4479065,2.250717,-0.9454269,2.144848,-0.813385,1.685097,-0.9352493,0.9772377,-0.7424393,0.8444138,-0.823555,-9.244705,-4.150276,-0.07880402,-1.979477,-4.432388,-0.9745331,-0.1779327,-0.859169,-0.2374802,-0.9768066
45.033329010009766,,,,,,,,,,,,,,,-0.6554947,-0.9592667,1.412338,0.01770782,0.9846649,-0.4322815,2.247787,-0.9503098,2.143871,-0.8143616,1.680214,-0.9332962,0.9830971,-0.7590408,0.8405075,-0.8167191,-9.255447,-4.158089,-0.07294464,-1.976547,-4.436295,-0.9852753,-0.181839,-0.8669815,-0.2472458,-0.9768066
45.03333333333333,-1.0,-253.0,-32.0,-90.0,-6.0,-1157.0,-10.0,-4648.0,-5.0,-8693.0,-5.0,-837.0,-4.0,-3116.0,,,,,,,,,,,,,,,,,,,,,,,,,,
45.04167175292969,,,,,,,,,,,,,,,-0.6545181,-0.9631729,1.410385,0.02454376,0.9895477,-0.4156799,2.245834,-0.9571457,2.142895,-0.8143616,1.673378,-0.9284134,0.989933,-0.7756424,0.8356247,-0.8069534,-9.265213,-4.172737,-0.06708527,-1.970688,-4.437271,-0.9960175,-0.1886749,-0.8718643,-0.2599411,-0.9807129
45.04999923706055,,,,,,,,,,,,,,,-0.6554947,-0.9680557,1.410385,0.03040314,0.9954071,-0.4000549,2.240952,-0.9659348,2.142895,-0.8143616,1.662636,-0.9206009,0.996769,-0.792244,0.8317184,-0.7962112,-9.272049,-4.188362,-0.06220245,-1.961899,-4.440201,-1.004807,-0.1984406,-0.8708878,-0.273613,-0.9855957
45.05833053588867,,,,,,,,,,,,,,,-0.6574478,-0.9709854,1.407455,0.03528595,1.00029,-0.3863831,2.238022,-0.9757004,2.141918,-0.8104553,1.650917,-0.9108353,1.001652,-0.8059158,0.8297653,-0.7854691,-9.276932,-4.202034,-0.05927277,-1.95018,-4.44313,-1.012619,-0.213089,-0.8630753,-0.2814255,-0.9924316
45.06666666666667,-1.0,-256.0,-31.0,-86.0,-6.0,-1162.0,-11.0,-4655.0,-4.0,-8699.0,-5.0,-840.0,-5.0,-3117.0,,,,,,,,,,,,,,,,,,,,,,,,,,
45.06666946411133,,,,,,,,,,,,,,,-0.6594009,-0.971962,1.405502,0.03528595,1.00322,-0.3746643,2.234116,-0.9835129,2.138012,-0.7997131,1.636269,-0.89814,1.001652,-0.8176346,0.8268356,-0.7757034,-9.276932,-4.214729,-0.0582962,-1.938461,-4.450943,-1.018478,-0.2267609,-0.8494034,-0.2863083,-1.002197
45.07500076293945,,,,,,,,,,,,,,,-0.6613541,-0.9729385,1.403549,0.03040314,1.007126,-0.3648987,2.233139,-0.9893723,2.134106,-0.7870178,1.623573,-0.8873978,0.9996986,-0.8264236,0.8239059,-0.7659378,-9.273026,-4.219612,-0.06415558,-1.927719,-4.456802,-1.022385,-0.2414093,-0.8308487,-0.2843552,-1.013916
45.08332824707031,,,,,,,,,,,,,,,-0.6652603,-0.9768448,1.401596,0.02454376,1.009079,-0.3570862,2.231186,-0.9942551,2.12727,-0.7733459,1.614784,-0.882515,0.9928627,-0.8342361,0.8229294,-0.7561722,-9.26619,-4.218636,-0.07001495,-1.923813,-4.464615,-1.024338,-0.2531281,-0.8113174,-0.2794724,-1.024658
45.091670989990234,,,,,,,,,,,,,,,-0.66819,-0.9827042,1.401596,0.01477814,1.009079,-0.3512268,2.231186,-0.9971848,2.120434,-0.7596741,1.606972,-0.8805618,0.9850502,-0.8381424,0.8180466,-0.7493362,-9.258377,-4.212776,-0.07978058,-1.925766,-4.473404,-1.023361,-0.259964,-0.7908096,-0.2706833,-1.030518
45.099998474121094,,,,,,,,,,,,,,,-0.6691666,-0.9944229,1.402573,0.005989075,1.005173,-0.3473206,2.231186,-0.9971848,2.116528,-0.7489319,1.602089,-0.8844681,0.974308,-0.8400955,0.8121872,-0.7473831,-9.247635,-4.197151,-0.09540558,-1.932602,-4.48024,-1.018478,-0.2628937,-0.7712784,-0.2599411,-1.032471
45.1,0.0,-258.0,-31.0,-83.0,-5.0,-1170.0,-11.0,-4657.0,-4.0,-8700.0,-5.0,-841.0,-5.0,-3119.0,,,,,,,,,,,,,,,,,,,,,,,,,,
45.10832977294922,,,,,,,,,,,,,,,-0.6701431,-1.011024,1.401596,-0.001823425,1.00029,-0.346344,2.231186,-0.9971848,2.112621,-0.7420959,1.600136,-0.8942337,0.9645424,-0.839119,0.8063278,-0.7473831,-9.23494,-4.17762,-0.110054,-1.945297,-4.484146,-1.009689,-0.2628937,-0.7546768,-0.2472458,-1.027588
45.116668701171875,,,,,,,,,,,,,,,-0.6691666,-1.028603,1.40062,-0.0076828,0.9944305,-0.3473206,2.233139,-0.9932785,2.109692,-0.7381897,1.600136,-0.9098587,0.9567299,-0.8332596,0.8004684,-0.7542191,-9.22908,-4.154182,-0.1276321,-1.959946,-4.485123,-0.996994,-0.2580109,-0.7390518,-0.2394333,-1.016846
45.125,,,,,,,,,,,,,,,-0.6662369,-1.047157,1.40062,-0.009635925,0.9856415,-0.3482971,2.235092,-0.9932785,2.109692,-0.73526,1.601112,-0.9274368,0.9518471,-0.8225174,0.7936325,-0.7678909,-9.223221,-4.132698,-0.1442337,-1.972641,-4.48317,-0.981369,-0.2472687,-0.7283096,-0.2286911,-1.002197
45.133331298828125,,,,,,,,,,,,,,,-0.6613541,-1.060829,1.399643,-0.0076828,0.977829,-0.3473206,2.236069,-0.9923019,2.112621,-0.7333069,1.604042,-0.9479446,0.9518471,-0.8098221,0.7907028,-0.7835159,-9.222244,-4.113167,-0.1579056,-1.98143,-4.48317,-0.965744,-0.2365265,-0.7234268,-0.2208786,-0.9875488
45.13333333333333,0.0,-258.0,-31.0,-78.0,-4.0,-1179.0,-10.0,-4656.0,-4.0,-8698.0,-6.0,-838.0,-4.0,-3121.0,,,,,,,,,,,,,,,,,,,,,,,,,,
45.14167022705078,,,,,,,,,,,,,,,-0.6574478,-1.070595,1.39476,-0.002799988,0.9719696,-0.3453674,2.237045,-0.9932785,2.114574,-0.7342834,1.605995,-0.9635696,0.9538002,-0.7971268,0.7887497,-0.7991409,-9.224197,-4.100471,-0.1676712,-1.987289,-4.478287,-0.9491425,-0.2257843,-0.7204971,-0.2140427,-0.9729004
45.150001525878906,,,,,,,,,,,,,,,-0.6515884,-1.072548,1.390854,0.002082825,0.9680634,-0.3414612,2.237045,-0.9962082,2.119457,-0.7362366,1.609901,-0.9743118,0.9596596,-0.7844315,0.7887497,-0.8147659,-9.231033,-4.094612,-0.1745071,-1.988266,-4.476334,-0.9335175,-0.213089,-0.7204971,-0.2130661,-0.9611816
45.158329010009766,,,,,,,,,,,,,,,-0.6496353,-1.067665,1.384018,0.008918762,0.9641571,-0.3346252,2.235092,-0.9981613,2.12141,-0.7401428,1.612831,-0.9821243,0.965519,-0.7746658,0.7887497,-0.8264847,-9.239822,-4.095589,-0.1813431,-1.985336,-4.47731,-0.9217987,-0.2052765,-0.7244034,-0.2120895,-0.9562988
45.166666666666664,0.0,-259.0,-31.0,-76.0,-4.0,-1183.0,-10.0,-4652.0,-4.0,-8695.0,-6.0,-833.0,-4.0,-3123.0,,,,,,,,,,,,,,,,,,,,,,,,,,
45.16667175292969,,,,,,,,,,,,,,,-0.6486588,-1.058876,1.378159,0.01477814,0.9641571,-0.3229065,2.230209,-1.002068,2.125317,-0.7469788,1.615761,-0.9860306,0.9723549,-0.7678299,0.7907028,-0.8323441,-9.250565,-4.102425,-0.1832962,-1.98143,-4.478287,-0.9130096,-0.2013702,-0.7322159,-0.2150192,-0.9553223
45.17499923706055,,,,,,,,,,,,,,,-0.6496353,-1.050087,1.375229,0.01868439,0.9651337,-0.3102112,2.225327,-1.005974,2.12727,-0.7567444,1.62162,-0.9811478,0.9762611,-0.7639236,0.7907028,-0.8333206,-9.262283,-4.114143,-0.1862259,-1.9785,-4.484146,-0.9081268,-0.2052765,-0.7419815,-0.2218552,-0.9602051
45.18333053588867,,,,,,,,,,,,,,,-0.6515884,-1.040321,1.372299,0.02063751,0.9651337,-0.2965393,2.220444,-1.00695,2.128246,-0.7694397,1.623573,-0.9723587,0.9782143,-0.7639236,0.7907028,-0.8313675,-9.272049,-4.127815,-0.1911087,-1.9785,-4.490005,-0.9081268,-0.2160187,-0.7517471,-0.2316208,-0.9680176
45.19166946411133,,,,,,,,,,,,,,,-0.6545181,-1.029579,1.371323,0.02259064,0.9661102,-0.2848206,2.213608,-1.005974,2.126293,-0.7811584,1.626503,-0.9596634,0.9772377,-0.7619705,0.7916794,-0.8264847,-9.282791,-4.138557,-0.1998978,-1.980453,-4.499771,-0.9139862,-0.2326202,-0.7605362,-0.2443161,-0.9758301
45.2,0.0,-258.0,-31.0,-76.0,-5.0,-1188.0,-10.0,-4649.0,-4.0,-8693.0,-7.0,-829.0,-4.0,-3123.0,,,,,,,,,,,,,,,,,,,,,,,,,,
45.20000076293945,,,,,,,,,,,,,,,-0.6545181,-1.02079,1.372299,0.02161407,0.9661102,-0.2760315,2.209702,-1.003044,2.123363,-0.7899475,1.628456,-0.9440384,0.9713783,-0.7590408,0.7926559,-0.8206253,-9.29451,-4.148323,-0.2116165,-1.985336,-4.506607,-0.925705,-0.2511749,-0.7683487,-0.2570114,-0.9816895
45.20832824707031,,,,,,,,,,,,,,,-0.6564713,-1.012001,1.373276,0.02161407,0.9641571,-0.2721252,2.206772,-0.9971848,2.114574,-0.7948303,1.629433,-0.9264603,0.9625893,-0.7551346,0.7965622,-0.8147659,-9.303299,-4.155159,-0.2243118,-1.989243,-4.513443,-0.9462128,-0.2677765,-0.7732315,-0.2706833,-0.9836426
45.216670989990234,,,,,,,,,,,,,,,-0.6554947,-1.001259,1.376205,0.02259064,0.9602509,-0.2711487,2.204819,-0.9903488,2.105785,-0.7958069,1.629433,-0.9118118,0.9528236,-0.7482986,0.8004684,-0.8108597,-9.312088,-4.157112,-0.2399368,-1.991196,-4.517349,-0.9686737,-0.2824249,-0.7761612,-0.2804489,-0.9807129
45.224998474121094,,,,,,,,,,,,,,,-0.6554947,-0.9895401,1.378159,0.02649689,0.9543915,-0.2721252,2.200912,-0.9844894,2.095043,-0.7928772,1.628456,-0.8991165,0.9420815,-0.7414627,0.8073044,-0.8128128,-9.323807,-4.152229,-0.2516556,-1.991196,-4.519302,-0.9940643,-0.291214,-0.7771378,-0.2872849,-0.9748535
45.23332977294922,,,,,,,,,,,,,,,-0.6564713,-0.9739151,1.378159,0.0313797,0.9504852,-0.2770081,2.200912,-0.9776535,2.083324,-0.7870178,1.62455,-0.8922806,0.9303627,-0.7365799,0.8160934,-0.8137894,-9.335526,-4.145393,-0.2604446,-1.988266,-4.519302,-1.018478,-0.2970734,-0.7742081,-0.2911911,-0.967041
45.233333333333334,-1.0,-256.0,-30.0,-80.0,-5.0,-1191.0,-10.0,-4650.0,-4.0,-8693.0,-7.0,-826.0,-4.0,-3125.0,,,,,,,,,,,,,,,,,,,,,,,,,,
45.241668701171875,,,,,,,,,,,,,,,-0.6594009,-0.9592667,1.378159,0.03626251,0.9416962,-0.2848206,2.200912,-0.9717941,2.071606,-0.7782288,1.620644,-0.8922806,0.9225502,-0.7336502,0.8248825,-0.8176956,-9.349197,-4.135628,-0.2653275,-1.980453,-4.518326,-1.037033,-0.2960968,-0.7683487,-0.2941208,-0.9543457
45.25,,,,,,,,,,,,,,,-0.6633072,-0.9446182,1.379135,0.03821564,0.9338837,-0.2926331,2.200912,-0.9659348,2.05891,-0.7694397,1.616737,-0.9010696,0.9147377,-0.7307205,0.8317184,-0.8216019,-9.360916,-4.120003,-0.2643509,-1.968735,-4.516373,-1.045822,-0.2921906,-0.7624893,-0.2911911,-0.942627
45.258331298828125,,,,,,,,,,,,,,,-0.6720963,-0.9319229,1.383041,0.03723907,0.9290009,-0.3004456,2.203842,-0.9610519,2.050121,-0.7606506,1.610878,-0.913765,0.9108315,-0.729744,0.8395309,-0.8255081,-9.376541,-4.103401,-0.2623978,-1.956039,-4.512466,-1.047775,-0.2882843,-0.7546768,-0.2882614,-0.9289551
45.266666666666666,-1.0,-257.0,-31.0,-83.0,-5.0,-1195.0,-10.0,-4653.0,-3.0,-8694.0,-6.0,-823.0,-3.0,-3133.0,,,,,,,,,,,,,,,,,,,,,,,,,,
45.26667022705078,,,,,,,,,,,,,,,-0.6789322,-0.9231339,1.384018,0.03430939,0.9250946,-0.3102112,2.209702,-0.9571457,2.042309,-0.7538147,1.604042,-0.9284134,0.9098549,-0.7277908,0.8424606,-0.8284378,-9.387283,-4.088753,-0.2545853,-1.944321,-4.507584,-1.042892,-0.2873077,-0.7449112,-0.2843552,-0.9162598
45.275001525878906,,,,,,,,,,,,,,,-0.6867447,-0.918251,1.389877,0.02552032,0.9221649,-0.3199768,2.217514,-0.9551926,2.040356,-0.750885,1.599159,-0.945015,0.9108315,-0.7219315,0.8434372,-0.8303909,-9.392166,-4.076057,-0.2477493,-1.935532,-4.504654,-1.033127,-0.291214,-0.7370987,-0.2794724,-0.9055176
45.283329010009766,,,,,,,,,,,,,,,-0.6974869,-0.9133682,1.393784,0.01380157,0.9202118,-0.330719,2.226303,-0.9561691,2.037426,-0.7518616,1.59037,-0.9586868,0.9147377,-0.7170486,0.8405075,-0.8323441,-9.393143,-4.068245,-0.24189,-1.927719,-4.501724,-1.018478,-0.2980499,-0.7351456,-0.2755661,-0.8947754
45.29167175292969,,,,,,,,,,,,,,,-0.7043228,-0.9133682,1.398666,0.005012512,0.9211884,-0.3404846,2.235092,-0.9590988,2.039379,-0.7557678,1.582558,-0.9684525,0.9205971,-0.7131424,0.8366013,-0.8323441,-9.390213,-4.067268,-0.2340775,-1.924789,-4.499771,-1.00676,-0.3087921,-0.7380753,-0.2726364,-0.8830566
45.29999923706055,,,,,,,,,,,,,,,-0.7111588,-0.9172745,1.402573,-0.00377655,0.9231415,-0.346344,2.238998,-0.9630051,2.043285,-0.7626038,1.574745,-0.9713821,0.9235268,-0.7082596,0.8287888,-0.8333206,-9.386307,-4.073128,-0.2291946,-1.923813,-4.497818,-0.996994,-0.322464,-0.7478409,-0.2697067,-0.8713379
45.3,-2.0,-261.0,-30.0,-82.0,-5.0,-1202.0,-11.0,-4658.0,-4.0,-8695.0,-6.0,-821.0,-2.0,-3142.0,,,,,,,,,,,,,,,,,,,,,,,,,,
45.30833053588867,,,,,,,,,,,,,,,-0.7179947,-0.9202042,1.404526,-0.01061249,0.9231415,-0.3482971,2.238998,-0.9678879,2.046215,-0.7743225,1.56498,-0.9704056,0.9303627,-0.707283,0.8229294,-0.8352737,-9.378494,-4.082893,-0.2272415,-1.925766,-4.499771,-0.9891815,-0.338089,-0.7624893,-0.266777,-0.8605957
45.31666946411133,,,,,,,,,,,,,,,-0.7238541,-0.925087,1.403549,-0.01354218,0.9250946,-0.3473206,2.233139,-0.9717941,2.048168,-0.7860413,1.558144,-0.9655228,0.9362221,-0.7121658,0.8160934,-0.8401566,-9.372635,-4.096565,-0.2223587,-1.926743,-4.50563,-0.9833221,-0.3556671,-0.781044,-0.2648239,-0.8479004
45.32500076293945,,,,,,,,,,,,,,,-0.7287369,-0.9309464,1.40062,-0.01647186,0.9280243,-0.3414612,2.22435,-0.9717941,2.050121,-0.7938538,1.549355,-0.9586868,0.9381752,-0.7219315,0.8073044,-0.8460159,-9.365799,-4.110237,-0.2204056,-1.925766,-4.512466,-0.9794159,-0.3683624,-0.8005753,-0.2638474,-0.8352051
45.33332824707031,,,,,,,,,,,,,,,-0.7336197,-0.9387589,1.393784,-0.01940155,0.9290009,-0.3375549,2.212631,-0.9688644,2.047192,-0.7987366,1.544472,-0.9508743,0.9381752,-0.7346268,0.801445,-0.8518753,-9.35994,-4.122932,-0.2145462,-1.922836,-4.521255,-0.9764862,-0.3781281,-0.8181534,-0.2648239,-0.8225098
45.333333333333336,-2.0,-266.0,-29.0,-84.0,-5.0,-1207.0,-11.0,-4665.0,-4.0,-8696.0,-7.0,-820.0,-2.0,-3148.0,,,,,,,,,,,,,,,,,,,,,,,,,,
45.341670989990234,,,,,,,,,,,,,,,-0.7355728,-0.9485245,1.388901,-0.02233124,0.9290009,-0.3356018,2.197006,-0.9630051,2.043285,-0.7997131,1.539589,-0.9440384,0.9381752,-0.7473221,0.7946091,-0.8567581,-9.356033,-4.132698,-0.2116165,-1.919907,-4.529068,-0.97258,-0.3839874,-0.8308487,-0.2697067,-0.8098145
45.349998474121094,,,,,,,,,,,,,,,-0.7385025,-0.9602432,1.381088,-0.02623749,0.9299774,-0.3385315,2.184311,-0.9561691,2.038403,-0.79776,1.536659,-0.9372025,0.9332924,-0.7570877,0.7897263,-0.8596878,-9.355057,-4.135628,-0.2067337,-1.914047,-4.535904,-0.9706268,-0.3820343,-0.8347549,-0.2755661,-0.8000488
45.35832977294922,,,,,,,,,,,,,,,-0.7385025,-0.9700089,1.376205,-0.02916718,0.9299774,-0.3492737,2.174545,-0.9483566,2.034496,-0.7928772,1.535683,-0.9323196,0.927433,-0.7668533,0.7877731,-0.8606644,-9.35408,-4.137581,-0.203804,-1.910141,-4.538834,-0.9716034,-0.3771515,-0.8308487,-0.2814255,-0.7912598
45.36666666666667,-2.0,-272.0,-29.0,-86.0,-5.0,-1211.0,-11.0,-4671.0,-4.0,-8701.0,-7.0,-821.0,-2.0,-3153.0,,,,,,,,,,,,,,,,,,,,,,,,,,
45.366668701171875,,,,,,,,,,,,,,,-0.7345963,-0.9836807,1.373276,-0.0311203,0.9299774,-0.3639221,2.167709,-0.9415207,2.03059,-0.7860413,1.534706,-0.9274368,0.9176674,-0.7736893,0.7848434,-0.8587112,-9.35408,-4.136604,-0.2028275,-1.910141,-4.53688,-0.9716034,-0.3664093,-0.8230362,-0.2882614,-0.786377
45.375,,,,,,,,,,,,,,,-0.7287369,-1.000282,1.36937,-0.03307343,0.9290009,-0.3854065,2.160873,-0.9376144,2.025707,-0.7801819,1.534706,-0.9215775,0.9088783,-0.7795486,0.7848434,-0.854805,-9.35701,-4.133675,-0.2018509,-1.916,-4.534927,-0.9755096,-0.3585968,-0.8142471,-0.2902145,-0.7873535
45.383331298828125,,,,,,,,,,,,,,,-0.7267838,-1.014931,1.364487,-0.03209686,0.9270477,-0.4078674,2.15892,-0.9366379,2.025707,-0.7782288,1.536659,-0.9157181,0.8981361,-0.7863846,0.78582,-0.8479691,-9.360916,-4.134651,-0.2057571,-1.928696,-4.529068,-0.9852753,-0.3498077,-0.8093643,-0.2921677,-0.7912598
45.39167022705078,,,,,,,,,,,,,,,-0.7228775,-1.032509,1.356674,-0.02916718,0.924118,-0.4273987,2.159897,-0.9366379,2.026684,-0.7811584,1.539589,-0.906929,0.8903236,-0.7941971,0.7877731,-0.8430862,-9.366776,-4.139534,-0.21064,-1.944321,-4.526138,-0.996994,-0.3459015,-0.8064346,-0.2902145,-0.8029785
45.4,-1.0,-272.0,-29.0,-90.0,-4.0,-1214.0,-11.0,-4672.0,-4.0,-8705.0,-7.0,-824.0,-2.0,-3156.0,,,,,,,,,,,,,,,,,,,,,,,,,,
45.400001525878906,,,,,,,,,,,,,,,-0.7199478,-1.04911,1.347885,-0.02623749,0.9221649,-0.4410706,2.162827,-0.9366379,2.03059,-0.7879944,1.543495,-0.8971634,0.8854408,-0.8059158,0.7907028,-0.83918,-9.373611,-4.14344,-0.219429,-1.961899,-4.526138,-1.011642,-0.3459015,-0.8103409,-0.2853317,-0.8166504
45.408329010009766,,,,,,,,,,,,,,,-0.7199478,-1.062782,1.333237,-0.02135468,0.9192352,-0.4518127,2.169662,-0.9356613,2.03352,-0.79776,1.548378,-0.8893509,0.8834877,-0.8215408,0.7907028,-0.8352737,-9.381424,-4.150276,-0.2252884,-1.976547,-4.529068,-1.028244,-0.3478546,-0.8220596,-0.2794724,-0.8322754
45.41667175292969,,,,,,,,,,,,,,,-0.7189713,-1.072548,1.317612,-0.01647186,0.9172821,-0.4576721,2.175522,-0.9317551,2.037426,-0.8065491,1.550331,-0.8844681,0.8834877,-0.839119,0.7916794,-0.8323441,-9.386307,-4.160042,-0.2291946,-1.989243,-4.534927,-1.040939,-0.3566437,-0.8386612,-0.2726364,-0.8508301
45.42499923706055,,,,,,,,,,,,,,,-0.7219009,-1.076454,1.302963,-0.01256561,0.9133759,-0.4606018,2.181381,-0.9278488,2.041332,-0.8143616,1.550331,-0.8844681,0.8864174,-0.8527908,0.7926559,-0.8313675,-9.39119,-4.168831,-0.2321243,-1.997055,-4.54567,-1.052658,-0.3634796,-0.8533096,-0.2677536,-0.8693848
45.43333053588867,,,,,,,,,,,,,,,-0.7258072,-1.073524,1.288315,-0.006706238,0.9094696,-0.4596252,2.184311,-0.922966,2.041332,-0.8211975,1.547401,-0.8903275,0.8903236,-0.8645096,0.7916794,-0.8313675,-9.393143,-4.17469,-0.235054,-1.999008,-4.558365,-1.058517,-0.369339,-0.8689346,-0.2648239,-0.8859863
45.43333333333333,-1.0,-272.0,-30.0,-96.0,-4.0,-1217.0,-11.0,-4673.0,-4.0,-8710.0,-6.0,-826.0,-2.0,-3159.0,,,,,,,,,,,,,,,,,,,,,,,,,,
45.44166946411133,,,,,,,,,,,,,,,-0.7297134,-1.066689,1.276596,-0.0008468628,0.9075165,-0.455719,2.184311,-0.9190598,2.042309,-0.8241272,1.539589,-0.8991165,0.8952065,-0.8732986,0.7887497,-0.8323441,-9.39119,-4.17762,-0.2360306,-1.996078,-4.569107,-1.056564,-0.3761749,-0.8826065,-0.2618942,-0.8977051
45.45000076293945,,,,,,,,,,,,,,,-0.7355728,-1.055946,1.270737,0.002082825,0.9045868,-0.4527893,2.183334,-0.9171066,2.040356,-0.8231506,1.529823,-0.9108353,0.896183,-0.8772049,0.7848434,-0.8362503,-9.387283,-4.179573,-0.2399368,-1.988266,-4.580826,-1.048752,-0.3800812,-0.8933487,-0.2599411,-0.904541
45.45832824707031,,,,,,,,,,,,,,,-0.7404556,-1.044228,1.267807,0.0001296997,0.8987274,-0.4488831,2.178452,-0.9190598,2.036449,-0.8202209,1.519081,-0.922554,0.896183,-0.8762283,0.7789841,-0.8411331,-9.383377,-4.18055,-0.2428665,-1.9785,-4.590591,-1.034103,-0.3791046,-0.9011612,-0.2589645,-0.9055176
45.46666666666667,-1.0,-272.0,-30.0,-98.0,-4.0,-1219.0,-11.0,-4676.0,-4.0,-8719.0,-6.0,-828.0,-2.0,-3158.0,,,,,,,,,,,,,,,,,,,,,,,,,,
45.466670989990234,,,,,,,,,,,,,,,-0.7433853,-1.030556,1.27269,-0.004753113,0.8948212,-0.4449768,2.173569,-0.922966,2.031567,-0.8153381,1.508339,-0.9313431,0.8971596,-0.8674393,0.7711716,-0.8460159,-9.377518,-4.181526,-0.2497025,-1.966782,-4.598404,-1.012619,-0.3781281,-0.9070206,-0.2560349,-0.9035645
45.474998474121094,,,,,,,,,,,,,,,-0.746315,-1.018837,1.278549,-0.01158905,0.8918915,-0.4410706,2.168686,-0.9307785,2.025707,-0.8104553,1.500526,-0.938179,0.896183,-0.8566971,0.7633591,-0.8508987,-9.372635,-4.181526,-0.2565384,-1.95018,-4.60231,-0.9921112,-0.3751984,-0.9099503,-0.2560349,-0.8977051
45.48332977294922,,,,,,,,,,,,,,,-0.746315,-1.005165,1.287338,-0.0233078,0.8879852,-0.4381409,2.166733,-0.9405441,2.025707,-0.8045959,1.495644,-0.9401321,0.8942299,-0.8430252,0.7535934,-0.854805,-9.365799,-4.182503,-0.2653275,-1.934555,-4.603287,-0.97258,-0.3703156,-0.9138565,-0.2560349,-0.8879395
45.491668701171875,,,,,,,,,,,,,,,-0.7443619,-0.9885635,1.297104,-0.03795624,0.8831024,-0.4352112,2.163803,-0.9483566,2.025707,-0.79776,1.492714,-0.9401321,0.8922768,-0.8254471,0.7448044,-0.8518753,-9.363846,-4.182503,-0.2711868,-1.917953,-4.60524,-0.9559784,-0.3703156,-0.9187393,-0.257988,-0.8791504
45.5,-1.0,-274.0,-30.0,-98.0,-4.0,-1222.0,-10.0,-4684.0,-4.0,-8723.0,-6.0,-827.0,-3.0,-3156.0,-0.7404556,-0.971962,1.307846,-0.05162811,0.8782196,-0.4352112,2.163803,-0.9561691,2.029613,-0.7879944,1.49369,-0.9401321,0.8922768,-0.8107986,0.7369919,-0.8479691,-9.357986,-4.181526,-0.2770462,-1.902328,-4.609146,-0.9442596,-0.3742218,-0.9206924,-0.2618942,-0.873291
45.508331298828125,,,,,,,,,,,,,,,-0.7375259,-0.9504776,1.315659,-0.0623703,0.8743134,-0.4352112,2.163803,-0.9590988,2.035473,-0.7811584,1.494667,-0.9391556,0.8922768,-0.7941971,0.7301559,-0.8430862,-9.35701,-4.181526,-0.2848587,-1.892563,-4.611099,-0.9374237,-0.3800812,-0.9226456,-0.2687302,-0.8713379
45.51667022705078,,,,,,,,,,,,,,,-0.7345963,-0.9289932,1.321518,-0.07115936,0.868454,-0.4361877,2.160873,-0.9620285,2.041332,-0.7762756,1.49662,-0.9362259,0.8952065,-0.7795486,0.7262497,-0.8382034,-9.357986,-4.182503,-0.2926712,-1.886703,-4.616959,-0.9393768,-0.3898468,-0.9245987,-0.2775192,-0.8723145
45.525001525878906,,,,,,,,,,,,,,,-0.7345963,-0.909462,1.324448,-0.07897186,0.868454,-0.4361877,2.157944,-0.9649582,2.046215,-0.7723694,1.495644,-0.9342728,0.8981361,-0.7727127,0.7242966,-0.8362503,-9.361893,-4.182503,-0.3024368,-1.888657,-4.627701,-0.950119,-0.4025421,-0.9314346,-0.2872849,-0.8742676
45.533329010009766,,,,,,,,,,,,,,,-0.7385025,-0.8957901,1.324448,-0.08483124,0.868454,-0.4381409,2.153061,-0.9678879,2.050121,-0.7723694,1.49369,-0.9303665,0.9010658,-0.7707596,0.7223434,-0.8411331,-9.371658,-4.183479,-0.3092728,-1.898422,-4.640396,-0.9628143,-0.4201202,-0.9382706,-0.2941208,-0.8752441
45.53333333333333,-1.0,-278.0,-31.0,-97.0,-5.0,-1224.0,-10.0,-4687.0,-5.0,-8724.0,-6.0,-823.0,-3.0,-3155.0,,,,,,,,,,,,,,,,,,,,,,,,,,
45.54167175292969,,,,,,,,,,,,,,,-0.7404556,-0.8899307,1.321518,-0.08971405,0.868454,-0.440094,2.146225,-0.9708176,2.052074,-0.7733459,1.489784,-0.9245071,0.903019,-0.7727127,0.7223434,-0.8499222,-9.379471,-4.183479,-0.3190384,-1.913071,-4.649185,-0.9755096,-0.4357452,-0.9451065,-0.3009567,-0.8771973
45.54999923706055,,,,,,,,,,,,,,,-0.7424088,-0.8948135,1.318588,-0.09557343,0.8713837,-0.4410706,2.140366,-0.9757004,2.051098,-0.7772522,1.485878,-0.9186478,0.9039955,-0.7785721,0.7213669,-0.8645706,-9.39119,-4.183479,-0.3278275,-1.930649,-4.659927,-0.9901581,-0.447464,-0.952919,-0.3097458,-0.880127
45.55833053588867,,,,,,,,,,,,,,,-0.7424088,-0.9084854,1.316635,-0.1014328,0.8743134,-0.4459534,2.1306,-0.9786301,2.047192,-0.7840881,1.480019,-0.9098587,0.9010658,-0.7902908,0.7184372,-0.8762894,-9.404861,-4.184456,-0.3317337,-1.948227,-4.66481,-0.9999237,-0.4572296,-0.9617081,-0.3175583,-0.8791504
45.56666666666667,-1.0,-283.0,-31.0,-98.0,-5.0,-1227.0,-10.0,-4691.0,-5.0,-8723.0,-5.0,-821.0,-3.0,-3159.0,,,,,,,,,,,,,,,,,,,,,,,,,,
45.56666946411133,,,,,,,,,,,,,,,-0.7394791,-0.9319229,1.313705,-0.1024094,0.8752899,-0.4537659,2.121811,-0.9825363,2.043285,-0.7870178,1.475136,-0.9010696,0.9000893,-0.801033,0.7155075,-0.8850784,-9.414627,-4.182503,-0.3336868,-1.965805,-4.66774,-1.00676,-0.4640656,-0.9695206,-0.3243942,-0.8771973
45.57500076293945,,,,,,,,,,,,,,,-0.7345963,-0.9602432,1.310776,-0.09947968,0.8723602,-0.4664612,2.113022,-0.9864426,2.037426,-0.7899475,1.474159,-0.8942337,0.8942299,-0.8127518,0.7135544,-0.8889847,-9.425369,-4.17762,-0.3327103,-1.976547,-4.665787,-1.008713,-0.4679718,-0.9753799,-0.3322067,-0.880127
45.58332824707031,,,,,,,,,,,,,,,-0.7267838,-0.987587,1.308823,-0.08971405,0.8655243,-0.4791565,2.107162,-0.985466,2.028637,-0.7928772,1.472206,-0.8903275,0.8893471,-0.823494,0.7116013,-0.886055,-9.436111,-4.169807,-0.3327103,-1.98436,-4.658951,-1.00676,-0.4679718,-0.9792862,-0.3351364,-0.8850098
45.591670989990234,,,,,,,,,,,,,,,-0.7179947,-1.013954,1.309799,-0.06920624,0.8557587,-0.4918518,2.101303,-0.9825363,2.020824,-0.7958069,1.476112,-0.8873978,0.887394,-0.8293533,0.7096481,-0.8723831,-9.443924,-4.157112,-0.3307571,-1.98436,-4.656021,-1.002853,-0.4709015,-0.9802628,-0.3370895,-0.895752
45.599998474121094,,,,,,,,,,,,,,,-0.7121353,-1.034462,1.309799,-0.03990936,0.8469696,-0.5045471,2.098373,-0.9805832,2.015942,-0.8006897,1.481972,-0.8893509,0.8864174,-0.8342361,0.7106247,-0.8538284,-9.454666,-4.14344,-0.3317337,-1.977524,-4.648209,-0.9999237,-0.4709015,-0.9773331,-0.3370895,-0.9064941
45.6,-1.0,-289.0,-31.0,-101.0,-5.0,-1229.0,-10.0,-4695.0,-5.0,-8726.0,-4.0,-822.0,-2.0,-3163.0,,,,,,,,,,,,,,,,,,,,,,,,,,
45.60832977294922,,,,,,,,,,,,,,,-0.7062759,-1.046181,1.311752,-0.006706238,0.8411102,-0.5113831,2.09935,-0.9786301,2.008129,-0.8065491,1.489784,-0.8922806,0.8864174,-0.8332596,0.7116013,-0.8313675,-9.460526,-4.128792,-0.3336868,-1.968735,-4.645279,-0.9999237,-0.4689484,-0.9734268,-0.3312302,-0.9172363
45.616668701171875,,,,,,,,,,,,,,,-0.7033463,-1.04911,1.315659,0.02845001,0.837204,-0.5133362,2.101303,-0.9737473,2.003246,-0.8153381,1.497597,-0.89814,0.8903236,-0.8274002,0.7155075,-0.8069534,-9.466385,-4.114143,-0.3385696,-1.955063,-4.645279,-1.001877,-0.4709015,-0.9656143,-0.3243942,-0.9299316
45.625,,,,,,,,,,,,,,,-0.7004166,-1.047157,1.318588,0.06067657,0.8391571,-0.5094299,2.105209,-0.9688644,2.000317,-0.8241272,1.503456,-0.9079056,0.8922768,-0.8225174,0.7174606,-0.7844925,-9.466385,-4.104378,-0.3463821,-1.944321,-4.644302,-1.00383,-0.4660187,-0.9558487,-0.3165817,-0.9396973
45.633331298828125,,,,,,,,,,,,,,,-0.69944,-1.040321,1.323471,0.08313751,0.8430634,-0.4996643,2.112045,-0.9639816,1.99934,-0.8338928,1.509315,-0.9166946,0.8942299,-0.8147049,0.7203903,-0.7669144,-9.465408,-4.102425,-0.3541946,-1.937485,-4.641373,-1.005783,-0.4591827,-0.9460831,-0.3116989,-0.9465332
45.63333333333333,-1.0,-297.0,-31.0,-103.0,-5.0,-1234.0,-11.0,-4696.0,-4.0,-8731.0,-4.0,-821.0,-2.0,-3167.0,,,,,,,,,,,,,,,,,,,,,,,,,,
45.64167022705078,,,,,,,,,,,,,,,-0.69944,-1.034462,1.326401,0.09485626,0.8498993,-0.486969,2.115952,-0.9630051,1.99934,-0.8387756,1.512245,-0.9264603,0.8952065,-0.8059158,0.72332,-0.7551956,-9.456619,-4.107307,-0.3590775,-1.932602,-4.642349,-1.00676,-0.4484406,-0.9324112,-0.3107224,-0.9504395
45.650001525878906,,,,,,,,,,,,,,,-0.7004166,-1.031532,1.328354,0.09583282,0.8577118,-0.4742737,2.119858,-0.9639816,1.99934,-0.8397522,1.510292,-0.9372025,0.8942299,-0.7990799,0.7272263,-0.7493362,-9.444901,-4.120003,-0.3620071,-1.931625,-4.640396,-1.005783,-0.4396515,-0.921669,-0.3116989,-0.951416
45.658329010009766,,,,,,,,,,,,,,,-0.69944,-1.030556,1.328354,0.08997345,0.8645477,-0.4645081,2.120834,-0.9669113,2.001293,-0.8368225,1.506386,-0.9469681,0.8922768,-0.7932205,0.7301559,-0.7522659,-9.435135,-4.138557,-0.3639603,-1.933578,-4.634537,-0.9999237,-0.431839,-0.9109268,-0.313652,-0.9504395
45.666666666666664,-1.0,-302.0,-32.0,-102.0,-5.0,-1238.0,-11.0,-4699.0,-4.0,-8733.0,-4.0,-820.0,-2.0,-3170.0,,,,,,,,,,,,,,,,,,,,,,,,,,
45.66667175292969,,,,,,,,,,,,,,,-0.69944,-1.031532,1.325424,0.07727814,0.8665009,-0.4566956,2.119858,-0.9727707,2.000317,-0.8329163,1.501503,-0.9528275,0.8893471,-0.7844315,0.7330856,-0.7600784,-9.423416,-4.157112,-0.3639603,-1.936508,-4.626724,-0.988205,-0.4220734,-0.9040909,-0.3175583,-0.9484863
45.67499923706055,,,,,,,,,,,,,,,-0.69944,-1.032509,1.320541,0.05970001,0.8674774,-0.4518127,2.116928,-0.9796066,2.000317,-0.82901,1.495644,-0.9586868,0.8854408,-0.7756424,0.7360153,-0.7717972,-9.418533,-4.178596,-0.3581009,-1.940414,-4.623795,-0.97258,-0.4201202,-0.8992081,-0.3243942,-0.9436035
45.68333053588867,,,,,,,,,,,,,,,-0.69944,-1.031532,1.315659,0.04309845,0.8655243,-0.4469299,2.109116,-0.9864426,1.99934,-0.8251038,1.488808,-0.9625931,0.8825111,-0.7678299,0.738945,-0.7805862,-9.412674,-4.196175,-0.3532181,-1.945297,-4.618912,-0.9550018,-0.4210968,-0.8972549,-0.3283005,-0.935791
45.69166946411133,,,,,,,,,,,,,,,-0.69944,-1.026649,1.309799,0.02942657,0.8596649,-0.4440002,2.104233,-0.9913254,1.997387,-0.8231506,1.484901,-0.9655228,0.8825111,-0.7619705,0.738945,-0.7893753,-9.412674,-4.210823,-0.3473587,-1.949203,-4.621841,-0.9364471,-0.4220734,-0.8982315,-0.3322067,-0.9250488
45.7,-1.0,-306.0,-31.0,-98.0,-5.0,-1236.0,-11.0,-4701.0,-3.0,-8738.0,-4.0,-824.0,-2.0,-3172.0,,,,,,,,,,,,,,,,,,,,,,,,,,
45.70000076293945,,,,,,,,,,,,,,,-0.69944,-1.018837,1.305893,0.01770782,0.8547821,-0.4410706,2.09935,-0.9932785,1.994457,-0.8260803,1.480019,-0.9674759,0.8786049,-0.7590408,0.738945,-0.7962112,-9.410721,-4.221565,-0.3395462,-1.95311,-4.628677,-0.9237518,-0.4240265,-0.9011612,-0.3370895,-0.9133301
45.70832824707031,,,,,,,,,,,,,,,-0.6984634,-1.007118,1.302963,0.006965637,0.8489227,-0.440094,2.09642,-0.9893723,1.993481,-0.8299866,1.476112,-0.969429,0.8756752,-0.7590408,0.7360153,-0.7981644,-9.406815,-4.229378,-0.3366165,-1.957016,-4.640396,-0.9139862,-0.4250031,-0.9050674,-0.344902,-0.9016113
45.716670989990234,,,,,,,,,,,,,,,-0.6984634,-0.9934464,1.302963,-0.001823425,0.8450165,-0.4381409,2.092514,-0.9835129,1.995434,-0.8329163,1.470253,-0.9713821,0.8737221,-0.760994,0.7291794,-0.7942581,-9.400955,-4.23719,-0.3366165,-1.962875,-4.656021,-0.9130096,-0.4250031,-0.9099503,-0.3575974,-0.8898926
45.724998474121094,,,,,,,,,,,,,,,-0.6984634,-0.9827042,1.302963,-0.009635925,0.8411102,-0.4381409,2.091537,-0.9805832,1.995434,-0.8338928,1.466347,-0.9743118,0.8698158,-0.7678299,0.7223434,-0.7883987,-9.392166,-4.245003,-0.3414993,-1.965805,-4.67067,-0.918869,-0.4181671,-0.9128799,-0.3683395,-0.8791504
45.73332977294922,,,,,,,,,,,,,,,-0.69944,-0.9729385,1.304916,-0.0154953,0.8381805,-0.4391174,2.092514,-0.9786301,1.994457,-0.8329163,1.460487,-0.976265,0.8668861,-0.7756424,0.7135544,-0.7825394,-9.381424,-4.248909,-0.3483353,-1.967758,-4.688248,-0.9335175,-0.4132843,-0.9138565,-0.3868942,-0.8723145
45.733333333333334,-1.0,-311.0,-31.0,-94.0,-5.0,-1234.0,-11.0,-4701.0,-2.0,-8747.0,-4.0,-828.0,-2.0,-3177.0,,,,,,,,,,,,,,,,,,,,,,,,,,
45.741668701171875,,,,,,,,,,,,,,,-0.7013931,-0.9670792,1.308823,-0.02135468,0.8352509,-0.4430237,2.091537,-0.9815598,1.994457,-0.8299866,1.456581,-0.9782181,0.8620033,-0.7815018,0.7028122,-0.7776566,-9.369705,-4.254768,-0.3629837,-1.967758,-4.703873,-0.9530487,-0.4123077,-0.9148331,-0.4025192,-0.8713379
45.75,,,,,,,,,,,,,,,-0.7043228,-0.965126,1.309799,-0.02623749,0.8323212,-0.4498596,2.089584,-0.9893723,1.991528,-0.8260803,1.450722,-0.9801712,0.8532143,-0.7863846,0.6930466,-0.7727737,-9.360916,-4.260628,-0.3766556,-1.970688,-4.716568,-0.9735565,-0.4113312,-0.9158096,-0.4171677,-0.8723145
45.758331298828125,,,,,,,,,,,,,,,-0.7092056,-0.9690323,1.314682,-0.02916718,0.8293915,-0.4576721,2.089584,-1.005974,1.986645,-0.8211975,1.451698,-0.9811478,0.8444252,-0.7873611,0.6842575,-0.7708206,-9.357986,-4.267464,-0.3922806,-1.975571,-4.726334,-0.9950409,-0.4152374,-0.9138565,-0.4308395,-0.8771973
45.766666666666666,-1.0,-314.0,-31.0,-95.0,-5.0,-1234.0,-10.0,-4702.0,-2.0,-8757.0,-4.0,-832.0,-2.0,-3182.0,,,,,,,,,,,,,,,,,,,,,,,,,,
45.76667022705078,,,,,,,,,,,,,,,-0.7160416,-0.9768448,1.317612,-0.0311203,0.8264618,-0.4664612,2.085678,-1.023552,1.980785,-0.8192444,1.452675,-0.9870071,0.8356361,-0.785408,0.6774216,-0.7727737,-9.35994,-4.275276,-0.4039993,-1.982407,-4.736099,-1.013596,-0.4250031,-0.9128799,-0.4425583,-0.8879395
45.775001525878906,,,,,,,,,,,,,,,-0.7219009,-0.987587,1.321518,-0.03404999,0.8225555,-0.4752502,2.083725,-1.043083,1.973949,-0.8182678,1.455605,-0.9928665,0.8268471,-0.7844315,0.6696091,-0.7757034,-9.366776,-4.283089,-0.4147415,-1.992172,-4.741959,-1.029221,-0.4376984,-0.9138565,-0.4513474,-0.8986816
45.783329010009766,,,,,,,,,,,,,,,-0.7287369,-1.001259,1.327377,-0.03795624,0.8176727,-0.4840393,2.081772,-1.061638,1.969067,-0.8202209,1.461464,-0.9987259,0.8200111,-0.785408,0.6676559,-0.7815628,-9.377518,-4.291878,-0.4186478,-2.003891,-4.747818,-1.040939,-0.4513702,-0.9138565,-0.454277,-0.9104004
45.79167175292969,,,,,,,,,,,,,,,-0.7385025,-1.014931,1.33226,-0.04381561,0.8127899,-0.4918518,2.080795,-1.074333,1.964184,-0.8211975,1.463417,-1.004585,0.8141518,-0.7912674,0.6647263,-0.7893753,-9.38533,-4.301643,-0.4176712,-2.01561,-4.750748,-1.052658,-0.4669952,-0.9119034,-0.4591599,-0.9240723
45.79999923706055,,,,,,,,,,,,,,,-0.7453384,-1.026649,1.336166,-0.04869843,0.8108368,-0.4947815,2.078842,-1.082146,1.960278,-0.8211975,1.46537,-1.013374,0.8121986,-0.7971268,0.6627731,-0.7971878,-9.397049,-4.308479,-0.4108353,-2.027328,-4.749771,-1.0634,-0.4796906,-0.9089737,-0.4620895,-0.9328613
45.8,-1.0,-316.0,-31.0,-95.0,-6.0,-1236.0,-10.0,-4703.0,-2.0,-8763.0,-4.0,-836.0,-2.0,-3190.0,,,,,,,,,,,,,,,,,,,,,,,,,,
45.80833053588867,,,,,,,,,,,,,,,-0.7541275,-1.031532,1.337143,-0.05162811,0.8098602,-0.4918518,2.076889,-1.084099,1.956371,-0.8182678,1.463417,-1.02021,0.8131752,-0.8059158,0.6627731,-0.8069534,-9.406815,-4.310432,-0.4039993,-2.037094,-4.748795,-1.073166,-0.4923859,-0.906044,-0.4630661,-0.9387207
45.81666946411133,,,,,,,,,,,,,,,-0.76194,-1.033485,1.33519,-0.05260468,0.8098602,-0.4840393,2.074936,-1.081169,1.953442,-0.813385,1.461464,-1.02314,0.8190346,-0.8195877,0.6598434,-0.8216019,-9.41658,-4.306526,-0.3942337,-2.045883,-4.740982,-1.081955,-0.5021515,-0.9021378,-0.4640427,-0.9406738
45.82500076293945,,,,,,,,,,,,,,,-0.7707291,-1.032509,1.330307,-0.04772186,0.8118134,-0.4723206,2.070053,-1.074333,1.950512,-0.8036194,1.455605,-1.028023,0.8219643,-0.8293533,0.6598434,-0.8362503,-9.425369,-4.295784,-0.3864212,-2.052719,-4.740982,-1.089767,-0.5148468,-0.8962784,-0.461113,-0.9377441
45.83332824707031,,,,,,,,,,,,,,,-0.7785416,-1.025673,1.319565,-0.0389328,0.8157196,-0.455719,2.061264,-1.067497,1.948559,-0.7919006,1.447792,-1.030952,0.8278236,-0.8352127,0.6559372,-0.854805,-9.437088,-4.279182,-0.3805618,-2.060532,-4.737076,-1.09465,-0.5246124,-0.8913956,-0.4581833,-0.9299316
45.833333333333336,-1.0,-318.0,-31.0,-95.0,-6.0,-1236.0,-10.0,-4700.0,-2.0,-8768.0,-4.0,-839.0,-3.0,-3199.0,,,,,,,,,,,,,,,,,,,,,,,,,,
45.841670989990234,,,,,,,,,,,,,,,-0.7844009,-1.018837,1.30687,-0.0233078,0.8196259,-0.4391174,2.051498,-1.062614,1.946606,-0.7782288,1.440956,-1.031929,0.833683,-0.8342361,0.6539841,-0.8714066,-9.45076,-4.260628,-0.3805618,-2.07225,-4.736099,-1.095627,-0.5343781,-0.890419,-0.4503708,-0.9172363
45.849998474121094,,,,,,,,,,,,,,,-0.7853775,-1.012001,1.291245,-0.008659363,0.8235321,-0.4254456,2.041733,-1.062614,1.945629,-0.7645569,1.435097,-1.033882,0.8375893,-0.8274002,0.6530075,-0.8841019,-9.461502,-4.241096,-0.3854446,-2.086899,-4.738052,-1.09465,-0.5441437,-0.8894424,-0.4406052,-0.9064941
45.85832977294922,,,,,,,,,,,,,,,-0.7853775,-1.007118,1.278549,0.006965637,0.8254852,-0.4156799,2.028061,-1.066521,1.944653,-0.7557678,1.428261,-1.033882,0.8434486,-0.816658,0.6539841,-0.8938675,-9.474197,-4.224495,-0.3942337,-2.099594,-4.741959,-1.088791,-0.5539093,-0.890419,-0.4318161,-0.8977051
45.86666666666667,-1.0,-317.0,-32.0,-91.0,-6.0,-1235.0,-10.0,-4697.0,-3.0,-8765.0,-5.0,-839.0,-3.0,-3204.0,,,,,,,,,,,,,,,,,,,,,,,,,,
45.866668701171875,,,,,,,,,,,,,,,-0.7824478,-1.003212,1.26683,0.0157547,0.8245087,-0.4137268,2.016342,-1.074333,1.942699,-0.7538147,1.423378,-1.036812,0.8463783,-0.8000565,0.6539841,-0.8958206,-9.48201,-4.215706,-0.4030228,-2.112289,-4.747818,-1.081955,-0.5607452,-0.8953018,-0.423027,-0.8908691
45.875,,,,,,,,,,,,,,,-0.7785416,-1.002235,1.258041,0.02161407,0.821579,-0.4195862,2.003647,-1.085075,1.944653,-0.7586975,1.419472,-1.038765,0.8473549,-0.7824783,0.6578903,-0.8889847,-9.490799,-4.214729,-0.4118118,-2.123032,-4.749771,-1.074142,-0.5656281,-0.8992081,-0.4181442,-0.8869629
45.883331298828125,,,,,,,,,,,,,,,-0.7717056,-1.003212,1.255112,0.02259064,0.8157196,-0.4264221,1.993881,-1.094841,1.940746,-0.7713928,1.416542,-1.039742,0.8463783,-0.7678299,0.6627731,-0.8762894,-9.495682,-4.220589,-0.4215775,-2.130844,-4.748795,-1.064377,-0.5656281,-0.9040909,-0.4181442,-0.8869629
45.89167022705078,,,,,,,,,,,,,,,-0.7677994,-1.004189,1.256088,0.0157547,0.8108368,-0.4352112,1.981186,-1.102654,1.937817,-0.7899475,1.414589,-1.040718,0.8414955,-0.7551346,0.6696091,-0.8577347,-9.497635,-4.230354,-0.4274368,-2.128891,-4.747818,-1.056564,-0.5685577,-0.9099503,-0.4220505,-0.8908691
45.9,-1.0,-313.0,-32.0,-88.0,-6.0,-1235.0,-10.0,-4698.0,-3.0,-8767.0,-6.0,-836.0,-3.0,-3210.0,,,,,,,,,,,,,,,,,,,,,,,,,,
45.900001525878906,,,,,,,,,,,,,,,-0.7648697,-1.007118,1.260971,0.006965637,0.805954,-0.4469299,1.973373,-1.105583,1.932934,-0.8143616,1.415565,-1.039742,0.8366127,-0.745369,0.676445,-0.8372269,-9.495682,-4.24305,-0.4332962,-2.120102,-4.741959,-1.046799,-0.5656281,-0.9177628,-0.4288864,-0.8977051
45.908329010009766,,,,,,,,,,,,,,,-0.7638931,-1.012978,1.264877,-0.0008468628,0.8020477,-0.4566956,1.966537,-1.104607,1.927074,-0.8368225,1.417519,-1.037788,0.8307533,-0.7414627,0.6832809,-0.8206253,-9.497635,-4.255745,-0.4342728,-2.108383,-4.737076,-1.036057,-0.5646515,-0.9265518,-0.4396286,-0.9055176
45.91667175292969,,,,,,,,,,,,,,,-0.7629166,-1.02079,1.26976,-0.009635925,0.8000946,-0.4684143,1.962631,-1.095818,1.918285,-0.8553772,1.417519,-1.035835,0.8239174,-0.7404861,0.6862106,-0.8059769,-9.496658,-4.262581,-0.4401321,-2.091782,-4.736099,-1.029221,-0.5626984,-0.9333878,-0.4503708,-0.9162598
45.92499923706055,,,,,,,,,,,,,,,-0.7609634,-1.030556,1.273666,-0.01744843,0.8000946,-0.4781799,1.963608,-1.083122,1.907543,-0.8670959,1.421425,-1.034859,0.818058,-0.7404861,0.6881638,-0.7981644,-9.497635,-4.262581,-0.4420853,-2.070297,-4.739029,-1.022385,-0.5587921,-0.9402237,-0.4572067,-0.9309082
45.93333053588867,,,,,,,,,,,,,,,-0.7609634,-1.038368,1.271713,-0.02233124,0.8010712,-0.4859924,1.968491,-1.06945,1.896801,-0.8719788,1.422401,-1.030952,0.8121986,-0.7443924,0.6871872,-0.7942581,-9.499588,-4.257698,-0.4479446,-2.050766,-4.746841,-1.017502,-0.5587921,-0.9470596,-0.4630661,-0.9465332
45.93333333333333,-1.0,-312.0,-32.0,-84.0,-6.0,-1237.0,-10.0,-4704.0,-3.0,-8771.0,-6.0,-836.0,-4.0,-3214.0,,,,,,,,,,,,,,,,,,,,,,,,,,
45.94166946411133,,,,,,,,,,,,,,,-0.7590103,-1.04911,1.268784,-0.02721405,0.8010712,-0.4928284,1.978256,-1.060661,1.888012,-0.8700256,1.422401,-1.024117,0.8112221,-0.7512283,0.6862106,-0.792305,-9.501541,-4.248909,-0.4547806,-2.032211,-4.759537,-1.016525,-0.5578156,-0.9490128,-0.4659958,-0.9641113
45.95000076293945,,,,,,,,,,,,,,,-0.7580338,-1.057899,1.262924,-0.0311203,0.8000946,-0.4977112,1.988998,-1.051872,1.879223,-0.8631897,1.416542,-1.019234,0.809269,-0.7551346,0.6823044,-0.792305,-9.504471,-4.238167,-0.4645462,-2.020493,-4.778091,-1.020432,-0.556839,-0.9470596,-0.4679489,-0.982666
45.95832824707031,,,,,,,,,,,,,,,-0.7580338,-1.062782,1.254135,-0.03404999,0.7981415,-0.502594,2.000717,-1.045036,1.87141,-0.8534241,1.40873,-1.013374,0.809269,-0.7590408,0.676445,-0.792305,-9.508377,-4.228401,-0.4713821,-2.01268,-4.797623,-1.029221,-0.556839,-0.9441299,-0.469902,-1.002197
45.96666666666667,0.0,-312.0,-32.0,-81.0,-5.0,-1237.0,-10.0,-4712.0,-4.0,-8775.0,-5.0,-837.0,-4.0,-3218.0,,,,,,,,,,,,,,,,,,,,,,,,,,
45.966670989990234,,,,,,,,,,,,,,,-0.7570572,-1.064735,1.245346,-0.03600311,0.7922821,-0.5035706,2.012436,-1.043083,1.869457,-0.8417053,1.398964,-1.006538,0.8112221,-0.7629471,0.6725388,-0.7893753,-9.511307,-4.220589,-0.4772415,-2.014633,-4.817154,-1.041916,-0.5578156,-0.9363174,-0.4708786,-1.022705
45.974998474121094,,,,,,,,,,,,,,,-0.7570572,-1.064735,1.239487,-0.03404999,0.7854462,-0.5055237,2.018295,-1.042107,1.868481,-0.8299866,1.388222,-1.000679,0.8121986,-0.7658768,0.6696091,-0.7874222,-9.51619,-4.214729,-0.4840775,-2.024399,-4.835709,-1.057541,-0.5597687,-0.9294815,-0.4708786,-1.039307
45.98332977294922,,,,,,,,,,,,,,,-0.7580338,-1.063759,1.23558,-0.02916718,0.7776337,-0.5074768,2.019272,-1.0382,1.869457,-0.8163147,1.378456,-0.9957962,0.8151283,-0.7668533,0.6696091,-0.7864456,-9.521072,-4.2118,-0.4860306,-2.040024,-4.850357,-1.075119,-0.5626984,-0.921669,-0.4718552,-1.053955
45.991668701171875,,,,,,,,,,,,,,,-0.7580338,-1.061806,1.232651,-0.02135468,0.7698212,-0.5123596,2.016342,-1.027458,1.87141,-0.8026428,1.372597,-0.9948196,0.818058,-0.7639236,0.6696091,-0.7864456,-9.526932,-4.212776,-0.4879837,-2.060532,-4.862076,-1.090744,-0.5626984,-0.9119034,-0.4728317,-1.063721
46.0,0.0,-317.0,-32.0,-80.0,-5.0,-1236.0,-10.0,-4721.0,-4.0,-8778.0,-5.0,-836.0,-3.0,-3224.0,-0.7551041,-1.059853,1.231674,-0.01256561,0.7639618,-0.5162659,2.011459,-1.014763,1.873363,-0.7909241,1.369667,-0.9967728,0.818058,-0.7590408,0.6715622,-0.7893753,-9.529861,-4.213753,-0.4889603,-2.080063,-4.869888,-1.103439,-0.5636749,-0.9031143,-0.469902,-1.06958
46.008331298828125,,,,,,,,,,,,,,,-0.7521744,-1.057899,1.231674,-0.002799988,0.7600555,-0.5191956,2.004623,-1.000114,1.87434,-0.7801819,1.369667,-1.000679,0.8190346,-0.7531815,0.6754684,-0.7952347,-9.529861,-4.215706,-0.4889603,-2.094711,-4.877701,-1.111252,-0.5617218,-0.8943253,-0.4620895,-1.06958
46.01667022705078,,,,,,,,,,,,,,,-0.7492447,-1.055946,1.232651,0.003059387,0.7571259,-0.5231018,1.995834,-0.9825363,1.873363,-0.7723694,1.373573,-1.005562,0.8141518,-0.7443924,0.6793747,-0.8040237,-9.524979,-4.218636,-0.4860306,-2.098618,-4.881607,-1.113205,-0.5597687,-0.8855362,-0.454277,-1.063721
46.025001525878906,,,,,,,,,,,,,,,-0.7453384,-1.050087,1.232651,0.0079422,0.7532196,-0.5240784,1.990952,-0.969841,1.869457,-0.7645569,1.37748,-1.011421,0.8102455,-0.7336502,0.6832809,-0.8137894,-9.517166,-4.222542,-0.4840775,-2.095688,-4.877701,-1.106369,-0.5519562,-0.8787003,-0.445488,-1.058838
46.033329010009766,,,,,,,,,,,,,,,-0.7453384,-1.043251,1.230698,0.01087189,0.752243,-0.5211487,1.985092,-0.9639816,1.862621,-0.7596741,1.37748,-1.013374,0.802433,-0.7248611,0.6862106,-0.8196487,-9.506424,-4.225471,-0.4801712,-2.082016,-4.874771,-1.095627,-0.5519562,-0.874794,-0.4366989,-1.052979
46.03333333333333,0.0,-321.0,-31.0,-77.0,-5.0,-1238.0,-10.0,-4725.0,-3.0,-8777.0,-6.0,-834.0,-2.0,-3228.0,,,,,,,,,,,,,,,,,,,,,,,,,,
46.04167175292969,,,,,,,,,,,,,,,-0.7433853,-1.032509,1.228745,0.009895325,0.7532196,-0.5143127,1.984116,-0.9639816,1.852856,-0.7557678,1.376503,-1.013374,0.7926674,-0.7170486,0.6881638,-0.823555,-9.494705,-4.227425,-0.4772415,-2.062485,-4.868912,-1.082932,-0.5470734,-0.8787003,-0.4308395,-1.050049
46.04999923706055,,,,,,,,,,,,,,,-0.7424088,-1.01786,1.224838,0.005012512,0.7532196,-0.5065002,1.984116,-0.9688644,1.84309,-0.7528381,1.37162,-1.009468,0.7809486,-0.7082596,0.6881638,-0.8216019,-9.47908,-4.229378,-0.4655228,-2.040024,-4.860123,-1.06926,-0.5460968,-0.8894424,-0.4279099,-1.050049
46.05833053588867,,,,,,,,,,,,,,,-0.7414322,-1.001259,1.221909,0.003059387,0.7532196,-0.4977112,1.985092,-0.9796066,1.832348,-0.7489319,1.364784,-1.001656,0.7682533,-0.7014236,0.6881638,-0.8137894,-9.471268,-4.228401,-0.4596634,-2.020493,-4.847427,-1.057541,-0.5500031,-0.9079971,-0.4249802,-1.052979
46.06666666666667,-1.0,-322.0,-31.0,-72.0,-5.0,-1240.0,-11.0,-4728.0,-3.0,-8772.0,-6.0,-832.0,-2.0,-3231.0,,,,,,,,,,,,,,,,,,,,,,,,,,
46.06666946411133,,,,,,,,,,,,,,,-0.7414322,-0.9846573,1.218979,0.002082825,0.7551727,-0.4928284,1.985092,-0.9913254,1.823559,-0.7401428,1.356972,-0.9938431,0.7565346,-0.6955643,0.6862106,-0.8040237,-9.467361,-4.223518,-0.4479446,-2.005844,-4.834732,-1.053635,-0.5539093,-0.9314346,-0.4259567,-1.059814
46.07500076293945,,,,,,,,,,,,,,,-0.7414322,-0.971962,1.219955,0.0001296997,0.7571259,-0.4928284,1.983139,-0.9981613,1.81477,-0.7313538,1.351112,-0.9860306,0.746769,-0.6906815,0.6813278,-0.8001175,-9.470291,-4.216682,-0.438179,-1.995102,-4.823013,-1.054611,-0.5607452,-0.9558487,-0.4308395,-1.070557
46.08332824707031,,,,,,,,,,,,,,,-0.7404556,-0.9641495,1.219955,0.0001296997,0.759079,-0.4967346,1.980209,-1.003044,1.810863,-0.7235413,1.349159,-0.9772415,0.739933,-0.6887283,0.676445,-0.7981644,-9.480057,-4.20594,-0.4274368,-1.989243,-4.812271,-1.060471,-0.5666046,-0.9773331,-0.4366989,-1.081299
46.091670989990234,,,,,,,,,,,,,,,-0.7404556,-0.9631729,1.222885,0.001106262,0.759079,-0.5065002,1.975327,-1.004997,1.810863,-0.7206116,1.347206,-0.9704056,0.7360268,-0.6877518,0.6715622,-0.8030472,-9.490799,-4.192268,-0.422554,-1.988266,-4.806412,-1.072189,-0.5695343,-0.9919815,-0.4425583,-1.090088
46.099998474121094,,,,,,,,,,,,,,,-0.7424088,-0.9680557,1.225815,0.002082825,0.7600555,-0.5172424,1.966537,-1.004021,1.813793,-0.719635,1.352089,-0.9674759,0.7360268,-0.6897049,0.6666794,-0.8186722,-9.506424,-4.179573,-0.4235306,-1.990219,-4.800552,-1.085861,-0.572464,-0.9978409,-0.4493942,-1.093994
46.1,-1.0,-323.0,-31.0,-68.0,-5.0,-1244.0,-11.0,-4729.0,-3.0,-8767.0,-6.0,-828.0,-2.0,-3235.0,,,,,,,,,,,,,,,,,,,,,,,,,,
46.10832977294922,,,,,,,,,,,,,,,-0.7443619,-0.9758682,1.229721,0.003059387,0.7600555,-0.5309143,1.957748,-1.003044,1.817699,-0.7235413,1.357948,-0.9655228,0.7379799,-0.6955643,0.6627731,-0.8411331,-9.523026,-4.164925,-0.42939,-1.992172,-4.798599,-1.098557,-0.5744171,-0.9949112,-0.461113,-1.093994
46.116668701171875,,,,,,,,,,,,,,,-0.7472916,-0.9817276,1.230698,0.005012512,0.7600555,-0.5455627,1.947006,-1.004997,1.823559,-0.7333069,1.362831,-0.9655228,0.7428627,-0.7014236,0.6588669,-0.8665237,-9.536697,-4.155159,-0.4440384,-1.993149,-4.79567,-1.112228,-0.5783234,-0.984169,-0.4738083,-1.091064
46.125,,,,,,,,,,,,,,,-0.7511978,-0.9866104,1.230698,0.006965637,0.7620087,-0.5533752,1.938217,-1.01281,1.829418,-0.7420959,1.365761,-0.9655228,0.7477455,-0.7082596,0.6559372,-0.8928909,-9.54744,-4.151253,-0.4586868,-1.993149,-4.79567,-1.119064,-0.5783234,-0.9724503,-0.4894333,-1.081299
46.133331298828125,,,,,,,,,,,,,,,-0.7531509,-0.9866104,1.226791,0.009895325,0.7649384,-0.5582581,1.929428,-1.024529,1.837231,-0.7518616,1.369667,-0.9674759,0.7516518,-0.714119,0.6520309,-0.9153519,-9.555252,-4.151253,-0.4801712,-1.990219,-4.79567,-1.121994,-0.5841827,-0.9578018,-0.5031052,-1.068604
46.13333333333333,-1.0,-324.0,-32.0,-63.0,-5.0,-1246.0,-11.0,-4724.0,-3.0,-8767.0,-5.0,-827.0,-2.0,-3238.0,,,,,,,,,,,,,,,,,,,,,,,,,,
46.14167022705078,,,,,,,,,,,,,,,-0.7531509,-0.9817276,1.221909,0.01380157,0.7668915,-0.5602112,1.923569,-1.036247,1.839184,-0.7586975,1.367714,-0.9713821,0.7545815,-0.7150955,0.6471481,-0.9300003,-9.557205,-4.157112,-0.4997025,-1.985336,-4.793716,-1.124924,-0.588089,-0.9421768,-0.5187302,-1.052979
46.150001525878906,,,,,,,,,,,,,,,-0.7511978,-0.9700089,1.214096,0.01966095,0.7698212,-0.5563049,1.919662,-1.049919,1.842113,-0.7616272,1.364784,-0.9752884,0.7536049,-0.7111893,0.6412888,-0.9378128,-9.553299,-4.168831,-0.5202103,-1.979477,-4.78981,-1.121994,-0.5949249,-0.9285049,-0.5304489,-1.032471
46.158329010009766,,,,,,,,,,,,,,,-0.7502213,-0.9573135,1.20726,0.02552032,0.7717743,-0.5504456,1.916733,-1.059685,1.842113,-0.7626038,1.362831,-0.976265,0.7516518,-0.7043533,0.6354294,-0.9378128,-9.549393,-4.181526,-0.5368118,-1.972641,-4.791763,-1.115158,-0.603714,-0.9177628,-0.5363083,-1.013916
46.166666666666664,-2.0,-321.0,-33.0,-59.0,-5.0,-1246.0,-11.0,-4719.0,-2.0,-8768.0,-6.0,-828.0,-3.0,-3240.0,,,,,,,,,,,,,,,,,,,,,,,,,,
46.16667175292969,,,,,,,,,,,,,,,-0.7472916,-0.9465714,1.200424,0.02942657,0.7698212,-0.5397034,1.915756,-1.064568,1.841137,-0.7596741,1.361855,-0.976265,0.7487221,-0.6965408,0.62957,-0.9300003,-9.542557,-4.195198,-0.5465775,-1.964828,-4.794693,-1.106369,-0.6076202,-0.906044,-0.5421677,-0.9963379
46.17499923706055,,,,,,,,,,,,,,,-0.746315,-0.9377823,1.194565,0.02649689,0.7659149,-0.5299377,1.917709,-1.065544,1.837231,-0.7586975,1.359901,-0.9713821,0.7438393,-0.6897049,0.6256638,-0.917305,-9.533768,-4.206917,-0.5573196,-1.957016,-4.802505,-1.09465,-0.6144562,-0.8972549,-0.5411911,-0.9816895
46.18333053588867,,,,,,,,,,,,,,,-0.746315,-0.9309464,1.191635,0.01966095,0.759079,-0.5201721,1.920639,-1.063591,1.830395,-0.7586975,1.357948,-0.9616165,0.7389565,-0.6848221,0.6227341,-0.90168,-9.526932,-4.214729,-0.563179,-1.951157,-4.813248,-1.081955,-0.6242218,-0.890419,-0.5363083,-0.967041
46.19166946411133,,,,,,,,,,,,,,,-0.7502213,-0.925087,1.189682,0.006965637,0.7473602,-0.5084534,1.924545,-1.057732,1.820629,-0.7577209,1.358925,-0.9508743,0.7360268,-0.6818924,0.6227341,-0.8889847,-9.523026,-4.216682,-0.563179,-1.945297,-4.825943,-1.065353,-0.6300812,-0.8865128,-0.5343552,-0.958252
46.2,-2.0,-319.0,-34.0,-58.0,-5.0,-1247.0,-11.0,-4719.0,-2.0,-8771.0,-6.0,-828.0,-3.0,-3239.0,,,,,,,,,,,,,,,,,,,,,,,,,,
46.20000076293945,,,,,,,,,,,,,,,-0.7551041,-0.9211807,1.191635,-0.008659363,0.7336884,-0.4947815,1.930405,-1.049919,1.809887,-0.7596741,1.357948,-0.9362259,0.7350502,-0.6818924,0.6246872,-0.8792191,-9.521072,-4.215706,-0.5592728,-1.941391,-4.842545,-1.045822,-0.6388702,-0.8845596,-0.532402,-0.9543457
46.20832824707031,,,,,,,,,,,,,,,-0.7599869,-0.918251,1.196518,-0.02916718,0.7229462,-0.4801331,1.938217,-1.042107,1.798168,-0.7635803,1.355995,-0.922554,0.7360268,-0.682869,0.6266403,-0.8723831,-9.519119,-4.207893,-0.5553665,-1.937485,-4.85231,-1.024338,-0.6466827,-0.8865128,-0.5294724,-0.9543457
46.216670989990234,,,,,,,,,,,,,,,-0.7638931,-0.9153214,1.203354,-0.04869843,0.712204,-0.4635315,1.94603,-1.033318,1.786449,-0.7704163,1.352089,-0.9118118,0.7389565,-0.682869,0.62957,-0.8694534,-9.51619,-4.200081,-0.5495071,-1.934555,-4.865005,-1.00383,-0.6544952,-0.8913956,-0.5284958,-0.958252
46.224998474121094,,,,,,,,,,,,,,,-0.7648697,-0.9172745,1.212143,-0.06432343,0.7043915,-0.4459534,1.953842,-1.024529,1.775707,-0.7743225,1.34623,-0.9079056,0.7428627,-0.6838455,0.6305466,-0.8723831,-9.51326,-4.194221,-0.5456009,-1.933578,-4.873795,-0.9872284,-0.6652374,-0.8992081,-0.5284958,-0.9660645
46.23332977294922,,,,,,,,,,,,,,,-0.7638931,-0.9192276,1.220932,-0.07311249,0.7004852,-0.4293518,1.960678,-1.015739,1.767895,-0.7782288,1.339394,-0.9059525,0.746769,-0.6838455,0.62957,-0.8753128,-9.505447,-4.187386,-0.5446243,-1.932602,-4.878677,-0.9735565,-0.6730499,-0.906044,-0.5294724,-0.973877
46.233333333333334,-2.0,-321.0,-34.0,-58.0,-5.0,-1252.0,-10.0,-4718.0,-1.0,-8776.0,-5.0,-828.0,-3.0,-3238.0,,,,,,,,,,,,,,,,,,,,,,,,,,
46.241668701171875,,,,,,,,,,,,,,,-0.7629166,-0.925087,1.227768,-0.07115936,0.7024384,-0.4127502,1.964584,-1.007927,1.763012,-0.7792053,1.329628,-0.906929,0.7487221,-0.682869,0.6266403,-0.8782425,-9.495682,-4.184456,-0.5446243,-1.934555,-4.88063,-0.9676971,-0.6828156,-0.9119034,-0.5294724,-0.9807129
46.25,,,,,,,,,,,,,,,-0.7580338,-0.9348526,1.233627,-0.06139374,0.7082977,-0.3990784,1.966537,-1.003044,1.762035,-0.7772522,1.319862,-0.9098587,0.7487221,-0.6848221,0.6227341,-0.8782425,-9.485916,-4.184456,-0.5465775,-1.936508,-4.885513,-0.9676971,-0.6876984,-0.9197159,-0.5304489,-0.9875488
46.258331298828125,,,,,,,,,,,,,,,-0.7541275,-0.9455948,1.234604,-0.04869843,0.7141571,-0.3922424,1.962631,-0.9991379,1.763988,-0.7743225,1.31205,-0.9127884,0.746769,-0.6897049,0.6168747,-0.8743362,-9.478104,-4.188362,-0.5446243,-1.938461,-4.888443,-0.9745331,-0.6945343,-0.9226456,-0.5284958,-0.9953613
46.266666666666666,-2.0,-322.0,-34.0,-59.0,-4.0,-1257.0,-10.0,-4717.0,-2.0,-8788.0,-5.0,-828.0,-3.0,-3239.0,,,,,,,,,,,,,,,,,,,,,,,,,,
46.26667022705078,,,,,,,,,,,,,,,-0.7511978,-0.9543839,1.232651,-0.03502655,0.7219696,-0.3912659,1.954819,-1.002068,1.766918,-0.7713928,1.302284,-0.9127884,0.7418861,-0.698494,0.6129684,-0.8694534,-9.471268,-4.195198,-0.547554,-1.942368,-4.892349,-0.9901581,-0.6945343,-0.921669,-0.5284958,-0.9973145
46.275001525878906,,,,,,,,,,,,,,,-0.7511978,-0.9602432,1.226791,-0.01744843,0.727829,-0.3951721,1.9431,-1.00988,1.774731,-0.7674866,1.296425,-0.9079056,0.7350502,-0.7092361,0.6100388,-0.8626175,-9.470291,-4.203011,-0.5436478,-1.945297,-4.899185,-1.004807,-0.6935577,-0.9187393,-0.5275192,-0.9963379
46.283329010009766,,,,,,,,,,,,,,,-0.7521744,-0.9592667,1.219955,-0.0008468628,0.7288055,-0.4039612,1.931381,-1.018669,1.781567,-0.7655334,1.292519,-0.9010696,0.7301674,-0.7190018,0.6090622,-0.854805,-9.474197,-4.2118,-0.5358353,-1.946274,-4.908951,-1.018478,-0.6886749,-0.9138565,-0.5275192,-0.9963379
46.29167175292969,,,,,,,,,,,,,,,-0.7560806,-0.9543839,1.21019,0.01087189,0.7258759,-0.4137268,1.919662,-1.029411,1.787426,-0.7655334,1.290565,-0.8903275,0.7262611,-0.7268143,0.6110153,-0.8479691,-9.481033,-4.219612,-0.5289993,-1.946274,-4.922623,-1.031174,-0.6808624,-0.9109268,-0.5284958,-0.9973145
46.29999923706055,,,,,,,,,,,,,,,-0.7599869,-0.9465714,1.202377,0.01770782,0.7239227,-0.4234924,1.909897,-1.039177,1.789379,-0.7674866,1.290565,-0.8795853,0.7252846,-0.7316971,0.6129684,-0.8440628,-9.489822,-4.227425,-0.52314,-1.945297,-4.936295,-1.038986,-0.6710968,-0.9099503,-0.5284958,-0.9953613
46.3,-2.0,-325.0,-35.0,-63.0,-4.0,-1264.0,-10.0,-4720.0,-3.0,-8800.0,-5.0,-829.0,-3.0,-3240.0,,,,,,,,,,,,,,,,,,,,,,,,,,
46.30833053588867,,,,,,,,,,,,,,,-0.7629166,-0.9368057,1.195541,0.02161407,0.7170868,-0.4313049,1.900131,-1.04406,1.791332,-0.7733459,1.295448,-0.8727493,0.7272377,-0.729744,0.6158981,-0.8450394,-9.498611,-4.234261,-0.5192337,-1.944321,-4.955826,-1.043869,-0.6613312,-0.9119034,-0.5294724,-0.9914551
46.31666946411133,,,,,,,,,,,,,,,-0.7668228,-0.9260635,1.187729,0.02454376,0.7102509,-0.4371643,1.894272,-1.043083,1.789379,-0.7792053,1.301308,-0.8688431,0.7301674,-0.722908,0.6188278,-0.8499222,-9.508377,-4.239143,-0.5182571,-1.944321,-4.972427,-1.046799,-0.6515656,-0.9177628,-0.5304489,-0.9885254
46.32500076293945,,,,,,,,,,,,,,,-0.7697525,-0.9221573,1.180893,0.02747345,0.7043915,-0.4381409,1.894272,-1.035271,1.788403,-0.7840881,1.311073,-0.86689,0.7340736,-0.7102127,0.6217575,-0.854805,-9.512283,-4.245979,-0.5202103,-1.94725,-4.986099,-1.049728,-0.6486359,-0.9236221,-0.5314255,-0.9816895
46.33332824707031,,,,,,,,,,,,,,,-0.7736588,-0.9231339,1.17601,0.03040314,0.7014618,-0.4352112,1.893295,-1.020622,1.789379,-0.7879944,1.320839,-0.8698196,0.7360268,-0.6936111,0.6246872,-0.8577347,-9.515213,-4.256721,-0.5299759,-1.951157,-4.996841,-1.054611,-0.6476593,-0.9285049,-0.5353317,-0.9709473
46.333333333333336,-2.0,-326.0,-35.0,-66.0,-4.0,-1269.0,-10.0,-4727.0,-3.0,-8806.0,-6.0,-832.0,-3.0,-3241.0,,,,,,,,,,,,,,,,,,,,,,,,,,
46.341670989990234,,,,,,,,,,,,,,,-0.7756119,-0.9280167,1.170151,0.03333282,0.6985321,-0.4313049,1.892319,-1.00695,1.790356,-0.7919006,1.332558,-0.8747025,0.7370033,-0.6789627,0.6266403,-0.8596878,-9.518143,-4.267464,-0.538765,-1.959946,-5.004654,-1.061447,-0.6476593,-0.9324112,-0.539238,-0.9572754
46.349998474121094,,,,,,,,,,,,,,,-0.7804947,-0.9368057,1.165268,0.03626251,0.6995087,-0.4254456,1.892319,-0.9923019,1.793285,-0.7938538,1.341347,-0.8805618,0.7340736,-0.6691971,0.6266403,-0.8577347,-9.512283,-4.277229,-0.5456009,-1.968735,-5.006607,-1.070236,-0.6544952,-0.9294815,-0.5441208,-0.9406738
46.35832977294922,,,,,,,,,,,,,,,-0.7824478,-0.9446182,1.162338,0.04114532,0.6995087,-0.4186096,1.889389,-0.9805832,1.797192,-0.7948303,1.347206,-0.882515,0.7330971,-0.6643143,0.6285934,-0.8518753,-9.506424,-4.286995,-0.5534134,-1.977524,-5.004654,-1.076096,-0.6593781,-0.921669,-0.5509567,-0.9230957
46.36666666666667,-2.0,-328.0,-34.0,-67.0,-4.0,-1274.0,-10.0,-4733.0,-4.0,-8812.0,-7.0,-835.0,-4.0,-3247.0,,,,,,,,,,,,,,,,,,,,,,,,,,
46.366668701171875,,,,,,,,,,,,,,,-0.7863541,-0.9514542,1.160385,0.04505157,0.7004852,-0.4098206,1.888412,-0.9747238,1.801098,-0.7958069,1.349159,-0.882515,0.7301674,-0.6652908,0.6276169,-0.8421097,-9.496658,-4.293831,-0.5553665,-1.987289,-4.998795,-1.080002,-0.6691437,-0.9089737,-0.5568161,-0.9055176
46.375,,,,,,,,,,,,,,,-0.7883072,-0.9553604,1.162338,0.04505157,0.7043915,-0.4039612,1.887436,-0.9708176,1.800121,-0.79776,1.3433,-0.8805618,0.7282143,-0.6750565,0.6227341,-0.8313675,-9.485916,-4.295784,-0.55439,-1.998032,-4.992935,-1.079025,-0.6750031,-0.8943253,-0.5656052,-0.8928223
46.383331298828125,,,,,,,,,,,,,,,-0.7892838,-0.9514542,1.166245,0.04016876,0.7043915,-0.3971252,1.886459,-0.9717941,1.797192,-0.7967834,1.335487,-0.8747025,0.7301674,-0.6897049,0.6188278,-0.8196487,-9.475174,-4.290901,-0.547554,-2.010727,-4.987076,-1.073166,-0.6808624,-0.8806534,-0.5734177,-0.8869629
46.39167022705078,,,,,,,,,,,,,,,-0.7873306,-0.940712,1.172104,0.03235626,0.7092743,-0.3902893,1.886459,-0.9757004,1.788403,-0.7987366,1.322792,-0.8698196,0.731144,-0.7092361,0.6119919,-0.8059769,-9.466385,-4.281136,-0.5446243,-2.019516,-4.98317,-1.064377,-0.6837921,-0.8669815,-0.5802536,-0.8830566
46.4,-2.0,-333.0,-33.0,-66.0,-4.0,-1275.0,-9.0,-4739.0,-4.0,-8818.0,-7.0,-834.0,-4.0,-3255.0,,,,,,,,,,,,,,,,,,,,,,,,,,
46.400001525878906,,,,,,,,,,,,,,,-0.7873306,-0.9260635,1.179916,0.0235672,0.7112274,-0.3854065,1.888412,-0.9786301,1.779613,-0.8016663,1.310097,-0.86689,0.7350502,-0.7277908,0.6012497,-0.7952347,-9.460526,-4.266487,-0.5358353,-2.026352,-4.978287,-1.055588,-0.6857452,-0.8581924,-0.5851364,-0.8820801
46.408329010009766,,,,,,,,,,,,,,,-0.7853775,-0.9084854,1.185776,0.01282501,0.712204,-0.3815002,1.891342,-0.9825363,1.768871,-0.8036194,1.297401,-0.8649368,0.7370033,-0.7434158,0.5895309,-0.7893753,-9.458572,-4.251839,-0.5309525,-2.029282,-4.973404,-1.046799,-0.6896515,-0.8533096,-0.5890427,-0.8859863
46.41667175292969,,,,,,,,,,,,,,,-0.7844009,-0.8948135,1.188705,0.003059387,0.7112274,-0.377594,1.891342,-0.9864426,1.760082,-0.8026428,1.289589,-0.8629837,0.7340736,-0.7570877,0.5807419,-0.7874222,-9.460526,-4.236214,-0.5260696,-2.029282,-4.970474,-1.038986,-0.6935577,-0.8513565,-0.5919724,-0.8947754
46.42499923706055,,,,,,,,,,,,,,,-0.7844009,-0.8850479,1.191635,-0.005729675,0.7112274,-0.3717346,1.890366,-0.9864426,1.753246,-0.79776,1.286659,-0.8610306,0.7282143,-0.7658768,0.5729294,-0.7883987,-9.465408,-4.225471,-0.5241165,-2.027328,-4.970474,-1.03215,-0.6984406,-0.8523331,-0.5919724,-0.904541
46.43333053588867,,,,,,,,,,,,,,,-0.7834244,-0.8821182,1.191635,-0.01158905,0.7112274,-0.3678284,1.884506,-0.9864426,1.748363,-0.7889709,1.286659,-0.8610306,0.7223549,-0.7688065,0.5680466,-0.792305,-9.474197,-4.214729,-0.52314,-2.019516,-4.973404,-1.026291,-0.7101593,-0.8552628,-0.5880661,-0.9133301
46.43333333333333,-2.0,-339.0,-32.0,-67.0,-4.0,-1277.0,-9.0,-4745.0,-4.0,-8822.0,-7.0,-835.0,-4.0,-3264.0,,,,,,,,,,,,,,,,,,,,,,,,,,
46.44166946411133,,,,,,,,,,,,,,,-0.7834244,-0.8879776,1.188705,-0.01744843,0.7092743,-0.3629456,1.875717,-0.9874191,1.747387,-0.7782288,1.291542,-0.860054,0.715519,-0.7678299,0.5660934,-0.7981644,-9.483963,-4.206917,-0.5250931,-2.00975,-4.975357,-1.020432,-0.7218781,-0.8581924,-0.5802536,-0.9230957
46.45000076293945,,,,,,,,,,,,,,,-0.7834244,-0.902626,1.182846,-0.02428436,0.7073212,-0.3561096,1.862045,-0.985466,1.748363,-0.7626038,1.297401,-0.860054,0.708683,-0.760994,0.5680466,-0.8040237,-9.495682,-4.20594,-0.5299759,-2.000961,-4.981216,-1.015549,-0.7384796,-0.8611221,-0.5714645,-0.9289551
46.45832824707031,,,,,,,,,,,,,,,-0.7824478,-0.9221573,1.17308,-0.03209686,0.7063446,-0.3502502,1.848373,-0.9825363,1.75227,-0.7489319,1.304237,-0.860054,0.7038002,-0.7482986,0.5719528,-0.8128128,-9.508377,-4.207893,-0.5377884,-1.992172,-4.988052,-1.009689,-0.7521515,-0.8650284,-0.5626755,-0.9299316
46.46666666666667,0.0,-341.0,-32.0,-69.0,-5.0,-1280.0,-9.0,-4750.0,-4.0,-8823.0,-8.0,-832.0,-3.0,-3272.0,,,,,,,,,,,,,,,,,,,,,,,,,,
46.466670989990234,,,,,,,,,,,,,,,-0.7814713,-0.9436417,1.165268,-0.03990936,0.7024384,-0.3424377,1.836655,-0.9835129,1.754223,-0.7391663,1.310097,-0.8620071,0.699894,-0.7307205,0.5787888,-0.8176956,-9.521072,-4.212776,-0.5465775,-1.989243,-4.996841,-1.00383,-0.7648468,-0.8708878,-0.5509567,-0.9279785
46.474998474121094,,,,,,,,,,,,,,,-0.7804947,-0.9641495,1.155502,-0.04479218,0.7004852,-0.3316956,1.827866,-0.9864426,1.755199,-0.7333069,1.313026,-0.8659134,0.699894,-0.7102127,0.5856247,-0.8196487,-9.530838,-4.221565,-0.5563431,-1.990219,-5.003677,-0.996994,-0.7775421,-0.8806534,-0.5460739,-0.9191895
46.48332977294922,,,,,,,,,,,,,,,-0.7804947,-0.9787979,1.145737,-0.04479218,0.6975555,-0.3229065,1.820053,-0.9913254,1.758129,-0.7323303,1.31498,-0.8727493,0.7008705,-0.6857986,0.5944138,-0.8225784,-9.539627,-4.232307,-0.5690384,-1.996078,-5.010513,-0.9891815,-0.7843781,-0.8923721,-0.5431442,-0.9094238
46.491668701171875,,,,,,,,,,,,,,,-0.7795181,-0.987587,1.135971,-0.04381561,0.6926727,-0.315094,1.820053,-1.001091,1.759106,-0.7372131,1.31205,-0.8815384,0.7008705,-0.660408,0.5992966,-0.8255081,-9.546463,-4.24305,-0.5797806,-2.007797,-5.016373,-0.9774628,-0.7873077,-0.9050674,-0.5450974,-0.8977051
46.5,0.0,-339.0,-32.0,-72.0,-6.0,-1280.0,-9.0,-4756.0,-4.0,-8824.0,-8.0,-826.0,-2.0,-3278.0,-0.7804947,-0.9924698,1.127182,-0.0389328,0.6887665,-0.3111877,1.822006,-1.00988,1.759106,-0.7450256,1.308144,-0.8903275,0.7008705,-0.6379471,0.6002731,-0.8284378,-9.552322,-4.254768,-0.5905228,-2.022446,-5.022232,-0.965744,-0.7882843,-0.9158096,-0.5538864,-0.8879395
46.508331298828125,,,,,,,,,,,,,,,-0.7804947,-0.9924698,1.122299,-0.03014374,0.6838837,-0.3082581,1.828842,-1.018669,1.759106,-0.750885,1.304237,-0.8961868,0.7008705,-0.6174393,0.6002731,-0.8323441,-9.555252,-4.263557,-0.6022415,-2.038071,-5.029068,-0.9550018,-0.7882843,-0.9294815,-0.5675583,-0.8830566
46.51667022705078,,,,,,,,,,,,,,,-0.7795181,-0.9905167,1.11937,-0.01940155,0.6819305,-0.3092346,1.833725,-1.023552,1.758129,-0.7557678,1.300331,-0.9039993,0.6959877,-0.604744,0.5963669,-0.8342972,-9.558182,-4.266487,-0.6129837,-2.051743,-5.033951,-0.9442596,-0.7863312,-0.9392471,-0.5802536,-0.8830566
46.525001525878906,,,,,,,,,,,,,,,-0.7795181,-0.9905167,1.120346,-0.009635925,0.6770477,-0.315094,1.838608,-1.023552,1.759106,-0.7586975,1.295448,-0.9098587,0.6950111,-0.5969315,0.5875778,-0.8372269,-9.562088,-4.262581,-0.6207962,-2.064438,-5.035904,-0.9354706,-0.7843781,-0.9441299,-0.5929489,-0.8850098
46.533329010009766,,,,,,,,,,,,,,,-0.7746353,-0.9944229,1.123276,0.0001296997,0.674118,-0.3238831,1.842514,-1.017693,1.760082,-0.7557678,1.291542,-0.9147415,0.6940346,-0.5920486,0.5787888,-0.8382034,-9.567947,-4.253792,-0.6305618,-2.069321,-5.03981,-0.9335175,-0.7814484,-0.9451065,-0.6075974,-0.8908691
46.53333333333333,0.0,-336.0,-32.0,-75.0,-7.0,-1279.0,-10.0,-4762.0,-4.0,-8826.0,-8.0,-821.0,-2.0,-3281.0,,,,,,,,,,,,,,,,,,,,,,,,,,
46.54167175292969,,,,,,,,,,,,,,,-0.7717056,-0.9983292,1.125229,0.008918762,0.6692352,-0.3326721,1.84642,-1.00695,1.762035,-0.7499084,1.287636,-0.9166946,0.6920815,-0.5900955,0.5699997,-0.8362503,-9.576736,-4.238167,-0.632515,-2.068344,-5.038834,-0.9364471,-0.775589,-0.9412003,-0.6163864,-0.8986816
46.54999923706055,,,,,,,,,,,,,,,-0.7687759,-1.004189,1.130112,0.0157547,0.6633759,-0.3424377,1.845444,-0.9913254,1.764965,-0.7420959,1.281776,-0.9186478,0.6940346,-0.5881424,0.5602341,-0.8313675,-9.584549,-4.216682,-0.6334915,-2.062485,-5.03688,-0.9452362,-0.7687531,-0.9343643,-0.6232224,-0.9025879
46.55833053588867,,,,,,,,,,,,,,,-0.7658463,-1.010048,1.135971,0.02552032,0.658493,-0.3492737,1.844467,-0.9766769,1.766918,-0.7333069,1.273964,-0.9196243,0.6959877,-0.5852127,0.5533981,-0.8245316,-9.590408,-4.192268,-0.6305618,-2.047836,-5.035904,-0.9559784,-0.759964,-0.9255753,-0.626152,-0.8996582
46.56666666666667,0.0,-335.0,-32.0,-78.0,-7.0,-1279.0,-10.0,-4764.0,-4.0,-8830.0,-8.0,-819.0,-2.0,-3283.0,,,,,,,,,,,,,,,,,,,,,,,,,,
46.56666946411133,,,,,,,,,,,,,,,-0.7668228,-1.012001,1.138901,0.03430939,0.6516571,-0.3512268,1.843491,-0.9649582,1.766918,-0.7274475,1.266151,-0.9176712,0.6959877,-0.582283,0.5465622,-0.8167191,-9.595291,-4.166878,-0.6247025,-2.029282,-5.035904,-0.9696503,-0.7521515,-0.9119034,-0.6271286,-0.8947754
46.57500076293945,,,,,,,,,,,,,,,-0.7697525,-1.010048,1.139877,0.04114532,0.6487274,-0.3512268,1.841537,-0.9571457,1.764965,-0.7206116,1.254433,-0.913765,0.6979408,-0.5783768,0.5446091,-0.80793,-9.597244,-4.147346,-0.6159134,-2.01268,-5.03981,-0.9833221,-0.7433624,-0.8992081,-0.6232224,-0.888916
46.58332824707031,,,,,,,,,,,,,,,-0.7756119,-1.005165,1.139877,0.04798126,0.6477509,-0.3473206,1.838608,-0.9581223,1.763988,-0.7186584,1.24369,-0.906929,0.6959877,-0.5783768,0.5436325,-0.8020706,-9.594315,-4.132698,-0.6071243,-1.995102,-5.049576,-0.9950409,-0.7384796,-0.8874893,-0.6202927,-0.8811035
46.591670989990234,,,,,,,,,,,,,,,-0.7844009,-0.9953995,1.140854,0.05384064,0.6477509,-0.3395081,1.835678,-0.9669113,1.758129,-0.7206116,1.233925,-0.8991165,0.6901283,-0.5813065,0.5455856,-0.7952347,-9.584549,-4.122932,-0.5993118,-1.98436,-5.059341,-1.002853,-0.7365265,-0.8777237,-0.6124802,-0.8791504
46.599998474121094,,,,,,,,,,,,,,,-0.7941666,-0.9836807,1.138901,0.05970001,0.6545868,-0.3297424,1.833725,-0.9815598,1.751293,-0.7215881,1.225136,-0.8873978,0.6852455,-0.5881424,0.5485153,-0.7913284,-9.573807,-4.122932,-0.5895462,-1.977524,-5.072037,-1.008713,-0.7404327,-0.8699112,-0.6095505,-0.8840332
46.6,0.0,-334.0,-32.0,-83.0,-6.0,-1278.0,-9.0,-4764.0,-4.0,-8836.0,-8.0,-815.0,-2.0,-3286.0,,,,,,,,,,,,,,,,,,,,,,,,,,
46.60832977294922,,,,,,,,,,,,,,,-0.8058853,-0.9700089,1.135971,0.06067657,0.658493,-0.3190002,1.831772,-1.000114,1.748363,-0.7206116,1.2183,-0.875679,0.6784096,-0.5988846,0.5553513,-0.7903519,-9.557205,-4.132698,-0.5827103,-1.976547,-5.083755,-1.011642,-0.744339,-0.8689346,-0.6056442,-0.8937988
46.616668701171875,,,,,,,,,,,,,,,-0.8127213,-0.9553604,1.133041,0.0626297,0.6633759,-0.3072815,1.829819,-1.018669,1.742504,-0.7176819,1.21537,-0.8639603,0.6735268,-0.6115799,0.5621872,-0.7913284,-9.542557,-4.145393,-0.5797806,-1.980453,-5.090591,-1.009689,-0.7511749,-0.8718643,-0.6066208,-0.9104004
46.625,,,,,,,,,,,,,,,-0.8205338,-0.9446182,1.128159,0.06751251,0.665329,-0.2984924,1.829819,-1.031364,1.740551,-0.7108459,1.21537,-0.851265,0.668644,-0.6232986,0.5719528,-0.792305,-9.533768,-4.162971,-0.5758743,-1.986313,-5.093521,-1.007736,-0.7580109,-0.8806534,-0.6066208,-0.9279785
46.633331298828125,,,,,,,,,,,,,,,-0.8254166,-0.9358292,1.126205,0.07239532,0.6663055,-0.2926331,1.827866,-1.0382,1.737621,-0.7010803,1.217323,-0.844429,0.6637611,-0.6301346,0.582695,-0.7952347,-9.529861,-4.183479,-0.5758743,-1.993149,-5.091568,-1.005783,-0.7619171,-0.890419,-0.6095505,-0.9436035
46.63333333333333,0.0,-338.0,-32.0,-86.0,-6.0,-1278.0,-9.0,-4762.0,-4.0,-8839.0,-8.0,-810.0,-2.0,-3289.0,,,,,,,,,,,,,,,,,,,,,,,,,,
46.64167022705078,,,,,,,,,,,,,,,-0.8283463,-0.9299698,1.126205,0.0782547,0.665329,-0.2877502,1.825912,-1.036247,1.734692,-0.6913147,1.2183,-0.8405228,0.6588783,-0.635994,0.5944138,-0.7971878,-9.534744,-4.197151,-0.5748978,-2.002914,-5.083755,-1.001877,-0.7628937,-0.9011612,-0.6124802,-0.9553223
46.650001525878906,,,,,,,,,,,,,,,-0.8293228,-0.9280167,1.128159,0.08509064,0.6614227,-0.2926331,1.823959,-1.025505,1.731762,-0.6805725,1.220253,-0.8395462,0.6549721,-0.6389236,0.6041794,-0.7981644,-9.548416,-4.206917,-0.5768509,-2.010727,-5.074966,-0.996994,-0.7609406,-0.9089737,-0.6154099,-0.9572754
46.658329010009766,,,,,,,,,,,,,,,-0.8293228,-0.9299698,1.133041,0.09290314,0.658493,-0.3023987,1.823959,-1.00988,1.728832,-0.6717834,1.222206,-0.844429,0.6500893,-0.6389236,0.6149216,-0.7991409,-9.566971,-4.210823,-0.5797806,-2.016586,-5.067154,-0.9940643,-0.7580109,-0.9109268,-0.6202927,-0.9523926
46.666666666666664,0.0,-347.0,-32.0,-91.0,-7.0,-1280.0,-9.0,-4763.0,-4.0,-8843.0,-8.0,-807.0,-2.0,-3288.0,,,,,,,,,,,,,,,,,,,,,,,,,,
46.66667175292969,,,,,,,,,,,,,,,-0.8302994,-0.933876,1.136948,0.09876251,0.6516571,-0.3160706,1.82103,-0.9942551,1.724926,-0.6659241,1.224159,-0.8541946,0.6442299,-0.6399002,0.6207809,-0.7991409,-9.588455,-4.203987,-0.5797806,-2.021469,-5.062271,-0.9901581,-0.7550812,-0.9079971,-0.6202927,-0.942627
46.67499923706055,,,,,,,,,,,,,,,-0.8312759,-0.9397354,1.142807,0.1007156,0.6457977,-0.3326721,1.819077,-0.9825363,1.720043,-0.6620178,1.22123,-0.8678665,0.6393471,-0.6457596,0.6237106,-0.7981644,-9.614822,-4.190315,-0.5827103,-2.024399,-5.061295,-0.9852753,-0.7550812,-0.9031143,-0.6222458,-0.9289551
46.68333053588867,,,,,,,,,,,,,,,-0.8312759,-0.9446182,1.146713,0.09778595,0.6409149,-0.3522034,1.820053,-0.9747238,1.71516,-0.6620178,1.220253,-0.8805618,0.6354408,-0.6545486,0.6227341,-0.7952347,-9.629471,-4.168831,-0.5885696,-2.023422,-5.069107,-0.9774628,-0.7580109,-0.8953018,-0.6222458,-0.9143066
46.69166946411133,,,,,,,,,,,,,,,-0.8351822,-0.9485245,1.149643,0.09485626,0.634079,-0.3678284,1.8181,-0.9747238,1.711254,-0.6629944,1.2183,-0.8922806,0.6315346,-0.667244,0.6198044,-0.792305,-9.643143,-4.144417,-0.5914993,-2.021469,-5.07692,-0.9706268,-0.7667999,-0.8865128,-0.6222458,-0.9025879
46.7,0.0,-357.0,-32.0,-95.0,-7.0,-1283.0,-10.0,-4766.0,-4.0,-8849.0,-8.0,-806.0,-2.0,-3289.0,,,,,,,,,,,,,,,,,,,,,,,,,,
46.70000076293945,,,,,,,,,,,,,,,-0.8361588,-0.9534073,1.15062,0.08899689,0.6243134,-0.3805237,1.8181,-0.9805832,1.709301,-0.6639709,1.216347,-0.9039993,0.6295815,-0.6838455,0.6158981,-0.7903519,-9.649002,-4.122932,-0.5993118,-2.017563,-5.092545,-0.9608612,-0.7746124,-0.8816299,-0.6212692,-0.8947754
46.70832824707031,,,,,,,,,,,,,,,-0.8390884,-0.9553604,1.151596,0.08216095,0.6155243,-0.3844299,1.817123,-0.9932785,1.706371,-0.6669006,1.214394,-0.9127884,0.6286049,-0.7014236,0.6100388,-0.7893753,-9.646072,-4.105354,-0.610054,-2.013657,-5.109146,-0.9510956,-0.7834015,-0.8826065,-0.6251755,-0.8928223
46.716670989990234,,,,,,,,,,,,,,,-0.8420181,-0.9553604,1.151596,0.07532501,0.6067352,-0.3844299,1.81517,-1.00988,1.701488,-0.6737366,1.213417,-0.922554,0.6276283,-0.7170486,0.6051559,-0.7874222,-9.643143,-4.093636,-0.6188431,-2.010727,-5.124771,-0.9393768,-0.7873077,-0.8855362,-0.6251755,-0.8947754
46.724998474121094,,,,,,,,,,,,,,,-0.8439713,-0.9573135,1.153549,0.06946564,0.6008759,-0.3805237,1.811264,-1.021599,1.698559,-0.6835022,1.211464,-0.9313431,0.6286049,-0.7287674,0.6002731,-0.7883987,-9.640213,-4.090706,-0.6305618,-2.010727,-5.140396,-0.9296112,-0.7882843,-0.890419,-0.6281052,-0.8967285
46.73332977294922,,,,,,,,,,,,,,,-0.8469009,-0.9553604,1.158432,0.0626297,0.5969696,-0.3736877,1.806381,-1.032341,1.691723,-0.6981506,1.208534,-0.9401321,0.6295815,-0.7395096,0.5963669,-0.7932816,-9.631424,-4.095589,-0.6452103,-2.01268,-5.154068,-0.9237518,-0.7785187,-0.8982315,-0.6300583,-0.8996582
46.733333333333334,0.0,-370.0,-32.0,-93.0,-6.0,-1287.0,-10.0,-4770.0,-4.0,-8857.0,-8.0,-806.0,-2.0,-3291.0,,,,,,,,,,,,,,,,,,,,,,,,,,
46.741668701171875,,,,,,,,,,,,,,,-0.8478775,-0.9504776,1.162338,0.0548172,0.5969696,-0.3678284,1.800522,-1.0382,1.684887,-0.7147522,1.206581,-0.9479446,0.630558,-0.7482986,0.5885544,-0.7991409,-9.627518,-4.106331,-0.6627884,-2.018539,-5.163834,-0.9227753,-0.7658234,-0.906044,-0.6300583,-0.9025879
46.75,,,,,,,,,,,,,,,-0.8469009,-0.9455948,1.168198,0.04895782,0.5998993,-0.3629456,1.794662,-1.0382,1.679028,-0.7333069,1.202675,-0.9547806,0.6334877,-0.7522049,0.582695,-0.8059769,-9.624588,-4.120979,-0.6784134,-2.024399,-5.17067,-0.9276581,-0.7501984,-0.9138565,-0.6281052,-0.904541
46.758331298828125,,,,,,,,,,,,,,,-0.8449478,-0.9387589,1.172104,0.04114532,0.602829,-0.3580627,1.788803,-1.036247,1.670238,-0.7479553,1.201698,-0.9616165,0.6354408,-0.7531815,0.5758591,-0.8128128,-9.621658,-4.137581,-0.695015,-2.029282,-5.176529,-0.9403534,-0.7326202,-0.921669,-0.6232224,-0.9084473
46.766666666666666,0.0,-379.0,-33.0,-90.0,-6.0,-1293.0,-10.0,-4773.0,-4.0,-8864.0,-7.0,-806.0,-3.0,-3290.0,,,,,,,,,,,,,,,,,,,,,,,,,,
46.76667022705078,,,,,,,,,,,,,,,-0.8390884,-0.9319229,1.17308,0.03333282,0.6077118,-0.3551331,1.785873,-1.031364,1.662426,-0.7596741,1.198769,-0.9645462,0.6403236,-0.7531815,0.5680466,-0.8186722,-9.620682,-4.151253,-0.7096634,-2.033188,-5.181412,-0.9579315,-0.7199249,-0.9285049,-0.617363,-0.9182129
46.775001525878906,,,,,,,,,,,,,,,-0.8322525,-0.9270401,1.170151,0.02454376,0.6125946,-0.3522034,1.781967,-1.021599,1.657543,-0.7645569,1.197792,-0.9645462,0.6452065,-0.7522049,0.5612106,-0.823555,-9.620682,-4.161995,-0.7233353,-2.031235,-5.186295,-0.9755096,-0.7140656,-0.9343643,-0.6115036,-0.9299316
46.783329010009766,,,,,,,,,,,,,,,-0.82444,-0.9241104,1.164291,0.0157547,0.6165009,-0.346344,1.779037,-1.01281,1.650707,-0.7626038,1.196815,-0.9645462,0.653019,-0.7473221,0.5553513,-0.8284378,-9.620682,-4.169807,-0.7331009,-2.027328,-5.190201,-0.9950409,-0.7160187,-0.937294,-0.6085739,-0.9455566
46.79167175292969,,,,,,,,,,,,,,,-0.8156509,-0.925087,1.153549,0.008918762,0.618454,-0.3404846,1.775131,-1.004997,1.647778,-0.7538147,1.196815,-0.9625931,0.6579018,-0.7395096,0.5504684,-0.8323441,-9.623611,-4.171761,-0.74189,-2.022446,-5.19606,-1.009689,-0.7248077,-0.9382706,-0.6085739,-0.9641113
46.79999923706055,,,,,,,,,,,,,,,-0.8097916,-0.9319229,1.143784,0.00403595,0.6213837,-0.3346252,1.774155,-0.9962082,1.642895,-0.7401428,1.192909,-0.9577103,0.6637611,-0.7307205,0.5455856,-0.8342972,-9.632401,-4.166878,-0.7487259,-2.014633,-5.198013,-1.022385,-0.7433624,-0.9353409,-0.6144333,-0.9787598
46.8,0.0,-380.0,-33.0,-90.0,-5.0,-1297.0,-10.0,-4775.0,-4.0,-8872.0,-7.0,-807.0,-3.0,-3290.0,,,,,,,,,,,,,,,,,,,,,,,,,,
46.80833053588867,,,,,,,,,,,,,,,-0.8078384,-0.9397354,1.131088,0.00403595,0.6223602,-0.3297424,1.773178,-0.9864426,1.639965,-0.7254944,1.192909,-0.953804,0.6696205,-0.7199783,0.5446091,-0.8342972,-9.637283,-4.160042,-0.7516556,-2.004868,-5.205826,-1.03215,-0.7658234,-0.9285049,-0.6212692,-0.9865723
46.81666946411133,,,,,,,,,,,,,,,-0.8078384,-0.9534073,1.121323,0.008918762,0.6252899,-0.3287659,1.770248,-0.9796066,1.636059,-0.7147522,1.188026,-0.9479446,0.6735268,-0.7082596,0.5455856,-0.8333206,-9.648026,-4.152229,-0.7565384,-1.996078,-5.203873,-1.038986,-0.7931671,-0.9177628,-0.632988,-0.9836426
46.82500076293945,,,,,,,,,,,,,,,-0.8127213,-0.9680557,1.114487,0.02063751,0.6282196,-0.3316956,1.768295,-0.9737473,1.637035,-0.7088928,1.186073,-0.9411087,0.6735268,-0.6975174,0.5465622,-0.8303909,-9.658768,-4.144417,-0.7623978,-1.990219,-5.203873,-1.046799,-0.8185577,-0.906044,-0.6447067,-0.9719238
46.83332824707031,,,,,,,,,,,,,,,-0.8205338,-0.9778214,1.109604,0.03235626,0.6321259,-0.3375549,1.765366,-0.9727707,1.635082,-0.7069397,1.18412,-0.9332962,0.6705971,-0.6897049,0.5485153,-0.8206253,-9.664627,-4.141487,-0.766304,-1.985336,-5.199966,-1.053635,-0.8419952,-0.8972549,-0.6544724,-0.9533691
46.833333333333336,0.0,-382.0,-33.0,-94.0,-5.0,-1296.0,-11.0,-4779.0,-4.0,-8881.0,-7.0,-812.0,-3.0,-3292.0,,,,,,,,,,,,,,,,,,,,,,,,,,
46.841670989990234,,,,,,,,,,,,,,,-0.8302994,-0.9856339,1.108627,0.04895782,0.6350555,-0.3443909,1.763412,-0.9766769,1.635082,-0.7108459,1.180214,-0.9284134,0.6657143,-0.682869,0.5553513,-0.8059769,-9.675369,-4.141487,-0.7682571,-1.98143,-5.19606,-1.057541,-0.8615265,-0.8894424,-0.6603317,-0.9299316
46.849998474121094,,,,,,,,,,,,,,,-0.840065,-0.9905167,1.108627,0.06653595,0.6370087,-0.3522034,1.761459,-0.985466,1.637035,-0.7157288,1.179237,-0.9264603,0.6588783,-0.6779861,0.5602341,-0.7893753,-9.677322,-4.145393,-0.77314,-1.979477,-5.191177,-1.058517,-0.8742218,-0.8855362,-0.6652145,-0.9084473
46.85832977294922,,,,,,,,,,,,,,,-0.8517838,-0.9885635,1.11058,0.08020782,0.6399384,-0.3629456,1.75853,-0.9981613,1.638988,-0.7206116,1.180214,-0.9264603,0.6500893,-0.6770096,0.5651169,-0.7727737,-9.678299,-4.157112,-0.7711868,-1.9785,-5.186295,-1.057541,-0.8810577,-0.8855362,-0.6691208,-0.8947754
46.86666666666667,0.0,-381.0,-33.0,-97.0,-6.0,-1294.0,-11.0,-4783.0,-4.0,-8882.0,-8.0,-817.0,-4.0,-3296.0,,,,,,,,,,,,,,,,,,,,,,,,,,
46.866668701171875,,,,,,,,,,,,,,,-0.8586197,-0.9817276,1.112534,0.08899689,0.6399384,-0.3707581,1.7556,-1.011833,1.641918,-0.7225647,1.179237,-0.92939,0.6403236,-0.6770096,0.5699997,-0.7551956,-9.681229,-4.173714,-0.7692337,-1.98143,-5.182388,-1.051682,-0.8839874,-0.8884659,-0.673027,-0.8879395
46.875,,,,,,,,,,,,,,,-0.8654556,-0.9739151,1.11351,0.09485626,0.6389618,-0.3795471,1.754623,-1.024529,1.644848,-0.7225647,1.176308,-0.9362259,0.6344643,-0.6750565,0.5739059,-0.7405472,-9.676346,-4.190315,-0.7604446,-1.986313,-5.181412,-1.038986,-0.8810577,-0.890419,-0.6759567,-0.8908691
46.883331298828125,,,,,,,,,,,,,,,-0.8683853,-0.9631729,1.11351,0.09583282,0.634079,-0.3883362,1.75267,-1.034294,1.643871,-0.7215881,1.172401,-0.9440384,0.6295815,-0.6731033,0.5748825,-0.729805,-9.670486,-4.206917,-0.7516556,-1.994125,-5.186295,-1.021408,-0.8751984,-0.8933487,-0.6818161,-0.8986816
46.89167022705078,,,,,,,,,,,,,,,-0.8654556,-0.9553604,1.11351,0.09290314,0.6291962,-0.3981018,1.75267,-1.0382,1.642895,-0.7186584,1.165565,-0.9518509,0.6286049,-0.6721268,0.5778122,-0.7219925,-9.661697,-4.220589,-0.7379837,-2.002914,-5.197037,-1.002853,-0.8761749,-0.8962784,-0.6896286,-0.9074707
46.9,0.0,-383.0,-33.0,-94.0,-6.0,-1295.0,-11.0,-4788.0,-5.0,-8880.0,-8.0,-824.0,-4.0,-3301.0,,,,,,,,,,,,,,,,,,,,,,,,,,
46.900001525878906,,,,,,,,,,,,,,,-0.8595963,-0.9543839,1.112534,0.08802032,0.6213837,-0.4078674,1.748764,-1.034294,1.639965,-0.7167053,1.157753,-0.9577103,0.630558,-0.6721268,0.5748825,-0.7200394,-9.647049,-4.226448,-0.7233353,-2.010727,-5.213638,-0.988205,-0.8791046,-0.8992081,-0.695488,-0.9172363
46.908329010009766,,,,,,,,,,,,,,,-0.8527603,-0.9602432,1.111557,0.08313751,0.6155243,-0.4195862,1.744858,-1.028435,1.634106,-0.7186584,1.147987,-0.9625931,0.6325111,-0.6731033,0.5699997,-0.7239456,-9.624588,-4.227425,-0.71064,-2.019516,-5.231216,-0.9745331,-0.8869171,-0.9011612,-0.7033005,-0.9250488
46.91667175292969,,,,,,,,,,,,,,,-0.8459244,-0.9729385,1.111557,0.07923126,0.6086884,-0.4313049,1.738998,-1.018669,1.628246,-0.7225647,1.138222,-0.9625931,0.6344643,-0.6779861,0.5641403,-0.7337112,-9.60408,-4.223518,-0.703804,-2.025375,-5.253677,-0.9676971,-0.8986359,-0.9021378,-0.7101364,-0.9289551
46.92499923706055,,,,,,,,,,,,,,,-0.840065,-0.9914932,1.11058,0.07727814,0.6047821,-0.4410706,1.735092,-1.00988,1.619457,-0.7294006,1.129433,-0.9586868,0.6354408,-0.6867752,0.5563278,-0.74543,-9.586502,-4.215706,-0.7018509,-2.027328,-5.270279,-0.9676971,-0.9152374,-0.9031143,-0.7150192,-0.9309082
46.93333053588867,,,,,,,,,,,,,,,-0.840065,-1.013954,1.111557,0.07727814,0.6018524,-0.4479065,1.730209,-1.004997,1.609692,-0.7391663,1.126503,-0.9528275,0.6364174,-0.698494,0.5475388,-0.7620316,-9.567947,-4.206917,-0.7028275,-2.027328,-5.288834,-0.97258,-0.931839,-0.906044,-0.719902,-0.9309082
46.93333333333333,0.0,-386.0,-34.0,-90.0,-6.0,-1300.0,-11.0,-4791.0,-5.0,-8880.0,-9.0,-830.0,-4.0,-3303.0,,,,,,,,,,,,,,,,,,,,,,,,,,
46.94166946411133,,,,,,,,,,,,,,,-0.8410416,-1.039345,1.112534,0.08118439,0.6008759,-0.4518127,1.728256,-1.003044,1.601879,-0.7489319,1.12455,-0.9440384,0.6334877,-0.714119,0.53582,-0.7844925,-9.559158,-4.201057,-0.7125931,-2.026352,-5.299576,-0.9823456,-0.9484406,-0.9099503,-0.7277145,-0.9309082
46.95000076293945,,,,,,,,,,,,,,,-0.8459244,-1.062782,1.112534,0.08704376,0.5998993,-0.4537659,1.728256,-1.004997,1.59602,-0.7547913,1.128456,-0.9332962,0.6276283,-0.7307205,0.5250778,-0.80793,-9.561111,-4.203011,-0.7213821,-2.026352,-5.310318,-0.9960175,-0.9591827,-0.9138565,-0.7335739,-0.9328613
46.95832824707031,,,,,,,,,,,,,,,-0.8508072,-1.081337,1.112534,0.09192657,0.5969696,-0.4518127,1.730209,-1.00988,1.59016,-0.7596741,1.133339,-0.9235306,0.621769,-0.7473221,0.5153122,-0.8313675,-9.566971,-4.210823,-0.7311478,-2.026352,-5.314224,-1.008713,-0.9650421,-0.9177628,-0.7433395,-0.935791
46.96666666666667,0.0,-388.0,-34.0,-87.0,-6.0,-1302.0,-11.0,-4792.0,-4.0,-8878.0,-8.0,-830.0,-4.0,-3306.0,,,,,,,,,,,,,,,,,,,,,,,,,,
46.966670989990234,,,,,,,,,,,,,,,-0.8576431,-1.095009,1.11058,0.09680939,0.5911102,-0.4449768,1.734116,-1.01281,1.586254,-0.7655334,1.138222,-0.913765,0.6159096,-0.7590408,0.5094528,-0.8508987,-9.583572,-4.216682,-0.735054,-2.028305,-5.31813,-1.019455,-0.9669952,-0.9236221,-0.751152,-0.9387207
46.974998474121094,,,,,,,,,,,,,,,-0.8635025,-1.101845,1.108627,0.09778595,0.5842743,-0.4342346,1.738022,-1.010857,1.587231,-0.7704163,1.147011,-0.9059525,0.6120033,-0.7658768,0.50457,-0.8675003,-9.599197,-4.224495,-0.7409134,-2.032211,-5.320084,-1.029221,-0.963089,-0.9275284,-0.7609177,-0.9396973
46.98332977294922,,,,,,,,,,,,,,,-0.8664322,-1.101845,1.104721,0.0938797,0.5774384,-0.4195862,1.740952,-1.00695,1.59016,-0.7704163,1.15287,-0.9010696,0.6080971,-0.7727127,0.5026169,-0.8762894,-9.619705,-4.228401,-0.7389603,-2.037094,-5.320084,-1.037033,-0.9552765,-0.9285049,-0.7677536,-0.9416504
46.991668701171875,,,,,,,,,,,,,,,-0.8683853,-1.096962,1.102768,0.08313751,0.5676727,-0.4000549,1.740952,-1.002068,1.592113,-0.7694397,1.15287,-0.89814,0.6080971,-0.7775955,0.5094528,-0.8811722,-9.634354,-4.229378,-0.7389603,-2.041,-5.32106,-1.043869,-0.9455109,-0.9275284,-0.7687302,-0.9436035
47.0,0.0,-392.0,-35.0,-84.0,-6.0,-1305.0,-11.0,-4793.0,-4.0,-8882.0,-8.0,-825.0,-3.0,-3305.0,-0.8693619,-1.085243,1.101791,0.0704422,0.5608368,-0.3815002,1.738998,-0.9932785,1.596996,-0.7674866,1.15287,-0.8991165,0.6080971,-0.7775955,0.5153122,-0.8821487,-9.644119,-4.225471,-0.7389603,-2.045883,-5.319107,-1.047775,-0.9357452,-0.9206924,-0.7638474,-0.9484863
47.008331298828125,,,,,,,,,,,,,,,-0.8693619,-1.067665,1.100815,0.05286407,0.5569305,-0.3629456,1.737045,-0.985466,1.598949,-0.76651,1.148964,-0.9039993,0.6110268,-0.7775955,0.5241013,-0.8772659,-9.650955,-4.217659,-0.7399368,-2.048813,-5.315201,-1.049728,-0.9269562,-0.9099503,-0.7550583,-0.9523926
47.01667022705078,,,,,,,,,,,,,,,-0.8674088,-1.05204,1.099838,0.03430939,0.555954,-0.3482971,1.734116,-0.9805832,1.599926,-0.7635803,1.145058,-0.9059525,0.6129799,-0.7756424,0.5348434,-0.8714066,-9.657791,-4.20594,-0.7448196,-2.050766,-5.309341,-1.051682,-0.9220734,-0.9011612,-0.7413864,-0.9602051
47.025001525878906,,,,,,,,,,,,,,,-0.8674088,-1.036415,1.097885,0.01966095,0.5588837,-0.3404846,1.731186,-0.9796066,1.598949,-0.7596741,1.138222,-0.9079056,0.6168861,-0.7736893,0.5407028,-0.8645706,-9.660721,-4.197151,-0.7545853,-2.051743,-5.301529,-1.055588,-0.9132843,-0.8933487,-0.7277145,-0.9709473
47.033329010009766,,,,,,,,,,,,,,,-0.8654556,-1.021767,1.094955,0.006965637,0.5637665,-0.3395081,1.729233,-0.9844894,1.596996,-0.7547913,1.133339,-0.9088821,0.6198158,-0.7717361,0.5446091,-0.8567581,-9.661697,-4.193245,-0.7692337,-2.050766,-5.29274,-1.057541,-0.9103546,-0.890419,-0.7159958,-0.9787598
47.03333333333333,0.0,-394.0,-35.0,-83.0,-7.0,-1311.0,-11.0,-4792.0,-3.0,-8888.0,-7.0,-819.0,-2.0,-3304.0,,,,,,,,,,,,,,,,,,,,,,,,,,
47.04167175292969,,,,,,,,,,,,,,,-0.8595963,-1.011024,1.086166,-0.0008468628,0.5676727,-0.346344,1.72728,-0.9942551,1.594067,-0.7489319,1.132362,-0.906929,0.6237221,-0.7668533,0.5446091,-0.8460159,-9.668533,-4.193245,-0.7858353,-2.048813,-5.285904,-1.0634,-0.9035187,-0.8923721,-0.7081833,-0.9836426
47.04999923706055,,,,,,,,,,,,,,,-0.8537369,-1.004189,1.077377,-0.006706238,0.571579,-0.3600159,1.72435,-1.005974,1.592113,-0.7430725,1.132362,-0.9049759,0.6266518,-0.7629471,0.5397263,-0.8333206,-9.676346,-4.194221,-0.8034134,-2.044907,-5.278091,-1.070236,-0.8976593,-0.9001846,-0.7062302,-0.9855957
47.05833053588867,,,,,,,,,,,,,,,-0.8478775,-1.001259,1.065659,-0.01158905,0.5745087,-0.3766174,1.720444,-1.019646,1.592113,-0.7362366,1.137245,-0.9030228,0.6325111,-0.7580643,0.5328903,-0.8216019,-9.685135,-4.197151,-0.8190384,-2.040024,-5.274185,-1.078049,-0.8898468,-0.9128799,-0.7101364,-0.9816895
47.06666666666667,0.0,-395.0,-34.0,-80.0,-7.0,-1314.0,-11.0,-4794.0,-2.0,-8895.0,-7.0,-812.0,-2.0,-3305.0,,,,,,,,,,,,,,,,,,,,,,,,,,
47.06666946411133,,,,,,,,,,,,,,,-0.8390884,-1.001259,1.054916,-0.0154953,0.5735321,-0.393219,1.717514,-1.033318,1.59309,-0.7313538,1.144081,-0.9010696,0.6393471,-0.7522049,0.5221481,-0.8098831,-9.699783,-4.203011,-0.8307571,-2.034164,-5.277115,-1.085861,-0.8810577,-0.9294815,-0.7189255,-0.9729004
47.07500076293945,,,,,,,,,,,,,,,-0.8302994,-1.001259,1.046127,-0.0233078,0.5735321,-0.4107971,1.713608,-1.048943,1.594067,-0.7254944,1.150917,-0.9030228,0.6452065,-0.7473221,0.5143356,-0.7991409,-9.710526,-4.209846,-0.8385696,-2.027328,-5.281998,-1.092697,-0.869339,-0.9431534,-0.7316208,-0.9641113
47.08332824707031,,,,,,,,,,,,,,,-0.8224869,-1.002235,1.044174,-0.03697968,0.5696259,-0.4264221,1.711655,-1.063591,1.595043,-0.7254944,1.157753,-0.9079056,0.653019,-0.7395096,0.5026169,-0.7913284,-9.719315,-4.213753,-0.8414993,-2.019516,-5.29274,-1.093674,-0.8654327,-0.952919,-0.7443161,-0.9533691
47.091670989990234,,,,,,,,,,,,,,,-0.8146744,-1.000282,1.046127,-0.05065155,0.5676727,-0.4391174,1.706772,-1.074333,1.596996,-0.7323303,1.162636,-0.9166946,0.6579018,-0.7326736,0.4948044,-0.7913284,-9.725174,-4.217659,-0.8385696,-2.01561,-5.302505,-1.087814,-0.8634796,-0.9607315,-0.7521286,-0.9436035
47.099998474121094,,,,,,,,,,,,,,,-0.8107681,-0.9983292,1.05394,-0.06529999,0.5696259,-0.4498596,1.705795,-1.082146,1.599926,-0.7391663,1.166542,-0.9284134,0.6637611,-0.7238846,0.488945,-0.7981644,-9.727127,-4.221565,-0.8366165,-2.014633,-5.313248,-1.076096,-0.8644562,-0.9626846,-0.7599411,-0.9348145
47.1,0.0,-392.0,-33.0,-77.0,-7.0,-1313.0,-11.0,-4796.0,-2.0,-8903.0,-6.0,-804.0,-2.0,-3307.0,,,,,,,,,,,,,,,,,,,,,,,,,,
47.10832977294922,,,,,,,,,,,,,,,-0.8097916,-1.001259,1.060776,-0.08092499,0.571579,-0.4615784,1.703842,-1.085075,1.601879,-0.7499084,1.164589,-0.9411087,0.6666908,-0.7190018,0.4850388,-0.8108597,-9.722244,-4.226448,-0.8317337,-2.01561,-5.31813,-1.058517,-0.8683624,-0.9568253,-0.7618942,-0.9309082
47.116668701171875,,,,,,,,,,,,,,,-0.8117447,-1.003212,1.071518,-0.08776093,0.5754852,-0.4732971,1.702866,-1.084099,1.603832,-0.7616272,1.161659,-0.9518509,0.6666908,-0.7160721,0.4860153,-0.8303909,-9.708572,-4.233284,-0.8297806,-2.017563,-5.322037,-1.042892,-0.8771515,-0.9519424,-0.7589645,-0.9279785
47.125,,,,,,,,,,,,,,,-0.8176041,-1.006142,1.078354,-0.08971405,0.5813446,-0.4879456,1.702866,-1.078239,1.607738,-0.7723694,1.1558,-0.9586868,0.6627846,-0.714119,0.488945,-0.8499222,-9.691971,-4.24305,-0.8268509,-2.023422,-5.320084,-1.029221,-0.8869171,-0.9431534,-0.7540817,-0.9279785
47.133331298828125,,,,,,,,,,,,,,,-0.8293228,-1.012978,1.081284,-0.08678436,0.5852509,-0.5035706,1.703842,-1.070427,1.611645,-0.7811584,1.148964,-0.96064,0.6588783,-0.7170486,0.4948044,-0.8714066,-9.670486,-4.254768,-0.8239212,-2.030258,-5.319107,-1.016525,-0.8947296,-0.9314346,-0.7452927,-0.9299316
47.13333333333333,0.0,-391.0,-33.0,-77.0,-7.0,-1313.0,-11.0,-4800.0,-2.0,-8909.0,-7.0,-798.0,-2.0,-3312.0,,,,,,,,,,,,,,,,,,,,,,,,,,
47.14167022705078,,,,,,,,,,,,,,,-0.8429947,-1.025673,1.084213,-0.07897186,0.5862274,-0.5191956,1.702866,-1.060661,1.613598,-0.7840881,1.144081,-0.9547806,0.653019,-0.7209549,0.5016403,-0.8899612,-9.649002,-4.265511,-0.8258743,-2.036118,-5.315201,-1.013596,-0.9015656,-0.9197159,-0.7365036,-0.9338379
47.150001525878906,,,,,,,,,,,,,,,-0.8595963,-1.042274,1.08226,-0.06432343,0.5891571,-0.5348206,1.704819,-1.052849,1.615551,-0.7811584,1.136269,-0.9469681,0.6452065,-0.7258377,0.5074997,-0.9026566,-9.633377,-4.2743,-0.8248978,-2.042953,-5.316177,-1.017502,-0.9064484,-0.9079971,-0.7257614,-0.9387207
47.158329010009766,,,,,,,,,,,,,,,-0.8771744,-1.056923,1.078354,-0.04967499,0.5891571,-0.5465393,1.708725,-1.047966,1.614574,-0.7743225,1.136269,-0.9352493,0.6403236,-0.7316971,0.5133591,-0.9085159,-9.619705,-4.279182,-0.8239212,-2.049789,-5.319107,-1.030197,-0.9171906,-0.8972549,-0.7140427,-0.9475098
47.166666666666664,0.0,-388.0,-33.0,-78.0,-7.0,-1311.0,-11.0,-4801.0,-2.0,-8909.0,-7.0,-794.0,-3.0,-3318.0,,,,,,,,,,,,,,,,,,,,,,,,,,
47.16667175292969,,,,,,,,,,,,,,,-0.8918228,-1.075478,1.073471,-0.03697968,0.5881805,-0.5514221,1.712631,-1.04406,1.609692,-0.7635803,1.135292,-0.9245071,0.6354408,-0.7356033,0.5172653,-0.9055862,-9.618729,-4.280159,-0.8239212,-2.053696,-5.32399,-1.048752,-0.9240265,-0.8865128,-0.7052536,-0.9572754
47.17499923706055,,,,,,,,,,,,,,,-0.9054947,-1.093056,1.071518,-0.02819061,0.5862274,-0.5523987,1.714584,-1.04406,1.605785,-0.7528381,1.135292,-0.9186478,0.630558,-0.7404861,0.5153122,-0.8958206,-9.623611,-4.277229,-0.8239212,-2.055649,-5.333755,-1.070236,-0.9367218,-0.8738174,-0.6974411,-0.9689941
47.18333053588867,,,,,,,,,,,,,,,-0.9152603,-1.104774,1.068588,-0.02428436,0.5842743,-0.5465393,1.716537,-1.048943,1.599926,-0.7411194,1.137245,-0.9176712,0.6276283,-0.7482986,0.5133591,-0.8792191,-9.63826,-4.27137,-0.8248978,-2.058578,-5.346451,-1.091721,-0.9464874,-0.8660049,-0.695488,-0.9807129
47.19166946411133,,,,,,,,,,,,,,,-0.9191666,-1.108681,1.070541,-0.02623749,0.5823212,-0.5367737,1.715561,-1.054802,1.59309,-0.7333069,1.138222,-0.9206009,0.6227455,-0.7531815,0.5094528,-0.8587112,-9.658768,-4.265511,-0.8268509,-2.059555,-5.35817,-1.115158,-0.9582062,-0.8601456,-0.695488,-0.9904785
47.2,0.0,-383.0,-33.0,-80.0,-7.0,-1309.0,-12.0,-4803.0,-3.0,-8909.0,-6.0,-793.0,-3.0,-3325.0,,,,,,,,,,,,,,,,,,,,,,,,,,
47.20000076293945,,,,,,,,,,,,,,,-0.9201431,-1.104774,1.072495,-0.03014374,0.5813446,-0.5260315,1.712631,-1.061638,1.589184,-0.7294006,1.141151,-0.9264603,0.6168861,-0.7600174,0.5055466,-0.8352737,-9.677322,-4.256721,-0.8248978,-2.059555,-5.367935,-1.135666,-0.9679718,-0.8562393,-0.7003708,-0.9963379
47.20832824707031,,,,,,,,,,,,,,,-0.9162369,-1.093056,1.077377,-0.03795624,0.580368,-0.5152893,1.707748,-1.066521,1.587231,-0.7313538,1.141151,-0.9362259,0.6110268,-0.7658768,0.5026169,-0.8137894,-9.694901,-4.248909,-0.8219681,-2.059555,-5.379654,-1.152267,-0.9738312,-0.8552628,-0.7081833,-0.998291
47.216670989990234,,,,,,,,,,,,,,,-0.9103775,-1.076454,1.08519,-0.04283905,0.5793915,-0.5074768,1.698959,-1.07238,1.589184,-0.7391663,1.138222,-0.9459915,0.6022377,-0.769783,0.5035934,-0.7942581,-9.707596,-4.241096,-0.8190384,-2.060532,-5.38649,-1.16008,-0.9748077,-0.859169,-0.719902,-0.9973145
47.224998474121094,,,,,,,,,,,,,,,-0.9006119,-1.055946,1.094955,-0.0467453,0.5764618,-0.4996643,1.692123,-1.077263,1.591137,-0.7479553,1.135292,-0.9489212,0.5954018,-0.7707596,0.5035934,-0.7796097,-9.717361,-4.232307,-0.8112259,-2.062485,-5.392349,-1.159103,-0.9718781,-0.8640518,-0.735527,-0.9943848
47.23332977294922,,,,,,,,,,,,,,,-0.8918228,-1.037392,1.102768,-0.04576874,0.5754852,-0.4947815,1.687241,-1.082146,1.59602,-0.7577209,1.131386,-0.9440384,0.590519,-0.769783,0.5026169,-0.7708206,-9.716385,-4.223518,-0.8034134,-2.062485,-5.397232,-1.148361,-0.9660187,-0.8708878,-0.7482224,-0.9885254
47.233333333333334,-1.0,-379.0,-33.0,-79.0,-7.0,-1307.0,-11.0,-4802.0,-3.0,-8908.0,-6.0,-792.0,-4.0,-3329.0,,,,,,,,,,,,,,,,,,,,,,,,,,
47.241668701171875,,,,,,,,,,,,,,,-0.8820572,-1.025673,1.109604,-0.03795624,0.5745087,-0.4889221,1.683334,-1.086052,1.599926,-0.7655334,1.128456,-0.9342728,0.5895424,-0.7658768,0.5026169,-0.7669144,-9.711502,-4.213753,-0.7946243,-2.062485,-5.400162,-1.13176,-0.9582062,-0.8816299,-0.7589645,-0.982666
47.25,,,,,,,,,,,,,,,-0.8752213,-1.022743,1.11644,-0.02721405,0.571579,-0.4840393,1.683334,-1.089958,1.601879,-0.7723694,1.12162,-0.9196243,0.5924721,-0.7590408,0.5006638,-0.7678909,-9.701736,-4.203011,-0.7858353,-2.062485,-5.400162,-1.113205,-0.9464874,-0.8884659,-0.7697067,-0.982666
47.258331298828125,,,,,,,,,,,,,,,-0.8664322,-1.030556,1.11937,-0.01256561,0.5657196,-0.4752502,1.686264,-1.094841,1.599926,-0.7743225,1.115761,-0.9010696,0.5973549,-0.7522049,0.4996872,-0.7737503,-9.686111,-4.191292,-0.7829056,-2.059555,-5.403091,-1.091721,-0.9406281,-0.8933487,-0.7745895,-0.9836426
47.266666666666666,-1.0,-378.0,-33.0,-76.0,-7.0,-1309.0,-11.0,-4801.0,-3.0,-8909.0,-6.0,-790.0,-4.0,-3334.0,,,,,,,,,,,,,,,,,,,,,,,,,,
47.26667022705078,,,,,,,,,,,,,,,-0.8586197,-1.045204,1.122299,0.001106262,0.5598602,-0.4664612,1.69017,-1.098747,1.59602,-0.7694397,1.111855,-0.882515,0.6041908,-0.7443924,0.4977341,-0.7796097,-9.668533,-4.18055,-0.7868118,-2.054672,-5.400162,-1.073166,-0.9396515,-0.8972549,-0.7794724,-0.9846191
47.275001525878906,,,,,,,,,,,,,,,-0.85569,-1.060829,1.120346,0.01184845,0.5530243,-0.4566956,1.692123,-1.102654,1.589184,-0.7596741,1.109901,-0.8649368,0.6100502,-0.738533,0.4977341,-0.7854691,-9.654861,-4.173714,-0.788765,-2.048813,-5.400162,-1.058517,-0.9416046,-0.9001846,-0.7833786,-0.9865723
47.283329010009766,,,,,,,,,,,,,,,-0.85569,-1.074501,1.11937,0.02161407,0.5422821,-0.4488831,1.695053,-1.104607,1.582348,-0.7499084,1.109901,-0.8532181,0.6139565,-0.7346268,0.4987106,-0.7932816,-9.63533,-4.168831,-0.7985306,-2.040024,-5.396255,-1.052658,-0.9455109,-0.9011612,-0.7863083,-0.9846191
47.29167175292969,,,,,,,,,,,,,,,-0.8566666,-1.085243,1.115463,0.02747345,0.5325165,-0.4430237,1.69603,-1.101677,1.577465,-0.7420959,1.110878,-0.8502884,0.6120033,-0.7307205,0.5016403,-0.8010941,-9.625565,-4.164925,-0.8082962,-2.033188,-5.392349,-1.052658,-0.9552765,-0.9021378,-0.7902145,-0.9777832
47.29999923706055,,,,,,,,,,,,,,,-0.8595963,-1.089149,1.11351,0.03040314,0.5227509,-0.4410706,1.694077,-1.096794,1.573559,-0.7342834,1.112831,-0.8522415,0.6051674,-0.7307205,0.5035934,-0.80793,-9.617752,-4.166878,-0.8219681,-2.029282,-5.392349,-1.054611,-0.9640656,-0.9040909,-0.7950974,-0.9680176
47.3,-1.0,-384.0,-33.0,-75.0,-7.0,-1312.0,-11.0,-4803.0,-4.0,-8909.0,-5.0,-789.0,-4.0,-3340.0,,,,,,,,,,,,,,,,,,,,,,,,,,
47.30833053588867,,,,,,,,,,,,,,,-0.8635025,-1.08622,1.112534,0.03235626,0.5159149,-0.440094,1.691147,-1.089958,1.570629,-0.7254944,1.115761,-0.860054,0.5934486,-0.7336502,0.5074997,-0.8147659,-9.618729,-4.17469,-0.8366165,-2.028305,-5.393326,-1.058517,-0.9718781,-0.9070206,-0.8019333,-0.9533691
47.31666946411133,,,,,,,,,,,,,,,-0.8674088,-1.076454,1.11351,0.03235626,0.5120087,-0.440094,1.687241,-1.081169,1.569653,-0.7206116,1.115761,-0.86689,0.5797768,-0.7365799,0.5094528,-0.8216019,-9.626541,-4.185432,-0.851265,-2.028305,-5.395279,-1.064377,-0.978714,-0.9109268,-0.8097458,-0.9367676
47.32500076293945,,,,,,,,,,,,,,,-0.8693619,-1.065712,1.115463,0.03040314,0.5110321,-0.4381409,1.682358,-1.073357,1.565746,-0.7206116,1.114784,-0.8717728,0.5641518,-0.7395096,0.5094528,-0.8255081,-9.639236,-4.199104,-0.8639603,-2.031235,-5.399185,-1.071213,-0.9826202,-0.9148331,-0.8175583,-0.9191895
47.33332824707031,,,,,,,,,,,,,,,-0.8683853,-1.057899,1.117416,0.02845001,0.5149384,-0.4352112,1.677475,-1.06945,1.563793,-0.7215881,1.109901,-0.875679,0.5495033,-0.7404861,0.5065231,-0.8294144,-9.658768,-4.213753,-0.8795853,-2.035141,-5.405045,-1.080002,-0.9845734,-0.9206924,-0.8234177,-0.9035645
47.333333333333336,0.0,-390.0,-33.0,-77.0,-7.0,-1318.0,-12.0,-4808.0,-4.0,-8910.0,-4.0,-788.0,-3.0,-3345.0,,,,,,,,,,,,,,,,,,,,,,,,,,
47.341670989990234,,,,,,,,,,,,,,,-0.8674088,-1.051064,1.11937,0.02552032,0.5198212,-0.4303284,1.672592,-1.068474,1.560863,-0.7254944,1.104042,-0.8786087,0.5387611,-0.7414627,0.50457,-0.8313675,-9.680252,-4.225471,-0.8922806,-2.037094,-5.409927,-1.090744,-0.9865265,-0.9226456,-0.8234177,-0.8918457
47.349998474121094,,,,,,,,,,,,,,,-0.8635025,-1.046181,1.117416,0.02161407,0.5237274,-0.424469,1.669662,-1.07238,1.55891,-0.7303772,1.09623,-0.8766556,0.5338783,-0.7395096,0.5006638,-0.8323441,-9.705643,-4.23719,-0.8991165,-2.040024,-5.410904,-1.105392,-0.9904327,-0.9245987,-0.8234177,-0.8830566
47.35832977294922,,,,,,,,,,,,,,,-0.8586197,-1.046181,1.11351,0.01380157,0.5315399,-0.4186096,1.667709,-1.081169,1.556957,-0.7362366,1.089394,-0.8747025,0.5319252,-0.7346268,0.4957809,-0.8333206,-9.726151,-4.246956,-0.9049759,-2.040024,-5.41188,-1.123947,-0.9953156,-0.9255753,-0.8156052,-0.8723145
47.36666666666667,0.0,-396.0,-33.0,-80.0,-6.0,-1326.0,-12.0,-4813.0,-4.0,-8911.0,-4.0,-788.0,-3.0,-3350.0,,,,,,,,,,,,,,,,,,,,,,,,,,
47.366668701171875,,,,,,,,,,,,,,,-0.85569,-1.04911,1.108627,0.0079422,0.5344696,-0.4117737,1.666733,-1.086052,1.55891,-0.7430725,1.086464,-0.875679,0.536808,-0.7287674,0.4928513,-0.8342972,-9.751541,-4.252815,-0.9020462,-2.038071,-5.409927,-1.144455,-1.002151,-0.9255753,-0.8038864,-0.8654785
47.375,,,,,,,,,,,,,,,-0.8566666,-1.051064,1.101791,0.005989075,0.5344696,-0.4078674,1.667709,-1.089958,1.55891,-0.7489319,1.084511,-0.8795853,0.5455971,-0.7190018,0.4908981,-0.8352737,-9.768143,-4.249886,-0.8952103,-2.036118,-5.408951,-1.166916,-1.006058,-0.9236221,-0.7902145,-0.8605957
47.383331298828125,,,,,,,,,,,,,,,-0.8566666,-1.053993,1.092026,0.0079422,0.533493,-0.4039612,1.670639,-1.089958,1.560863,-0.7518616,1.082558,-0.8873978,0.5563393,-0.7082596,0.4869919,-0.8372269,-9.780838,-4.246956,-0.8854446,-2.031235,-5.407974,-1.185471,-1.008987,-0.9206924,-0.7726364,-0.8566895
47.39167022705078,,,,,,,,,,,,,,,-0.8595963,-1.056923,1.086166,0.01184845,0.5295868,-0.3990784,1.673569,-1.083122,1.562817,-0.7518616,1.084511,-0.89814,0.5719643,-0.6975174,0.4840622,-0.8401566,-9.784744,-4.24305,-0.8737259,-2.027328,-5.406998,-1.197189,-1.012894,-0.9148331,-0.757988,-0.8537598
47.4,0.0,-401.0,-33.0,-83.0,-5.0,-1334.0,-12.0,-4816.0,-4.0,-8914.0,-4.0,-791.0,-3.0,-3356.0,,,,,,,,,,,,,,,,,,,,,,,,,,
47.400001525878906,,,,,,,,,,,,,,,-0.8635025,-1.056923,1.080307,0.02063751,0.5237274,-0.393219,1.675522,-1.073357,1.56184,-0.7489319,1.082558,-0.9088821,0.583683,-0.6897049,0.4791794,-0.8440628,-9.783768,-4.239143,-0.8610306,-2.024399,-5.409927,-1.201096,-1.009964,-0.906044,-0.7443161,-0.8547363
47.408329010009766,,,,,,,,,,,,,,,-0.8664322,-1.053993,1.075424,0.0313797,0.517868,-0.3854065,1.678452,-1.060661,1.560863,-0.7420959,1.079628,-0.9196243,0.5944252,-0.6809158,0.4752731,-0.8469925,-9.771072,-4.232307,-0.8590775,-2.020493,-5.41188,-1.196213,-1.006058,-0.8933487,-0.7316208,-0.857666
47.41667175292969,,,,,,,,,,,,,,,-0.8693619,-1.051064,1.069565,0.0391922,0.5129852,-0.3736877,1.680405,-1.046989,1.555004,-0.7323303,1.074745,-0.9254837,0.599308,-0.6740799,0.4703903,-0.8499222,-9.752518,-4.228401,-0.8581009,-2.017563,-5.418716,-1.182541,-1.002151,-0.8767471,-0.7238083,-0.8654785
47.42499923706055,,,,,,,,,,,,,,,-0.8742447,-1.046181,1.066635,0.04602814,0.5081024,-0.3600159,1.680405,-1.0382,1.549145,-0.7186584,1.064003,-0.9235306,0.6002846,-0.6691971,0.4655075,-0.8557816,-9.727127,-4.227425,-0.8678665,-2.016586,-5.424576,-1.166916,-0.9953156,-0.8552628,-0.7238083,-0.8762207
47.43333053588867,,,,,,,,,,,,,,,-0.8781509,-1.038368,1.061752,0.04993439,0.5051727,-0.3502502,1.678452,-1.030388,1.543285,-0.7030334,1.051308,-0.9166946,0.5963783,-0.6682205,0.4625778,-0.8626175,-9.70076,-4.228401,-0.882515,-2.013657,-5.431412,-1.145432,-0.9953156,-0.8328018,-0.7296677,-0.8879395
47.43333333333333,0.0,-405.0,-33.0,-86.0,-4.0,-1336.0,-13.0,-4818.0,-4.0,-8918.0,-5.0,-796.0,-3.0,-3362.0,,,,,,,,,,,,,,,,,,,,,,,,,,
47.44166946411133,,,,,,,,,,,,,,,-0.8830338,-1.029579,1.05687,0.04993439,0.5032196,-0.3424377,1.676498,-1.028435,1.538403,-0.6854553,1.038612,-0.9020462,0.5895424,-0.6721268,0.4586716,-0.8694534,-9.676346,-4.230354,-0.9039993,-2.011703,-5.437271,-1.1259,-0.9953156,-0.8142471,-0.7404099,-0.8996582
47.45000076293945,,,,,,,,,,,,,,,-0.88694,-1.02079,1.051987,0.04798126,0.502243,-0.3395081,1.670639,-1.033318,1.534496,-0.6678772,1.026894,-0.882515,0.5797768,-0.6809158,0.457695,-0.8762894,-9.658768,-4.236214,-0.9284134,-2.011703,-5.445084,-1.112228,-0.9972687,-0.7995987,-0.7550583,-0.9104004
47.45832824707031,,,,,,,,,,,,,,,-0.8908463,-1.011024,1.046127,0.0470047,0.5002899,-0.3443909,1.666733,-1.042107,1.535473,-0.6522522,1.018105,-0.8629837,0.5709877,-0.6936111,0.4567184,-0.8850784,-9.646072,-4.238167,-0.9479446,-2.010727,-5.455826,-1.101486,-1.003128,-0.7898331,-0.7726364,-0.9172363
47.46666666666667,0.0,-408.0,-33.0,-88.0,-4.0,-1337.0,-12.0,-4818.0,-4.0,-8923.0,-5.0,-800.0,-3.0,-3363.0,,,,,,,,,,,,,,,,,,,,,,,,,,
47.466670989990234,,,,,,,,,,,,,,,-0.8947525,-0.996376,1.042221,0.05091095,0.4993134,-0.3522034,1.662827,-1.050896,1.535473,-0.6405334,1.012245,-0.8414993,0.5612221,-0.7102127,0.4586716,-0.8899612,-9.63826,-4.239143,-0.9625931,-2.006821,-5.464615,-1.09465,-1.006058,-0.7888565,-0.7872849,-0.9230957
47.474998474121094,,,,,,,,,,,,,,,-0.8947525,-0.9817276,1.039291,0.05774689,0.4973602,-0.3639221,1.65892,-1.060661,1.538403,-0.6336975,1.010292,-0.8219681,0.5534096,-0.7287674,0.4596481,-0.8899612,-9.636307,-4.24012,-0.9723587,-2.003891,-5.471451,-1.091721,-1.007034,-0.7956924,-0.8068161,-0.9250488
47.48332977294922,,,,,,,,,,,,,,,-0.8918228,-0.9661026,1.039291,0.06653595,0.4973602,-0.3795471,1.65892,-1.070427,1.541332,-0.6297913,1.013222,-0.8053665,0.5465736,-0.745369,0.4606247,-0.8850784,-9.634354,-4.236214,-0.9723587,-2.001938,-5.48024,-1.091721,-1.007034,-0.8054581,-0.8214645,-0.9211426
47.491668701171875,,,,,,,,,,,,,,,-0.88694,-0.949501,1.041245,0.07532501,0.4983368,-0.3902893,1.660873,-1.076286,1.546215,-0.6307678,1.019081,-0.7936478,0.5407143,-0.7600174,0.4616013,-0.8743362,-9.636307,-4.228401,-0.9664993,-2.000961,-5.488052,-1.092697,-1.003128,-0.8201065,-0.8312302,-0.9143066
47.5,0.0,-412.0,-33.0,-89.0,-5.0,-1337.0,-12.0,-4821.0,-4.0,-8932.0,-5.0,-800.0,-2.0,-3363.0,-0.8820572,-0.9348526,1.043198,0.08216095,0.5012665,-0.3951721,1.66478,-1.078239,1.545238,-0.6346741,1.023964,-0.7838821,0.5358315,-0.769783,0.4616013,-0.8596878,-9.63533,-4.216682,-0.9567337,-2.002914,-5.492935,-1.092697,-0.9992218,-0.8347549,-0.836113,-0.9055176
47.508331298828125,,,,,,,,,,,,,,,-0.8752213,-0.9270401,1.047104,0.0860672,0.5061493,-0.3912659,1.669662,-1.07531,1.544262,-0.6405334,1.0308,-0.7760696,0.5299721,-0.7717361,0.4606247,-0.8440628,-9.636307,-4.201057,-0.9469681,-2.008774,-5.494888,-1.090744,-0.9953156,-0.8474503,-0.8380661,-0.8928223
47.51667022705078,,,,,,,,,,,,,,,-0.8703384,-0.9231339,1.051987,0.0860672,0.509079,-0.3805237,1.675522,-1.070427,1.539379,-0.6473694,1.037636,-0.7682571,0.5250893,-0.769783,0.4596481,-0.8342972,-9.637283,-4.182503,-0.938179,-2.017563,-5.496841,-1.087814,-0.994339,-0.8562393,-0.8331833,-0.8771973
47.525001525878906,,,,,,,,,,,,,,,-0.8664322,-0.9241104,1.05687,0.08216095,0.5139618,-0.3609924,1.679428,-1.063591,1.535473,-0.6522522,1.042519,-0.7604446,0.5202065,-0.7639236,0.4557419,-0.8284378,-9.640213,-4.161995,-0.9323196,-2.029282,-5.494888,-1.081955,-0.9962921,-0.8620987,-0.8253708,-0.8625488
47.533329010009766,,,,,,,,,,,,,,,-0.8654556,-0.9299698,1.059799,0.07630157,0.5188446,-0.3365784,1.677475,-1.053825,1.53352,-0.6551819,1.047401,-0.7526321,0.5172768,-0.7561111,0.4518356,-0.8294144,-9.644119,-4.141487,-0.9342728,-2.042953,-5.489029,-1.077072,-1.005081,-0.8669815,-0.8146286,-0.8518066
47.53333333333333,0.0,-415.0,-33.0,-91.0,-5.0,-1341.0,-12.0,-4825.0,-3.0,-8937.0,-5.0,-795.0,-2.0,-3365.0,,,,,,,,,,,,,,,,,,,,,,,,,,
47.54167175292969,,,,,,,,,,,,,,,-0.8664322,-0.9377823,1.061752,0.06848907,0.5217743,-0.3092346,1.672592,-1.04406,1.529613,-0.6600647,1.051308,-0.7428665,0.5163002,-0.7473221,0.4479294,-0.8362503,-9.651932,-4.123909,-0.9352493,-2.054672,-5.488052,-1.076096,-1.014847,-0.8708878,-0.8009567,-0.8439941
47.54999923706055,,,,,,,,,,,,,,,-0.8703384,-0.949501,1.065659,0.06360626,0.5237274,-0.2848206,1.66185,-1.032341,1.528637,-0.6639709,1.053261,-0.7340775,0.5172768,-0.7356033,0.4430466,-0.8450394,-9.658768,-4.113167,-0.9440384,-2.068344,-5.487076,-1.076096,-1.030472,-0.874794,-0.7872849,-0.8391113
47.55833053588867,,,,,,,,,,,,,,,-0.8771744,-0.9621964,1.065659,0.06067657,0.524704,-0.2662659,1.647202,-1.021599,1.53059,-0.6659241,1.058144,-0.726265,0.5192299,-0.7258377,0.4410934,-0.8508987,-9.662674,-4.109261,-0.9518509,-2.076157,-5.490005,-1.079025,-1.047073,-0.8777237,-0.7775192,-0.8381348
47.56666666666667,0.0,-417.0,-33.0,-92.0,-6.0,-1345.0,-11.0,-4828.0,-3.0,-8943.0,-6.0,-792.0,-2.0,-3364.0,,,,,,,,,,,,,,,,,,,,,,,,,,
47.56666946411133,,,,,,,,,,,,,,,-0.8840103,-0.971962,1.067612,0.06067657,0.5237274,-0.2535706,1.632553,-1.01281,1.534496,-0.6688538,1.05912,-0.726265,0.5231361,-0.7190018,0.4391403,-0.8508987,-9.66658,-4.11512,-0.9596634,-2.07811,-5.496841,-1.086838,-1.063675,-0.8787003,-0.7706833,-0.8430176
47.57500076293945,,,,,,,,,,,,,,,-0.8908463,-0.9797745,1.067612,0.05970001,0.5237274,-0.2477112,1.615952,-1.005974,1.536449,-0.6708069,1.060097,-0.7311478,0.5289955,-0.7111893,0.4391403,-0.8479691,-9.668533,-4.129768,-0.969429,-2.079086,-5.50563,-1.101486,-1.075394,-0.8777237,-0.7677536,-0.8518066
47.58332824707031,,,,,,,,,,,,,,,-0.8976822,-0.9846573,1.067612,0.05970001,0.5217743,-0.2477112,1.60228,-0.9991379,1.537426,-0.6717834,1.061073,-0.7457962,0.5338783,-0.7033768,0.4391403,-0.8401566,-9.668533,-4.147346,-0.9723587,-2.07811,-5.515396,-1.116135,-1.087112,-0.8738174,-0.7706833,-0.864502
47.591670989990234,,,,,,,,,,,,,,,-0.9035416,-0.9856339,1.065659,0.06067657,0.5159149,-0.2496643,1.594467,-0.9942551,1.535473,-0.67276,1.05912,-0.7672806,0.5377846,-0.7004471,0.4381638,-0.8313675,-9.66951,-4.165901,-0.9723587,-2.073227,-5.524185,-1.129807,-1.088089,-0.8699112,-0.7755661,-0.8820801
47.599998474121094,,,,,,,,,,,,,,,-0.9074478,-0.9836807,1.060776,0.05970001,0.5081024,-0.2574768,1.589584,-0.9923019,1.53059,-0.6698303,1.055214,-0.7956009,0.5407143,-0.7004471,0.4332809,-0.823555,-9.671463,-4.18055,-0.9664993,-2.068344,-5.532974,-1.140549,-1.085159,-0.8650284,-0.7863083,-0.9025879
47.6,0.0,-419.0,-34.0,-90.0,-6.0,-1349.0,-11.0,-4827.0,-4.0,-8950.0,-6.0,-792.0,-2.0,-3366.0,,,,,,,,,,,,,,,,,,,,,,,,,,
47.60832977294922,,,,,,,,,,,,,,,-0.9094009,-0.9758682,1.05687,0.05970001,0.4973602,-0.2623596,1.589584,-0.9942551,1.521801,-0.6629944,1.052284,-0.8239212,0.543644,-0.7033768,0.4254684,-0.8196487,-9.671463,-4.184456,-0.9577103,-2.061508,-5.538834,-1.147385,-1.078323,-0.8611221,-0.7960739,-0.9260254
47.616668701171875,,,,,,,,,,,,,,,-0.9103775,-0.9631729,1.05101,0.05677032,0.4856415,-0.2652893,1.591537,-0.9971848,1.513988,-0.6551819,1.046425,-0.8463821,0.543644,-0.7092361,0.4176559,-0.8225784,-9.675369,-4.178596,-0.945015,-2.055649,-5.54274,-1.152267,-1.069534,-0.859169,-0.8068161,-0.951416
47.625,,,,,,,,,,,,,,,-0.9103775,-0.9504776,1.043198,0.05286407,0.4739227,-0.2643127,1.594467,-0.9971848,1.505199,-0.6473694,1.038612,-0.860054,0.5407143,-0.7190018,0.4078903,-0.8284378,-9.678299,-4.163948,-0.9313431,-2.048813,-5.543716,-1.148361,-1.062698,-0.8601456,-0.8175583,-0.9768066
47.633331298828125,,,,,,,,,,,,,,,-0.9094009,-0.940712,1.038315,0.05384064,0.462204,-0.2623596,1.59642,-0.9991379,1.500317,-0.6395569,1.0308,-0.8629837,0.5377846,-0.7277908,0.3991013,-0.8352737,-9.682205,-4.14637,-0.9157181,-2.038071,-5.54274,-1.140549,-1.058792,-0.8640518,-0.8253708,-0.9963379
47.63333333333333,0.0,-420.0,-34.0,-88.0,-7.0,-1350.0,-11.0,-4829.0,-4.0,-8956.0,-6.0,-796.0,-2.0,-3370.0,,,,,,,,,,,,,,,,,,,,,,,,,,
47.64167022705078,,,,,,,,,,,,,,,-0.9094009,-0.9328995,1.034409,0.0548172,0.4524384,-0.2584534,1.601303,-1.001091,1.49641,-0.6327209,1.021034,-0.8571243,0.5338783,-0.7365799,0.3922653,-0.8411331,-9.685135,-4.129768,-0.9010696,-2.026352,-5.54274,-1.12883,-1.054886,-0.8708878,-0.8263474,-1.009033
47.650001525878906,,,,,,,,,,,,,,,-0.9074478,-0.9319229,1.034409,0.05677032,0.4446259,-0.2545471,1.601303,-1.001091,1.495434,-0.6288147,1.012245,-0.8434525,0.5299721,-0.745369,0.3883591,-0.8440628,-9.688065,-4.11512,-0.8922806,-2.014633,-5.541763,-1.117111,-1.058792,-0.8796768,-0.829277,-1.012939
47.658329010009766,,,,,,,,,,,,,,,-0.9045181,-0.9368057,1.034409,0.0626297,0.4407196,-0.252594,1.601303,-0.9991379,1.49641,-0.6317444,1.005409,-0.8258743,0.5270424,-0.7531815,0.3864059,-0.8421097,-9.690018,-4.108284,-0.8834915,-1.999008,-5.53688,-1.106369,-1.063675,-0.8845596,-0.8283005,-1.005127
47.666666666666664,0.0,-423.0,-34.0,-87.0,-8.0,-1344.0,-11.0,-4834.0,-4.0,-8956.0,-5.0,-799.0,-2.0,-3372.0,,,,,,,,,,,,,,,,,,,,,,,,,,
47.66667175292969,,,,,,,,,,,,,,,-0.8986588,-0.9436417,1.037338,0.06751251,0.439743,-0.2565002,1.601303,-1.000114,1.49641,-0.64151,1.000526,-0.8102493,0.5250893,-0.7580643,0.3873825,-0.8362503,-9.693924,-4.109261,-0.8815384,-1.985336,-5.535904,-1.099533,-1.070511,-0.8894424,-0.8253708,-0.9875488
47.67499923706055,,,,,,,,,,,,,,,-0.8927994,-0.9543839,1.040268,0.0704422,0.4407196,-0.2633362,1.600327,-0.9991379,1.493481,-0.6551819,0.9975967,-0.8014603,0.521183,-0.7590408,0.3893356,-0.8294144,-9.69783,-4.116096,-0.8834915,-1.976547,-5.534927,-1.09465,-1.078323,-0.8933487,-0.8243942,-0.9611816
47.68333053588867,,,,,,,,,,,,,,,-0.88694,-0.9661026,1.042221,0.0704422,0.4407196,-0.2731018,1.600327,-0.9971848,1.490551,-0.6708069,0.9966202,-0.8004837,0.5182533,-0.7580643,0.3932419,-0.8225784,-9.70369,-4.126839,-0.8864212,-1.969711,-5.534927,-1.09758,-1.088089,-0.8953018,-0.8234177,-0.9328613
47.69166946411133,,,,,,,,,,,,,,,-0.8801041,-0.971962,1.042221,0.06653595,0.4407196,-0.2848206,1.598373,-0.9942551,1.482738,-0.6874084,0.9966202,-0.80439,0.5143471,-0.754158,0.3961716,-0.8186722,-9.709549,-4.135628,-0.8961868,-1.969711,-5.53688,-1.106369,-1.096878,-0.8943253,-0.8214645,-0.9035645
47.7,0.0,-425.0,-34.0,-88.0,-8.0,-1343.0,-11.0,-4837.0,-5.0,-8955.0,-5.0,-801.0,-2.0,-3376.0,,,,,,,,,,,,,,,,,,,,,,,,,,
47.70000076293945,,,,,,,,,,,,,,,-0.8771744,-0.9739151,1.041245,0.06067657,0.4407196,-0.299469,1.595444,-0.9893723,1.473949,-0.6991272,0.9985733,-0.8112259,0.5104408,-0.745369,0.4010544,-0.8196487,-9.715408,-4.141487,-0.9079056,-1.976547,-5.540787,-1.120041,-1.105667,-0.8923721,-0.8224411,-0.880127
47.70832824707031,,,,,,,,,,,,,,,-0.8752213,-0.9690323,1.039291,0.05091095,0.4387665,-0.3121643,1.591537,-0.9835129,1.467113,-0.7069397,0.9975967,-0.8239212,0.5045815,-0.7356033,0.4069138,-0.8255081,-9.720291,-4.147346,-0.9166946,-1.985336,-5.54567,-1.135666,-1.11348,-0.8874893,-0.8234177,-0.8654785
47.716670989990234,,,,,,,,,,,,,,,-0.8742447,-0.9621964,1.036362,0.04212189,0.4348602,-0.3219299,1.588608,-0.9776535,1.461254,-0.7079163,0.9966202,-0.8346634,0.4977455,-0.7248611,0.4137497,-0.8352737,-9.723221,-4.150276,-0.92939,-1.995102,-5.550552,-1.152267,-1.117386,-0.8806534,-0.8243942,-0.8596191
47.724998474121094,,,,,,,,,,,,,,,-0.8761978,-0.9543839,1.034409,0.03430939,0.4348602,-0.3287659,1.584702,-0.9727707,1.458324,-0.7010803,0.9946671,-0.8454056,0.4918861,-0.7160721,0.4196091,-0.8440628,-9.722244,-4.153206,-0.9372025,-2.004868,-5.557388,-1.165939,-1.120316,-0.8718643,-0.8234177,-0.8625488
47.73332977294922,,,,,,,,,,,,,,,-0.8771744,-0.9436417,1.033432,0.02845001,0.4319305,-0.3316956,1.582748,-0.9678879,1.459301,-0.6913147,0.9907608,-0.8551712,0.4889565,-0.7092361,0.4274216,-0.8538284,-9.718338,-4.157112,-0.9411087,-2.00975,-5.563248,-1.176682,-1.117386,-0.8640518,-0.8214645,-0.8723145
47.733333333333334,-1.0,-425.0,-34.0,-86.0,-7.0,-1345.0,-12.0,-4841.0,-5.0,-8957.0,-5.0,-801.0,-2.0,-3384.0,,,,,,,,,,,,,,,,,,,,,,,,,,
47.741668701171875,,,,,,,,,,,,,,,-0.8781509,-0.933876,1.032455,0.02454376,0.430954,-0.3356018,1.582748,-0.9659348,1.463207,-0.6786194,0.9888077,-0.8629837,0.4860268,-0.7063065,0.4342575,-0.8596878,-9.713455,-4.159065,-0.9411087,-2.013657,-5.566177,-1.185471,-1.114456,-0.8572159,-0.8175583,-0.888916
47.75,,,,,,,,,,,,,,,-0.8771744,-0.9280167,1.034409,0.02259064,0.4290009,-0.3356018,1.582748,-0.9678879,1.466137,-0.6698303,0.9849014,-0.8698196,0.4850502,-0.7082596,0.4381638,-0.8567581,-9.707596,-4.160042,-0.9420853,-2.01268,-5.57106,-1.189377,-1.10762,-0.8513565,-0.8126755,-0.9055176
47.758331298828125,,,,,,,,,,,,,,,-0.8761978,-0.9202042,1.037338,0.0235672,0.4250946,-0.3356018,1.585678,-0.9737473,1.470043,-0.6629944,0.985878,-0.8766556,0.4870033,-0.714119,0.4440231,-0.8479691,-9.701736,-4.162971,-0.938179,-2.007797,-5.574966,-1.186447,-1.101761,-0.8474503,-0.8038864,-0.9230957
47.766666666666666,-1.0,-426.0,-34.0,-83.0,-7.0,-1348.0,-12.0,-4841.0,-4.0,-8960.0,-5.0,-798.0,-2.0,-3390.0,,,,,,,,,,,,,,,,,,,,,,,,,,
47.76667022705078,,,,,,,,,,,,,,,-0.8732681,-0.9133682,1.039291,0.0235672,0.4211884,-0.3326721,1.588608,-0.9796066,1.47102,-0.6600647,0.9829483,-0.8815384,0.4889565,-0.722908,0.4479294,-0.8382034,-9.696854,-4.163948,-0.9372025,-2.003891,-5.578873,-1.181564,-1.093948,-0.8464737,-0.7999802,-0.9387207
47.775001525878906,,,,,,,,,,,,,,,-0.871315,-0.9075089,1.040268,0.02552032,0.4133759,-0.3316956,1.587631,-0.9864426,1.470043,-0.6610413,0.9839249,-0.8834915,0.4909096,-0.7336502,0.4508591,-0.8255081,-9.693924,-4.161995,-0.9411087,-2.003891,-5.584732,-1.179611,-1.092972,-0.8484268,-0.7990036,-0.9533691
47.783329010009766,,,,,,,,,,,,,,,-0.871315,-0.902626,1.039291,0.02942657,0.4065399,-0.3346252,1.587631,-0.9971848,1.466137,-0.6669006,0.9849014,-0.8864212,0.4948158,-0.7424393,0.4518356,-0.8137894,-9.696854,-4.160042,-0.9479446,-2.004868,-5.585709,-1.175705,-1.094925,-0.8494034,-0.798027,-0.9650879
47.79167175292969,,,,,,,,,,,,,,,-0.871315,-0.9006729,1.036362,0.03235626,0.3977509,-0.3365784,1.586655,-1.004997,1.460278,-0.6786194,0.985878,-0.891304,0.4987221,-0.7502518,0.4518356,-0.8050003,-9.699783,-4.157112,-0.96064,-2.008774,-5.588638,-1.171799,-1.100784,-0.8533096,-0.8019333,-0.9748535
47.79999923706055,,,,,,,,,,,,,,,-0.8742447,-0.9016495,1.032455,0.03626251,0.3918915,-0.3404846,1.583725,-1.011833,1.453442,-0.6942444,0.9888077,-0.8952103,0.5016518,-0.7561111,0.4498825,-0.8030472,-9.708572,-4.154182,-0.9743118,-2.013657,-5.589615,-1.167892,-1.11055,-0.8552628,-0.8107224,-0.9836426
47.8,-1.0,-427.0,-33.0,-81.0,-6.0,-1350.0,-12.0,-4841.0,-4.0,-8959.0,-5.0,-794.0,-3.0,-3396.0,,,,,,,,,,,,,,,,,,,,,,,,,,
47.80833053588867,,,,,,,,,,,,,,,-0.8791275,-0.9084854,1.026596,0.0391922,0.3879852,-0.346344,1.577866,-1.018669,1.446606,-0.7127991,0.9897842,-0.8991165,0.5045815,-0.7580643,0.4430466,-0.8040237,-9.717361,-4.152229,-0.9860306,-2.019516,-5.590591,-1.165939,-1.120316,-0.8552628,-0.8175583,-0.9885254
47.81666946411133,,,,,,,,,,,,,,,-0.8840103,-0.9211807,1.02269,0.04114532,0.3879852,-0.3522034,1.572006,-1.024529,1.437817,-0.73526,0.9907608,-0.906929,0.5065346,-0.7590408,0.4371872,-0.8059769,-9.726151,-4.150276,-0.9938431,-2.026352,-5.586685,-1.16301,-1.132034,-0.8533096,-0.8263474,-0.9914551
47.82500076293945,,,,,,,,,,,,,,,-0.8908463,-0.933876,1.017807,0.04016876,0.3889618,-0.3551331,1.5681,-1.030388,1.43391,-0.7567444,0.9917374,-0.9157181,0.5065346,-0.7580643,0.4293747,-0.8098831,-9.735916,-4.150276,-0.9957962,-2.029282,-5.584732,-1.158127,-1.1418,-0.8474503,-0.8312302,-0.9943848
47.83332824707031,,,,,,,,,,,,,,,-0.8976822,-0.9465714,1.015854,0.03723907,0.3879852,-0.3580627,1.562241,-1.0382,1.429028,-0.7792053,0.9888077,-0.9245071,0.5045815,-0.7570877,0.4254684,-0.8137894,-9.743729,-4.153206,-0.99189,-2.029282,-5.581802,-1.153244,-1.146683,-0.8396378,-0.8331833,-0.9963379
47.833333333333336,0.0,-430.0,-34.0,-81.0,-7.0,-1351.0,-12.0,-4841.0,-5.0,-8954.0,-6.0,-791.0,-3.0,-3402.0,,,,,,,,,,,,,,,,,,,,,,,,,,
47.841670989990234,,,,,,,,,,,,,,,-0.9054947,-0.9612198,1.015854,0.03235626,0.3889618,-0.3580627,1.558334,-1.045036,1.422192,-0.7967834,0.9849014,-0.9313431,0.5026283,-0.7570877,0.4225388,-0.8108597,-9.744705,-4.155159,-0.9870071,-2.027328,-5.578873,-1.149338,-1.147659,-0.8269424,-0.8341599,-0.9953613
47.849998474121094,,,,,,,,,,,,,,,-0.9084244,-0.9700089,1.01683,0.02747345,0.3889618,-0.3561096,1.552475,-1.049919,1.416332,-0.8055725,0.9770889,-0.9391556,0.5016518,-0.7570877,0.4225388,-0.8069534,-9.743729,-4.157112,-0.9811478,-2.022446,-5.580826,-1.146408,-1.1418,-0.8152237,-0.8312302,-0.9953613
47.85832977294922,,,,,,,,,,,,,,,-0.9094009,-0.9729385,1.017807,0.0235672,0.3860321,-0.3502502,1.550522,-1.054802,1.410473,-0.8104553,0.9673233,-0.9469681,0.4977455,-0.7570877,0.4274216,-0.8001175,-9.738846,-4.160042,-0.976265,-2.019516,-5.584732,-1.144455,-1.134964,-0.8054581,-0.8283005,-0.9943848
47.86666666666667,0.0,-432.0,-34.0,-80.0,-7.0,-1355.0,-13.0,-4840.0,-5.0,-8951.0,-6.0,-788.0,-2.0,-3407.0,,,,,,,,,,,,,,,,,,,,,,,,,,
47.866668701171875,,,,,,,,,,,,,,,-0.9103775,-0.9739151,1.018784,0.02063751,0.384079,-0.3424377,1.548569,-1.060661,1.404613,-0.8104553,0.9575577,-0.9508743,0.4909096,-0.7561111,0.4323044,-0.792305,-9.735916,-4.161018,-0.9772415,-2.019516,-5.585709,-1.144455,-1.121292,-0.8005753,-0.8234177,-0.9924316
47.875,,,,,,,,,,,,,,,-0.9084244,-0.9748917,1.017807,0.0157547,0.384079,-0.3316956,1.547592,-1.065544,1.395824,-0.8036194,0.9497452,-0.9557571,0.4840736,-0.7551346,0.4391403,-0.7825394,-9.739822,-4.159065,-0.985054,-2.021469,-5.594498,-1.141525,-1.106644,-0.8025284,-0.8234177,-0.9865723
47.883331298828125,,,,,,,,,,,,,,,-0.9074478,-0.9778214,1.013901,0.01282501,0.3860321,-0.3209534,1.548569,-1.068474,1.389965,-0.7958069,0.9458389,-0.9577103,0.4752846,-0.7551346,0.4440231,-0.7737503,-9.748611,-4.156136,-0.9957962,-2.028305,-5.597427,-1.134689,-1.092972,-0.8083878,-0.8224411,-0.9807129
47.89167022705078,,,,,,,,,,,,,,,-0.9035416,-0.9836807,1.009018,0.0079422,0.3889618,-0.3102112,1.551498,-1.070427,1.386059,-0.7870178,0.9429092,-0.9557571,0.465519,-0.7561111,0.4469528,-0.7630081,-9.762283,-4.151253,-1.010445,-2.039047,-5.603287,-1.122971,-1.078323,-0.8210831,-0.8283005,-0.973877
47.9,0.0,-432.0,-34.0,-80.0,-7.0,-1360.0,-13.0,-4838.0,-6.0,-8953.0,-7.0,-786.0,-3.0,-3411.0,,,,,,,,,,,,,,,,,,,,,,,,,,
47.900001525878906,,,,,,,,,,,,,,,-0.9006119,-0.9905167,1.004135,0.001106262,0.392868,-0.3004456,1.552475,-1.07238,1.382153,-0.7792053,0.9458389,-0.9528275,0.4557533,-0.7590408,0.4449997,-0.7571487,-9.784744,-4.147346,-1.02314,-2.055649,-5.60524,-1.105392,-1.073441,-0.8376846,-0.8380661,-0.9650879
47.908329010009766,,,,,,,,,,,,,,,-0.8986588,-1.001259,1.001205,-0.009635925,0.3987274,-0.2936096,1.556381,-1.071404,1.380199,-0.7733459,0.9487686,-0.9479446,0.4459877,-0.7649002,0.44207,-0.7522659,-9.806229,-4.142464,-1.035835,-2.071274,-5.606216,-1.084885,-1.068558,-0.8542862,-0.8478317,-0.9562988
47.91667175292969,,,,,,,,,,,,,,,-0.8976822,-1.012001,0.9992523,-0.02037811,0.4006805,-0.2857971,1.561264,-1.066521,1.379223,-0.7704163,0.9516983,-0.9430618,0.4332924,-0.7756424,0.4371872,-0.7503128,-9.82576,-4.139534,-1.042671,-2.083969,-5.60817,-1.062424,-1.069534,-0.8689346,-0.8644333,-0.9494629
47.92499923706055,,,,,,,,,,,,,,,-0.8986588,-1.02079,0.9992523,-0.0311203,0.4016571,-0.2809143,1.563217,-1.061638,1.37727,-0.76651,0.9556046,-0.9332962,0.4235268,-0.7902908,0.4313278,-0.7503128,-9.842361,-4.138557,-1.047554,-2.093735,-5.609146,-1.044846,-1.071487,-0.8806534,-0.8790817,-0.9445801
47.93333053588867,,,,,,,,,,,,,,,-0.8986588,-1.027626,1.002182,-0.04088593,0.3987274,-0.2809143,1.564194,-1.054802,1.376293,-0.7645569,0.9556046,-0.92939,0.418644,-0.8039627,0.4225388,-0.7532425,-9.849197,-4.137581,-1.046577,-2.099594,-5.613052,-1.03508,-1.075394,-0.8874893,-0.8947067,-0.9416504
47.93333333333333,0.0,-432.0,-35.0,-79.0,-6.0,-1364.0,-12.0,-4834.0,-6.0,-8957.0,-7.0,-786.0,-3.0,-3416.0,,,,,,,,,,,,,,,,,,,,,,,,,,
47.94166946411133,,,,,,,,,,,,,,,-0.8986588,-1.033485,1.008041,-0.04772186,0.3957977,-0.2799377,1.563217,-1.04406,1.378246,-0.7645569,0.9556046,-0.92939,0.4166908,-0.8176346,0.4205856,-0.7591019,-9.849197,-4.137581,-1.044624,-2.1035,-5.616959,-1.03215,-1.0793,-0.8913956,-0.9064255,-0.9396973
47.95000076293945,,,,,,,,,,,,,,,-0.8996353,-1.034462,1.011948,-0.04967499,0.3879852,-0.2770081,1.557358,-1.033318,1.381176,-0.7645569,0.954628,-0.9352493,0.4176674,-0.832283,0.4205856,-0.7688675,-9.844315,-4.138557,-1.039742,-2.10643,-5.628677,-1.037033,-1.084183,-0.8913956,-0.9152145,-0.9396973
47.95832824707031,,,,,,,,,,,,,,,-0.9035416,-1.033485,1.014877,-0.0467453,0.3801727,-0.2740784,1.551498,-1.026482,1.385082,-0.7674866,0.9536514,-0.945015,0.4225502,-0.8420486,0.4254684,-0.7815628,-9.836502,-4.141487,-1.033882,-2.110336,-5.640396,-1.046799,-1.088089,-0.8894424,-0.9210739,-0.9396973
47.96666666666667,-1.0,-433.0,-36.0,-75.0,-7.0,-1367.0,-12.0,-4834.0,-7.0,-8966.0,-6.0,-788.0,-3.0,-3417.0,,,,,,,,,,,,,,,,,,,,,,,,,,
47.966670989990234,,,,,,,,,,,,,,,-0.9054947,-1.035439,1.015854,-0.04088593,0.377243,-0.2701721,1.541733,-1.018669,1.389965,-0.7713928,0.9516983,-0.9547806,0.4332924,-0.8488846,0.4303513,-0.7962112,-9.826736,-4.144417,-1.030952,-2.118149,-5.653091,-1.059494,-1.091019,-0.8855362,-0.9191208,-0.9396973
47.974998474121094,,,,,,,,,,,,,,,-0.9064713,-1.037392,1.017807,-0.03014374,0.3713837,-0.2643127,1.531967,-1.013786,1.395824,-0.7752991,0.9516983,-0.9684525,0.4469643,-0.8537674,0.4381638,-0.8147659,-9.817947,-4.150276,-1.029976,-2.129868,-5.666763,-1.073166,-1.094925,-0.8816299,-0.914238,-0.942627
47.98332977294922,,,,,,,,,,,,,,,-0.9074478,-1.040321,1.017807,-0.0154953,0.3694305,-0.2613831,1.519272,-1.011833,1.403637,-0.7831116,0.954628,-0.9811478,0.458683,-0.8566971,0.4449997,-0.8294144,-9.811111,-4.161018,-1.030952,-2.144516,-5.676529,-1.082932,-1.100784,-0.8787003,-0.9034958,-0.9475098
47.991668701171875,,,,,,,,,,,,,,,-0.9074478,-1.046181,1.017807,0.0001296997,0.3704071,-0.2613831,1.507553,-1.010857,1.409496,-0.7938538,0.9565811,-0.9909134,0.4704018,-0.8566971,0.4489059,-0.8430862,-9.805252,-4.173714,-1.034859,-2.163071,-5.683365,-1.091721,-1.105667,-0.8767471,-0.8927536,-0.951416
48.0,-1.0,-436.0,-36.0,-75.0,-7.0,-1372.0,-12.0,-4835.0,-7.0,-8976.0,-6.0,-791.0,-3.0,-3420.0,-0.9074478,-1.050087,1.01683,0.01966095,0.3743134,-0.2633362,1.497787,-1.00988,1.413403,-0.8055725,0.9604874,-0.9967728,0.4782143,-0.8566971,0.4508591,-0.8518753,-9.798416,-4.184456,-1.038765,-2.180649,-5.688248,-1.09758,-1.11055,-0.8738174,-0.882988,-0.9553223
48.008331298828125,,,,,,,,,,,,,,,-0.9074478,-1.051064,1.015854,0.03723907,0.377243,-0.2691956,1.488998,-1.011833,1.413403,-0.8192444,0.9624405,-0.9977493,0.4830971,-0.8576736,0.4489059,-0.8538284,-9.793533,-4.196175,-1.042671,-2.194321,-5.687271,-1.104416,-1.11348,-0.8738174,-0.8741989,-0.958252
48.01667022705078,,,,,,,,,,,,,,,-0.9064713,-1.04911,1.015854,0.05579376,0.3831024,-0.2760315,1.481186,-1.014763,1.410473,-0.82901,0.9653702,-0.9928665,0.4830971,-0.8557205,0.4449997,-0.8469925,-9.787674,-4.20594,-1.045601,-2.206039,-5.686295,-1.114182,-1.114456,-0.8777237,-0.8702927,-0.9602051
48.025001525878906,,,,,,,,,,,,,,,-0.9054947,-1.043251,1.013901,0.07239532,0.3870087,-0.2828674,1.475327,-1.018669,1.404613,-0.8348694,0.9653702,-0.9821243,0.4791908,-0.8508377,0.4391403,-0.8382034,-9.782791,-4.2118,-1.046577,-2.215805,-5.683365,-1.121994,-1.117386,-0.8845596,-0.8683395,-0.9572754
48.033329010009766,,,,,,,,,,,,,,,-0.9045181,-1.031532,1.010971,0.08411407,0.3889618,-0.2926331,1.470444,-1.022575,1.394848,-0.8338928,0.9624405,-0.9674759,0.474308,-0.8469315,0.4342575,-0.8245316,-9.776932,-4.2118,-1.045601,-2.218735,-5.683365,-1.130783,-1.117386,-0.8943253,-0.867363,-0.9494629
48.03333333333333,-1.0,-435.0,-35.0,-80.0,-7.0,-1378.0,-12.0,-4837.0,-7.0,-8987.0,-6.0,-792.0,-4.0,-3427.0,,,,,,,,,,,,,,,,,,,,,,,,,,
48.04167175292969,,,,,,,,,,,,,,,-0.9064713,-1.016884,1.003159,0.09290314,0.3860321,-0.2975159,1.469467,-1.026482,1.384106,-0.8260803,0.9585342,-0.9469681,0.465519,-0.839119,0.426445,-0.8089066,-9.775955,-4.206917,-1.038765,-2.218735,-5.681412,-1.140549,-1.119339,-0.906044,-0.867363,-0.9387207
48.04999923706055,,,,,,,,,,,,,,,-0.9054947,-0.9983292,0.9972992,0.09680939,0.3831024,-0.2984924,1.468491,-1.031364,1.37141,-0.8124084,0.9526749,-0.9215775,0.458683,-0.8244705,0.4196091,-0.7962112,-9.775955,-4.200081,-1.033882,-2.215805,-5.681412,-1.147385,-1.122269,-0.9197159,-0.8615036,-0.9260254
48.05833053588867,,,,,,,,,,,,,,,-0.9054947,-0.9846573,0.9885101,0.09680939,0.377243,-0.3004456,1.470444,-1.039177,1.358715,-0.7928772,0.9448624,-0.8971634,0.4547768,-0.8088455,0.4137497,-0.7883987,-9.779861,-4.193245,-1.025093,-2.208969,-5.678482,-1.153244,-1.128128,-0.9343643,-0.8566208,-0.9123535
48.06666666666667,0.0,-432.0,-36.0,-88.0,-7.0,-1385.0,-11.0,-4838.0,-6.0,-8993.0,-5.0,-793.0,-3.0,-3431.0,,,,,,,,,,,,,,,,,,,,,,,,,,
48.06666946411133,,,,,,,,,,,,,,,-0.9064713,-0.9758682,0.9806976,0.09485626,0.3704071,-0.3004456,1.47142,-1.04406,1.348949,-0.7694397,0.9370499,-0.8766556,0.4489174,-0.7902908,0.4078903,-0.7844925,-9.785721,-4.187386,-1.019234,-2.198227,-5.677505,-1.153244,-1.133011,-0.9451065,-0.8488083,-0.9035645
48.07500076293945,,,,,,,,,,,,,,,-0.9064713,-0.9680557,0.9728851,0.09095001,0.3625946,-0.299469,1.472397,-1.049919,1.34016,-0.7440491,0.9321671,-0.860054,0.4440346,-0.7688065,0.4030075,-0.7835159,-9.789627,-4.182503,-1.016304,-2.188461,-5.671646,-1.151291,-1.137894,-0.9499893,-0.8429489,-0.8986816
48.08332824707031,,,,,,,,,,,,,,,-0.9054947,-0.9621964,0.9650726,0.0860672,0.3577118,-0.2984924,1.476303,-1.054802,1.334301,-0.7215881,0.9243546,-0.8483353,0.4440346,-0.7473221,0.3961716,-0.7854691,-9.792557,-4.182503,-1.012398,-2.179672,-5.66481,-1.142502,-1.142776,-0.9490128,-0.8380661,-0.8996582
48.091670989990234,,,,,,,,,,,,,,,-0.9064713,-0.9621964,0.9621429,0.07923126,0.3567352,-0.2945862,1.479233,-1.056755,1.332348,-0.7059631,0.9204483,-0.8424759,0.443058,-0.7277908,0.3903122,-0.7903519,-9.796463,-4.186409,-1.014351,-2.172836,-5.656021,-1.13176,-1.145706,-0.9431534,-0.836113,-0.9055176
48.099998474121094,,,,,,,,,,,,,,,-0.9074478,-0.9631729,0.9621429,0.07239532,0.3557587,-0.2887268,1.484116,-1.057732,1.333324,-0.6961975,0.9184952,-0.8454056,0.443058,-0.714119,0.3854294,-0.7962112,-9.799393,-4.195198,-1.018257,-2.166,-5.652115,-1.120041,-1.146683,-0.9304581,-0.8370895,-0.9172363
48.1,0.0,-429.0,-36.0,-94.0,-7.0,-1387.0,-11.0,-4837.0,-6.0,-9000.0,-5.0,-792.0,-4.0,-3432.0,,,,,,,,,,,,,,,,,,,,,,,,,,
48.10832977294922,,,,,,,,,,,,,,,-0.9103775,-0.9631729,0.9650726,0.06555939,0.3596649,-0.2818909,1.491928,-1.054802,1.335278,-0.6932678,0.9165421,-0.851265,0.4450111,-0.7043533,0.37957,-0.8020706,-9.799393,-4.206917,-1.027046,-2.163071,-5.651138,-1.106369,-1.147659,-0.9128799,-0.8390427,-0.9309082
48.116668701171875,,,,,,,,,,,,,,,-0.9113541,-0.9631729,0.9719086,0.05774689,0.3645477,-0.2731018,1.501694,-1.048943,1.339184,-0.6981506,0.9145889,-0.860054,0.4450111,-0.7033768,0.3746872,-0.8089066,-9.79744,-4.217659,-1.033882,-2.163071,-5.656998,-1.09465,-1.149612,-0.8943253,-0.844902,-0.9436035
48.125,,,,,,,,,,,,,,,-0.9162369,-0.9612198,0.9787445,0.0470047,0.368454,-0.2633362,1.511459,-1.042107,1.34309,-0.7069397,0.9136124,-0.8717728,0.4479408,-0.7111893,0.3688278,-0.8167191,-9.795486,-4.224495,-1.041695,-2.163071,-5.665787,-1.082932,-1.152542,-0.874794,-0.8507614,-0.9533691
48.133331298828125,,,,,,,,,,,,,,,-0.9201431,-0.956337,0.986557,0.03430939,0.3723602,-0.2565002,1.519272,-1.034294,1.344067,-0.719635,0.9145889,-0.8854446,0.4459877,-0.7238846,0.3658981,-0.8225784,-9.796463,-4.229378,-1.048531,-2.164047,-5.681412,-1.076096,-1.157425,-0.859169,-0.8566208,-0.9602051
48.13333333333333,-1.0,-430.0,-36.0,-99.0,-7.0,-1388.0,-12.0,-4835.0,-6.0,-9005.0,-6.0,-793.0,-4.0,-3432.0,,,,,,,,,,,,,,,,,,,,,,,,,,
48.14167022705078,,,,,,,,,,,,,,,-0.9230728,-0.9534073,0.9933929,0.02259064,0.3752899,-0.2535706,1.526108,-1.028435,1.34602,-0.7333069,0.9155655,-0.9020462,0.4420815,-0.7414627,0.3610153,-0.8274612,-9.79451,-4.230354,-1.05439,-2.165024,-5.697037,-1.071213,-1.163284,-0.8494034,-0.8634567,-0.9641113
48.150001525878906,,,,,,,,,,,,,,,-0.9269791,-0.9514542,0.9963226,0.009895325,0.377243,-0.2574768,1.529037,-1.025505,1.34602,-0.7440491,0.9184952,-0.9186478,0.4371986,-0.7629471,0.3580856,-0.8323441,-9.795486,-4.225471,-1.056343,-2.162094,-5.714615,-1.068283,-1.17305,-0.8445206,-0.8683395,-0.9592285
48.158329010009766,,,,,,,,,,,,,,,-0.9279556,-0.9514542,0.9982758,-0.001823425,0.3782196,-0.2672424,1.526108,-1.027458,1.344067,-0.7528381,0.9194717,-0.9352493,0.4323158,-0.7844315,0.3571091,-0.8372269,-9.793533,-4.217659,-1.056343,-2.159164,-5.72731,-1.068283,-1.181839,-0.843544,-0.8781052,-0.9523926
48.166666666666664,-1.0,-435.0,-36.0,-104.0,-7.0,-1389.0,-12.0,-4833.0,-5.0,-9007.0,-7.0,-793.0,-4.0,-3435.0,,,,,,,,,,,,,,,,,,,,,,,,,,
48.16667175292969,,,,,,,,,,,,,,,-0.9279556,-0.9534073,0.9953461,-0.009635925,0.3791962,-0.2799377,1.520248,-1.035271,1.345043,-0.7616272,0.9214249,-0.9479446,0.4264565,-0.8029861,0.3541794,-0.8411331,-9.79451,-4.210823,-1.053413,-2.154282,-5.73317,-1.068283,-1.190628,-0.8484268,-0.8820114,-0.9436035
48.17499923706055,,,,,,,,,,,,,,,-0.9279556,-0.9602432,0.9924164,-0.01354218,0.3791962,-0.2945862,1.509506,-1.046989,1.34602,-0.7694397,0.9204483,-0.9557571,0.4205971,-0.8137283,0.3561325,-0.8460159,-9.798416,-4.203011,-1.047554,-2.147446,-5.734146,-1.06926,-1.197464,-0.8562393,-0.8878708,-0.9328613
48.18333053588867,,,,,,,,,,,,,,,-0.9269791,-0.9690323,0.9836273,-0.01256561,0.377243,-0.3092346,1.50267,-1.062614,1.350903,-0.7733459,0.9204483,-0.9557571,0.4176674,-0.8205643,0.3580856,-0.8499222,-9.803299,-4.199104,-1.040718,-2.135727,-5.728287,-1.06926,-1.199417,-0.8660049,-0.8956833,-0.9221191
48.19166946411133,,,,,,,,,,,,,,,-0.9250259,-0.9797745,0.9767914,-0.006706238,0.3752899,-0.3180237,1.494858,-1.078239,1.356762,-0.7752991,0.9184952,-0.9489212,0.4147377,-0.8205643,0.363945,-0.8557816,-9.812088,-4.199104,-1.037788,-2.121078,-5.718521,-1.070236,-1.199417,-0.8738174,-0.898613,-0.9123535
48.2,0.0,-438.0,-36.0,-108.0,-7.0,-1389.0,-12.0,-4835.0,-4.0,-9009.0,-7.0,-794.0,-4.0,-3435.0,,,,,,,,,,,,,,,,,,,,,,,,,,
48.20000076293945,,,,,,,,,,,,,,,-0.9240494,-0.9895401,0.9689789,0.0001296997,0.3694305,-0.3209534,1.488022,-1.092888,1.361645,-0.7752991,0.9184952,-0.9342728,0.4137611,-0.8156815,0.3688278,-0.8616409,-9.816971,-4.202034,-1.034859,-2.107407,-5.70192,-1.071213,-1.194534,-0.8806534,-0.8995895,-0.9055176
48.20832824707031,,,,,,,,,,,,,,,-0.9240494,-0.9973526,0.9611664,0.0079422,0.3625946,-0.3170471,1.487045,-1.104607,1.365551,-0.7694397,0.9175186,-0.9166946,0.411808,-0.8059158,0.3756638,-0.8655472,-9.82283,-4.204964,-1.029976,-2.094711,-5.692154,-1.070236,-1.187698,-0.8855362,-0.9005661,-0.9016113
48.216670989990234,,,,,,,,,,,,,,,-0.9250259,-1.003212,0.9572601,0.01282501,0.3518524,-0.3102112,1.485092,-1.110466,1.366528,-0.7606506,0.9214249,-0.9010696,0.4098549,-0.7932205,0.3815231,-0.8665237,-9.823807,-4.206917,-1.032906,-2.080063,-5.683365,-1.06926,-1.178909,-0.8845596,-0.898613,-0.9016113
48.224998474121094,,,,,,,,,,,,,,,-0.9250259,-1.003212,0.955307,0.0157547,0.3411102,-0.3033752,1.485092,-1.109489,1.363598,-0.7518616,0.9263077,-0.8893509,0.4079018,-0.7805252,0.3873825,-0.8635941,-9.819901,-4.206917,-1.034859,-2.067368,-5.683365,-1.065353,-1.169144,-0.8816299,-0.8947067,-0.904541
48.23332977294922,,,,,,,,,,,,,,,-0.9269791,-1.000282,0.955307,0.01868439,0.3313446,-0.2965393,1.483139,-1.1007,1.354809,-0.7460022,0.9341202,-0.8854446,0.403019,-0.7707596,0.3912888,-0.8577347,-9.812088,-4.203011,-1.037788,-2.059555,-5.686295,-1.061447,-1.160355,-0.874794,-0.8927536,-0.9094238
48.233333333333334,-1.0,-441.0,-36.0,-110.0,-6.0,-1390.0,-12.0,-4840.0,-4.0,-9013.0,-7.0,-796.0,-4.0,-3437.0,,,,,,,,,,,,,,,,,,,,,,,,,,
48.241668701171875,,,,,,,,,,,,,,,-0.9269791,-0.9934464,0.9572601,0.01868439,0.3235321,-0.2936096,1.479233,-1.088982,1.345043,-0.7440491,0.9409561,-0.8893509,0.3981361,-0.7619705,0.3912888,-0.8479691,-9.801346,-4.199104,-1.038765,-2.053696,-5.69606,-1.056564,-1.153519,-0.8669815,-0.8937302,-0.9172363
48.25,,,,,,,,,,,,,,,-0.9308853,-0.9866104,0.9611664,0.01770782,0.3176727,-0.2945862,1.472397,-1.077263,1.334301,-0.7499084,0.9448624,-0.9030228,0.396183,-0.7570877,0.3873825,-0.8382034,-9.788651,-4.193245,-1.042671,-2.049789,-5.707779,-1.051682,-1.151566,-0.8581924,-0.8947067,-0.9260254
48.258331298828125,,,,,,,,,,,,,,,-0.9328384,-0.9778214,0.9650726,0.01477814,0.3166962,-0.2975159,1.464584,-1.065544,1.320629,-0.7645569,0.9477921,-0.9196243,0.3922768,-0.754158,0.3805466,-0.8284378,-9.776932,-4.191292,-1.041695,-2.049789,-5.718521,-1.049728,-1.150589,-0.8513565,-0.8995895,-0.9348145
48.266666666666666,-2.0,-445.0,-36.0,-112.0,-6.0,-1390.0,-12.0,-4847.0,-4.0,-9015.0,-7.0,-792.0,-4.0,-3438.0,,,,,,,,,,,,,,,,,,,,,,,,,,
48.26667022705078,,,,,,,,,,,,,,,-0.9357681,-0.9709854,0.970932,0.0157547,0.3196259,-0.3033752,1.456772,-1.054802,1.306957,-0.7850647,0.9458389,-0.9401321,0.3922768,-0.754158,0.3707809,-0.8206253,-9.771072,-4.192268,-1.040718,-2.051743,-5.72731,-1.049728,-1.152542,-0.8454971,-0.907402,-0.942627
48.275001525878906,,,,,,,,,,,,,,,-0.9396744,-0.9670792,0.9738617,0.01868439,0.3264618,-0.3092346,1.449936,-1.048943,1.294262,-0.8065491,0.9419327,-0.9635696,0.396183,-0.7570877,0.3619919,-0.8176956,-9.773026,-4.198128,-1.036812,-2.054672,-5.732193,-1.055588,-1.156448,-0.8415909,-0.9161911,-0.9494629
48.283329010009766,,,,,,,,,,,,,,,-0.9426041,-0.9631729,0.9777679,0.01770782,0.3352509,-0.315094,1.444077,-1.047966,1.285473,-0.8299866,0.9350967,-0.9840775,0.403019,-0.7600174,0.3532028,-0.8206253,-9.774979,-4.210823,-1.035835,-2.060532,-5.732193,-1.062424,-1.163284,-0.8386612,-0.9288864,-0.958252
48.29167175292969,,,,,,,,,,,,,,,-0.9474869,-0.9573135,0.9787445,0.01770782,0.3440399,-0.3190002,1.441147,-1.046989,1.278637,-0.8495178,0.9272842,-0.9967728,0.411808,-0.7600174,0.3434372,-0.8274612,-9.783768,-4.226448,-1.029976,-2.070297,-5.73024,-1.06633,-1.171097,-0.8386612,-0.9376755,-0.9689941
48.29999923706055,,,,,,,,,,,,,,,-0.9513931,-0.9543839,0.9797211,0.0157547,0.3498993,-0.3229065,1.441147,-1.048943,1.272778,-0.8641663,0.9214249,-1.006538,0.4196205,-0.7600174,0.3366013,-0.8362503,-9.792557,-4.24012,-1.027046,-2.079086,-5.73024,-1.06926,-1.178909,-0.8376846,-0.9484177,-0.9797363
48.3,-2.0,-450.0,-36.0,-113.0,-6.0,-1391.0,-11.0,-4851.0,-4.0,-9015.0,-7.0,-785.0,-4.0,-3437.0,,,,,,,,,,,,,,,,,,,,,,,,,,
48.30833053588867,,,,,,,,,,,,,,,-0.9513931,-0.9504776,0.9767914,0.01477814,0.3547821,-0.3287659,1.444077,-1.054802,1.274731,-0.8710022,0.9155655,-1.010445,0.4284096,-0.7570877,0.3317184,-0.8450394,-9.799393,-4.248909,-1.027046,-2.087875,-5.731216,-1.0634,-1.188675,-0.8376846,-0.9581833,-0.9924316
48.31666946411133,,,,,,,,,,,,,,,-0.94944,-0.9465714,0.9738617,0.01477814,0.3577118,-0.3326721,1.445053,-1.059685,1.276684,-0.8739319,0.9106827,-1.008492,0.4371986,-0.7502518,0.3336716,-0.8538284,-9.805252,-4.254768,-1.029976,-2.094711,-5.732193,-1.049728,-1.200394,-0.8386612,-0.9679489,-1.00708
48.32500076293945,,,,,,,,,,,,,,,-0.9474869,-0.9455948,0.9689789,0.01380157,0.3547821,-0.3385315,1.44603,-1.064568,1.284496,-0.8729553,0.9067764,-1.001656,0.443058,-0.7434158,0.3356247,-0.8587112,-9.808182,-4.251839,-1.033882,-2.098618,-5.737076,-1.029221,-1.210159,-0.8367081,-0.9786911,-1.019775
48.33332824707031,,,,,,,,,,,,,,,-0.9416275,-0.9455948,0.9611664,0.01282501,0.3518524,-0.3434143,1.447006,-1.07238,1.294262,-0.8680725,0.9018936,-0.9938431,0.443058,-0.7356033,0.3424606,-0.8596878,-9.809158,-4.241096,-1.042671,-2.098618,-5.746841,-1.005783,-1.218948,-0.8357315,-0.9894333,-1.029541
48.333333333333336,-2.0,-452.0,-35.0,-111.0,-6.0,-1395.0,-11.0,-4855.0,-4.0,-9018.0,-7.0,-783.0,-4.0,-3437.0,,,,,,,,,,,,,,,,,,,,,,,,,,
48.341670989990234,,,,,,,,,,,,,,,-0.9347916,-0.9465714,0.9523773,0.01087189,0.3440399,-0.3482971,1.445053,-1.080193,1.304028,-0.8612366,0.8979874,-0.985054,0.4401283,-0.7307205,0.3502731,-0.8557816,-9.807205,-4.227425,-1.052437,-2.096664,-5.756607,-0.9852753,-1.228714,-0.8376846,-0.9982224,-1.033447
48.349998474121094,,,,,,,,,,,,,,,-0.9279556,-0.9504776,0.9455414,0.005989075,0.3362274,-0.3512268,1.441147,-1.087029,1.312817,-0.8544006,0.8950577,-0.9752884,0.4362221,-0.729744,0.3580856,-0.8479691,-9.806229,-4.212776,-1.05732,-2.092758,-5.768326,-0.9686737,-1.23555,-0.8386612,-1.007988,-1.030518
48.35832977294922,,,,,,,,,,,,,,,-0.9220963,-0.9573135,0.9387054,0.002082825,0.3274384,-0.3522034,1.435287,-1.093864,1.320629,-0.8456116,0.8901749,-0.9704056,0.4332924,-0.7346268,0.3668747,-0.8411331,-9.807205,-4.199104,-1.059273,-2.088852,-5.779068,-0.9618378,-1.241409,-0.843544,-1.016777,-1.023682
48.36666666666667,-1.0,-452.0,-34.0,-110.0,-6.0,-1400.0,-11.0,-4858.0,-4.0,-9018.0,-7.0,-785.0,-3.0,-3436.0,,,,,,,,,,,,,,,,,,,,,,,,,,
48.366668701171875,,,,,,,,,,,,,,,-0.9162369,-0.965126,0.9328461,-0.00377655,0.3196259,-0.3522034,1.428452,-1.097771,1.321606,-0.8387756,0.8833389,-0.9684525,0.4284096,-0.7473221,0.3737106,-0.8342972,-9.806229,-4.187386,-1.058296,-2.082016,-5.78981,-0.9628143,-1.247269,-0.8513565,-1.023613,-1.013916
48.375,,,,,,,,,,,,,,,-0.9123306,-0.9709854,0.9308929,-0.01061249,0.314743,-0.3522034,1.421616,-1.099724,1.324535,-0.8358459,0.8794327,-0.969429,0.4254799,-0.7629471,0.3815231,-0.8313675,-9.808182,-4.178596,-1.056343,-2.07811,-5.796646,-0.9716034,-1.251175,-0.8640518,-1.02459,-1.000244
48.383331298828125,,,,,,,,,,,,,,,-0.9103775,-0.9787979,0.9289398,-0.0154953,0.3108368,-0.3531799,1.41478,-1.099724,1.317699,-0.8377991,0.8774796,-0.9704056,0.4215736,-0.7815018,0.3873825,-0.8342972,-9.811111,-4.17469,-1.048531,-2.07518,-5.799576,-0.9833221,-1.251175,-0.8816299,-1.025566,-0.9865723
48.39167022705078,,,,,,,,,,,,,,,-0.9094009,-0.987587,0.9318695,-0.0154953,0.3098602,-0.3580627,1.409897,-1.096794,1.312817,-0.8426819,0.876503,-0.9743118,0.418644,-0.8039627,0.3912888,-0.8401566,-9.815994,-4.173714,-1.045601,-2.07225,-5.804459,-0.9930878,-1.246292,-0.8992081,-1.022636,-0.9758301
48.4,0.0,-455.0,-34.0,-108.0,-6.0,-1400.0,-11.0,-4860.0,-4.0,-9022.0,-7.0,-790.0,-3.0,-3439.0,,,,,,,,,,,,,,,,,,,,,,,,,,
48.400001525878906,,,,,,,,,,,,,,,-0.9094009,-0.996376,0.9377289,-0.01354218,0.3108368,-0.3639221,1.407944,-1.091911,1.307934,-0.8465881,0.8745499,-0.9801712,0.4157143,-0.8254471,0.395195,-0.8499222,-9.819901,-4.172737,-1.047554,-2.067368,-5.806412,-0.9989471,-1.240433,-0.9148331,-1.017754,-0.9660645
48.408329010009766,,,,,,,,,,,,,,,-0.9084244,-1.004189,0.9445648,-0.008659363,0.3118134,-0.3697815,1.407944,-1.085075,1.305004,-0.8553772,0.8745499,-0.985054,0.4079018,-0.8449783,0.3971481,-0.8645706,-9.82283,-4.172737,-1.053413,-2.064438,-5.808365,-0.9989471,-1.231644,-0.9314346,-1.012871,-0.9572754
48.41667175292969,,,,,,,,,,,,,,,-0.9074478,-1.012001,0.9533539,-0.0008468628,0.3137665,-0.3766174,1.409897,-1.073357,1.303051,-0.8641663,0.8735733,-0.9889603,0.4010658,-0.8596268,0.3991013,-0.8782425,-9.829666,-4.172737,-1.064156,-2.063461,-5.811295,-0.9950409,-1.222855,-0.9441299,-1.007011,-0.9533691
48.42499923706055,,,,,,,,,,,,,,,-0.9064713,-1.016884,0.9611664,0.008918762,0.3157196,-0.3805237,1.412827,-1.059685,1.304028,-0.8700256,0.8755264,-0.9928665,0.3913002,-0.870369,0.3991013,-0.886055,-9.834549,-4.173714,-1.078804,-2.062485,-5.814224,-0.9862518,-1.216019,-0.9490128,-1.001152,-0.9523926
48.43333053588867,,,,,,,,,,,,,,,-0.9054947,-1.018837,0.9680023,0.01868439,0.3166962,-0.3824768,1.415756,-1.046013,1.305981,-0.8749084,0.8774796,-0.9967728,0.3834877,-0.8752518,0.3971481,-0.8899612,-9.841385,-4.175667,-1.096382,-2.060532,-5.817154,-0.9784393,-1.213089,-0.9480362,-0.9933395,-0.9523926
48.43333333333333,0.0,-458.0,-34.0,-104.0,-6.0,-1395.0,-11.0,-4857.0,-4.0,-9024.0,-7.0,-794.0,-3.0,-3443.0,,,,,,,,,,,,,,,,,,,,,,,,,,
48.44166946411133,,,,,,,,,,,,,,,-0.9064713,-1.01786,0.9728851,0.02649689,0.3176727,-0.3805237,1.417709,-1.031364,1.30891,-0.8807678,0.8813858,-1.001656,0.3815346,-0.8762283,0.3961716,-0.8870316,-9.850174,-4.178596,-1.110054,-2.059555,-5.819107,-0.97258,-1.215042,-0.9402237,-0.9904099,-0.9543457
48.45000076293945,,,,,,,,,,,,,,,-0.9123306,-1.013954,0.9758148,0.03235626,0.3176727,-0.3736877,1.417709,-1.020622,1.309887,-0.8856506,0.8862686,-1.006538,0.3786049,-0.8742752,0.3912888,-0.8772659,-9.857986,-4.18055,-1.124702,-2.056625,-5.82106,-0.9696503,-1.219925,-0.9255753,-0.9884567,-0.9523926
48.45832824707031,,,,,,,,,,,,,,,-0.9201431,-1.008095,0.9758148,0.03626251,0.3157196,-0.3648987,1.413803,-1.014763,1.306957,-0.89151,0.892128,-1.011421,0.3815346,-0.8684158,0.3873825,-0.8645706,-9.865799,-4.182503,-1.139351,-2.053696,-5.819107,-0.9735565,-1.23262,-0.9089737,-0.9865036,-0.9484863
48.46666666666667,-1.0,-456.0,-34.0,-100.0,-5.0,-1391.0,-11.0,-4856.0,-3.0,-9024.0,-8.0,-792.0,-2.0,-3443.0,,,,,,,,,,,,,,,,,,,,,,,,,,
48.466670989990234,,,,,,,,,,,,,,,-0.933815,-1.001259,0.9748383,0.03723907,0.3127899,-0.3561096,1.40892,-1.01281,1.300121,-0.9002991,0.8979874,-1.017281,0.387394,-0.8606033,0.37957,-0.8499222,-9.870682,-4.185432,-1.147163,-2.04686,-5.814224,-0.9784393,-1.250198,-0.8913956,-0.9874802,-0.9416504
48.474998474121094,,,,,,,,,,,,,,,-0.9513931,-0.9944229,0.9728851,0.03528595,0.3098602,-0.346344,1.403061,-1.016716,1.291332,-0.9100647,0.9038467,-1.021187,0.3942299,-0.8518143,0.3717575,-0.8372269,-9.873611,-4.188362,-1.15107,-2.039047,-5.808365,-0.9862518,-1.2668,-0.8718643,-0.9933395,-0.9309082
48.48332977294922,,,,,,,,,,,,,,,-0.9719009,-0.9905167,0.9719086,0.03040314,0.3069305,-0.3375549,1.397202,-1.020622,1.279613,-0.9178772,0.9067764,-1.028023,0.4000893,-0.8449783,0.3629684,-0.8294144,-9.872635,-4.192268,-1.153023,-2.032211,-5.800552,-0.9940643,-1.286331,-0.8581924,-1.002129,-0.9191895
48.491668701171875,,,,,,,,,,,,,,,-0.9904556,-0.9885635,0.9689789,0.02552032,0.3040009,-0.3287659,1.391342,-1.023552,1.265942,-0.92276,0.907753,-1.031929,0.4010658,-0.8381424,0.3551559,-0.8255081,-9.865799,-4.197151,-1.152046,-2.028305,-5.79274,-1.001877,-1.304886,-0.8523331,-1.013847,-0.9104004
48.5,-1.0,-455.0,-34.0,-100.0,-5.0,-1390.0,-11.0,-4862.0,-3.0,-9027.0,-8.0,-788.0,-2.0,-3443.0,-1.006081,-0.9866104,0.9680023,0.01868439,0.3030243,-0.3199768,1.388412,-1.025505,1.257153,-0.9256897,0.9057999,-1.032906,0.403019,-0.8283768,0.34832,-0.8284378,-9.861893,-4.203011,-1.149117,-2.028305,-5.781998,-1.009689,-1.321487,-0.8494034,-1.022636,-0.904541
48.508331298828125,,,,,,,,,,,,,,,-1.017799,-0.987587,0.9640961,0.009895325,0.3030243,-0.3121643,1.385483,-1.023552,1.248363,-0.9237366,0.8999405,-1.033882,0.4020424,-0.8225174,0.3405075,-0.8342972,-9.858963,-4.210823,-1.144234,-2.030258,-5.775162,-1.020432,-1.333206,-0.8533096,-1.030449,-0.9064941
48.51667022705078,,,,,,,,,,,,,,,-1.019753,-0.9914932,0.9631195,0.005012512,0.3030243,-0.3053284,1.384506,-1.019646,1.245434,-0.9169006,0.8931046,-1.032906,0.4010658,-0.8176346,0.3366013,-0.8421097,-9.85701,-4.219612,-1.140327,-2.029282,-5.771255,-1.031174,-1.342972,-0.8601456,-1.037285,-0.9191895
48.525001525878906,,,,,,,,,,,,,,,-1.01487,-0.9953995,0.9592133,0.001106262,0.3079071,-0.3004456,1.38353,-1.016716,1.24641,-0.9081116,0.8823624,-1.028023,0.403019,-0.8137283,0.3346481,-0.8499222,-9.860916,-4.228401,-1.136421,-2.026352,-5.766373,-1.043869,-1.346878,-0.8679581,-1.038261,-0.9367676
48.533329010009766,,,,,,,,,,,,,,,-1.003151,-0.9973526,0.955307,-0.002799988,0.3108368,-0.2955627,1.38353,-1.014763,1.248363,-0.8973694,0.8716202,-1.019234,0.4039955,-0.8127518,0.3336716,-0.8577347,-9.869705,-4.236214,-1.133492,-2.023422,-5.766373,-1.060471,-1.345901,-0.8806534,-1.037285,-0.9553223
48.53333333333333,-1.0,-456.0,-35.0,-104.0,-4.0,-1393.0,-10.0,-4869.0,-4.0,-9033.0,-8.0,-785.0,-2.0,-3445.0,,,,,,,,,,,,,,,,,,,,,,,,,,
48.54167175292969,,,,,,,,,,,,,,,-0.9875259,-1.000282,0.9533539,-0.005729675,0.3176727,-0.2906799,1.381577,-1.017693,1.250317,-0.8856506,0.860878,-1.006538,0.4079018,-0.816658,0.3346481,-0.8606644,-9.883377,-4.24305,-1.132515,-2.016586,-5.76442,-1.079025,-1.340042,-0.8933487,-1.033379,-0.9768066
48.54999923706055,,,,,,,,,,,,,,,-0.9679947,-1.004189,0.9514008,-0.006706238,0.3196259,-0.2887268,1.379623,-1.027458,1.25227,-0.8749084,0.8520889,-0.9899368,0.4098549,-0.8244705,0.3366013,-0.8596878,-9.897049,-4.245003,-1.133492,-2.005844,-5.759537,-1.095627,-1.334183,-0.9079971,-1.026543,-0.9924316
48.55833053588867,,,,,,,,,,,,,,,-0.9504166,-1.006142,0.9494476,-0.006706238,0.3225555,-0.2867737,1.378647,-1.039177,1.255199,-0.8710022,0.8432999,-0.9713821,0.411808,-0.8381424,0.3405075,-0.8567581,-9.913651,-4.245003,-1.133492,-1.995102,-5.754654,-1.110275,-1.325394,-0.9255753,-1.017754,-1.00415
48.56666666666667,-1.0,-456.0,-35.0,-107.0,-4.0,-1398.0,-10.0,-4874.0,-4.0,-9038.0,-8.0,-783.0,-2.0,-3448.0,,,,,,,,,,,,,,,,,,,,,,,,,,
48.56666946411133,,,,,,,,,,,,,,,-0.9347916,-1.008095,0.9484711,-0.004753113,0.321579,-0.283844,1.37767,-1.051872,1.255199,-0.8700256,0.8384171,-0.9528275,0.4108315,-0.8557205,0.34832,-0.8489456,-9.928299,-4.239143,-1.131538,-1.989243,-5.749771,-1.117111,-1.316605,-0.9441299,-1.011894,-1.00708
48.57500076293945,,,,,,,,,,,,,,,-0.9250259,-1.011024,0.9494476,-0.001823425,0.3196259,-0.2779846,1.376694,-1.061638,1.257153,-0.8719788,0.8354874,-0.9352493,0.4049721,-0.8781815,0.3541794,-0.8401566,-9.938065,-4.229378,-1.132515,-1.987289,-5.742935,-1.116135,-1.311722,-0.9636612,-1.006035,-1.002197
48.58332824707031,,,,,,,,,,,,,,,-0.9201431,-1.013954,0.9504242,0.00403595,0.3137665,-0.2721252,1.374741,-1.067497,1.258129,-0.8778381,0.8345108,-0.922554,0.3971596,-0.8986893,0.3600388,-0.8294144,-9.940994,-4.217659,-1.131538,-1.990219,-5.737076,-1.111252,-1.306839,-0.9802628,-0.9982224,-0.9953613
48.591670989990234,,,,,,,,,,,,,,,-0.9220963,-1.014931,0.9514008,0.01087189,0.3088837,-0.2633362,1.374741,-1.06945,1.259106,-0.8817444,0.8374405,-0.913765,0.3903236,-0.9191971,0.363945,-0.8176956,-9.939041,-4.203011,-1.132515,-1.996078,-5.737076,-1.098557,-1.299026,-0.9900284,-0.9962692,-0.9836426
48.599998474121094,,,,,,,,,,,,,,,-0.9269791,-1.014931,0.9504242,0.01770782,0.3049774,-0.2516174,1.375717,-1.066521,1.260082,-0.8846741,0.8413467,-0.9098587,0.3834877,-0.9367752,0.3649216,-0.8040237,-9.929276,-4.191292,-1.136421,-2.004868,-5.740005,-1.083908,-1.294144,-0.9919815,-0.9933395,-0.9680176
48.6,-1.0,-455.0,-36.0,-109.0,-5.0,-1402.0,-10.0,-4876.0,-3.0,-9043.0,-8.0,-782.0,-3.0,-3448.0,,,,,,,,,,,,,,,,,,,,,,,,,,
48.60832977294922,,,,,,,,,,,,,,,-0.9347916,-1.013954,0.9494476,0.02259064,0.3040009,-0.2398987,1.378647,-1.063591,1.258129,-0.8846741,0.8491592,-0.9079056,0.3776283,-0.9504471,0.3619919,-0.792305,-9.91658,-4.181526,-1.141304,-2.011703,-5.748795,-1.071213,-1.290237,-0.9870987,-0.9962692,-0.951416
48.616668701171875,,,,,,,,,,,,,,,-0.9416275,-1.010048,0.9455414,0.02454376,0.3040009,-0.2320862,1.38353,-1.064568,1.255199,-0.8807678,0.8589249,-0.9059525,0.3746986,-0.9592361,0.3541794,-0.7825394,-9.905838,-4.17469,-1.14814,-2.017563,-5.76149,-1.060471,-1.286331,-0.9744034,-1.003105,-0.9367676
48.625,,,,,,,,,,,,,,,-0.9484634,-1.003212,0.9435883,0.02161407,0.305954,-0.2301331,1.388412,-1.068474,1.24934,-0.8739319,0.8686905,-0.9039993,0.3727455,-0.9602127,0.3434372,-0.7776566,-9.896072,-4.171761,-1.160835,-2.023422,-5.775162,-1.054611,-1.283401,-0.9548721,-1.006035,-0.9211426
48.633331298828125,,,,,,,,,,,,,,,-0.9533463,-0.9934464,0.9416351,0.01184845,0.3098602,-0.2320862,1.393295,-1.080193,1.242504,-0.8661194,0.8794327,-0.9039993,0.3707924,-0.957283,0.3287888,-0.7786331,-9.889236,-4.171761,-1.173531,-2.030258,-5.793716,-1.053635,-1.283401,-0.9343643,-1.010918,-0.9055176
48.63333333333333,0.0,-454.0,-36.0,-109.0,-6.0,-1403.0,-10.0,-4879.0,-3.0,-9043.0,-7.0,-785.0,-3.0,-3446.0,,,,,,,,,,,,,,,,,,,,,,,,,,
48.64167022705078,,,,,,,,,,,,,,,-0.9543228,-0.9895401,0.939682,0.002082825,0.3137665,-0.2408752,1.396225,-1.096794,1.230785,-0.8592834,0.892128,-0.9030228,0.3688393,-0.9494705,0.31707,-0.7844925,-9.88826,-4.173714,-1.188179,-2.033188,-5.806412,-1.055588,-1.286331,-0.9138565,-1.013847,-0.8928223
48.650001525878906,,,,,,,,,,,,,,,-0.9562759,-0.9866104,0.939682,-0.01061249,0.3186493,-0.2545471,1.397202,-1.116325,1.221996,-0.8583069,0.8999405,-0.9030228,0.3620033,-0.9377518,0.3063278,-0.7962112,-9.890213,-4.178596,-1.199898,-2.037094,-5.820084,-1.057541,-1.292191,-0.8962784,-1.010918,-0.8811035
48.658329010009766,,,,,,,,,,,,,,,-0.9543228,-0.9866104,0.9435883,-0.0233078,0.321579,-0.2672424,1.395248,-1.13488,1.213207,-0.8583069,0.9057999,-0.9059525,0.3522377,-0.926033,0.2985153,-0.8128128,-9.893143,-4.185432,-1.212593,-2.04393,-5.833755,-1.058517,-1.30098,-0.8835831,-1.007988,-0.8713379
48.666666666666664,0.0,-453.0,-35.0,-108.0,-6.0,-1404.0,-10.0,-4879.0,-4.0,-9042.0,-7.0,-789.0,-3.0,-3449.0,,,,,,,,,,,,,,,,,,,,,,,,,,
48.66667175292969,,,,,,,,,,,,,,,-0.9513931,-0.9934464,0.9474945,-0.03307343,0.3245087,-0.2799377,1.387436,-1.151482,1.207348,-0.8583069,0.9087296,-0.9118118,0.3444252,-0.9123611,0.2975388,-0.8303909,-9.896072,-4.192268,-1.221382,-2.047836,-5.840591,-1.057541,-1.309769,-0.8738174,-0.9991989,-0.8674316
48.67499923706055,,,,,,,,,,,,,,,-0.9484634,-1.004189,0.9504242,-0.03502655,0.3235321,-0.2897034,1.378647,-1.1632,1.202465,-0.86026,0.9087296,-0.9196243,0.3356361,-0.901619,0.3004684,-0.8489456,-9.895096,-4.201057,-1.230171,-2.050766,-5.845474,-1.054611,-1.318558,-0.8669815,-0.9913864,-0.8674316
48.68333053588867,,,,,,,,,,,,,,,-0.9455338,-1.013954,0.9523773,-0.0311203,0.3245087,-0.2965393,1.367905,-1.16613,1.199535,-0.86026,0.9038467,-0.9284134,0.3297768,-0.8938065,0.3053513,-0.8645706,-9.892166,-4.2118,-1.233101,-2.053696,-5.84938,-1.051682,-1.32637,-0.8601456,-0.9816208,-0.8723145
48.69166946411133,,,,,,,,,,,,,,,-0.9416275,-1.02372,0.9504242,-0.02135468,0.3245087,-0.2984924,1.357162,-1.164177,1.196606,-0.8553772,0.8970108,-0.9352493,0.3268471,-0.8889236,0.3131638,-0.8753128,-9.889236,-4.221565,-1.235054,-2.058578,-5.850357,-1.046799,-1.333206,-0.8513565,-0.976738,-0.8811035
48.7,0.0,-452.0,-34.0,-109.0,-7.0,-1407.0,-10.0,-4878.0,-4.0,-9041.0,-7.0,-791.0,-3.0,-3455.0,,,,,,,,,,,,,,,,,,,,,,,,,,
48.70000076293945,,,,,,,,,,,,,,,-0.9377213,-1.030556,0.9465179,-0.0076828,0.3245087,-0.2975159,1.350327,-1.153435,1.196606,-0.8456116,0.8872452,-0.945015,0.3288002,-0.8869705,0.3199997,-0.8811722,-9.88533,-4.231331,-1.235054,-2.063461,-5.847427,-1.043869,-1.338089,-0.8415909,-0.9738083,-0.8928223
48.70832824707031,,,,,,,,,,,,,,,-0.9357681,-1.031532,0.9406586,0.005989075,0.3235321,-0.2965393,1.345444,-1.139763,1.198559,-0.8348694,0.8794327,-0.9508743,0.3356361,-0.8879471,0.3239059,-0.8801956,-9.877518,-4.241096,-1.232124,-2.071274,-5.843521,-1.042892,-1.341019,-0.8308487,-0.9708786,-0.9064941
48.716670989990234,,,,,,,,,,,,,,,-0.9328384,-1.028603,0.9347992,0.02063751,0.3235321,-0.2955627,1.343491,-1.123161,1.200512,-0.8211975,0.8696671,-0.9557571,0.3424721,-0.8938065,0.3239059,-0.8733597,-9.872635,-4.248909,-1.231148,-2.080063,-5.842545,-1.041916,-1.341019,-0.8181534,-0.9728317,-0.9162598
48.724998474121094,,,,,,,,,,,,,,,-0.933815,-1.021767,0.9279633,0.03235626,0.3235321,-0.2906799,1.34642,-1.102654,1.202465,-0.8104553,0.8638077,-0.9625931,0.3512611,-0.9025955,0.3209763,-0.8626175,-9.869705,-4.257698,-1.225288,-2.087875,-5.839615,-1.043869,-1.343948,-0.8074112,-0.9728317,-0.9240723
48.73332977294922,,,,,,,,,,,,,,,-0.9367447,-1.012001,0.9221039,0.0391922,0.3235321,-0.2867737,1.350327,-1.084099,1.206371,-0.8016663,0.8569717,-0.9684525,0.3551674,-0.9113846,0.31707,-0.8479691,-9.868729,-4.264534,-1.221382,-2.089828,-5.838638,-1.049728,-1.346878,-0.796669,-0.976738,-0.9260254
48.733333333333334,0.0,-454.0,-34.0,-111.0,-7.0,-1408.0,-10.0,-4882.0,-4.0,-9044.0,-7.0,-790.0,-3.0,-3461.0,,,,,,,,,,,,,,,,,,,,,,,,,,
48.741668701171875,,,,,,,,,,,,,,,-0.9416275,-1.003212,0.9181976,0.04212189,0.3225555,-0.2828674,1.355209,-1.066521,1.212231,-0.79776,0.8520889,-0.9684525,0.3551674,-0.9231033,0.3102341,-0.8342972,-9.873611,-4.270393,-1.214546,-2.083969,-5.840591,-1.056564,-1.348831,-0.7869034,-0.976738,-0.9230957
48.75,,,,,,,,,,,,,,,-0.94944,-0.9953995,0.9152679,0.04309845,0.3186493,-0.2750549,1.362045,-1.051872,1.219067,-0.79776,0.8472061,-0.9645462,0.3532143,-0.9338455,0.3043747,-0.823555,-9.878494,-4.275276,-1.212593,-2.067368,-5.843521,-1.062424,-1.353714,-0.7829971,-0.9757614,-0.9133301
48.758331298828125,,,,,,,,,,,,,,,-0.9562759,-0.9885635,0.9142914,0.04212189,0.314743,-0.2643127,1.369858,-1.043083,1.225903,-0.8006897,0.8423233,-0.9557571,0.3473549,-0.9436111,0.2975388,-0.8196487,-9.889236,-4.278206,-1.208687,-2.04393,-5.850357,-1.070236,-1.359573,-0.7820206,-0.9738083,-0.9006348
48.766666666666666,0.0,-461.0,-34.0,-113.0,-7.0,-1412.0,-10.0,-4886.0,-5.0,-9049.0,-8.0,-788.0,-3.0,-3466.0,,,,,,,,,,,,,,,,,,,,,,,,,,
48.76667022705078,,,,,,,,,,,,,,,-0.9640884,-0.9836807,0.9123383,0.04114532,0.3088837,-0.2496643,1.375717,-1.043083,1.230785,-0.8045959,0.8393936,-0.9391556,0.3414955,-0.948494,0.2936325,-0.8206253,-9.907791,-4.280159,-1.206734,-2.011703,-5.856216,-1.076096,-1.364456,-0.7829971,-0.9718552,-0.8879395
48.775001525878906,,,,,,,,,,,,,,,-0.9689713,-0.9797745,0.9113617,0.04016876,0.3010712,-0.2359924,1.382553,-1.049919,1.236645,-0.8114319,0.8345108,-0.9186478,0.333683,-0.9524002,0.2897263,-0.8255081,-9.925369,-4.280159,-1.205757,-1.9785,-5.865982,-1.079025,-1.370316,-0.7869034,-0.9728317,-0.8771973
48.783329010009766,,,,,,,,,,,,,,,-0.9699478,-0.9739151,0.9094086,0.03723907,0.2952118,-0.221344,1.387436,-1.062614,1.239574,-0.8182678,0.8315811,-0.8961868,0.3327065,-0.9533768,0.2848434,-0.8333206,-9.942947,-4.278206,-1.205757,-1.949203,-5.873795,-1.077072,-1.375198,-0.7908096,-0.9738083,-0.8713379
48.79167175292969,,,,,,,,,,,,,,,-0.9709244,-0.9690323,0.9074554,0.03723907,0.2893524,-0.2076721,1.391342,-1.078239,1.239574,-0.8211975,0.8276749,-0.8766556,0.3356361,-0.9494705,0.2799606,-0.8430862,-9.959549,-4.273323,-1.205757,-1.928696,-5.879654,-1.070236,-1.375198,-0.7976456,-0.976738,-0.8693848
48.79999923706055,,,,,,,,,,,,,,,-0.9699478,-0.9631729,0.908432,0.03821564,0.2864227,-0.1998596,1.394272,-1.095818,1.237621,-0.8231506,0.8266983,-0.8639603,0.3375893,-0.9436111,0.270195,-0.8518753,-9.970291,-4.267464,-1.20771,-1.920883,-5.88649,-1.060471,-1.377151,-0.8054581,-0.9825974,-0.873291
48.8,-1.0,-465.0,-35.0,-111.0,-7.0,-1416.0,-10.0,-4887.0,-5.0,-9053.0,-7.0,-784.0,-2.0,-3471.0,,,,,,,,,,,,,,,,,,,,,,,,,,
48.80833053588867,,,,,,,,,,,,,,,-0.9670181,-0.9612198,0.9113617,0.03626251,0.2844696,-0.1940002,1.394272,-1.111443,1.233715,-0.8241272,0.8276749,-0.8561478,0.3454018,-0.9377518,0.2604294,-0.8606644,-9.974197,-4.258675,-1.208687,-1.923813,-5.892349,-1.047775,-1.375198,-0.8142471,-0.9865036,-0.880127
48.81666946411133,,,,,,,,,,,,,,,-0.9660416,-0.9631729,0.9142914,0.03430939,0.2844696,-0.1920471,1.389389,-1.123161,1.230785,-0.8221741,0.8266983,-0.8590775,0.3522377,-0.9318924,0.2516403,-0.8665237,-9.973221,-4.246956,-1.20771,-1.936508,-5.895279,-1.036057,-1.372269,-0.8230362,-0.9933395,-0.8869629
48.82500076293945,,,,,,,,,,,,,,,-0.9640884,-0.9670792,0.9191742,0.03040314,0.283493,-0.1930237,1.384506,-1.127068,1.229809,-0.8172913,0.8276749,-0.8659134,0.3600502,-0.9240799,0.2448044,-0.8714066,-9.965408,-4.238167,-1.205757,-1.958969,-5.895279,-1.028244,-1.368362,-0.8347549,-1.002129,-0.8937988
48.83332824707031,,,,,,,,,,,,,,,-0.965065,-0.9739151,0.9250336,0.0235672,0.283493,-0.1959534,1.374741,-1.126091,1.229809,-0.813385,0.8257217,-0.875679,0.364933,-0.9152908,0.2428513,-0.8743362,-9.952713,-4.231331,-1.201851,-1.983383,-5.895279,-1.021408,-1.365433,-0.8464737,-1.012871,-0.8977051
48.833333333333336,-1.0,-465.0,-35.0,-108.0,-8.0,-1421.0,-10.0,-4890.0,-4.0,-9057.0,-6.0,-782.0,-2.0,-3479.0,,,,,,,,,,,,,,,,,,,,,,,,,,
48.841670989990234,,,,,,,,,,,,,,,-0.9670181,-0.9797745,0.9299164,0.01770782,0.2825165,-0.1998596,1.363998,-1.119255,1.230785,-0.8085022,0.8208389,-0.8844681,0.3668861,-0.9035721,0.2477341,-0.8743362,-9.936111,-4.225471,-1.196968,-2.007797,-5.895279,-1.018478,-1.35762,-0.8611221,-1.025566,-0.8996582
48.849998474121094,,,,,,,,,,,,,,,-0.9719009,-0.9866104,0.9318695,0.01184845,0.2766571,-0.1998596,1.356186,-1.109489,1.230785,-0.8055725,0.8179092,-0.891304,0.3678627,-0.894783,0.2594528,-0.8723831,-9.923416,-4.219612,-1.187202,-2.027328,-5.894302,-1.021408,-1.354691,-0.8767471,-1.036308,-0.8996582
48.85832977294922,,,,,,,,,,,,,,,-0.9758072,-0.9914932,0.9318695,0.009895325,0.2688446,-0.2008362,1.347397,-1.097771,1.230785,-0.8036194,0.8110733,-0.8961868,0.364933,-0.8840408,0.2741013,-0.8684769,-9.913651,-4.217659,-1.177437,-2.042953,-5.894302,-1.024338,-1.351761,-0.8865128,-1.049004,-0.8996582
48.86666666666667,-1.0,-464.0,-35.0,-108.0,-8.0,-1427.0,-10.0,-4898.0,-4.0,-9058.0,-6.0,-780.0,-2.0,-3488.0,,,,,,,,,,,,,,,,,,,,,,,,,,
48.866668701171875,,,,,,,,,,,,,,,-0.9816666,-0.9934464,0.9289398,0.0079422,0.2610321,-0.1969299,1.343491,-1.087029,1.229809,-0.8016663,0.8052139,-0.8991165,0.3639565,-0.8742752,0.2907028,-0.8626175,-9.910721,-4.216682,-1.168648,-2.051743,-5.894302,-1.028244,-1.350784,-0.8943253,-1.060722,-0.8996582
48.875,,,,,,,,,,,,,,,-0.9855728,-0.9944229,0.9221039,0.008918762,0.2512665,-0.1881409,1.342514,-1.074333,1.225903,-0.8006897,0.8013077,-0.8991165,0.3620033,-0.8645096,0.3092575,-0.8557816,-9.911697,-4.215706,-1.160835,-2.054672,-5.897232,-1.033127,-1.351761,-0.8992081,-1.068535,-0.9016113
48.883331298828125,,,,,,,,,,,,,,,-0.9894791,-0.9934464,0.9172211,0.01087189,0.243454,-0.1783752,1.344467,-1.064568,1.22102,-0.7958069,0.8003311,-0.9010696,0.3580971,-0.8557205,0.3219528,-0.8489456,-9.918533,-4.215706,-1.155952,-2.054672,-5.902115,-1.03801,-1.354691,-0.8933487,-1.076347,-0.9025879
48.89167022705078,,,,,,,,,,,,,,,-0.9933853,-0.9934464,0.9123383,0.01477814,0.2356415,-0.1676331,1.347397,-1.059685,1.21516,-0.7870178,0.8032608,-0.9039993,0.3532143,-0.847908,0.3297653,-0.8440628,-9.931229,-4.213753,-1.156929,-2.052719,-5.908951,-1.043869,-1.36055,-0.8826065,-1.080254,-0.9025879
48.9,0.0,-467.0,-35.0,-112.0,-7.0,-1428.0,-10.0,-4905.0,-5.0,-9058.0,-5.0,-776.0,-2.0,-3497.0,,,,,,,,,,,,,,,,,,,,,,,,,,
48.900001525878906,,,,,,,,,,,,,,,-0.9924088,-0.9983292,0.908432,0.01770782,0.2317352,-0.1568909,1.35228,-1.059685,1.210278,-0.7772522,0.8071671,-0.9088821,0.3463783,-0.8449783,0.3346481,-0.83918,-9.944901,-4.214729,-1.162788,-2.048813,-5.918716,-1.052658,-1.367386,-0.8650284,-1.080254,-0.9025879
48.908329010009766,,,,,,,,,,,,,,,-0.9904556,-1.005165,0.9055023,0.01868439,0.2307587,-0.1510315,1.355209,-1.063591,1.204418,-0.76651,0.8100967,-0.9157181,0.3395424,-0.8440018,0.3336716,-0.8362503,-9.959549,-4.216682,-1.169624,-2.045883,-5.929459,-1.060471,-1.374222,-0.843544,-1.0783,-0.8996582
48.91667175292969,,,,,,,,,,,,,,,-0.9875259,-1.012001,0.9035492,0.02063751,0.2307587,-0.1510315,1.358139,-1.068474,1.198559,-0.7567444,0.8120499,-0.9245071,0.3307533,-0.8430252,0.3297653,-0.8333206,-9.971268,-4.219612,-1.184273,-2.044907,-5.938248,-1.06926,-1.378128,-0.8201065,-1.074394,-0.8937988
48.92499923706055,,,,,,,,,,,,,,,-0.9816666,-1.019814,0.9006195,0.0235672,0.2317352,-0.1568909,1.361069,-1.074333,1.192699,-0.750885,0.8120499,-0.9313431,0.3200111,-0.8449783,0.3248825,-0.8284378,-9.97908,-4.224495,-1.198921,-2.04393,-5.945084,-1.077072,-1.382034,-0.7976456,-1.070488,-0.8850098
48.93333053588867,,,,,,,,,,,,,,,-0.9767838,-1.028603,0.8976898,0.02942657,0.2317352,-0.1676331,1.363022,-1.083122,1.184887,-0.7518616,0.8091202,-0.9342728,0.3073158,-0.8488846,0.3180466,-0.8225784,-9.982986,-4.232307,-1.21357,-2.039047,-5.949966,-1.080978,-1.381058,-0.7800674,-1.067558,-0.8723145
48.93333333333333,0.0,-472.0,-36.0,-115.0,-6.0,-1427.0,-11.0,-4909.0,-5.0,-9058.0,-5.0,-774.0,-2.0,-3501.0,,,,,,,,,,,,,,,,,,,,,,,,,,
48.94166946411133,,,,,,,,,,,,,,,-0.9709244,-1.035439,0.8908539,0.0391922,0.2317352,-0.1832581,1.363998,-1.087029,1.179028,-0.7567444,0.8032608,-0.9352493,0.2955971,-0.8557205,0.3121872,-0.8176956,-9.985916,-4.242073,-1.232124,-2.036118,-5.949966,-1.082932,-1.376175,-0.7693253,-1.065605,-0.8586426
48.95000076293945,,,,,,,,,,,,,,,-0.9670181,-1.044228,0.8849945,0.05188751,0.2288055,-0.2047424,1.366928,-1.088005,1.171215,-0.7655334,0.7964249,-0.9313431,0.2819252,-0.863533,0.3053513,-0.8108597,-9.98494,-4.255745,-1.249702,-2.031235,-5.94606,-1.079025,-1.366409,-0.7634659,-1.068535,-0.8449707
48.95832824707031,,,,,,,,,,,,,,,-0.9640884,-1.050087,0.877182,0.06946564,0.227829,-0.2272034,1.366928,-1.085075,1.164379,-0.7762756,0.7886124,-0.9245071,0.2721596,-0.8693924,0.2975388,-0.8069534,-9.98201,-4.270393,-1.266304,-2.023422,-5.938248,-1.071213,-1.355667,-0.7644424,-1.071465,-0.8293457
48.96666666666667,0.0,-480.0,-36.0,-117.0,-6.0,-1427.0,-11.0,-4911.0,-5.0,-9063.0,-5.0,-770.0,-1.0,-3506.0,,,,,,,,,,,,,,,,,,,,,,,,,,
48.966670989990234,,,,,,,,,,,,,,,-0.9611588,-1.053017,0.8742523,0.08509064,0.2248993,-0.2477112,1.365952,-1.078239,1.156567,-0.7860413,0.782753,-0.9147415,0.2643471,-0.8772049,0.2926559,-0.8020706,-9.97908,-4.285042,-1.279976,-2.013657,-5.931412,-1.060471,-1.342972,-0.7683487,-1.0783,-0.8156738
48.974998474121094,,,,,,,,,,,,,,,-0.9582291,-1.053993,0.8742523,0.1026688,0.2239227,-0.2672424,1.360092,-1.067497,1.148754,-0.7919006,0.7788467,-0.9049759,0.2604408,-0.8811111,0.2877731,-0.7981644,-9.978104,-4.29969,-1.293648,-2.001938,-5.926529,-1.048752,-1.336136,-0.7742081,-1.083183,-0.8039551
48.98332977294922,,,,,,,,,,,,,,,-0.9552994,-1.051064,0.8781586,0.1192703,0.2239227,-0.283844,1.353256,-1.056755,1.144848,-0.7899475,0.7749405,-0.8961868,0.2594643,-0.8830643,0.2828903,-0.7971878,-9.977127,-4.310432,-1.306343,-1.987289,-5.924576,-1.037033,-1.330276,-0.7771378,-1.089043,-0.7941895
48.991668701171875,,,,,,,,,,,,,,,-0.9523697,-1.043251,0.8849945,0.1329422,0.2248993,-0.2945862,1.345444,-1.04406,1.141918,-0.7840881,0.7729874,-0.8922806,0.2643471,-0.8811111,0.2809372,-0.7952347,-9.976151,-4.316292,-1.314156,-1.973618,-5.924576,-1.024338,-1.328323,-0.7800674,-1.090996,-0.7883301
49.0,0.0,-483.0,-36.0,-116.0,-5.0,-1428.0,-11.0,-4913.0,-5.0,-9069.0,-6.0,-766.0,-2.0,-3511.0,-0.9474869,-1.028603,0.8947601,0.1446609,0.227829,-0.3023987,1.335678,-1.026482,1.138988,-0.7762756,0.7729874,-0.8893509,0.2770424,-0.8752518,0.2799606,-0.7913284,-9.974197,-4.317268,-1.318062,-1.960922,-5.928482,-1.012619,-1.335159,-0.781044,-1.086113,-0.7854004
49.008331298828125,,,,,,,,,,,,,,,-0.9435806,-1.011024,0.9045258,0.1514969,0.2307587,-0.3033752,1.326889,-1.011833,1.137035,-0.7635803,0.7739639,-0.8922806,0.2897377,-0.8664627,0.2789841,-0.7883987,-9.970291,-4.310432,-1.320015,-1.948227,-5.933365,-1.0009,-1.342972,-0.7781143,-1.0783,-0.7873535
49.01667022705078,,,,,,,,,,,,,,,-0.9416275,-0.9914932,0.9142914,0.1544266,0.2327118,-0.3014221,1.319077,-0.9971848,1.137035,-0.7528381,0.7739639,-0.8961868,0.302433,-0.8566971,0.2809372,-0.7854691,-9.969315,-4.295784,-1.315132,-1.941391,-5.938248,-0.9901581,-1.352737,-0.7781143,-1.067558,-0.7932129
49.025001525878906,,,,,,,,,,,,,,,-0.9386978,-0.9748917,0.9230804,0.1544266,0.2356415,-0.2984924,1.314194,-0.9844894,1.137035,-0.7430725,0.7720108,-0.9030228,0.3151283,-0.847908,0.2848434,-0.7825394,-9.966385,-4.275276,-1.30732,-1.940414,-5.942154,-0.9794159,-1.362503,-0.7820206,-1.053886,-0.8039551
49.033329010009766,,,,,,,,,,,,,,,-0.9416275,-0.9641495,0.9308929,0.15345,0.2385712,-0.2945862,1.312241,-0.9776535,1.136059,-0.7372131,0.7681046,-0.9088821,0.3268471,-0.8430252,0.2877731,-0.7805862,-9.961502,-4.252815,-1.295601,-1.944321,-5.94606,-0.9696503,-1.366409,-0.7878799,-1.040215,-0.8166504
49.03333333333333,0.0,-478.0,-36.0,-117.0,-5.0,-1429.0,-11.0,-4915.0,-5.0,-9077.0,-6.0,-767.0,-3.0,-3516.0,,,,,,,,,,,,,,,,,,,,,,,,,,
49.04167175292969,,,,,,,,,,,,,,,-0.9455338,-0.9573135,0.9377289,0.1495438,0.2375946,-0.2897034,1.313217,-0.9727707,1.136059,-0.7362366,0.7651749,-0.9157181,0.333683,-0.8381424,0.2936325,-0.7796097,-9.957596,-4.227425,-1.282906,-1.955063,-5.947037,-0.9637909,-1.372269,-0.8015518,-1.027519,-0.8273926
49.04999923706055,,,,,,,,,,,,,,,-0.9523697,-0.9621964,0.9406586,0.1466141,0.2336884,-0.2867737,1.316147,-0.9727707,1.137035,-0.7381897,0.7622452,-0.9186478,0.3366127,-0.8371658,0.3004684,-0.7776566,-9.954666,-4.203987,-1.271187,-1.969711,-5.94899,-0.9589081,-1.378128,-0.8191299,-1.01873,-0.8391113
49.05833053588867,,,,,,,,,,,,,,,-0.9572525,-0.9709854,0.9406586,0.1436844,0.2288055,-0.2818909,1.3181,-0.9776535,1.136059,-0.7420959,0.7612686,-0.9206009,0.3366127,-0.839119,0.3053513,-0.7776566,-9.955643,-4.187386,-1.257515,-1.98436,-5.955826,-0.9550018,-1.381058,-0.8396378,-1.011894,-0.8469238
49.06666666666667,0.0,-470.0,-37.0,-120.0,-5.0,-1432.0,-11.0,-4915.0,-5.0,-9081.0,-7.0,-772.0,-3.0,-3519.0,,,,,,,,,,,,,,,,,,,,,,,,,,
49.06666946411133,,,,,,,,,,,,,,,-0.9621353,-0.9827042,0.9416351,0.1427078,0.2190399,-0.2770081,1.322006,-0.9844894,1.136059,-0.7469788,0.7632217,-0.9196243,0.333683,-0.8400955,0.3121872,-0.7757034,-9.959549,-4.175667,-1.253609,-2.003891,-5.958755,-0.9550018,-1.384964,-0.8611221,-1.011894,-0.8508301
49.07500076293945,,,,,,,,,,,,,,,-0.9660416,-0.9944229,0.9406586,0.1446609,0.2082977,-0.2740784,1.324936,-0.9932785,1.137035,-0.7518616,0.7690811,-0.9157181,0.3268471,-0.8420486,0.3160934,-0.7727737,-9.966385,-4.169807,-1.252632,-2.021469,-5.964615,-0.956955,-1.390823,-0.8835831,-1.016777,-0.8508301
49.08332824707031,,,,,,,,,,,,,,,-0.9679947,-1.005165,0.9377289,0.1456375,0.1975555,-0.2691956,1.326889,-1.004021,1.137035,-0.7577209,0.7778702,-0.9088821,0.3239174,-0.8420486,0.3209763,-0.7708206,-9.976151,-4.168831,-1.258492,-2.034164,-5.970474,-0.9608612,-1.396683,-0.9021378,-1.020683,-0.8459473
49.091670989990234,,,,,,,,,,,,,,,-0.9689713,-1.010048,0.9328461,0.1446609,0.1838837,-0.2652893,1.326889,-1.010857,1.136059,-0.7645569,0.7856827,-0.9010696,0.3190346,-0.8400955,0.3248825,-0.7669144,-9.989822,-4.172737,-1.266304,-2.04393,-5.978287,-0.9647675,-1.400589,-0.9177628,-1.029472,-0.8400879
49.099998474121094,,,,,,,,,,,,,,,-0.9709244,-1.010048,0.9269867,0.1436844,0.174118,-0.2652893,1.326889,-1.015739,1.137035,-0.7704163,0.7925186,-0.8903275,0.3151283,-0.8381424,0.3317184,-0.7659378,-10.00056,-4.178596,-1.278023,-2.04686,-5.986099,-0.9706268,-1.402542,-0.9255753,-1.037285,-0.833252
49.1,0.0,-467.0,-37.0,-122.0,-5.0,-1435.0,-11.0,-4917.0,-6.0,-9085.0,-7.0,-774.0,-3.0,-3524.0,,,,,,,,,,,,,,,,,,,,,,,,,,
49.10832977294922,,,,,,,,,,,,,,,-0.9738541,-1.006142,0.9201508,0.1407547,0.1692352,-0.2662659,1.324936,-1.020622,1.139965,-0.7752991,0.7964249,-0.8805618,0.3121986,-0.8371658,0.3366013,-0.7678909,-10.01228,-4.184456,-1.288765,-2.040024,-5.992935,-0.9755096,-1.399612,-0.9255753,-1.048027,-0.826416
49.116668701171875,,,,,,,,,,,,,,,-0.9797134,-1.000282,0.9123383,0.1368484,0.1643524,-0.2662659,1.319077,-1.022575,1.143871,-0.782135,0.7944717,-0.8707962,0.3102455,-0.8342361,0.3434372,-0.7727737,-10.01912,-4.189339,-1.298531,-2.028305,-5.999771,-0.9784393,-1.393753,-0.9206924,-1.058769,-0.8205566
49.125,,,,,,,,,,,,,,,-0.9855728,-0.9924698,0.9055023,0.1329422,0.1643524,-0.2691956,1.312241,-1.021599,1.149731,-0.7899475,0.7895889,-0.8620071,0.3112221,-0.8313065,0.3463669,-0.7786331,-10.02303,-4.193245,-1.30732,-2.010727,-6.004654,-0.981369,-1.385941,-0.9089737,-1.069511,-0.8127441
49.133331298828125,,,,,,,,,,,,,,,-0.996315,-0.9836807,0.8957367,0.1270828,0.1663055,-0.2691956,1.305405,-1.018669,1.15852,-0.79776,0.7798233,-0.8522415,0.309269,-0.832283,0.3473434,-0.7864456,-10.02693,-4.197151,-1.314156,-1.988266,-6.00563,-0.9823456,-1.376175,-0.8933487,-1.080254,-0.8039551
49.13333333333333,0.0,-469.0,-36.0,-122.0,-5.0,-1436.0,-11.0,-4915.0,-6.0,-9091.0,-7.0,-778.0,-3.0,-3528.0,,,,,,,,,,,,,,,,,,,,,,,,,,
49.14167022705078,,,,,,,,,,,,,,,-1.005104,-0.9729385,0.8859711,0.1212234,0.1702118,-0.268219,1.299545,-1.010857,1.167309,-0.8045959,0.767128,-0.8454056,0.309269,-0.8313065,0.3444138,-0.7962112,-10.02596,-4.202034,-1.318062,-1.965805,-6.003677,-0.9784393,-1.367386,-0.874794,-1.091972,-0.7932129
49.150001525878906,,,,,,,,,,,,,,,-1.010963,-0.965126,0.877182,0.1163406,0.1721649,-0.2643127,1.292709,-1.004997,1.174145,-0.8124084,0.7524796,-0.8405228,0.3063393,-0.8293533,0.3366013,-0.8059769,-10.02303,-4.207893,-1.320992,-1.945297,-5.997818,-0.9755096,-1.362503,-0.8572159,-1.103691,-0.7844238
49.158329010009766,,,,,,,,,,,,,,,-1.015846,-0.9553604,0.8703461,0.1095047,0.1760712,-0.2604065,1.28978,-0.9971848,1.180981,-0.8182678,0.7397842,-0.8385696,0.3043861,-0.8313065,0.3278122,-0.8157425,-10.02205,-4.213753,-1.326851,-1.931625,-5.985123,-0.97258,-1.35762,-0.8415909,-1.110527,-0.7756348
49.166666666666664,0.0,-474.0,-36.0,-122.0,-6.0,-1437.0,-11.0,-4913.0,-6.0,-9090.0,-8.0,-783.0,-3.0,-3529.0,,,,,,,,,,,,,,,,,,,,,,,,,,
49.16667175292969,,,,,,,,,,,,,,,-1.01487,-0.9455948,0.8664398,0.1046219,0.1790009,-0.2555237,1.284897,-0.9903488,1.184887,-0.8231506,0.7290421,-0.8375931,0.3014565,-0.8274002,0.31707,-0.823555,-10.02205,-4.218636,-1.331734,-1.923813,-5.972427,-0.9706268,-1.358597,-0.8288956,-1.11541,-0.7678223
49.17499923706055,,,,,,,,,,,,,,,-1.013893,-0.9368057,0.8635101,0.09778595,0.1829071,-0.2496643,1.282944,-0.985466,1.185863,-0.8280334,0.7182999,-0.8395462,0.2975502,-0.8225174,0.3043747,-0.8333206,-10.02107,-4.221565,-1.342476,-1.919907,-5.961685,-0.9696503,-1.36348,-0.8210831,-1.11541,-0.7658691
49.18333053588867,,,,,,,,,,,,,,,-1.010963,-0.9309464,0.8625336,0.09192657,0.1848602,-0.2467346,1.279037,-0.9815598,1.18391,-0.8309631,0.7143936,-0.8454056,0.2946205,-0.816658,0.2936325,-0.8421097,-10.02107,-4.220589,-1.351265,-1.920883,-5.95192,-0.9706268,-1.368362,-0.8162003,-1.11248,-0.7678223
49.19166946411133,,,,,,,,,,,,,,,-1.007057,-0.9260635,0.8664398,0.08802032,0.1868134,-0.2467346,1.276108,-0.9805832,1.180004,-0.8309631,0.7134171,-0.8541946,0.2926674,-0.8088455,0.2828903,-0.8499222,-10.0201,-4.216682,-1.360054,-1.923813,-5.945084,-0.9755096,-1.375198,-0.8162003,-1.105644,-0.7727051
49.2,0.0,-477.0,-35.0,-123.0,-7.0,-1439.0,-12.0,-4913.0,-6.0,-9086.0,-8.0,-785.0,-4.0,-3532.0,,,,,,,,,,,,,,,,,,,,,,,,,,
49.20000076293945,,,,,,,,,,,,,,,-1.005104,-0.9241104,0.8683929,0.0860672,0.1887665,-0.2486877,1.273178,-0.9796066,1.174145,-0.8309631,0.7163467,-0.8639603,0.2877846,-0.7990799,0.2750778,-0.854805,-10.01814,-4.209846,-1.36396,-1.928696,-5.945084,-0.9823456,-1.384964,-0.8191299,-1.100761,-0.7834473
49.20832824707031,,,,,,,,,,,,,,,-1.004128,-0.9280167,0.8713226,0.08411407,0.1887665,-0.2496643,1.270248,-0.9776535,1.168285,-0.8309631,0.720253,-0.8747025,0.2838783,-0.7893143,0.2682419,-0.8557816,-10.01619,-4.202034,-1.367867,-1.935532,-5.94899,-0.9901581,-1.392776,-0.8240128,-1.092949,-0.7941895
49.216670989990234,,,,,,,,,,,,,,,-1.007057,-0.9348526,0.8703461,0.08216095,0.1877899,-0.2535706,1.266342,-0.9737473,1.160473,-0.8299866,0.7270889,-0.8844681,0.2770424,-0.7805252,0.2633591,-0.8508987,-10.01131,-4.196175,-1.361031,-1.946274,-5.957779,-0.996994,-1.400589,-0.8308487,-1.092949,-0.8059082
49.224998474121094,,,,,,,,,,,,,,,-1.01194,-0.9426651,0.8693695,0.08020782,0.1877899,-0.2565002,1.267319,-0.9688644,1.150707,-0.82901,0.7319717,-0.891304,0.2702065,-0.776619,0.2614059,-0.8382034,-10.00642,-4.195198,-1.354195,-1.960922,-5.966568,-1.004807,-1.410355,-0.8396378,-1.094902,-0.817627
49.23332977294922,,,,,,,,,,,,,,,-1.017799,-0.9514542,0.8664398,0.07727814,0.1907196,-0.2565002,1.268295,-0.9639816,1.141918,-0.8280334,0.7349014,-0.8942337,0.2633705,-0.7756424,0.2614059,-0.8206253,-10.00154,-4.197151,-1.341499,-1.977524,-5.976334,-1.014572,-1.421097,-0.8484268,-1.101738,-0.8283691
49.233333333333334,0.0,-478.0,-35.0,-120.0,-6.0,-1439.0,-12.0,-4914.0,-6.0,-9083.0,-8.0,-785.0,-4.0,-3532.0,,,,,,,,,,,,,,,,,,,,,,,,,,
49.241668701171875,,,,,,,,,,,,,,,-1.019753,-0.9621964,0.8605804,0.0704422,0.1916962,-0.2545471,1.270248,-0.9581223,1.134106,-0.8260803,0.7339249,-0.8952103,0.2545815,-0.7756424,0.2643356,-0.8010941,-9.997635,-4.203011,-1.329781,-1.999008,-5.986099,-1.026291,-1.430862,-0.8581924,-1.111504,-0.8391113
49.25,,,,,,,,,,,,,,,-1.020729,-0.9700089,0.8566742,0.06165314,0.1985321,-0.252594,1.273178,-0.9551926,1.126293,-0.8241272,0.7339249,-0.8932571,0.2487221,-0.7785721,0.270195,-0.7796097,-9.995682,-4.210823,-1.319038,-2.022446,-5.992935,-1.040939,-1.439651,-0.8679581,-1.122246,-0.8479004
49.258331298828125,,,,,,,,,,,,,,,-1.018776,-0.9739151,0.8517914,0.04993439,0.2073212,-0.2486877,1.278061,-0.9522629,1.119457,-0.8211975,0.7290421,-0.8864212,0.2418861,-0.7815018,0.2741013,-0.7591019,-9.997635,-4.217659,-1.315132,-2.041,-6.000748,-1.055588,-1.448441,-0.8777237,-1.130058,-0.8566895
49.266666666666666,0.0,-483.0,-35.0,-117.0,-6.0,-1441.0,-12.0,-4919.0,-6.0,-9084.0,-8.0,-783.0,-4.0,-3531.0,,,,,,,,,,,,,,,,,,,,,,,,,,
49.26667022705078,,,,,,,,,,,,,,,-1.01194,-0.9778214,0.8498383,0.04016876,0.2141571,-0.2467346,1.279037,-0.9512863,1.114574,-0.8182678,0.7222061,-0.8805618,0.2379799,-0.7815018,0.2789841,-0.7473831,-9.998611,-4.222542,-1.313179,-2.054672,-6.00856,-1.071213,-1.455276,-0.8845596,-1.136894,-0.864502
49.275001525878906,,,,,,,,,,,,,,,-1.002174,-0.980751,0.8508148,0.02845001,0.2190399,-0.2457581,1.280014,-0.9493332,1.113598,-0.8153381,0.7182999,-0.8766556,0.2360268,-0.7805252,0.2848434,-0.7425003,-10.00642,-4.224495,-1.317085,-2.062485,-6.012466,-1.086838,-1.458206,-0.8874893,-1.137871,-0.8674316
49.283329010009766,,,,,,,,,,,,,,,-0.9904556,-0.9817276,0.8517914,0.01966095,0.2229462,-0.2477112,1.281967,-0.9464035,1.115551,-0.8114319,0.7143936,-0.8727493,0.2350502,-0.7795486,0.2897263,-0.7425003,-10.01619,-4.222542,-1.322945,-2.063461,-6.01442,-1.10051,-1.458206,-0.8865128,-1.133965,-0.8703613
49.29167175292969,,,,,,,,,,,,,,,-0.9777603,-0.9846573,0.8547211,0.01282501,0.2229462,-0.2496643,1.278061,-0.9464035,1.119457,-0.8075256,0.7124405,-0.8707962,0.2350502,-0.7795486,0.2916794,-0.7503128,-10.02596,-4.217659,-1.329781,-2.058578,-6.017349,-1.107346,-1.4543,-0.8826065,-1.126152,-0.8703613
49.29999923706055,,,,,,,,,,,,,,,-0.9660416,-0.9914932,0.8576508,0.008918762,0.2190399,-0.252594,1.275131,-0.9454269,1.12434,-0.8055725,0.7104874,-0.8717728,0.2360268,-0.7844315,0.2936325,-0.7620316,-10.03767,-4.210823,-1.337593,-2.050766,-6.016373,-1.111252,-1.448441,-0.8738174,-1.113457,-0.8664551
49.3,0.0,-487.0,-36.0,-117.0,-6.0,-1444.0,-12.0,-4927.0,-6.0,-9086.0,-7.0,-782.0,-3.0,-3531.0,,,,,,,,,,,,,,,,,,,,,,,,,,
49.30833053588867,,,,,,,,,,,,,,,-0.9562759,-0.9983292,0.8596039,0.006965637,0.2151337,-0.2555237,1.272202,-0.9424973,1.12727,-0.8055725,0.7104874,-0.8747025,0.239933,-0.792244,0.2946091,-0.7737503,-10.04646,-4.201057,-1.341499,-2.041,-6.015396,-1.111252,-1.441605,-0.8601456,-1.097832,-0.8605957
49.31666946411133,,,,,,,,,,,,,,,-0.9484634,-1.002235,0.8596039,0.0079422,0.2102509,-0.2565002,1.270248,-0.9415207,1.130199,-0.8075256,0.7065811,-0.875679,0.2438393,-0.8049393,0.2936325,-0.7835159,-10.05232,-4.191292,-1.345406,-2.032211,-6.012466,-1.106369,-1.430862,-0.8454971,-1.08416,-0.8557129
49.32500076293945,,,,,,,,,,,,,,,-0.9465103,-1.005165,0.8566742,0.009895325,0.2082977,-0.2565002,1.270248,-0.9415207,1.130199,-0.8124084,0.704628,-0.8766556,0.2457924,-0.8186111,0.2946091,-0.7913284,-10.05525,-4.18055,-1.349312,-2.028305,-6.012466,-1.101486,-1.424026,-0.8308487,-1.073418,-0.8537598
49.33332824707031,,,,,,,,,,,,,,,-0.9426041,-1.007118,0.8537445,0.01282501,0.2063446,-0.2535706,1.269272,-0.9405441,1.128246,-0.8211975,0.6987686,-0.8786087,0.2487221,-0.8313065,0.2936325,-0.7971878,-10.05428,-4.169807,-1.353218,-2.026352,-6.012466,-1.095627,-1.415237,-0.8171768,-1.067558,-0.8518066
49.333333333333336,0.0,-490.0,-36.0,-118.0,-6.0,-1443.0,-12.0,-4931.0,-5.0,-9090.0,-6.0,-782.0,-2.0,-3533.0,,,,,,,,,,,,,,,,,,,,,,,,,,
49.341670989990234,,,,,,,,,,,,,,,-0.9465103,-1.004189,0.8478851,0.01770782,0.2063446,-0.252594,1.271225,-0.9376144,1.12434,-0.8299866,0.6938858,-0.8786087,0.2516518,-0.839119,0.2926559,-0.8010941,-10.04842,-4.160042,-1.355171,-2.026352,-6.012466,-1.088791,-1.405472,-0.8064346,-1.066582,-0.8518066
49.349998474121094,,,,,,,,,,,,,,,-0.94944,-0.9973526,0.8400726,0.02454376,0.2043915,-0.2535706,1.276108,-0.9337082,1.120434,-0.8387756,0.6870499,-0.8776321,0.255558,-0.8381424,0.2897263,-0.8010941,-10.03767,-4.151253,-1.360054,-2.026352,-6.01149,-1.082932,-1.401566,-0.7976456,-1.068535,-0.8557129
49.35832977294922,,,,,,,,,,,,,,,-0.9562759,-0.9895401,0.8322601,0.03333282,0.2014618,-0.2565002,1.277084,-0.9258957,1.117504,-0.8475647,0.6850967,-0.8786087,0.2575111,-0.8313065,0.2867966,-0.7981644,-10.024,-4.147346,-1.36396,-2.025375,-6.01149,-1.079025,-1.400589,-0.7908096,-1.073418,-0.8586426
49.36666666666667,0.0,-489.0,-36.0,-115.0,-6.0,-1445.0,-11.0,-4928.0,-5.0,-9095.0,-6.0,-783.0,-1.0,-3535.0,,,,,,,,,,,,,,,,,,,,,,,,,,
49.366668701171875,,,,,,,,,,,,,,,-0.9611588,-0.9836807,0.8254242,0.04212189,0.1946259,-0.2613831,1.279037,-0.9141769,1.115551,-0.8544006,0.6841202,-0.8805618,0.2584877,-0.8195877,0.2828903,-0.7942581,-10.01424,-4.147346,-1.364937,-2.025375,-6.007584,-1.075119,-1.402542,-0.7869034,-1.079277,-0.8635254
49.375,,,,,,,,,,,,,,,-0.9689713,-0.9787979,0.8234711,0.05188751,0.1887665,-0.2672424,1.279037,-0.9044113,1.115551,-0.8583069,0.689003,-0.882515,0.2604408,-0.8059158,0.2789841,-0.7874222,-10.00447,-4.1493,-1.362007,-2.020493,-6.003677,-1.06926,-1.409378,-0.7849503,-1.085136,-0.8693848
49.383331298828125,,,,,,,,,,,,,,,-0.9748306,-0.9778214,0.8224945,0.06458282,0.180954,-0.2750549,1.278061,-0.8975754,1.114574,-0.8573303,0.6938858,-0.8854446,0.2614174,-0.7951736,0.2731247,-0.7786331,-10.00056,-4.154182,-1.356148,-2.01268,-5.999771,-1.062424,-1.419144,-0.7869034,-1.089043,-0.873291
49.39167022705078,,,,,,,,,,,,,,,-0.9797134,-0.980751,0.8234711,0.07239532,0.1711884,-0.2818909,1.273178,-0.891716,1.113598,-0.8524475,0.7016983,-0.891304,0.2643471,-0.792244,0.2662888,-0.7678909,-9.998611,-4.159065,-1.346382,-2.004868,-5.994888,-1.056564,-1.430862,-0.7898331,-1.094902,-0.8771973
49.4,0.0,-487.0,-36.0,-111.0,-6.0,-1448.0,-12.0,-4928.0,-6.0,-9099.0,-6.0,-782.0,-2.0,-3537.0,,,,,,,,,,,,,,,,,,,,,,,,,,
49.400001525878906,,,,,,,,,,,,,,,-0.9845963,-0.9856339,0.8283539,0.0782547,0.1633759,-0.2857971,1.269272,-0.8878098,1.113598,-0.844635,0.7085342,-0.8971634,0.2663002,-0.7981033,0.2574997,-0.7561722,-10.00447,-4.163948,-1.334663,-1.997055,-5.991959,-1.052658,-1.442581,-0.796669,-1.098808,-0.8811035
49.408329010009766,,,,,,,,,,,,,,,-0.9875259,-0.9905167,0.8342133,0.0860672,0.1575165,-0.2887268,1.264389,-0.8887863,1.111645,-0.8368225,0.7143936,-0.9020462,0.2682533,-0.8127518,0.2496872,-0.7434769,-10.00838,-4.169807,-1.322945,-1.991196,-5.991959,-1.048752,-1.4543,-0.8044815,-1.106621,-0.8840332
49.41667175292969,,,,,,,,,,,,,,,-0.9885025,-0.9944229,0.8439789,0.09290314,0.1506805,-0.2926331,1.25853,-0.8946457,1.109692,-0.8270569,0.7173233,-0.9049759,0.2721596,-0.8342361,0.2399216,-0.7346878,-10.01521,-4.173714,-1.317085,-1.988266,-5.993912,-1.043869,-1.463089,-0.8132706,-1.11248,-0.8879395
49.42499923706055,,,,,,,,,,,,,,,-0.9885025,-0.9973526,0.8547211,0.09876251,0.1487274,-0.2945862,1.254623,-0.9014816,1.107738,-0.8163147,0.7143936,-0.9079056,0.2750893,-0.8576736,0.2291794,-0.7288284,-10.0201,-4.183479,-1.316109,-1.990219,-5.994888,-1.040939,-1.469925,-0.8220596,-1.120293,-0.8908691
49.43333053588867,,,,,,,,,,,,,,,-0.9885025,-0.9934464,0.8654633,0.1075516,0.1506805,-0.2975159,1.253647,-0.907341,1.108715,-0.8045959,0.7095108,-0.9088821,0.2760658,-0.8772049,0.2184372,-0.7239456,-10.02107,-4.196175,-1.320992,-1.997055,-5.999771,-1.040939,-1.473831,-0.8249893,-1.127129,-0.8937988
49.43333333333333,0.0,-486.0,-36.0,-111.0,-6.0,-1450.0,-12.0,-4933.0,-5.0,-9103.0,-6.0,-780.0,-2.0,-3541.0,,,,,,,,,,,,,,,,,,,,,,,,,,
49.44166946411133,,,,,,,,,,,,,,,-0.9894791,-0.9856339,0.8762054,0.1202469,0.1545868,-0.3033752,1.253647,-0.9141769,1.112621,-0.7938538,0.6987686,-0.9088821,0.2750893,-0.8908768,0.2086716,-0.7190628,-10.02498,-4.210823,-1.330757,-2.006821,-6.003677,-1.041916,-1.474808,-0.8269424,-1.130058,-0.8996582
49.45000076293945,,,,,,,,,,,,,,,-0.9894791,-0.9758682,0.8849945,0.1329422,0.1623993,-0.3102112,1.25267,-0.9171066,1.114574,-0.7840881,0.689003,-0.9127884,0.2702065,-0.8967361,0.2008591,-0.7161331,-10.02596,-4.224495,-1.345406,-2.01561,-6.00856,-1.044846,-1.477737,-0.8259659,-1.129082,-0.9074707
49.45832824707031,,,,,,,,,,,,,,,-0.9914322,-0.965126,0.8898773,0.1456375,0.1711884,-0.3170471,1.253647,-0.9161301,1.119457,-0.7772522,0.6782608,-0.9186478,0.2633705,-0.894783,0.1998825,-0.71418,-10.02693,-4.23719,-1.355171,-2.024399,-6.01442,-1.046799,-1.478714,-0.8210831,-1.129082,-0.9152832
49.46666666666667,0.0,-489.0,-36.0,-116.0,-6.0,-1450.0,-12.0,-4938.0,-5.0,-9105.0,-7.0,-782.0,-2.0,-3545.0,,,,,,,,,,,,,,,,,,,,,,,,,,
49.466670989990234,,,,,,,,,,,,,,,-0.9953384,-0.9524307,0.8889008,0.1573563,0.1799774,-0.3258362,1.254623,-0.9092941,1.126293,-0.7733459,0.6694717,-0.9264603,0.255558,-0.8850174,0.2018356,-0.7092972,-10.02986,-4.245003,-1.36396,-2.031235,-6.020279,-1.048752,-1.480667,-0.8171768,-1.125175,-0.9250488
49.474998474121094,,,,,,,,,,,,,,,-0.9982681,-0.9426651,0.8810883,0.1661453,0.1868134,-0.3375549,1.253647,-0.9014816,1.132153,-0.7713928,0.6636124,-0.9372025,0.246769,-0.8723221,0.2106247,-0.7034378,-10.03572,-4.245979,-1.36689,-2.038071,-6.025162,-1.051682,-1.48262,-0.8171768,-1.11834,-0.9338379
49.48332977294922,,,,,,,,,,,,,,,-1.002174,-0.9358292,0.8683929,0.1700516,0.189743,-0.3512268,1.251694,-0.8907394,1.137035,-0.7733459,0.6645889,-0.9508743,0.2389565,-0.8586502,0.22332,-0.6966019,-10.0406,-4.241096,-1.364937,-2.045883,-6.028091,-1.053635,-1.484573,-0.8210831,-1.111504,-0.9396973
49.491668701171875,,,,,,,,,,,,,,,-1.004128,-0.9328995,0.8547211,0.1680984,0.1907196,-0.3658752,1.251694,-0.8799973,1.142895,-0.7772522,0.6684952,-0.9616165,0.2350502,-0.847908,0.2369919,-0.6936722,-10.04842,-4.231331,-1.358101,-2.054672,-6.029068,-1.054611,-1.48555,-0.8318253,-1.108574,-0.9455566
49.5,0.0,-492.0,-36.0,-124.0,-5.0,-1449.0,-12.0,-4938.0,-5.0,-9108.0,-7.0,-785.0,-2.0,-3549.0,-1.007057,-0.9328995,0.8371429,0.1641922,0.1858368,-0.3815002,1.249741,-0.8682785,1.144848,-0.7840881,0.6763077,-0.9713821,0.2330971,-0.839119,0.2526169,-0.6917191,-10.05525,-4.220589,-1.352242,-2.064438,-6.029068,-1.055588,-1.48555,-0.8484268,-1.105644,-0.9484863
49.508331298828125,,,,,,,,,,,,,,,-1.008034,-0.9387589,0.8244476,0.1544266,0.1780243,-0.4010315,1.250717,-0.8624191,1.142895,-0.7919006,0.6850967,-0.9791946,0.2340736,-0.8313065,0.2653122,-0.6936722,-10.06209,-4.213753,-1.346382,-2.07225,-6.029068,-1.055588,-1.480667,-0.8660049,-1.106621,-0.9494629
49.51667022705078,,,,,,,,,,,,,,,-1.00901,-0.9485245,0.8156586,0.1388016,0.1672821,-0.4215393,1.253647,-0.860466,1.137035,-0.8016663,0.6909561,-0.9860306,0.2370033,-0.8244705,0.2721481,-0.7005081,-10.0699,-4.213753,-1.342476,-2.081039,-6.030045,-1.056564,-1.476761,-0.8865128,-1.107597,-0.9504395
49.525001525878906,,,,,,,,,,,,,,,-1.010963,-0.9631729,0.814682,0.1231766,0.158493,-0.4381409,1.259506,-0.8594894,1.12727,-0.8143616,0.6948624,-0.9889603,0.2428627,-0.8215408,0.2770309,-0.7092972,-10.0826,-4.219612,-1.340523,-2.089828,-6.031021,-1.060471,-1.472855,-0.9070206,-1.11248,-0.951416
49.533329010009766,,,,,,,,,,,,,,,-1.010963,-0.9797745,0.8195648,0.1046219,0.1467743,-0.4508362,1.266342,-0.8614426,1.114574,-0.8260803,0.6948624,-0.9909134,0.2487221,-0.8205643,0.2760544,-0.7180862,-10.09041,-4.231331,-1.341499,-2.090805,-6.035904,-1.065353,-1.468948,-0.9226456,-1.116386,-0.9504395
49.53333333333333,0.0,-491.0,-37.0,-129.0,-5.0,-1450.0,-12.0,-4936.0,-5.0,-9111.0,-7.0,-786.0,-2.0,-3552.0,,,,,,,,,,,,,,,,,,,,,,,,,,
49.54167175292969,,,,,,,,,,,,,,,-1.009987,-0.9953995,0.8273773,0.08411407,0.1399384,-0.4576721,1.273178,-0.8663254,1.099926,-0.8397522,0.6909561,-0.9928665,0.2536049,-0.8215408,0.2711716,-0.729805,-10.10115,-4.248909,-1.344429,-2.088852,-6.03981,-1.071213,-1.465042,-0.9304581,-1.122246,-0.9504395
49.54999923706055,,,,,,,,,,,,,,,-1.010963,-1.011024,0.8390961,0.06555939,0.134079,-0.4576721,1.280014,-0.8731613,1.087231,-0.8524475,0.6850967,-0.9938431,0.2594643,-0.8283768,0.2633591,-0.7405472,-10.10896,-4.26844,-1.347359,-2.082016,-6.041763,-1.080002,-1.465042,-0.9324112,-1.133965,-0.951416
49.55833053588867,,,,,,,,,,,,,,,-1.010963,-1.021767,0.8517914,0.05091095,0.1311493,-0.4498596,1.285873,-0.8790207,1.078442,-0.86026,0.6753311,-0.9938431,0.2633705,-0.8381424,0.2516403,-0.7512894,-10.11678,-4.286995,-1.350288,-2.073227,-6.043716,-1.090744,-1.467972,-0.9255753,-1.14666,-0.9523926
49.56666666666667,0.0,-492.0,-37.0,-131.0,-5.0,-1453.0,-12.0,-4935.0,-4.0,-9114.0,-7.0,-784.0,-2.0,-3556.0,,,,,,,,,,,,,,,,,,,,,,,,,,
49.56666946411133,,,,,,,,,,,,,,,-1.009987,-1.027626,0.861557,0.04114532,0.1291962,-0.4361877,1.288803,-0.8858566,1.071606,-0.8641663,0.6675186,-0.9938431,0.2663002,-0.8508377,0.2418747,-0.7600784,-10.12068,-4.300667,-1.353218,-2.060532,-6.044693,-1.10051,-1.474808,-0.9109268,-1.159355,-0.9553223
49.57500076293945,,,,,,,,,,,,,,,-1.00901,-1.027626,0.8654633,0.03528595,0.1301727,-0.4176331,1.287827,-0.8946457,1.070629,-0.8641663,0.6626358,-0.9938431,0.2672768,-0.8664627,0.2301559,-0.7747269,-10.11971,-4.307503,-1.358101,-2.04686,-6.043716,-1.111252,-1.483597,-0.8913956,-1.173027,-0.9592285
49.58332824707031,,,,,,,,,,,,,,,-1.00901,-1.026649,0.8664398,0.03333282,0.1321259,-0.393219,1.28392,-0.9053879,1.071606,-0.8622131,0.6587296,-0.9938431,0.2672768,-0.8781815,0.2194138,-0.7883987,-10.11385,-4.309456,-1.360054,-2.032211,-6.04567,-1.120041,-1.497269,-0.8650284,-1.191582,-0.9641113
49.591670989990234,,,,,,,,,,,,,,,-1.009987,-1.022743,0.8635101,0.03430939,0.1321259,-0.3678284,1.277084,-0.9210129,1.072582,-0.8592834,0.657753,-0.9938431,0.2653236,-0.8840408,0.207695,-0.8001175,-10.10213,-4.30555,-1.367867,-2.020493,-6.050552,-1.124924,-1.511917,-0.8367081,-1.208183,-0.9689941
49.599998474121094,,,,,,,,,,,,,,,-1.008034,-1.01786,0.8566742,0.03528595,0.134079,-0.3443909,1.271225,-0.938591,1.073559,-0.8573303,0.6587296,-0.9928665,0.2604408,-0.8840408,0.1998825,-0.8137894,-10.09236,-4.297737,-1.372749,-2.00975,-6.057388,-1.127853,-1.528519,-0.8103409,-1.218925,-0.973877
49.6,0.0,-495.0,-37.0,-128.0,-5.0,-1456.0,-12.0,-4935.0,-4.0,-9122.0,-8.0,-783.0,-2.0,-3556.0,,,,,,,,,,,,,,,,,,,,,,,,,,
49.60832977294922,,,,,,,,,,,,,,,-1.010963,-1.013954,0.8469086,0.03626251,0.1331024,-0.3248596,1.262436,-0.9600754,1.072582,-0.86026,0.6606827,-0.9928665,0.2545815,-0.8772049,0.1940231,-0.8255081,-10.08162,-4.285042,-1.377632,-2.002914,-6.067154,-1.127853,-1.546097,-0.7878799,-1.229668,-0.9768066
49.616668701171875,,,,,,,,,,,,,,,-1.01194,-1.010048,0.8400726,0.03528595,0.1321259,-0.3092346,1.25267,-0.9825363,1.070629,-0.8651428,0.6636124,-0.9938431,0.2487221,-0.8664627,0.1940231,-0.8342972,-10.07185,-4.27137,-1.379585,-1.997055,-6.081802,-1.124924,-1.559769,-0.7742081,-1.233574,-0.9758301
49.625,,,,,,,,,,,,,,,-1.01487,-1.007118,0.8361664,0.03430939,0.1301727,-0.2984924,1.240952,-1.005974,1.063793,-0.8739319,0.6655655,-0.9938431,0.2409096,-0.854744,0.1959763,-0.83918,-10.06404,-4.263557,-1.382515,-1.994125,-6.096451,-1.119064,-1.569534,-0.7663956,-1.232597,-0.9719238
49.633331298828125,,,,,,,,,,,,,,,-1.015846,-1.003212,0.8361664,0.03235626,0.1291962,-0.2965393,1.229233,-1.027458,1.059887,-0.8856506,0.6655655,-0.9928665,0.231144,-0.8430252,0.2008591,-0.83918,-10.05721,-4.260628,-1.382515,-1.993149,-6.10524,-1.110275,-1.577347,-0.7683487,-1.225761,-0.9641113
49.63333333333333,0.0,-500.0,-37.0,-127.0,-6.0,-1460.0,-11.0,-4937.0,-4.0,-9127.0,-8.0,-782.0,-2.0,-3556.0,,,,,,,,,,,,,,,,,,,,,,,,,,
49.64167022705078,,,,,,,,,,,,,,,-1.01487,-0.9944229,0.8400726,0.03040314,0.1282196,-0.3014221,1.219467,-1.047966,1.054028,-0.8954163,0.6655655,-0.9889603,0.2233315,-0.8352127,0.207695,-0.8362503,-10.05818,-4.264534,-1.387398,-1.993149,-6.113052,-1.10051,-1.584183,-0.7781143,-1.21209,-0.9562988
49.650001525878906,,,,,,,,,,,,,,,-1.015846,-0.987587,0.8469086,0.03040314,0.1282196,-0.3092346,1.211655,-1.062614,1.052074,-0.9012756,0.6636124,-0.9840775,0.215519,-0.8332596,0.2135544,-0.8303909,-10.05916,-4.273323,-1.390327,-1.995102,-6.119888,-1.092697,-1.588089,-0.7956924,-1.199394,-0.9504395
49.658329010009766,,,,,,,,,,,,,,,-1.01194,-0.9817276,0.8547211,0.03040314,0.1282196,-0.3209534,1.203842,-1.071404,1.049145,-0.9032288,0.6606827,-0.9791946,0.2057533,-0.8342361,0.2184372,-0.8206253,-10.06306,-4.288948,-1.393257,-1.994125,-6.127701,-1.083908,-1.589066,-0.8191299,-1.183769,-0.9455566
49.666666666666664,0.0,-504.0,-37.0,-126.0,-6.0,-1459.0,-11.0,-4941.0,-4.0,-9129.0,-7.0,-780.0,-2.0,-3552.0,,,,,,,,,,,,,,,,,,,,,,,,,,
49.66667175292969,,,,,,,,,,,,,,,-1.005104,-0.9758682,0.8586273,0.03040314,0.1291962,-0.3326721,1.200912,-1.078239,1.045238,-0.9032288,0.657753,-0.9733353,0.1979408,-0.8381424,0.2184372,-0.8098831,-10.06697,-4.308479,-1.399117,-1.996078,-6.131607,-1.073166,-1.587112,-0.8494034,-1.170097,-0.9436035
49.67499923706055,,,,,,,,,,,,,,,-0.9982681,-0.9729385,0.8625336,0.03040314,0.1282196,-0.3395081,1.200912,-1.081169,1.042309,-0.9012756,0.6548233,-0.9664993,0.1901283,-0.8440018,0.2145309,-0.7981644,-10.07185,-4.327034,-1.403023,-1.998032,-6.13649,-1.0634,-1.586136,-0.8796768,-1.162285,-0.9475098
49.68333053588867,,,,,,,,,,,,,,,-0.9875259,-0.9739151,0.861557,0.03040314,0.127243,-0.3375549,1.202866,-1.076286,1.040356,-0.8993225,0.6509171,-0.96064,0.1823158,-0.847908,0.2086716,-0.7864456,-10.07771,-4.343636,-1.404976,-2.001938,-6.143326,-1.055588,-1.584183,-0.9070206,-1.154472,-0.9533691
49.69166946411133,,,,,,,,,,,,,,,-0.9758072,-0.9797745,0.8566742,0.03040314,0.1252899,-0.3277893,1.209702,-1.06945,1.037426,-0.8983459,0.6479874,-0.9586868,0.1764565,-0.8508377,0.2047653,-0.7776566,-10.07967,-4.349495,-1.404976,-2.006821,-6.153091,-1.047775,-1.584183,-0.9343643,-1.151543,-0.958252
49.7,0.0,-504.0,-37.0,-123.0,-6.0,-1458.0,-10.0,-4939.0,-4.0,-9127.0,-7.0,-776.0,-2.0,-3550.0,,,,,,,,,,,,,,,,,,,,,,,,,,
49.70000076293945,,,,,,,,,,,,,,,-0.9670181,-0.987587,0.8498383,0.03235626,0.1243134,-0.3121643,1.215561,-1.058708,1.034496,-0.8973694,0.6460342,-0.9596634,0.1735268,-0.8508377,0.2018356,-0.7727737,-10.08553,-4.350471,-1.400093,-2.010727,-6.16481,-1.041916,-1.578323,-0.9558487,-1.153496,-0.9650879
49.70832824707031,,,,,,,,,,,,,,,-0.9621353,-0.996376,0.8430023,0.0313797,0.1243134,-0.2897034,1.220444,-1.046989,1.032543,-0.8963928,0.6460342,-0.96064,0.1735268,-0.8498611,0.2028122,-0.7727737,-10.09041,-4.343636,-1.39521,-2.014633,-6.173599,-1.038986,-1.57637,-0.9704971,-1.159355,-0.9699707
49.716670989990234,,,,,,,,,,,,,,,-0.9621353,-1.006142,0.8361664,0.03235626,0.1262665,-0.2691956,1.225327,-1.034294,1.028637,-0.8963928,0.6460342,-0.9616165,0.1735268,-0.847908,0.207695,-0.7757034,-10.09431,-4.331917,-1.393257,-2.018539,-6.181412,-1.03801,-1.573441,-0.9753799,-1.166191,-0.9729004
49.724998474121094,,,,,,,,,,,,,,,-0.9660416,-1.011024,0.830307,0.03333282,0.1321259,-0.2535706,1.22728,-1.022575,1.026684,-0.8963928,0.6470108,-0.9616165,0.1764565,-0.8449783,0.2145309,-0.7844925,-10.09724,-4.318245,-1.390327,-2.023422,-6.183365,-1.043869,-1.572464,-0.9734268,-1.170097,-0.9748535
49.73332977294922,,,,,,,,,,,,,,,-0.9758072,-1.012978,0.8264008,0.03430939,0.1370087,-0.2447815,1.226303,-1.01281,1.025707,-0.8954163,0.6489639,-0.9577103,0.1823158,-0.8449783,0.2252731,-0.7962112,-10.10115,-4.304573,-1.396187,-2.029282,-6.185318,-1.055588,-1.574417,-0.9636612,-1.179863,-0.9768066
49.733333333333334,0.0,-501.0,-37.0,-121.0,-6.0,-1461.0,-10.0,-4938.0,-3.0,-9121.0,-7.0,-767.0,-3.0,-3552.0,,,,,,,,,,,,,,,,,,,,,,,,,,
49.741668701171875,,,,,,,,,,,,,,,-0.9904556,-1.009071,0.8254242,0.03430939,0.1448212,-0.2457581,1.223373,-1.00695,1.025707,-0.8895569,0.6538467,-0.9489212,0.1871986,-0.847908,0.2330856,-0.8089066,-10.10408,-4.296761,-1.404976,-2.037094,-6.183365,-1.068283,-1.574417,-0.9490128,-1.187675,-0.9797363
49.75,,,,,,,,,,,,,,,-1.004128,-1.000282,0.8234711,0.03430939,0.1516571,-0.2565002,1.217514,-1.003044,1.026684,-0.8836975,0.657753,-0.9332962,0.1940346,-0.8537674,0.2379684,-0.8206253,-10.10896,-4.294807,-1.418648,-2.050766,-6.180435,-1.079025,-1.574417,-0.9324112,-1.193535,-0.982666
49.758331298828125,,,,,,,,,,,,,,,-1.017799,-0.987587,0.8224945,0.03430939,0.158493,-0.2750549,1.209702,-1.002068,1.03059,-0.8749084,0.6616592,-0.913765,0.1979408,-0.8606033,0.2399216,-0.8303909,-10.11092,-4.296761,-1.435249,-2.063461,-6.175552,-1.090744,-1.578323,-0.9158096,-1.194511,-0.9885254
49.766666666666666,0.0,-495.0,-37.0,-120.0,-6.0,-1467.0,-10.0,-4942.0,-3.0,-9117.0,-7.0,-756.0,-3.0,-3556.0,,,,,,,,,,,,,,,,,,,,,,,,,,
49.76667022705078,,,,,,,,,,,,,,,-1.028542,-0.9739151,0.8224945,0.03430939,0.1604462,-0.2975159,1.201889,-1.004021,1.034496,-0.8631897,0.6645889,-0.8932571,0.199894,-0.870369,0.2379684,-0.83918,-10.11873,-4.300667,-1.447945,-2.076157,-6.17067,-1.09758,-1.578323,-0.9050674,-1.194511,-0.9973145
49.775001525878906,,,,,,,,,,,,,,,-1.037331,-0.9621964,0.8244476,0.03626251,0.1614227,-0.3190002,1.192123,-1.007927,1.037426,-0.8485413,0.6655655,-0.8776321,0.2018471,-0.8820877,0.2301559,-0.8430862,-10.12556,-4.304573,-1.45771,-2.090805,-6.166763,-1.10051,-1.58223,-0.9001846,-1.192558,-1.008057
49.783329010009766,,,,,,,,,,,,,,,-1.041237,-0.9514542,0.8254242,0.03821564,0.1604462,-0.3365784,1.181381,-1.00988,1.040356,-0.8319397,0.6645889,-0.8678665,0.199894,-0.8918533,0.2223434,-0.8469925,-10.13338,-4.308479,-1.461617,-2.100571,-6.163834,-1.101486,-1.585159,-0.8992081,-1.187675,-1.016846
49.79167175292969,,,,,,,,,,,,,,,-1.04319,-0.9446182,0.8254242,0.04309845,0.1575165,-0.3482971,1.171616,-1.011833,1.041332,-0.8153381,0.6616592,-0.8659134,0.1950111,-0.9006424,0.2116013,-0.8499222,-10.13924,-4.311409,-1.46064,-2.10643,-6.163834,-1.096603,-1.587112,-0.9040909,-1.184746,-1.025635
49.79999923706055,,,,,,,,,,,,,,,-1.045143,-0.9426651,0.8254242,0.04895782,0.1555634,-0.3531799,1.162827,-1.013786,1.039379,-0.7997131,0.6587296,-0.8727493,0.1862221,-0.9084549,0.2028122,-0.8499222,-10.14412,-4.310432,-1.452827,-2.10936,-6.16481,-1.091721,-1.584183,-0.9099503,-1.18084,-1.033447
49.8,-1.0,-493.0,-38.0,-122.0,-6.0,-1469.0,-10.0,-4943.0,-3.0,-9114.0,-7.0,-747.0,-3.0,-3564.0,,,,,,,,,,,,,,,,,,,,,,,,,,
49.80833053588867,,,,,,,,,,,,,,,-1.044167,-0.949501,0.8234711,0.05286407,0.1516571,-0.3492737,1.15892,-1.011833,1.036449,-0.7889709,0.6548233,-0.8854446,0.1764565,-0.9143143,0.1949997,-0.8508987,-10.1451,-4.30555,-1.447945,-2.108383,-6.166763,-1.090744,-1.584183,-0.9187393,-1.17791,-1.037354
49.81666946411133,,,,,,,,,,,,,,,-1.04612,-0.9621964,0.8224945,0.05677032,0.149704,-0.3404846,1.15892,-1.00695,1.03059,-0.7801819,0.6489639,-0.9049759,0.1676674,-0.9162674,0.1910934,-0.854805,-10.13631,-4.298714,-1.443062,-2.10643,-6.17067,-1.088791,-1.580276,-0.9255753,-1.176933,-1.034424
49.82500076293945,,,,,,,,,,,,,,,-1.047096,-0.9758682,0.8195648,0.06067657,0.1477509,-0.3248596,1.159897,-1.002068,1.021801,-0.7782288,0.6440811,-0.9235306,0.1579018,-0.9162674,0.1901169,-0.8587112,-10.13045,-4.289925,-1.439156,-2.1035,-6.175552,-1.089767,-1.575394,-0.9275284,-1.178886,-1.026611
49.83332824707031,,,,,,,,,,,,,,,-1.047096,-0.9924698,0.8176117,0.05970001,0.1457977,-0.3072815,1.165756,-0.9981613,1.013012,-0.782135,0.6401749,-0.9401321,0.153019,-0.9143143,0.19207,-0.8606644,-10.11971,-4.280159,-1.438179,-2.099594,-6.179459,-1.091721,-1.574417,-0.9245987,-1.178886,-1.014893
49.833333333333336,-1.0,-493.0,-38.0,-125.0,-5.0,-1465.0,-10.0,-4943.0,-3.0,-9116.0,-7.0,-742.0,-3.0,-3570.0,,,,,,,,,,,,,,,,,,,,,,,,,,
49.841670989990234,,,,,,,,,,,,,,,-1.051003,-1.010048,0.814682,0.05579376,0.1418915,-0.2887268,1.175522,-0.9932785,1.004223,-0.7899475,0.6343155,-0.9547806,0.1520424,-0.910408,0.1959763,-0.8616409,-10.10799,-4.27137,-1.439156,-2.095688,-6.182388,-1.090744,-1.572464,-0.9187393,-1.176933,-0.9992676
49.849998474121094,,,,,,,,,,,,,,,-1.051979,-1.02372,0.814682,0.04993439,0.1370087,-0.2711487,1.183334,-0.9932785,0.9964104,-0.7987366,0.6304092,-0.9655228,0.1588783,-0.9055252,0.1998825,-0.8635941,-10.09822,-4.260628,-1.441109,-2.093735,-6.183365,-1.091721,-1.575394,-0.9079971,-1.173027,-0.9846191
49.85832977294922,,,,,,,,,,,,,,,-1.053932,-1.036415,0.8166351,0.04016876,0.1311493,-0.2584534,1.19017,-0.9981613,0.9846916,-0.8085022,0.626503,-0.9723587,0.168644,-0.901619,0.2047653,-0.8645706,-10.08943,-4.252815,-1.441109,-2.087875,-6.182388,-1.090744,-1.5793,-0.8953018,-1.169121,-0.9709473
49.86666666666667,-1.0,-494.0,-38.0,-128.0,-5.0,-1459.0,-11.0,-4947.0,-3.0,-9119.0,-6.0,-742.0,-3.0,-3575.0,,,,,,,,,,,,,,,,,,,,,,,,,,
49.866668701171875,,,,,,,,,,,,,,,-1.056862,-1.045204,0.8205414,0.02747345,0.1252899,-0.2496643,1.1931,-1.00695,0.974926,-0.8172913,0.6235733,-0.9752884,0.1823158,-0.8996658,0.2067184,-0.8635941,-10.08357,-4.248909,-1.441109,-2.082016,-6.178482,-1.086838,-1.586136,-0.8826065,-1.165215,-0.9592285
49.875,,,,,,,,,,,,,,,-1.056862,-1.047157,0.8234711,0.01282501,0.1194305,-0.2457581,1.191147,-1.018669,0.9671135,-0.8251038,0.6196671,-0.9743118,0.1989174,-0.8967361,0.2096481,-0.8587112,-10.07869,-4.248909,-1.441109,-2.076157,-6.177505,-1.082932,-1.592972,-0.8689346,-1.162285,-0.9523926
49.883331298828125,,,,,,,,,,,,,,,-1.055885,-1.047157,0.8283539,-0.0008468628,0.1135712,-0.2516174,1.183334,-1.030388,0.9602776,-0.8338928,0.6177139,-0.969429,0.2116127,-0.894783,0.2106247,-0.8538284,-10.07381,-4.254768,-1.441109,-2.067368,-6.175552,-1.080002,-1.600784,-0.8533096,-1.164238,-0.9494629
49.89167022705078,,,,,,,,,,,,,,,-1.050026,-1.044228,0.8293304,-0.01451874,0.1057587,-0.2604065,1.173569,-1.04406,0.9583244,-0.8426819,0.6157608,-0.9635696,0.2213783,-0.894783,0.2096481,-0.8469925,-10.06892,-4.263557,-1.442085,-2.058578,-6.175552,-1.078049,-1.604691,-0.8406143,-1.17205,-0.9504395
49.9,-1.0,-498.0,-37.0,-130.0,-5.0,-1456.0,-11.0,-4953.0,-3.0,-9124.0,-7.0,-746.0,-3.0,-3576.0,,,,,,,,,,,,,,,,,,,,,,,,,,
49.900001525878906,,,,,,,,,,,,,,,-1.04319,-1.036415,0.8273773,-0.02721405,0.1018524,-0.2740784,1.160873,-1.055779,0.9544182,-0.8534241,0.6147842,-0.9557571,0.2262611,-0.8928299,0.2096481,-0.8401566,-10.06306,-4.277229,-1.445015,-2.049789,-6.178482,-1.079025,-1.612503,-0.827919,-1.183769,-0.951416
49.908329010009766,,,,,,,,,,,,,,,-1.030495,-1.029579,0.8224945,-0.03502655,0.09892273,-0.2897034,1.147202,-1.060661,0.9583244,-0.8651428,0.6128311,-0.9489212,0.2262611,-0.8899002,0.2096481,-0.8352737,-10.06013,-4.289925,-1.446968,-2.039047,-6.182388,-1.080002,-1.618362,-0.8181534,-1.200371,-0.9523926
49.91667175292969,,,,,,,,,,,,,,,-1.015846,-1.02372,0.8137054,-0.03697968,0.09599304,-0.3053284,1.134506,-1.062614,0.9632072,-0.8788147,0.6138077,-0.945015,0.2233315,-0.8899002,0.207695,-0.8342972,-10.06111,-4.29969,-1.450874,-2.029282,-6.192154,-1.080002,-1.626175,-0.8113174,-1.218925,-0.9523926
49.92499923706055,,,,,,,,,,,,,,,-1.002174,-1.015907,0.8049164,-0.03697968,0.09501648,-0.3190002,1.12767,-1.060661,0.9710197,-0.8944397,0.6128311,-0.9489212,0.2194252,-0.8889236,0.2057419,-0.8372269,-10.06404,-4.303596,-1.453804,-2.023422,-6.200943,-1.080978,-1.631058,-0.8064346,-1.236504,-0.9533691
49.93333053588867,,,,,,,,,,,,,,,-0.9885025,-1.010048,0.7951508,-0.03600311,0.09306335,-0.330719,1.123764,-1.051872,0.9798088,-0.907135,0.6128311,-0.9577103,0.215519,-0.8879471,0.2037888,-0.8440628,-10.07381,-4.30555,-1.45771,-2.018539,-6.211685,-1.080002,-1.637894,-0.8044815,-1.250175,-0.9543457
49.93333333333333,0.0,-504.0,-37.0,-130.0,-5.0,-1459.0,-10.0,-4958.0,-3.0,-9134.0,-7.0,-753.0,-3.0,-3577.0,,,,,,,,,,,,,,,,,,,,,,,,,,
49.94166946411133,,,,,,,,,,,,,,,-0.9777603,-1.005165,0.7883148,-0.03209686,0.09208679,-0.3385315,1.121811,-1.040154,0.9876213,-0.9149475,0.6099014,-0.9723587,0.2096596,-0.8879471,0.2008591,-0.8567581,-10.0826,-4.303596,-1.459663,-2.01561,-6.218521,-1.078049,-1.6418,-0.8083878,-1.257011,-0.951416
49.95000076293945,,,,,,,,,,,,,,,-0.9728775,-1.003212,0.7844086,-0.02819061,0.08818054,-0.3395081,1.123764,-1.028435,0.9944572,-0.9217834,0.6069717,-0.9899368,0.2008705,-0.8869705,0.1989059,-0.8743362,-10.10115,-4.296761,-1.458687,-2.019516,-6.222427,-1.078049,-1.640823,-0.8142471,-1.258965,-0.9494629
49.95832824707031,,,,,,,,,,,,,,,-0.9728775,-1.002235,0.7853851,-0.02819061,0.08525085,-0.3375549,1.126694,-1.017693,0.9973869,-0.9256897,0.6020889,-1.004585,0.193058,-0.8850174,0.1969528,-0.8919144,-10.1158,-4.290901,-1.459663,-2.026352,-6.225357,-1.078049,-1.637894,-0.8220596,-1.253105,-0.9455566
49.96666666666667,-1.0,-511.0,-37.0,-127.0,-5.0,-1462.0,-10.0,-4963.0,-3.0,-9147.0,-7.0,-757.0,-3.0,-3585.0,,,,,,,,,,,,,,,,,,,,,,,,,,
49.966670989990234,,,,,,,,,,,,,,,-0.9748306,-1.000282,0.7873383,-0.02916718,0.07939148,-0.3287659,1.131577,-1.010857,0.9983635,-0.9286194,0.595253,-1.013374,0.1823158,-0.8820877,0.1989059,-0.9124222,-10.1324,-4.286018,-1.46064,-2.036118,-6.221451,-1.078049,-1.629105,-0.8347549,-1.246269,-0.9396973
49.974998474121094,,,,,,,,,,,,,,,-0.9777603,-1.001259,0.7922211,-0.03014374,0.07450867,-0.3170471,1.136459,-1.010857,0.9973869,-0.9305725,0.5884171,-1.013374,0.1725502,-0.8762283,0.2018356,-0.9319534,-10.14803,-4.284065,-1.46357,-2.050766,-6.217545,-1.081955,-1.616409,-0.843544,-1.233574,-0.9299316
49.98332977294922,,,,,,,,,,,,,,,-0.9836197,-1.003212,0.8010101,-0.02916718,0.06864929,-0.3053284,1.143295,-1.017693,0.9934807,-0.9354553,0.579628,-1.005562,0.1627846,-0.8693924,0.2067184,-0.9475784,-10.16072,-4.285042,-1.467476,-2.063461,-6.212662,-1.087814,-1.601761,-0.8503799,-1.218925,-0.9182129
49.991668701171875,,,,,,,,,,,,,,,-0.9875259,-1.005165,0.8068695,-0.02135468,0.0657196,-0.2926331,1.148178,-1.032341,0.9885979,-0.9393616,0.5727921,-0.9899368,0.1569252,-0.8654861,0.2125778,-0.9553909,-10.16853,-4.287971,-1.477242,-2.076157,-6.208755,-1.092697,-1.591019,-0.8562393,-1.20916,-0.9104004
50.0,-1.0,-516.0,-36.0,-125.0,-5.0,-1464.0,-10.0,-4968.0,-3.0,-9160.0,-7.0,-760.0,-3.0,-3597.0,-0.9875259,-1.007118,0.814682,-0.01061249,0.06474304,-0.2809143,1.153061,-1.051872,0.9807854,-0.9432678,0.5659561,-0.9664993,0.1569252,-0.8645096,0.2194138,-0.9544144,-10.17049,-4.291878,-1.487984,-2.086899,-6.208755,-1.096603,-1.5793,-0.8581924,-1.201347,-0.9006348
50.008331298828125,,,,,,,,,,,,,,,-0.9885025,-1.009071,0.8195648,0.003059387,0.0657196,-0.2740784,1.154037,-1.071404,0.9759026,-0.9461975,0.5610733,-0.9401321,0.1627846,-0.8684158,0.2242966,-0.9456253,-10.17244,-4.295784,-1.502632,-2.089828,-6.212662,-1.095627,-1.578323,-0.8552628,-1.197441,-0.8947754
50.01667022705078,,,,,,,,,,,,,,,-0.9885025,-1.012001,0.8244476,0.02063751,0.06962585,-0.2711487,1.154037,-1.090935,0.9710197,-0.9471741,0.5581436,-0.9186478,0.1745033,-0.8781815,0.2252731,-0.9270706,-10.16853,-4.29969,-1.518257,-2.089828,-6.217545,-1.089767,-1.58223,-0.8484268,-1.196465,-0.8937988
50.025001525878906,,,,,,,,,,,,,,,-0.9885025,-1.012978,0.8264008,0.0391922,0.07548523,-0.2740784,1.151108,-1.105583,0.9661369,-0.9471741,0.5591202,-0.8991165,0.1901283,-0.8899002,0.2242966,-0.90168,-10.16267,-4.304573,-1.529976,-2.084946,-6.225357,-1.080002,-1.592972,-0.8376846,-1.198418,-0.8937988
50.033329010009766,,,,,,,,,,,,,,,-0.9885025,-1.015907,0.8283539,0.05384064,0.07939148,-0.2789612,1.146225,-1.114372,0.9651604,-0.9442444,0.5610733,-0.8834915,0.2057533,-0.9055252,0.2184372,-0.8753128,-10.15486,-4.308479,-1.537788,-2.074203,-6.231216,-1.06633,-1.61055,-0.8220596,-1.2033,-0.895752
50.03333333333333,-1.0,-520.0,-36.0,-119.0,-5.0,-1467.0,-10.0,-4974.0,-3.0,-9168.0,-7.0,-765.0,-3.0,-3601.0,,,,,,,,,,,,,,,,,,,,,,,,,,
50.04167175292969,,,,,,,,,,,,,,,-0.9904556,-1.019814,0.8264008,0.06555939,0.08427429,-0.2828674,1.138412,-1.115349,0.9690666,-0.9364319,0.5669327,-0.8737259,0.2174721,-0.9201736,0.2096481,-0.8508987,-10.1451,-4.311409,-1.540718,-2.064438,-6.236099,-1.052658,-1.633987,-0.8074112,-1.208183,-0.9006348
50.04999923706055,,,,,,,,,,,,,,,-0.9933853,-1.024696,0.8254242,0.0704422,0.08720398,-0.2857971,1.132553,-1.112419,0.9719963,-0.9247131,0.5727921,-0.8688431,0.2252846,-0.9270096,0.2008591,-0.8303909,-10.13924,-4.313362,-1.534859,-2.056625,-6.238052,-1.039963,-1.656448,-0.7898331,-1.215019,-0.9064941
50.05833053588867,,,,,,,,,,,,,,,-0.996315,-1.029579,0.8215179,0.07141876,0.08818054,-0.2857971,1.126694,-1.104607,0.9778557,-0.9120178,0.5815811,-0.8688431,0.2282143,-0.9279861,0.1940231,-0.8176956,-10.1324,-4.316292,-1.52607,-2.050766,-6.236099,-1.03215,-1.678909,-0.7751846,-1.218925,-0.9133301
50.06666666666667,0.0,-521.0,-37.0,-112.0,-5.0,-1472.0,-10.0,-4976.0,-3.0,-9172.0,-7.0,-767.0,-3.0,-3605.0,,,,,,,,,,,,,,,,,,,,,,,,,,
50.06666946411133,,,,,,,,,,,,,,,-0.9982681,-1.032509,0.8195648,0.07141876,0.08720398,-0.2818909,1.122787,-1.097771,0.9866447,-0.8954163,0.5864639,-0.8717728,0.2233315,-0.9231033,0.1901169,-0.8147659,-10.12654,-4.318245,-1.512398,-2.047836,-6.231216,-1.031174,-1.697464,-0.765419,-1.222832,-0.9221191
50.07500076293945,,,,,,,,,,,,,,,-1.003151,-1.035439,0.8176117,0.06946564,0.08329773,-0.2770081,1.122787,-1.092888,0.9934807,-0.8788147,0.5923233,-0.8786087,0.2135658,-0.9094315,0.1891403,-0.8176956,-10.12068,-4.318245,-1.503609,-2.049789,-6.226334,-1.03801,-1.710159,-0.7615128,-1.222832,-0.9348145
50.08332824707031,,,,,,,,,,,,,,,-1.005104,-1.034462,0.8176117,0.06848907,0.07939148,-0.2721252,1.123764,-1.088005,0.9964104,-0.8651428,0.5962296,-0.8864212,0.2028236,-0.894783,0.1901169,-0.823555,-10.11385,-4.318245,-1.498726,-2.052719,-6.222427,-1.049728,-1.715042,-0.7644424,-1.222832,-0.9494629
50.091670989990234,,,,,,,,,,,,,,,-1.005104,-1.030556,0.8185883,0.06946564,0.07743835,-0.268219,1.129623,-1.084099,0.9973869,-0.8524475,0.5962296,-0.8952103,0.1920815,-0.8801346,0.1949997,-0.8313675,-10.10896,-4.317268,-1.497749,-2.056625,-6.218521,-1.06633,-1.713089,-0.7761612,-1.225761,-0.9689941
50.099998474121094,,,,,,,,,,,,,,,-1.007057,-1.024696,0.8215179,0.07239532,0.07255554,-0.268219,1.135483,-1.077263,0.9954338,-0.844635,0.5962296,-0.9059525,0.1832924,-0.8654861,0.1979294,-0.8411331,-10.10701,-4.318245,-1.506538,-2.059555,-6.220474,-1.083908,-1.7043,-0.7937393,-1.222832,-0.9885254
50.1,0.0,-520.0,-37.0,-106.0,-5.0,-1474.0,-10.0,-4971.0,-2.0,-9174.0,-7.0,-766.0,-3.0,-3611.0,,,,,,,,,,,,,,,,,,,,,,,,,,
50.10832977294922,,,,,,,,,,,,,,,-1.007057,-1.018837,0.8254242,0.07532501,0.06864929,-0.2731018,1.142319,-1.070427,0.990551,-0.8436584,0.5942764,-0.9147415,0.1793861,-0.8566971,0.2008591,-0.8479691,-10.10603,-4.319221,-1.517281,-2.058578,-6.223404,-1.099533,-1.690628,-0.8142471,-1.222832,-1.010986
50.116668701171875,,,,,,,,,,,,,,,-1.004128,-1.012978,0.8293304,0.07630157,0.06767273,-0.283844,1.148178,-1.062614,0.9817619,-0.8465881,0.5942764,-0.9196243,0.1784096,-0.8537674,0.2008591,-0.8538284,-10.10994,-4.319221,-1.52607,-2.055649,-6.231216,-1.113205,-1.676956,-0.8386612,-1.227715,-1.031494
50.125,,,,,,,,,,,,,,,-1.004128,-1.011024,0.8322601,0.07239532,0.06669617,-0.2955627,1.155014,-1.051872,0.974926,-0.8524475,0.5932999,-0.9235306,0.1813393,-0.854744,0.1989059,-0.8587112,-10.11775,-4.318245,-1.535835,-2.050766,-6.240005,-1.119064,-1.658401,-0.8620987,-1.231621,-1.044189
50.133331298828125,,,,,,,,,,,,,,,-1.002174,-1.012001,0.830307,0.06653595,0.06864929,-0.3063049,1.159897,-1.045036,0.9710197,-0.8592834,0.5932999,-0.9245071,0.1852455,-0.8596268,0.1959763,-0.8616409,-10.13338,-4.319221,-1.539742,-2.048813,-6.252701,-1.120041,-1.647659,-0.8835831,-1.23748,-1.052979
50.13333333333333,0.0,-520.0,-38.0,-104.0,-5.0,-1475.0,-10.0,-4966.0,-3.0,-9174.0,-7.0,-763.0,-3.0,-3615.0,,,,,,,,,,,,,,,,,,,,,,,,,,
50.14167022705078,,,,,,,,,,,,,,,-0.9992447,-1.013954,0.8264008,0.05677032,0.07157898,-0.3131409,1.165756,-1.04406,0.9671135,-0.8661194,0.595253,-0.9254837,0.193058,-0.8684158,0.1940231,-0.8626175,-10.14803,-4.317268,-1.537788,-2.048813,-6.26149,-1.117111,-1.63887,-0.9021378,-1.24334,-1.055908
50.150001525878906,,,,,,,,,,,,,,,-0.9982681,-1.012001,0.8215179,0.04309845,0.07157898,-0.3180237,1.167709,-1.047966,0.9661369,-0.8719788,0.6001358,-0.9264603,0.1989174,-0.879158,0.1969528,-0.8606644,-10.16365,-4.314339,-1.530952,-2.052719,-6.270279,-1.114182,-1.635941,-0.9148331,-1.251152,-1.051025
50.158329010009766,,,,,,,,,,,,,,,-0.9953384,-1.006142,0.8137054,0.02747345,0.07157898,-0.3160706,1.167709,-1.055779,0.9690666,-0.8768616,0.6011124,-0.9245071,0.2018471,-0.8889236,0.1989059,-0.8577347,-10.17732,-4.309456,-1.52314,-2.060532,-6.277115,-1.111252,-1.639847,-0.9265518,-1.253105,-1.04126
50.166666666666664,0.0,-522.0,-38.0,-104.0,-5.0,-1475.0,-10.0,-4967.0,-3.0,-9178.0,-7.0,-758.0,-3.0,-3618.0,,,,,,,,,,,,,,,,,,,,,,,,,,
50.16667175292969,,,,,,,,,,,,,,,-0.9933853,-0.9944229,0.8049164,0.01380157,0.07255554,-0.3082581,1.166733,-1.067497,0.9739494,-0.8827209,0.6030655,-0.9186478,0.2028236,-0.8986893,0.2047653,-0.8508987,-10.18806,-4.30555,-1.515327,-2.074203,-6.279068,-1.110275,-1.646683,-0.9363174,-1.256035,-1.026611
50.17499923706055,,,,,,,,,,,,,,,-0.9904556,-0.9758682,0.7961273,0.002082825,0.07255554,-0.3023987,1.165756,-1.080193,0.9759026,-0.8905334,0.6050186,-0.9079056,0.2018471,-0.9074783,0.2106247,-0.8421097,-10.19392,-4.29969,-1.508492,-2.093735,-6.276138,-1.111252,-1.654495,-0.9402237,-1.253105,-1.009033
50.18333053588867,,,,,,,,,,,,,,,-0.9845963,-0.9455948,0.7892914,-0.008659363,0.06864929,-0.2965393,1.165756,-1.088005,0.9759026,-0.8993225,0.6059952,-0.891304,0.1989174,-0.9182205,0.2155075,-0.8313675,-10.19099,-4.293831,-1.505562,-2.113266,-6.274185,-1.117111,-1.662308,-0.9412003,-1.248222,-0.9914551
50.19166946411133,,,,,,,,,,,,,,,-0.9758072,-0.909462,0.7863617,-0.01451874,0.06864929,-0.2936096,1.16478,-1.088982,0.9719963,-0.907135,0.6059952,-0.8707962,0.1940346,-0.926033,0.2203903,-0.8206253,-10.18806,-4.286995,-1.507515,-2.13475,-6.269302,-1.123947,-1.668167,-0.9392471,-1.242363,-0.9748535
50.2,0.0,-522.0,-38.0,-104.0,-5.0,-1477.0,-10.0,-4971.0,-4.0,-9185.0,-7.0,-756.0,-3.0,-3621.0,,,,,,,,,,,,,,,,,,,,,,,,,,
50.20000076293945,,,,,,,,,,,,,,,-0.9670181,-0.8733292,0.783432,-0.01940155,0.06864929,-0.2975159,1.163803,-1.084099,0.9632072,-0.9139709,0.6089249,-0.8483353,0.1862221,-0.932869,0.2223434,-0.80793,-10.17635,-4.279182,-1.512398,-2.154282,-6.266373,-1.130783,-1.671097,-0.9353409,-1.236504,-0.9592285
50.20832824707031,,,,,,,,,,,,,,,-0.9562759,-0.8440323,0.783432,-0.02233124,0.06767273,-0.3063049,1.162827,-1.074333,0.9534416,-0.9188538,0.610878,-0.8278275,0.1813393,-0.941658,0.2203903,-0.7981644,-10.16756,-4.272346,-1.516304,-2.173813,-6.26442,-1.134689,-1.665237,-0.9285049,-1.233574,-0.9465332
50.216670989990234,,,,,,,,,,,,,,,-0.9455338,-0.8225479,0.7844086,-0.02233124,0.06864929,-0.3209534,1.159897,-1.062614,0.9407463,-0.9188538,0.6118546,-0.8102493,0.1764565,-0.9504471,0.2184372,-0.7913284,-10.15193,-4.266487,-1.52021,-2.187485,-6.266373,-1.133713,-1.660355,-0.9177628,-1.23455,-0.9406738
50.224998474121094,,,,,,,,,,,,,,,-0.9357681,-0.8166885,0.7883148,-0.02037811,0.0657196,-0.3404846,1.153061,-1.050896,0.9300041,-0.9139709,0.6128311,-0.8014603,0.1725502,-0.957283,0.2155075,-0.7883987,-10.13728,-4.260628,-1.527046,-2.196274,-6.267349,-1.124924,-1.652542,-0.906044,-1.233574,-0.9387207
50.23332977294922,,,,,,,,,,,,,,,-0.9299088,-0.8284073,0.7922211,-0.01842499,0.06278992,-0.3570862,1.143295,-1.043083,0.9221916,-0.907135,0.6138077,-0.797554,0.1676674,-0.9611893,0.2155075,-0.7893753,-10.12068,-4.257698,-1.528023,-2.20018,-6.269302,-1.110275,-1.64473,-0.8972549,-1.238457,-0.9406738
50.233333333333334,0.0,-521.0,-38.0,-103.0,-5.0,-1481.0,-10.0,-4976.0,-4.0,-9187.0,-7.0,-752.0,-4.0,-3622.0,,,,,,,,,,,,,,,,,,,,,,,,,,
50.241668701171875,,,,,,,,,,,,,,,-0.9289322,-0.8547745,0.7961273,-0.01647186,0.0579071,-0.3717346,1.1306,-1.040154,0.9173088,-0.8963928,0.6138077,-0.7985306,0.1637611,-0.9631424,0.2125778,-0.7962112,-10.10506,-4.255745,-1.527046,-2.19725,-6.272232,-1.089767,-1.640823,-0.8933487,-1.242363,-0.9445801
50.25,,,,,,,,,,,,,,,-0.933815,-0.8948135,0.8000336,-0.01354218,0.05107117,-0.3815002,1.115952,-1.040154,0.9182854,-0.8836975,0.6138077,-0.8014603,0.161808,-0.9602127,0.2135544,-0.80793,-10.09138,-4.254768,-1.528999,-2.188461,-6.272232,-1.065353,-1.636917,-0.8933487,-1.24334,-0.9455566
50.258331298828125,,,,,,,,,,,,,,,-0.9455338,-0.940712,0.8019867,-0.009635925,0.04521179,-0.3863831,1.101303,-1.045036,0.9182854,-0.8719788,0.6118546,-0.8014603,0.1588783,-0.9524002,0.2125778,-0.8225784,-10.0826,-4.253792,-1.528023,-2.177719,-6.275162,-1.043869,-1.63887,-0.8972549,-1.242363,-0.9455566
50.266666666666666,0.0,-520.0,-39.0,-103.0,-5.0,-1486.0,-11.0,-4981.0,-4.0,-9185.0,-7.0,-749.0,-4.0,-3623.0,,,,,,,,,,,,,,,,,,,,,,,,,,
50.26667022705078,,,,,,,,,,,,,,,-0.9582291,-0.9846573,0.8039398,-0.006706238,0.03544617,-0.3854065,1.088608,-1.050896,0.9173088,-0.86026,0.6089249,-0.8004837,0.1559486,-0.9426346,0.2135544,-0.8333206,-10.07576,-4.248909,-1.528999,-2.164047,-6.275162,-1.026291,-1.640823,-0.9040909,-1.23748,-0.9416504
50.275001525878906,,,,,,,,,,,,,,,-0.9728775,-1.021767,0.8039398,-0.00377655,0.02763367,-0.3785706,1.077866,-1.055779,0.9163322,-0.8456116,0.6050186,-0.7995071,0.1549721,-0.9289627,0.2135544,-0.83918,-10.07674,-4.241096,-1.531929,-2.154282,-6.278091,-1.013596,-1.64473,-0.9109268,-1.232597,-0.9338379
50.283329010009766,,,,,,,,,,,,,,,-0.9875259,-1.047157,0.8019867,0.0001296997,0.02177429,-0.3678284,1.069077,-1.061638,0.9153557,-0.8319397,0.6001358,-0.8014603,0.153019,-0.917244,0.2106247,-0.8401566,-10.08455,-4.228401,-1.536812,-2.146469,-6.281021,-1.007736,-1.649612,-0.9187393,-1.223808,-0.9260254
50.29167175292969,,,,,,,,,,,,,,,-1.001198,-1.060829,0.8010101,0.005012512,0.0188446,-0.3570862,1.06517,-1.065544,0.9134026,-0.8182678,0.5932999,-0.8053665,0.1520424,-0.9055252,0.2067184,-0.8342972,-10.09627,-4.210823,-1.541695,-2.141586,-6.281998,-1.00676,-1.652542,-0.9236221,-1.220879,-0.9182129
50.29999923706055,,,,,,,,,,,,,,,-1.00901,-1.061806,0.7941742,0.009895325,0.0188446,-0.3473206,1.063217,-1.066521,0.9134026,-0.8036194,0.5864639,-0.8161087,0.1481361,-0.8986893,0.2018356,-0.823555,-10.10994,-4.188362,-1.547554,-2.141586,-6.281021,-1.008713,-1.653519,-0.9245987,-1.218925,-0.9172363
50.3,0.0,-522.0,-39.0,-107.0,-6.0,-1491.0,-11.0,-4989.0,-3.0,-9184.0,-7.0,-747.0,-4.0,-3627.0,,,,,,,,,,,,,,,,,,,,,,,,,,
50.30833053588867,,,,,,,,,,,,,,,-1.01194,-1.05497,0.7902679,0.01477814,0.02079773,-0.3365784,1.063217,-1.067497,0.9134026,-0.7909241,0.5786514,-0.8346634,0.1452065,-0.8986893,0.19207,-0.8108597,-10.12361,-4.165901,-1.552437,-2.142563,-6.281021,-1.011642,-1.650589,-0.9206924,-1.222832,-0.9240723
50.31666946411133,,,,,,,,,,,,,,,-1.00901,-1.045204,0.7853851,0.0235672,0.02763367,-0.3238831,1.061264,-1.067497,0.9173088,-0.7792053,0.5708389,-0.8571243,0.1403236,-0.9025955,0.1793747,-0.8001175,-10.13728,-4.147346,-1.556343,-2.142563,-6.277115,-1.014572,-1.646683,-0.9148331,-1.227715,-0.9377441
50.32500076293945,,,,,,,,,,,,,,,-1.004128,-1.034462,0.7775726,0.03235626,0.03642273,-0.3121643,1.061264,-1.066521,0.9231682,-0.7713928,0.5620499,-0.8815384,0.1325111,-0.9094315,0.1647263,-0.7942581,-10.14607,-4.134651,-1.556343,-2.13768,-6.273209,-1.017502,-1.639847,-0.9089737,-1.236504,-0.9543457
50.33332824707031,,,,,,,,,,,,,,,-0.9953384,-1.028603,0.7707367,0.0391922,0.04521179,-0.3004456,1.059311,-1.063591,0.9309807,-0.7635803,0.5532608,-0.9039993,0.1266518,-0.9211502,0.1500778,-0.7952347,-10.15096,-4.131721,-1.55439,-2.129868,-6.271255,-1.021408,-1.633987,-0.9031143,-1.242363,-0.9729004
50.333333333333336,0.0,-524.0,-39.0,-111.0,-6.0,-1496.0,-12.0,-4995.0,-3.0,-9186.0,-8.0,-746.0,-4.0,-3632.0,,,,,,,,,,,,,,,,,,,,,,,,,,
50.341670989990234,,,,,,,,,,,,,,,-0.9875259,-1.024696,0.7639008,0.04505157,0.05400085,-0.2857971,1.056381,-1.060661,0.9358635,-0.7586975,0.5464249,-0.9235306,0.1198158,-0.932869,0.1393356,-0.8010941,-10.14998,-4.135628,-1.550484,-2.119125,-6.272232,-1.024338,-1.633011,-0.8972549,-1.247246,-0.9875488
50.349998474121094,,,,,,,,,,,,,,,-0.9797134,-1.024696,0.7590179,0.04993439,0.06278992,-0.2711487,1.052475,-1.056755,0.9387932,-0.7557678,0.5386124,-0.9352493,0.1168861,-0.9436111,0.1324997,-0.8089066,-10.149,-4.145393,-1.547554,-2.105453,-6.274185,-1.031174,-1.633987,-0.8933487,-1.244316,-0.9973145
50.35832977294922,,,,,,,,,,,,,,,-0.9738541,-1.028603,0.7531586,0.05091095,0.06962585,-0.2555237,1.049545,-1.050896,0.9387932,-0.7518616,0.532753,-0.9401321,0.1178627,-0.9504471,0.1315231,-0.8186722,-10.14705,-4.161018,-1.542671,-2.091782,-6.281998,-1.037033,-1.639847,-0.8913956,-1.24334,-0.9992676
50.36666666666667,0.0,-522.0,-39.0,-113.0,-6.0,-1500.0,-12.0,-4998.0,-3.0,-9193.0,-8.0,-745.0,-4.0,-3634.0,,,,,,,,,,,,,,,,,,,,,,,,,,
50.366668701171875,,,,,,,,,,,,,,,-0.9728775,-1.033485,0.7502289,0.05091095,0.07450867,-0.236969,1.042709,-1.043083,0.9358635,-0.7469788,0.5268936,-0.9391556,0.1227455,-0.9563065,0.1354294,-0.8274612,-10.14705,-4.18055,-1.539742,-2.080063,-6.294693,-1.044846,-1.652542,-0.8894424,-1.235527,-0.9943848
50.375,,,,,,,,,,,,,,,-0.9748306,-1.036415,0.7492523,0.05091095,0.07743835,-0.221344,1.03685,-1.039177,0.9300041,-0.7440491,0.5229874,-0.9323196,0.1325111,-0.9592361,0.1422653,-0.8323441,-10.14998,-4.197151,-1.535835,-2.070297,-6.305435,-1.051682,-1.669144,-0.8884659,-1.226738,-0.9846191
50.383331298828125,,,,,,,,,,,,,,,-0.9797134,-1.037392,0.752182,0.04993439,0.07743835,-0.2096252,1.03392,-1.0382,0.9221916,-0.7420959,0.5210342,-0.9206009,0.1432533,-0.9592361,0.1491013,-0.8333206,-10.15291,-4.214729,-1.531929,-2.064438,-6.317154,-1.058517,-1.687698,-0.8855362,-1.218925,-0.973877
50.39167022705078,,,,,,,,,,,,,,,-0.9885025,-1.038368,0.7551117,0.04895782,0.07548523,-0.1988831,1.030014,-1.039177,0.9143791,-0.7430725,0.5190811,-0.9059525,0.1569252,-0.9563065,0.1578903,-0.8333206,-10.15974,-4.231331,-1.532906,-2.063461,-6.323013,-1.0634,-1.7043,-0.8796768,-1.213066,-0.9631348
50.4,0.0,-521.0,-39.0,-116.0,-6.0,-1501.0,-12.0,-5000.0,-4.0,-9200.0,-8.0,-742.0,-4.0,-3639.0,,,,,,,,,,,,,,,,,,,,,,,,,,
50.400001525878906,,,,,,,,,,,,,,,-0.9982681,-1.036415,0.7560883,0.04993439,0.07548523,-0.1930237,1.031967,-1.045036,0.9075432,-0.7460022,0.5190811,-0.891304,0.1657143,-0.9524002,0.16082,-0.8333206,-10.16951,-4.247932,-1.535835,-2.065414,-6.325943,-1.068283,-1.719925,-0.8699112,-1.211113,-0.9553223
50.408329010009766,,,,,,,,,,,,,,,-1.010963,-1.032509,0.7560883,0.05188751,0.07255554,-0.1930237,1.03392,-1.054802,0.9016838,-0.7528381,0.5200577,-0.8805618,0.1764565,-0.9494705,0.1617966,-0.8303909,-10.17635,-4.264534,-1.540718,-2.067368,-6.32399,-1.071213,-1.730667,-0.8581924,-1.216972,-0.9543457
50.41667175292969,,,,,,,,,,,,,,,-1.025612,-1.027626,0.7551117,0.05384064,0.06962585,-0.1979065,1.03978,-1.063591,0.8987541,-0.7635803,0.5190811,-0.8717728,0.1823158,-0.9455643,0.1588669,-0.8294144,-10.18318,-4.284065,-1.552437,-2.07225,-6.313248,-1.074142,-1.740433,-0.8425674,-1.228691,-0.958252
50.42499923706055,,,,,,,,,,,,,,,-1.04026,-1.019814,0.7512054,0.05286407,0.06864929,-0.2106018,1.044662,-1.071404,0.8987541,-0.7743225,0.5200577,-0.86689,0.184269,-0.9445877,0.1539841,-0.8313675,-10.18806,-4.304573,-1.562202,-2.079086,-6.303482,-1.076096,-1.744339,-0.8249893,-1.244316,-0.9641113
50.43333053588867,,,,,,,,,,,,,,,-1.051979,-1.010048,0.7472992,0.05091095,0.06669617,-0.2252502,1.054428,-1.078239,0.8987541,-0.7840881,0.5220108,-0.8649368,0.184269,-0.9445877,0.1471481,-0.8333206,-10.19099,-4.325081,-1.570992,-2.089828,-6.29274,-1.077072,-1.743362,-0.8103409,-1.263847,-0.9699707
50.43333333333333,0.0,-521.0,-39.0,-120.0,-6.0,-1499.0,-11.0,-5003.0,-4.0,-9207.0,-9.0,-742.0,-4.0,-3645.0,,,,,,,,,,,,,,,,,,,,,,,,,,
50.44166946411133,,,,,,,,,,,,,,,-1.060768,-1.000282,0.7443695,0.04895782,0.06474304,-0.2428284,1.062241,-1.082146,0.9007072,-0.7948303,0.5239639,-0.8610306,0.1823158,-0.9445877,0.1403122,-0.8372269,-10.19685,-4.343636,-1.578804,-2.095688,-6.279068,-1.078049,-1.743362,-0.7986221,-1.283379,-0.9748535
50.45000076293945,,,,,,,,,,,,,,,-1.065651,-0.9856339,0.7443695,0.04505157,0.06376648,-0.2623596,1.070053,-1.078239,0.9055901,-0.8065491,0.5278702,-0.851265,0.1803627,-0.9445877,0.1344528,-0.8440628,-10.20076,-4.356331,-1.583687,-2.101547,-6.268326,-1.077072,-1.737503,-0.7898331,-1.30291,-0.9758301
50.45832824707031,,,,,,,,,,,,,,,-1.065651,-0.9739151,0.7482758,0.04114532,0.06181335,-0.2809143,1.076889,-1.073357,0.9075432,-0.8172913,0.5317764,-0.8405228,0.1764565,-0.9426346,0.1276169,-0.8508987,-10.20467,-4.363167,-1.58271,-2.108383,-6.259537,-1.071213,-1.733597,-0.7869034,-1.321465,-0.9748535
50.46666666666667,-1.0,-522.0,-38.0,-123.0,-6.0,-1497.0,-11.0,-5002.0,-4.0,-9213.0,-9.0,-744.0,-3.0,-3648.0,,,,,,,,,,,,,,,,,,,,,,,,,,
50.466670989990234,,,,,,,,,,,,,,,-1.061745,-0.9631729,0.7541351,0.04016876,0.06083679,-0.2975159,1.082748,-1.065544,0.9085197,-0.8280334,0.5395889,-0.8239212,0.1735268,-0.9397049,0.1237106,-0.8596878,-10.21053,-4.364143,-1.577827,-2.112289,-6.253677,-1.058517,-1.726761,-0.7869034,-1.335136,-0.9709473
50.474998474121094,,,,,,,,,,,,,,,-1.056862,-0.956337,0.7629242,0.04212189,0.0579071,-0.3102112,1.086655,-1.058708,0.9075432,-0.8377991,0.5454483,-0.8024368,0.168644,-0.9338455,0.1198044,-0.8675003,-10.21736,-4.359261,-1.570992,-2.112289,-6.251724,-1.043869,-1.723831,-0.7869034,-1.342949,-0.9641113
50.48332977294922,,,,,,,,,,,,,,,-1.050026,-0.9553604,0.7707367,0.04505157,0.05693054,-0.3180237,1.088608,-1.053825,0.9055901,-0.8456116,0.5513077,-0.7829056,0.1657143,-0.9289627,0.1168747,-0.8753128,-10.22322,-4.351448,-1.566109,-2.114243,-6.251724,-1.024338,-1.724808,-0.7859268,-1.350761,-0.9543457
50.491668701171875,,,,,,,,,,,,,,,-1.044167,-0.9592667,0.7756195,0.05188751,0.05693054,-0.3199768,1.086655,-1.048943,0.8997307,-0.8573303,0.5542374,-0.7672806,0.1608315,-0.926033,0.1149216,-0.8801956,-10.2281,-4.340706,-1.560249,-2.116196,-6.259537,-1.0009,-1.728714,-0.781044,-1.348808,-0.9475098
50.5,-2.0,-522.0,-38.0,-125.0,-5.0,-1496.0,-11.0,-5002.0,-4.0,-9220.0,-8.0,-741.0,-3.0,-3651.0,-1.039284,-0.9670792,0.7775726,0.06165314,0.05693054,-0.3190002,1.083725,-1.047966,0.8928947,-0.8661194,0.5542374,-0.7614212,0.1569252,-0.9279861,0.1100388,-0.8811722,-10.2281,-4.327034,-1.558296,-2.115219,-6.268326,-0.9745331,-1.736526,-0.7742081,-1.347832,-0.9416504
50.508331298828125,,,,,,,,,,,,,,,-1.038307,-0.9778214,0.7775726,0.07239532,0.05595398,-0.315094,1.078842,-1.047966,0.8841057,-0.8710022,0.5522842,-0.766304,0.1539955,-0.9338455,0.1041794,-0.8792191,-10.2281,-4.313362,-1.55732,-2.116196,-6.282974,-0.9520721,-1.746292,-0.7644424,-1.342949,-0.9328613
50.51667022705078,,,,,,,,,,,,,,,-1.039284,-0.9895401,0.7736664,0.08216095,0.0579071,-0.3072815,1.070053,-1.046989,0.8753166,-0.875885,0.5464249,-0.7829056,0.1510658,-0.9436111,0.09929657,-0.8762894,-10.22517,-4.29969,-1.558296,-2.117172,-6.302505,-0.9354706,-1.755081,-0.7537003,-1.336113,-0.9230957
50.525001525878906,,,,,,,,,,,,,,,-1.042213,-1.002235,0.767807,0.09290314,0.0579071,-0.2984924,1.063217,-1.046013,0.8675041,-0.8807678,0.5386124,-0.80439,0.1471596,-0.9582596,0.09343719,-0.8723831,-10.22224,-4.283089,-1.55732,-2.116196,-6.322037,-0.925705,-1.761917,-0.7429581,-1.326347,-0.911377
50.533329010009766,,,,,,,,,,,,,,,-1.044167,-1.014931,0.7658539,0.1036453,0.05693054,-0.2897034,1.058334,-1.042107,0.8587151,-0.8846741,0.5298233,-0.8317337,0.1481361,-0.9699783,0.08757782,-0.8684769,-10.21736,-4.265511,-1.55732,-2.113266,-6.335709,-0.925705,-1.76387,-0.7351456,-1.318535,-0.9016113
50.53333333333333,-2.0,-523.0,-38.0,-128.0,-6.0,-1498.0,-11.0,-5003.0,-4.0,-9225.0,-7.0,-737.0,-3.0,-3655.0,,,,,,,,,,,,,,,,,,,,,,,,,,
50.54167175292969,,,,,,,,,,,,,,,-1.04612,-1.026649,0.7639008,0.1114578,0.05595398,-0.2818909,1.056381,-1.036247,0.8548088,-0.8876038,0.5181046,-0.8571243,0.1481361,-0.9807205,0.08464813,-0.8684769,-10.21638,-4.247932,-1.559273,-2.105453,-6.346451,-0.9335175,-1.764847,-0.7312393,-1.309746,-0.8898926
50.54999923706055,,,,,,,,,,,,,,,-1.047096,-1.037392,0.7629242,0.1153641,0.05204773,-0.2760315,1.055405,-1.028435,0.8518791,-0.8866272,0.5083389,-0.8786087,0.1481361,-0.9895096,0.08464813,-0.8743362,-10.21541,-4.232307,-1.560249,-2.096664,-6.351334,-0.9491425,-1.758011,-0.7312393,-1.29998,-0.8752441
50.55833053588867,,,,,,,,,,,,,,,-1.045143,-1.047157,0.7648773,0.1173172,0.04618835,-0.2721252,1.059311,-1.019646,0.849926,-0.8827209,0.5005264,-0.8942337,0.1471596,-0.9934158,0.08757782,-0.8801956,-10.21541,-4.220589,-1.564156,-2.084946,-6.348404,-0.9676971,-1.751175,-0.7361221,-1.292168,-0.864502
50.56666666666667,-2.0,-524.0,-37.0,-130.0,-6.0,-1499.0,-11.0,-5002.0,-4.0,-9225.0,-7.0,-737.0,-3.0,-3657.0,,,,,,,,,,,,,,,,,,,,,,,,,,
50.56666946411133,,,,,,,,,,,,,,,-1.04319,-1.05497,0.7658539,0.1153641,0.03935242,-0.268219,1.062241,-1.010857,0.849926,-0.8768616,0.4956436,-0.9020462,0.1471596,-0.9914627,0.08953094,-0.8889847,-10.21736,-4.215706,-1.571968,-2.070297,-6.343521,-0.988205,-1.743362,-0.7429581,-1.286308,-0.8566895
50.57500076293945,,,,,,,,,,,,,,,-1.038307,-1.057899,0.7658539,0.1114578,0.03153992,-0.2633362,1.066147,-1.004021,0.8489494,-0.8690491,0.4936905,-0.9020462,0.1432533,-0.9846268,0.09636688,-0.8967972,-10.21931,-4.217659,-1.581734,-2.059555,-6.333755,-1.005783,-1.73848,-0.7546768,-1.283379,-0.8527832
50.58332824707031,,,,,,,,,,,,,,,-1.035378,-1.056923,0.7668304,0.1075516,0.02177429,-0.2594299,1.070053,-1.000114,0.8469963,-0.8612366,0.4956436,-0.8961868,0.137394,-0.9758377,0.1012497,-0.8987503,-10.22322,-4.228401,-1.597359,-2.053696,-6.32399,-1.016525,-1.73262,-0.7683487,-1.280449,-0.8537598
50.591670989990234,,,,,,,,,,,,,,,-1.032448,-1.05204,0.7648773,0.1036453,0.01493835,-0.2535706,1.073959,-1.001091,0.8469963,-0.8495178,0.5024796,-0.8864212,0.1325111,-0.9631424,0.1051559,-0.8977737,-10.22713,-4.245003,-1.612007,-2.052719,-6.319107,-1.021408,-1.731644,-0.7839737,-1.278496,-0.8586426
50.599998474121094,,,,,,,,,,,,,,,-1.034401,-1.042274,0.7639008,0.1007156,0.01005554,-0.2467346,1.072006,-1.007927,0.8450432,-0.8368225,0.5132217,-0.8737259,0.1276283,-0.9455643,0.1071091,-0.8919144,-10.23201,-4.266487,-1.626656,-2.058578,-6.317154,-1.022385,-1.73262,-0.8025284,-1.277519,-0.8684082
50.6,-1.0,-524.0,-38.0,-130.0,-6.0,-1501.0,-11.0,-4998.0,-4.0,-9224.0,-7.0,-737.0,-3.0,-3659.0,,,,,,,,,,,,,,,,,,,,,,,,,,
50.60832977294922,,,,,,,,,,,,,,,-1.038307,-1.031532,0.7609711,0.09778595,0.006149292,-0.2447815,1.072006,-1.020622,0.8469963,-0.8251038,0.5249405,-0.8571243,0.1266518,-0.9299393,0.1080856,-0.8850784,-10.23592,-4.286995,-1.642281,-2.07225,-6.319107,-1.020432,-1.73555,-0.8181534,-1.279472,-0.8762207
50.616668701171875,,,,,,,,,,,,,,,-1.044167,-1.02079,0.7599945,0.1007156,0.004196167,-0.2438049,1.07103,-1.035271,0.849926,-0.813385,0.5366592,-0.8414993,0.1266518,-0.9162674,0.1090622,-0.8772659,-10.23982,-4.306526,-1.653023,-2.089828,-6.325943,-1.015549,-1.736526,-0.8347549,-1.280449,-0.8859863
50.625,,,,,,,,,,,,,,,-1.051979,-1.011024,0.7560883,0.1075516,0.004196167,-0.2477112,1.0681,-1.051872,0.8548088,-0.8006897,0.5454483,-0.8239212,0.1295815,-0.9045486,0.1080856,-0.8694534,-10.2408,-4.323128,-1.661812,-2.10936,-6.331802,-1.011642,-1.73848,-0.8474503,-1.280449,-0.8908691
50.633331298828125,,,,,,,,,,,,,,,-1.060768,-1.002235,0.7531586,0.1134109,0.002243042,-0.2584534,1.067123,-1.068474,0.8635979,-0.7879944,0.5493546,-0.8082962,0.1344643,-0.8986893,0.1071091,-0.8645706,-10.24275,-4.33094,-1.667671,-2.128891,-6.340591,-1.010666,-1.739456,-0.8601456,-1.280449,-0.8908691
50.63333333333333,0.0,-524.0,-38.0,-129.0,-5.0,-1505.0,-11.0,-4995.0,-4.0,-9224.0,-7.0,-736.0,-3.0,-3665.0,,,,,,,,,,,,,,,,,,,,,,,,,,
50.64167022705078,,,,,,,,,,,,,,,-1.066628,-0.9983292,0.7492523,0.1202469,0.000289917,-0.2721252,1.06517,-1.082146,0.8723869,-0.7762756,0.5474014,-0.797554,0.1383705,-0.8996658,0.1090622,-0.8616409,-10.23885,-4.33094,-1.672554,-2.146469,-6.345474,-1.008713,-1.73848,-0.8689346,-1.279472,-0.888916
50.650001525878906,,,,,,,,,,,,,,,-1.073463,-1.001259,0.7433929,0.1261063,-0.002639771,-0.2867737,1.063217,-1.088982,0.8821526,-0.76651,0.5415421,-0.788765,0.1403236,-0.9045486,0.1080856,-0.8587112,-10.23299,-4.326057,-1.674507,-2.159164,-6.347427,-1.005783,-1.737503,-0.8728409,-1.280449,-0.8830566
50.658329010009766,,,,,,,,,,,,,,,-1.076393,-1.005165,0.7355804,0.1290359,-0.005569458,-0.3033752,1.063217,-1.092888,0.8899651,-0.7586975,0.5337296,-0.7877884,0.1383705,-0.9074783,0.1110153,-0.8557816,-10.23201,-4.315315,-1.680367,-2.165024,-6.34938,-1.001877,-1.737503,-0.8718643,-1.285332,-0.8771973
50.666666666666664,0.0,-525.0,-38.0,-127.0,-5.0,-1510.0,-11.0,-4995.0,-4.0,-9228.0,-7.0,-741.0,-3.0,-3666.0,,,,,,,,,,,,,,,,,,,,,,,,,,
50.66667175292969,,,,,,,,,,,,,,,-1.076393,-1.011024,0.7267914,0.1261063,-0.006546021,-0.3141174,1.061264,-1.092888,0.8987541,-0.7547913,0.5249405,-0.7926712,0.1334877,-0.9123611,0.1119919,-0.8518753,-10.23299,-4.30262,-1.677437,-2.167953,-6.347427,-0.9960175,-1.736526,-0.8669815,-1.289238,-0.873291
50.67499923706055,,,,,,,,,,,,,,,-1.075417,-1.01786,0.7189789,0.1182938,-0.004592896,-0.3190002,1.060287,-1.088005,0.9055901,-0.7528381,0.5161514,-0.8014603,0.1246986,-0.9182205,0.113945,-0.8460159,-10.23299,-4.290901,-1.672554,-2.165024,-6.343521,-0.9852753,-1.740433,-0.8572159,-1.294121,-0.873291
50.68333053588867,,,,,,,,,,,,,,,-1.073463,-1.021767,0.7101898,0.1075516,-0.001663208,-0.3170471,1.059311,-1.078239,0.9094963,-0.7499084,0.5083389,-0.8180618,0.1129799,-0.9182205,0.113945,-0.8372269,-10.23592,-4.281136,-1.664742,-2.158188,-6.340591,-0.9716034,-1.749222,-0.8464737,-1.30291,-0.8791504
50.69166946411133,,,,,,,,,,,,,,,-1.07151,-1.02372,0.7014008,0.09095001,0.003219604,-0.3072815,1.057358,-1.067497,0.9085197,-0.7440491,0.5034561,-0.8375931,0.1012611,-0.9152908,0.1129684,-0.8303909,-10.23982,-4.275276,-1.653023,-2.146469,-6.339615,-0.9598846,-1.758011,-0.8347549,-1.311699,-0.8859863
50.7,-1.0,-529.0,-38.0,-123.0,-5.0,-1514.0,-11.0,-5000.0,-5.0,-9232.0,-7.0,-746.0,-4.0,-3663.0,,,,,,,,,,,,,,,,,,,,,,,,,,
50.70000076293945,,,,,,,,,,,,,,,-1.067604,-1.02079,0.6965179,0.07630157,0.01005554,-0.2926331,1.053452,-1.050896,0.9055901,-0.7381897,0.4995499,-0.8571243,0.09051895,-0.910408,0.1119919,-0.8225784,-10.24178,-4.275276,-1.637398,-2.133774,-6.339615,-0.9491425,-1.767776,-0.8259659,-1.317558,-0.8937988
50.70832824707031,,,,,,,,,,,,,,,-1.066628,-1.013954,0.6955414,0.0626297,0.01493835,-0.2750549,1.048569,-1.029411,0.8987541,-0.7313538,0.4956436,-0.875679,0.08465958,-0.9074783,0.1100388,-0.8147659,-10.23689,-4.276253,-1.61982,-2.116196,-6.341568,-0.9432831,-1.778519,-0.8210831,-1.318535,-0.9016113
50.716670989990234,,,,,,,,,,,,,,,-1.066628,-1.005165,0.6965179,0.04993439,0.0188446,-0.2574768,1.03978,-1.005974,0.8928947,-0.7206116,0.4917374,-0.8883743,0.08075333,-0.9035721,0.1090622,-0.8089066,-10.22908,-4.275276,-1.607124,-2.098618,-6.345474,-0.9452362,-1.791214,-0.8210831,-1.318535,-0.9074707
50.724998474121094,,,,,,,,,,,,,,,-1.067604,-0.9973526,0.7004242,0.04212189,0.0188446,-0.2428284,1.028061,-0.9844894,0.8841057,-0.7137756,0.485878,-0.8952103,0.08075333,-0.8986893,0.1100388,-0.8040237,-10.21834,-4.270393,-1.599312,-2.081039,-6.350357,-0.9530487,-1.80098,-0.8249893,-1.312675,-0.9104004
50.73332977294922,,,,,,,,,,,,,,,-1.067604,-0.9944229,0.7072601,0.03626251,0.01689148,-0.2350159,1.018295,-0.9669113,0.8772697,-0.7079163,0.4800186,-0.8961868,0.0866127,-0.894783,0.1119919,-0.7981644,-10.20564,-4.260628,-1.598335,-2.067368,-6.35524,-0.9667206,-1.807816,-0.8298721,-1.304863,-0.9094238
50.733333333333334,-1.0,-530.0,-38.0,-120.0,-5.0,-1519.0,-11.0,-5007.0,-5.0,-9236.0,-7.0,-752.0,-4.0,-3663.0,,,,,,,,,,,,,,,,,,,,,,,,,,
50.741668701171875,,,,,,,,,,,,,,,-1.067604,-0.9983292,0.7131195,0.03333282,0.01200867,-0.2291565,1.007553,-0.9561691,0.8743401,-0.7049866,0.4761124,-0.8893509,0.09247208,-0.8879471,0.1178513,-0.7903519,-10.19295,-4.244026,-1.603218,-2.058578,-6.359146,-0.981369,-1.812698,-0.8357315,-1.298027,-0.9094238
50.75,,,,,,,,,,,,,,,-1.070534,-1.008095,0.7170258,0.03528595,0.004196167,-0.2272034,0.9977875,-0.9532394,0.8733635,-0.7069397,0.4712296,-0.8766556,0.1012611,-0.879158,0.1227341,-0.7835159,-10.18806,-4.223518,-1.61396,-2.056625,-6.363052,-0.9999237,-1.812698,-0.8376846,-1.291191,-0.9074707
50.758331298828125,,,,,,,,,,,,,,,-1.070534,-1.021767,0.7199554,0.03723907,-0.002639771,-0.2272034,0.9909515,-0.9639816,0.8753166,-0.7127991,0.470253,-0.8620071,0.1080971,-0.870369,0.1276169,-0.7747269,-10.18806,-4.201057,-1.625679,-2.060532,-6.365982,-1.012619,-1.811722,-0.8357315,-1.290215,-0.9064941
50.766666666666666,-1.0,-532.0,-38.0,-118.0,-5.0,-1524.0,-11.0,-5013.0,-5.0,-9238.0,-7.0,-755.0,-4.0,-3665.0,,,,,,,,,,,,,,,,,,,,,,,,,,
50.76667022705078,,,,,,,,,,,,,,,-1.073463,-1.039345,0.7189789,0.04602814,-0.009475708,-0.2272034,0.9850922,-0.9786301,0.8762932,-0.7206116,0.470253,-0.8454056,0.1100502,-0.8645096,0.1305466,-0.7639847,-10.19197,-4.181526,-1.637398,-2.068344,-6.365982,-1.023361,-1.808792,-0.827919,-1.292168,-0.9104004
50.775001525878906,,,,,,,,,,,,,,,-1.075417,-1.055946,0.7140961,0.05677032,-0.01728821,-0.2242737,0.9821625,-0.9942551,0.8801994,-0.7303772,0.4712296,-0.8336868,0.106144,-0.8606033,0.12957,-0.7532425,-10.20369,-4.168831,-1.640327,-2.077133,-6.367935,-1.030197,-1.803909,-0.8191299,-1.30291,-0.9133301
50.783329010009766,,,,,,,,,,,,,,,-1.079323,-1.065712,0.7062836,0.07239532,-0.02510071,-0.2193909,0.9821625,-1.010857,0.881176,-0.7391663,0.4761124,-0.8268509,0.1002846,-0.8606033,0.1276169,-0.7444534,-10.22029,-4.162971,-1.644234,-2.087875,-6.371841,-1.030197,-1.800003,-0.8103409,-1.318535,-0.9172363
50.79167175292969,,,,,,,,,,,,,,,-1.083229,-1.068642,0.6984711,0.08997345,-0.02900696,-0.2145081,0.983139,-1.019646,0.8841057,-0.7479553,0.4790421,-0.8248978,0.09051895,-0.8654861,0.1207809,-0.7385941,-10.23592,-4.164925,-1.639351,-2.095688,-6.374771,-1.027267,-1.793167,-0.7986221,-1.333183,-0.9230957
50.79999923706055,,,,,,,,,,,,,,,-1.087135,-1.064735,0.6916351,0.1104813,-0.03193665,-0.2096252,0.9850922,-1.021599,0.8850822,-0.7538147,0.4800186,-0.828804,0.07977676,-0.8723221,0.113945,-0.7356644,-10.24959,-4.173714,-1.637398,-2.096664,-6.381607,-1.022385,-1.792191,-0.7859268,-1.348808,-0.9250488
50.8,-1.0,-535.0,-38.0,-116.0,-5.0,-1528.0,-11.0,-5015.0,-5.0,-9240.0,-6.0,-755.0,-5.0,-3667.0,,,,,,,,,,,,,,,,,,,,,,,,,,
50.80833053588867,,,,,,,,,,,,,,,-1.089088,-1.05204,0.6838226,0.1251297,-0.03388977,-0.2037659,0.9889984,-1.017693,0.8831291,-0.7557678,0.4829483,-0.8375931,0.06805801,-0.8801346,0.1051559,-0.7385941,-10.25935,-4.184456,-1.635445,-2.092758,-6.388443,-1.018478,-1.788284,-0.7742081,-1.36541,-0.9221191
50.81666946411133,,,,,,,,,,,,,,,-1.091042,-1.032509,0.6779633,0.1368484,-0.03486633,-0.2018127,0.9938812,-1.008904,0.881176,-0.7557678,0.485878,-0.8493118,0.05731583,-0.8879471,0.09636688,-0.74543,-10.26424,-4.198128,-1.636421,-2.086899,-6.398209,-1.015549,-1.786331,-0.7605362,-1.377129,-0.9191895
50.82500076293945,,,,,,,,,,,,,,,-1.092018,-1.010048,0.6730804,0.1466141,-0.03388977,-0.2037659,0.9977875,-1.001091,0.8801994,-0.7528381,0.4868546,-0.8620071,0.05145645,-0.8928299,0.08855438,-0.7551956,-10.26424,-4.209846,-1.637398,-2.07811,-6.405045,-1.013596,-1.784378,-0.7468643,-1.383965,-0.9123535
50.83332824707031,,,,,,,,,,,,,,,-1.091042,-0.9856339,0.6711273,0.1505203,-0.03291321,-0.2037659,1.001694,-0.9923019,0.8782463,-0.7469788,0.4868546,-0.8727493,0.04950333,-0.8957596,0.08171844,-0.7727737,-10.25935,-4.217659,-1.64521,-2.069321,-6.410904,-1.013596,-1.785355,-0.7351456,-1.384941,-0.904541
50.833333333333336,0.0,-540.0,-39.0,-112.0,-5.0,-1532.0,-11.0,-5013.0,-4.0,-9247.0,-6.0,-757.0,-5.0,-3667.0,,,,,,,,,,,,,,,,,,,,,,,,,,
50.841670989990234,,,,,,,,,,,,,,,-1.091042,-0.965126,0.6711273,0.1495438,-0.03193665,-0.2047424,1.004623,-0.9883957,0.8762932,-0.7381897,0.4868546,-0.8805618,0.04950333,-0.8957596,0.07878876,-0.7942581,-10.25349,-4.221565,-1.657906,-2.062485,-6.416763,-1.017502,-1.784378,-0.7253799,-1.382988,-0.8977051
50.849998474121094,,,,,,,,,,,,,,,-1.092018,-0.9455948,0.6750336,0.1466141,-0.02998352,-0.2076721,1.0056,-0.9932785,0.8743401,-0.7303772,0.4849014,-0.8873978,0.05340958,-0.8957596,0.07390594,-0.8176956,-10.24666,-4.220589,-1.669624,-2.056625,-6.421646,-1.024338,-1.785355,-0.7175674,-1.375175,-0.8928223
50.85832977294922,,,,,,,,,,,,,,,-1.092018,-0.933876,0.6808929,0.1427078,-0.03096008,-0.2096252,1.0056,-1.002068,0.8714104,-0.7225647,0.4868546,-0.8942337,0.05731583,-0.894783,0.06999969,-0.8401566,-10.23689,-4.212776,-1.683296,-2.053696,-6.425552,-1.033127,-1.786331,-0.7146378,-1.369316,-0.8898926
50.86666666666667,0.0,-546.0,-39.0,-110.0,-5.0,-1535.0,-11.0,-5013.0,-4.0,-9252.0,-7.0,-760.0,-5.0,-3665.0,,,,,,,,,,,,,,,,,,,,,,,,,,
50.866668701171875,,,,,,,,,,,,,,,-1.094948,-0.9280167,0.6877289,0.137825,-0.03096008,-0.2076721,1.0056,-1.014763,0.8723869,-0.7176819,0.4868546,-0.9010696,0.06122208,-0.8908768,0.06999969,-0.8606644,-10.23396,-4.201057,-1.693062,-2.051743,-6.424576,-1.043869,-1.788284,-0.7175674,-1.360527,-0.8869629
50.875,,,,,,,,,,,,,,,-1.096901,-0.9280167,0.6935883,0.1339188,-0.03291321,-0.2047424,1.0056,-1.030388,0.8723869,-0.7176819,0.4897842,-0.9059525,0.06805801,-0.8879471,0.06902313,-0.8723831,-10.23396,-4.187386,-1.704781,-2.052719,-6.422623,-1.053635,-1.790237,-0.7224503,-1.353691,-0.8850098
50.883331298828125,,,,,,,,,,,,,,,-1.096901,-0.9319229,0.7033539,0.1319656,-0.03291321,-0.2037659,1.00853,-1.046989,0.8733635,-0.7215881,0.4946671,-0.9118118,0.07196426,-0.8820877,0.07097626,-0.8753128,-10.23885,-4.169807,-1.709663,-2.054672,-6.418716,-1.0634,-1.791214,-0.7292862,-1.345879,-0.8840332
50.89167022705078,,,,,,,,,,,,,,,-1.096901,-0.9387589,0.7131195,0.1300125,-0.03193665,-0.2066956,1.011459,-1.062614,0.8743401,-0.7284241,0.4985733,-0.9166946,0.07489395,-0.8732986,0.07292938,-0.8694534,-10.24568,-4.151253,-1.71357,-2.057602,-6.41481,-1.074142,-1.792191,-0.7370987,-1.340996,-0.8850098
50.9,0.0,-550.0,-39.0,-112.0,-5.0,-1533.0,-11.0,-5016.0,-3.0,-9255.0,-7.0,-760.0,-5.0,-3665.0,,,,,,,,,,,,,,,,,,,,,,,,,,
50.900001525878906,,,,,,,,,,,,,,,-1.092995,-0.9475479,0.7219086,0.1261063,-0.03291321,-0.2106018,1.017319,-1.073357,0.8762932,-0.7372131,0.5034561,-0.9196243,0.07489395,-0.8654861,0.07781219,-0.8538284,-10.25349,-4.136604,-1.709663,-2.062485,-6.406998,-1.079025,-1.792191,-0.7439346,-1.339043,-0.8850098
50.908329010009766,,,,,,,,,,,,,,,-1.088112,-0.9602432,0.7287445,0.1202469,-0.03096008,-0.2154846,1.024155,-1.081169,0.8772697,-0.7479553,0.5083389,-0.9186478,0.07489395,-0.8576736,0.08269501,-0.8284378,-10.26424,-4.126839,-1.702827,-2.068344,-6.395279,-1.080002,-1.793167,-0.7488174,-1.338066,-0.8869629
50.91667175292969,,,,,,,,,,,,,,,-1.083229,-0.9739151,0.7336273,0.1124344,-0.02705383,-0.2262268,1.031967,-1.086052,0.8792229,-0.7586975,0.5054092,-0.9166946,0.07684708,-0.8527908,0.09050751,-0.8001175,-10.27107,-4.122932,-1.695015,-2.07518,-6.382584,-1.082932,-1.790237,-0.7527237,-1.335136,-0.8937988
50.92499923706055,,,,,,,,,,,,,,,-1.07737,-0.987587,0.7385101,0.1016922,-0.02607727,-0.2379456,1.03685,-1.086052,0.8782463,-0.76651,0.5005264,-0.9147415,0.07782364,-0.8537674,0.1012497,-0.7737503,-10.27596,-4.131721,-1.688179,-2.081039,-6.367935,-1.085861,-1.791214,-0.7566299,-1.336113,-0.8996582
50.93333053588867,,,,,,,,,,,,,,,-1.073463,-1.003212,0.7414398,0.08802032,-0.02314758,-0.2467346,1.03685,-1.081169,0.8772697,-0.7752991,0.4936905,-0.9098587,0.08270645,-0.8615799,0.1100388,-0.7503128,-10.27693,-4.145393,-1.67939,-2.086899,-6.356216,-1.088791,-1.790237,-0.7624893,-1.33709,-0.9084473
50.93333333333333,0.0,-552.0,-39.0,-120.0,-5.0,-1532.0,-12.0,-5017.0,-3.0,-9256.0,-7.0,-754.0,-5.0,-3663.0,,,,,,,,,,,,,,,,,,,,,,,,,,
50.94166946411133,,,,,,,,,,,,,,,-1.07151,-1.018837,0.7453461,0.07532501,-0.02119446,-0.2565002,1.031967,-1.074333,0.8762932,-0.782135,0.4819717,-0.9079056,0.09149551,-0.8742752,0.1168747,-0.7327347,-10.27498,-4.163948,-1.673531,-2.091782,-6.346451,-1.091721,-1.788284,-0.7693253,-1.340019,-0.9211426
50.95000076293945,,,,,,,,,,,,,,,-1.072487,-1.036415,0.7472992,0.06653595,-0.0202179,-0.2623596,1.021225,-1.066521,0.8704338,-0.7889709,0.4692764,-0.9059525,0.09930801,-0.8899002,0.1207809,-0.7219925,-10.2701,-4.182503,-1.668648,-2.093735,-6.339615,-1.096603,-1.787308,-0.7771378,-1.344902,-0.9289551
50.95832824707031,,,,,,,,,,,,,,,-1.075417,-1.053993,0.7502289,0.05970001,-0.01924133,-0.2652893,1.009506,-1.057732,0.865551,-0.7958069,0.4585342,-0.9020462,0.106144,-0.9074783,0.1207809,-0.7190628,-10.26424,-4.201057,-1.669624,-2.091782,-6.337662,-1.099533,-1.788284,-0.7878799,-1.352715,-0.9338379
50.96666666666667,0.0,-553.0,-39.0,-127.0,-5.0,-1530.0,-12.0,-5018.0,-3.0,-9259.0,-8.0,-747.0,-4.0,-3655.0,,,,,,,,,,,,,,,,,,,,,,,,,,
50.966670989990234,,,,,,,,,,,,,,,-1.078346,-1.066689,0.752182,0.05579376,-0.01924133,-0.268219,0.9968109,-1.049919,0.8596916,-0.8026428,0.4516983,-0.8922806,0.1139565,-0.9240799,0.1168747,-0.7210159,-10.25935,-4.213753,-1.670601,-2.087875,-6.337662,-1.098557,-1.788284,-0.7976456,-1.360527,-0.9348145
50.974998474121094,,,,,,,,,,,,,,,-1.081276,-1.075478,0.7541351,0.05774689,-0.01924133,-0.2721252,0.9821625,-1.046013,0.8538322,-0.8104553,0.4458389,-0.8805618,0.114933,-0.9348221,0.1051559,-0.7268753,-10.25642,-4.214729,-1.672554,-2.079086,-6.343521,-1.090744,-1.791214,-0.8044815,-1.367363,-0.9328613
50.98332977294922,,,,,,,,,,,,,,,-1.082253,-1.08036,0.7541351,0.06458282,-0.0202179,-0.2770081,0.9714203,-1.04406,0.8489494,-0.8172913,0.4458389,-0.8659134,0.1110268,-0.941658,0.09050751,-0.7356644,-10.25447,-4.206917,-1.674507,-2.066391,-6.351334,-1.078049,-1.791214,-0.812294,-1.370293,-0.9279785
50.991668701171875,,,,,,,,,,,,,,,-1.084206,-1.084267,0.752182,0.07337189,-0.01924133,-0.2857971,0.9655609,-1.047966,0.8489494,-0.8182678,0.4468155,-0.8454056,0.1022377,-0.9397049,0.07683563,-0.7434769,-10.2574,-4.196175,-1.674507,-2.053696,-6.35817,-1.059494,-1.793167,-0.8181534,-1.371269,-0.9211426
51.0,0.0,-553.0,-39.0,-132.0,-5.0,-1528.0,-11.0,-5020.0,-4.0,-9267.0,-7.0,-746.0,-4.0,-3652.0,-1.083229,-1.084267,0.7492523,0.08313751,-0.0202179,-0.2984924,0.9626312,-1.053825,0.8489494,-0.8192444,0.4516983,-0.8258743,0.09247208,-0.932869,0.06218719,-0.7503128,-10.25838,-4.179573,-1.671577,-2.039047,-6.365005,-1.039963,-1.793167,-0.8210831,-1.36834,-0.9152832
51.008331298828125,,,,,,,,,,,,,,,-1.086159,-1.084267,0.7463226,0.0938797,-0.02314758,-0.3102112,0.9655609,-1.063591,0.8518791,-0.8172913,0.4556046,-0.8102493,0.08465958,-0.9231033,0.05144501,-0.7561722,-10.26228,-4.161995,-1.666695,-2.027328,-6.378677,-1.022385,-1.791214,-0.8249893,-1.35955,-0.9133301
51.01667022705078,,,,,,,,,,,,,,,-1.089088,-1.085243,0.7404633,0.1026688,-0.02705383,-0.3229065,0.967514,-1.07531,0.8548088,-0.8104553,0.4595108,-0.8034134,0.07684708,-0.9094315,0.04460907,-0.761055,-10.26424,-4.150276,-1.662788,-2.016586,-6.38942,-1.012619,-1.786331,-0.8288956,-1.347832,-0.9162598
51.025001525878906,,,,,,,,,,,,,,,-1.091042,-1.087196,0.7355804,0.1075516,-0.03388977,-0.3326721,0.9723969,-1.084099,0.8577385,-0.8016663,0.4643936,-0.80439,0.07489395,-0.8928299,0.04363251,-0.7630081,-10.26424,-4.140511,-1.655952,-2.010727,-6.399185,-1.008713,-1.779495,-0.8328018,-1.335136,-0.9221191
51.033329010009766,,,,,,,,,,,,,,,-1.095924,-1.091103,0.7297211,0.1095047,-0.04072571,-0.3414612,0.9753265,-1.088005,0.8626213,-0.7958069,0.4663467,-0.813179,0.07489395,-0.8762283,0.04363251,-0.7669144,-10.26326,-4.134651,-1.649117,-2.008774,-6.409927,-1.013596,-1.774612,-0.8367081,-1.323418,-0.9289551
51.03333333333333,0.0,-553.0,-38.0,-136.0,-6.0,-1527.0,-11.0,-5024.0,-4.0,-9276.0,-7.0,-746.0,-4.0,-3652.0,,,,,,,,,,,,,,,,,,,,,,,,,,
51.04167175292969,,,,,,,,,,,,,,,-1.100807,-1.095985,0.7258148,0.106575,-0.0514679,-0.346344,0.9782562,-1.085075,0.8645744,-0.7909241,0.4673233,-0.8297806,0.0788002,-0.8615799,0.04753876,-0.7727737,-10.26033,-4.131721,-1.64814,-2.006821,-6.423599,-1.028244,-1.767776,-0.8367081,-1.316582,-0.9377441
51.04999923706055,,,,,,,,,,,,,,,-1.103737,-1.101845,0.7219086,0.09876251,-0.06416321,-0.3473206,0.9792328,-1.076286,0.8645744,-0.7870178,0.470253,-0.8473587,0.08270645,-0.8537674,0.05339813,-0.7786331,-10.25545,-4.129768,-1.649117,-2.004868,-6.436295,-1.046799,-1.7668,-0.8347549,-1.314629,-0.942627
51.05833053588867,,,,,,,,,,,,,,,-1.104713,-1.103798,0.720932,0.08899689,-0.07295227,-0.346344,0.9792328,-1.064568,0.8626213,-0.7870178,0.4722061,-0.8629837,0.08856583,-0.8498611,0.05828094,-0.7854691,-10.24568,-4.127815,-1.653999,-1.999008,-6.447037,-1.068283,-1.7668,-0.8298721,-1.316582,-0.9455566
51.06666666666667,0.0,-555.0,-38.0,-139.0,-6.0,-1528.0,-11.0,-5029.0,-4.0,-9278.0,-7.0,-748.0,-3.0,-3658.0,,,,,,,,,,,,,,,,,,,,,,,,,,
51.06666946411133,,,,,,,,,,,,,,,-1.10276,-1.102821,0.7199554,0.07727814,-0.08076477,-0.3443909,0.9763031,-1.051872,0.8577385,-0.7870178,0.4712296,-0.8737259,0.09149551,-0.8527908,0.06121063,-0.792305,-10.23689,-4.123909,-1.664742,-1.993149,-6.456802,-1.089767,-1.76973,-0.8210831,-1.323418,-0.9455566
51.07500076293945,,,,,,,,,,,,,,,-1.099831,-1.097939,0.7189789,0.06555939,-0.08564758,-0.3404846,0.9733734,-1.042107,0.8509026,-0.7870178,0.4712296,-0.8786087,0.09344864,-0.8606033,0.06218719,-0.8010941,-10.22908,-4.120979,-1.678413,-1.985336,-6.466568,-1.110275,-1.776566,-0.8103409,-1.336113,-0.9436035
51.08332824707031,,,,,,,,,,,,,,,-1.096901,-1.091103,0.7180023,0.05188751,-0.08955383,-0.3356018,0.9704437,-1.039177,0.8440666,-0.7879944,0.470253,-0.8766556,0.0944252,-0.8723221,0.06316376,-0.8098831,-10.22127,-4.119026,-1.694038,-1.979477,-6.475357,-1.1259,-1.785355,-0.7976456,-1.348808,-0.9406738
51.091670989990234,,,,,,,,,,,,,,,-1.092018,-1.079384,0.7170258,0.04114532,-0.08760071,-0.3277893,0.9665375,-1.04406,0.8362541,-0.7879944,0.4692764,-0.8688431,0.09540176,-0.8850174,0.06316376,-0.8186722,-10.21443,-4.116096,-1.70771,-1.98143,-6.478287,-1.139572,-1.79512,-0.7829971,-1.363457,-0.9377441
51.099998474121094,,,,,,,,,,,,,,,-1.090065,-1.069618,0.7170258,0.03235626,-0.08467102,-0.3209534,0.9616547,-1.055779,0.8284416,-0.7879944,0.4663467,-0.8571243,0.09344864,-0.8957596,0.06218719,-0.8255081,-10.2115,-4.116096,-1.722359,-1.988266,-6.481216,-1.148361,-1.800003,-0.7712784,-1.376152,-0.9338379
51.1,0.0,-559.0,-38.0,-134.0,-7.0,-1528.0,-11.0,-5032.0,-4.0,-9280.0,-7.0,-750.0,-3.0,-3670.0,,,,,,,,,,,,,,,,,,,,,,,,,,
51.10832977294922,,,,,,,,,,,,,,,-1.088112,-1.060829,0.7121429,0.02747345,-0.07978821,-0.3131409,0.9577484,-1.073357,0.8216057,-0.7889709,0.4634171,-0.844429,0.09051895,-0.901619,0.06121063,-0.8303909,-10.21053,-4.117073,-1.730171,-2.005844,-6.476334,-1.153244,-1.804886,-0.7585831,-1.382011,-0.9328613
51.116668701171875,,,,,,,,,,,,,,,-1.086159,-1.053017,0.7092133,0.0235672,-0.0749054,-0.3063049,0.9548187,-1.090935,0.8157463,-0.7909241,0.4595108,-0.8317337,0.0866127,-0.8996658,0.06023407,-0.8352737,-10.21443,-4.119026,-1.737984,-2.034164,-6.469498,-1.148361,-1.810745,-0.7468643,-1.387871,-0.9299316
51.125,,,,,,,,,,,,,,,-1.083229,-1.04911,0.7062836,0.02454376,-0.07002258,-0.299469,0.9499359,-1.10363,0.8147697,-0.7967834,0.4565811,-0.8229446,0.08172989,-0.894783,0.05632782,-0.8401566,-10.21834,-4.120979,-1.739937,-2.062485,-6.457779,-1.138596,-1.813675,-0.7400284,-1.39373,-0.927002
51.133331298828125,,,,,,,,,,,,,,,-1.083229,-1.04911,0.7043304,0.02942657,-0.06611633,-0.2936096,0.9489594,-1.111443,0.8147697,-0.8065491,0.454628,-0.8141556,0.07684708,-0.8879471,0.05535126,-0.8440628,-10.2242,-4.124886,-1.740913,-2.089828,-6.44899,-1.127853,-1.820511,-0.7370987,-1.39666,-0.9221191
51.13333333333333,-1.0,-561.0,-38.0,-127.0,-7.0,-1529.0,-10.0,-5035.0,-4.0,-9282.0,-7.0,-749.0,-2.0,-3680.0,,,,,,,,,,,,,,,,,,,,,,,,,,
51.14167022705078,,,,,,,,,,,,,,,-1.082253,-1.053017,0.7033539,0.03723907,-0.06221008,-0.2906799,0.9470062,-1.111443,0.8196526,-0.8192444,0.4516983,-0.8082962,0.06903458,-0.879158,0.05144501,-0.8460159,-10.23201,-4.132698,-1.740913,-2.107407,-6.435318,-1.115158,-1.827347,-0.7370987,-1.39959,-0.9162598
51.150001525878906,,,,,,,,,,,,,,,-1.081276,-1.059853,0.7043304,0.04602814,-0.05732727,-0.2926331,0.9489594,-1.105583,0.8235588,-0.8319397,0.4507217,-0.8073196,0.06122208,-0.8742752,0.04753876,-0.8440628,-10.24275,-4.136604,-1.74189,-2.112289,-6.426529,-1.10051,-1.836136,-0.7410049,-1.404472,-0.9104004
51.158329010009766,,,,,,,,,,,,,,,-1.082253,-1.067665,0.7062836,0.05384064,-0.0514679,-0.2965393,0.951889,-1.095818,0.8274651,-0.8475647,0.4468155,-0.8092728,0.05340958,-0.8723221,0.04363251,-0.8430862,-10.25056,-4.142464,-1.740913,-2.10643,-6.421646,-1.090744,-1.843948,-0.7449112,-1.408379,-0.9006348
51.166666666666664,-1.0,-562.0,-38.0,-121.0,-7.0,-1531.0,-11.0,-5039.0,-4.0,-9285.0,-7.0,-748.0,-3.0,-3690.0,,,,,,,,,,,,,,,,,,,,,,,,,,
51.16667175292969,,,,,,,,,,,,,,,-1.083229,-1.074501,0.7082367,0.06165314,-0.04853821,-0.299469,0.9557953,-1.083122,0.8284416,-0.8622131,0.4419327,-0.8122025,0.04657364,-0.8742752,0.04070282,-0.8411331,-10.26228,-4.151253,-1.743843,-2.088852,-6.419693,-1.087814,-1.850784,-0.7527237,-1.416191,-0.8918457
51.17499923706055,,,,,,,,,,,,,,,-1.086159,-1.079384,0.7131195,0.06848907,-0.04170227,-0.3033752,0.9606781,-1.06945,0.8264885,-0.8739319,0.4370499,-0.820015,0.04071426,-0.8801346,0.03777313,-0.8352737,-10.27107,-4.158089,-1.745796,-2.066391,-6.418716,-1.090744,-1.852737,-0.7605362,-1.421074,-0.8811035
51.18333053588867,,,,,,,,,,,,,,,-1.089088,-1.085243,0.7189789,0.07239532,-0.03486633,-0.3082581,0.9665375,-1.059685,0.8225822,-0.8836975,0.4302139,-0.8268509,0.03680801,-0.8889236,0.03679657,-0.8274612,-10.28084,-4.162971,-1.748726,-2.04393,-6.42067,-1.10051,-1.852737,-0.765419,-1.42205,-0.8693848
51.19166946411133,,,,,,,,,,,,,,,-1.090065,-1.085243,0.7228851,0.07337189,-0.02705383,-0.3082581,0.9704437,-1.053825,0.8157463,-0.8866272,0.423378,-0.8327103,0.03387833,-0.8996658,0.03484344,-0.8206253,-10.2906,-4.164925,-1.751656,-2.024399,-6.423599,-1.113205,-1.849808,-0.7703018,-1.423027,-0.8605957
51.2,-1.0,-561.0,-38.0,-121.0,-8.0,-1532.0,-11.0,-5048.0,-4.0,-9287.0,-8.0,-749.0,-3.0,-3700.0,,,,,,,,,,,,,,,,,,,,,,,,,,
51.20000076293945,,,,,,,,,,,,,,,-1.092018,-1.08036,0.7267914,0.07434845,-0.01924133,-0.3092346,0.9733734,-1.050896,0.8098869,-0.8856506,0.4184952,-0.8375931,0.03583145,-0.9074783,0.03582001,-0.8137894,-10.29842,-4.165901,-1.755562,-2.013657,-6.430435,-1.123947,-1.845901,-0.7732315,-1.419121,-0.8527832
51.20832824707031,,,,,,,,,,,,,,,-1.093971,-1.075478,0.7277679,0.07337189,-0.0124054,-0.3092346,0.9733734,-1.051872,0.8040276,-0.8788147,0.4126358,-0.8424759,0.03583145,-0.9113846,0.03777313,-0.8069534,-10.3033,-4.162971,-1.760445,-2.007797,-6.432388,-1.134689,-1.844925,-0.7751846,-1.413261,-0.8479004
51.216670989990234,,,,,,,,,,,,,,,-1.093971,-1.069618,0.7297211,0.07434845,-0.008499146,-0.3053284,0.9714203,-1.054802,0.7981682,-0.8651428,0.4106827,-0.8434525,0.0397377,-0.9113846,0.04070282,-0.8030472,-10.30818,-4.157112,-1.766304,-2.007797,-6.435318,-1.141525,-1.842972,-0.7771378,-1.405449,-0.8449707
51.224998474121094,,,,,,,,,,,,,,,-1.095924,-1.066689,0.7297211,0.07923126,-0.008499146,-0.3004456,0.967514,-1.059685,0.7971916,-0.8495178,0.4097061,-0.8434525,0.04462051,-0.9045486,0.04558563,-0.8020706,-10.30916,-4.153206,-1.772163,-2.008774,-6.437271,-1.144455,-1.842972,-0.7800674,-1.397636,-0.8449707
51.23332977294922,,,,,,,,,,,,,,,-1.097878,-1.066689,0.7267914,0.08313751,-0.01142883,-0.2965393,0.9626312,-1.067497,0.7942619,-0.8309631,0.4126358,-0.8434525,0.05047989,-0.8938065,0.05144501,-0.8030472,-10.30916,-4.1493,-1.779976,-2.011703,-6.436295,-1.141525,-1.846878,-0.7820206,-1.385918,-0.848877
51.233333333333334,-1.0,-558.0,-38.0,-125.0,-8.0,-1530.0,-12.0,-5053.0,-4.0,-9288.0,-8.0,-750.0,-3.0,-3706.0,,,,,,,,,,,,,,,,,,,,,,,,,,
51.241668701171875,,,,,,,,,,,,,,,-1.100807,-1.072548,0.7238617,0.08704376,-0.0202179,-0.2926331,0.958725,-1.076286,0.7942619,-0.8114319,0.4136124,-0.8454056,0.0553627,-0.879158,0.05730438,-0.80793,-10.30916,-4.1493,-1.790718,-2.013657,-6.435318,-1.132736,-1.850784,-0.7878799,-1.379082,-0.8547363
51.25,,,,,,,,,,,,,,,-1.103737,-1.079384,0.7199554,0.09485626,-0.03291321,-0.2877502,0.9528656,-1.085075,0.7942619,-0.7958069,0.4175186,-0.8473587,0.06219864,-0.863533,0.06121063,-0.8157425,-10.30721,-4.153206,-1.797554,-2.011703,-6.436295,-1.122971,-1.851761,-0.7947159,-1.374199,-0.8625488
51.258331298828125,,,,,,,,,,,,,,,-1.107643,-1.088173,0.7170258,0.1046219,-0.04853821,-0.283844,0.9489594,-1.091911,0.7942619,-0.7850647,0.4214249,-0.8483353,0.06708145,-0.8498611,0.06609344,-0.8255081,-10.30818,-4.160042,-1.803413,-2.00975,-6.438248,-1.114182,-1.854691,-0.8044815,-1.371269,-0.8703613
51.266666666666666,-1.0,-555.0,-38.0,-127.0,-8.0,-1530.0,-12.0,-5054.0,-3.0,-9291.0,-8.0,-750.0,-3.0,-3709.0,,,,,,,,,,,,,,,,,,,,,,,,,,
51.26667022705078,,,,,,,,,,,,,,,-1.109596,-1.097939,0.7101898,0.1114578,-0.0670929,-0.2779846,0.9440765,-1.095818,0.7962151,-0.7801819,0.423378,-0.8463821,0.06805801,-0.8410721,0.06804657,-0.8362503,-10.31502,-4.169807,-1.80732,-2.007797,-6.440201,-1.108322,-1.85762,-0.8142471,-1.374199,-0.8820801
51.275001525878906,,,,,,,,,,,,,,,-1.109596,-1.107704,0.705307,0.1163406,-0.0827179,-0.2731018,0.9411469,-1.098747,0.8001213,-0.7831116,0.4263077,-0.844429,0.06903458,-0.839119,0.06902313,-0.8469925,-10.3199,-4.179573,-1.80732,-2.005844,-6.449966,-1.106369,-1.861526,-0.8269424,-1.378105,-0.8937988
51.283329010009766,,,,,,,,,,,,,,,-1.106667,-1.115517,0.7014008,0.1212234,-0.0983429,-0.268219,0.936264,-1.098747,0.8040276,-0.7938538,0.4282608,-0.8366165,0.06805801,-0.8440018,0.06804657,-0.8626175,-10.32869,-4.194221,-1.802437,-2.004868,-6.462662,-1.110275,-1.867386,-0.8396378,-1.384941,-0.9055176
51.29167175292969,,,,,,,,,,,,,,,-1.098854,-1.121376,0.6974945,0.1212234,-0.107132,-0.2652893,0.9323578,-1.098747,0.8089104,-0.8104553,0.4292374,-0.8248978,0.0631752,-0.854744,0.06707001,-0.8772659,-10.33748,-4.207893,-1.796577,-2.005844,-6.476334,-1.117111,-1.876175,-0.8494034,-1.397636,-0.9172363
51.29999923706055,,,,,,,,,,,,,,,-1.089088,-1.125282,0.6984711,0.1153641,-0.1100616,-0.2652893,0.9304047,-1.097771,0.8128166,-0.8319397,0.4321671,-0.8112259,0.05829239,-0.8693924,0.06511688,-0.8889847,-10.34627,-4.219612,-1.788765,-2.005844,-6.489029,-1.12883,-1.882034,-0.8562393,-1.407402,-0.9279785
51.3,-1.0,-553.0,-38.0,-125.0,-9.0,-1534.0,-12.0,-5054.0,-3.0,-9293.0,-8.0,-751.0,-3.0,-3711.0,,,,,,,,,,,,,,,,,,,,,,,,,,
51.30833053588867,,,,,,,,,,,,,,,-1.076393,-1.128212,0.6994476,0.1046219,-0.1100616,-0.268219,0.927475,-1.099724,0.8157463,-0.8573303,0.4341202,-0.7965775,0.0553627,-0.8869705,0.06414032,-0.8987503,-10.35017,-4.229378,-1.782906,-2.008774,-6.501724,-1.137619,-1.890823,-0.8581924,-1.418144,-0.9387207
51.31666946411133,,,,,,,,,,,,,,,-1.064674,-1.128212,0.7062836,0.08997345,-0.1042023,-0.2740784,0.9255219,-1.105583,0.8167229,-0.8817444,0.4360733,-0.7868118,0.05340958,-0.901619,0.06218719,-0.90168,-10.35115,-4.23719,-1.779976,-2.014633,-6.507584,-1.139572,-1.897659,-0.8552628,-1.428886,-0.9484863
51.32500076293945,,,,,,,,,,,,,,,-1.055885,-1.122353,0.7150726,0.07337189,-0.0983429,-0.2848206,0.9255219,-1.115349,0.8147697,-0.9051819,0.4360733,-0.7799759,0.05438614,-0.9113846,0.06023407,-0.8967972,-10.3492,-4.245003,-1.778023,-2.022446,-6.50856,-1.134689,-1.899612,-0.8464737,-1.436699,-0.9543457
51.33332824707031,,,,,,,,,,,,,,,-1.051003,-1.112587,0.7248383,0.0548172,-0.0905304,-0.2975159,0.9264984,-1.129021,0.8089104,-0.9237366,0.4360733,-0.7780228,0.0553627,-0.9191971,0.05925751,-0.8870316,-10.34431,-4.251839,-1.781929,-2.032211,-6.503677,-1.123947,-1.901566,-0.8328018,-1.442558,-0.9602051
51.333333333333336,0.0,-551.0,-37.0,-120.0,-9.0,-1540.0,-12.0,-5054.0,-4.0,-9297.0,-8.0,-749.0,-3.0,-3710.0,,,,,,,,,,,,,,,,,,,,,,,,,,
51.341670989990234,,,,,,,,,,,,,,,-1.049049,-1.097939,0.7326508,0.0391922,-0.08662415,-0.3092346,0.9284515,-1.143669,0.8040276,-0.9364319,0.4350967,-0.7809525,0.05829239,-0.9191971,0.05925751,-0.8714066,-10.34041,-4.255745,-1.787788,-2.041,-6.494888,-1.105392,-1.899612,-0.8210831,-1.449394,-0.9650879
51.349998474121094,,,,,,,,,,,,,,,-1.054909,-1.078407,0.736557,0.02747345,-0.08467102,-0.3190002,0.9304047,-1.159294,0.7981682,-0.9422913,0.4341202,-0.7877884,0.05731583,-0.9143143,0.06121063,-0.8518753,-10.33357,-4.257698,-1.797554,-2.050766,-6.48317,-1.085861,-1.899612,-0.8093643,-1.45623,-0.9650879
51.35832977294922,,,,,,,,,,,,,,,-1.063698,-1.057899,0.7385101,0.02161407,-0.08662415,-0.3268127,0.9313812,-1.174919,0.7884026,-0.9413147,0.4321671,-0.7995071,0.05438614,-0.9065018,0.06218719,-0.8333206,-10.33064,-4.262581,-1.808296,-2.059555,-6.47438,-1.06926,-1.896683,-0.7986221,-1.460136,-0.9631348
51.36666666666667,0.0,-550.0,-37.0,-119.0,-8.0,-1544.0,-12.0,-5055.0,-4.0,-9299.0,-8.0,-744.0,-3.0,-3713.0,,,,,,,,,,,,,,,,,,,,,,,,,,
51.366668701171875,,,,,,,,,,,,,,,-1.075417,-1.039345,0.7326508,0.01966095,-0.08955383,-0.3316956,0.9323578,-1.185661,0.7844963,-0.9325256,0.4272842,-0.8151321,0.04852676,-0.8986893,0.06316376,-0.8186722,-10.32576,-4.269417,-1.818062,-2.062485,-6.465591,-1.058517,-1.895706,-0.7898331,-1.466972,-0.958252
51.375,,,,,,,,,,,,,,,-1.087135,-1.025673,0.7258148,0.0235672,-0.09248352,-0.3346252,0.9343109,-1.19445,0.7786369,-0.9237366,0.4282608,-0.8336868,0.04169083,-0.8889236,0.06316376,-0.8089066,-10.32185,-4.277229,-1.827827,-2.061508,-6.462662,-1.057541,-1.893753,-0.7820206,-1.475761,-0.9465332
51.383331298828125,,,,,,,,,,,,,,,-1.097878,-1.01786,0.7121429,0.0313797,-0.09541321,-0.3326721,0.9323578,-1.20031,0.7727776,-0.9100647,0.4292374,-0.8532181,0.02801895,-0.879158,0.06316376,-0.8040237,-10.31892,-4.285042,-1.83271,-2.057602,-6.465591,-1.068283,-1.890823,-0.7751846,-1.481621,-0.9299316
51.39167022705078,,,,,,,,,,,,,,,-1.106667,-1.019814,0.7004242,0.0391922,-0.0983429,-0.3316956,0.9333344,-1.201286,0.7698479,-0.8963928,0.4331436,-0.8717728,0.01434708,-0.870369,0.06023407,-0.8040237,-10.31892,-4.293831,-1.83857,-2.051743,-6.471451,-1.084885,-1.885941,-0.7693253,-1.48748,-0.911377
51.4,0.0,-552.0,-37.0,-119.0,-7.0,-1545.0,-12.0,-5057.0,-4.0,-9305.0,-8.0,-737.0,-3.0,-3713.0,,,,,,,,,,,,,,,,,,,,,,,,,,
51.400001525878906,,,,,,,,,,,,,,,-1.115456,-1.028603,0.6916351,0.04993439,-0.09736633,-0.330719,0.9323578,-1.20031,0.7688713,-0.8817444,0.4380264,-0.8893509,0.002628326,-0.8645096,0.05632782,-0.8069534,-10.31697,-4.303596,-1.837593,-2.04393,-6.482193,-1.104416,-1.881058,-0.765419,-1.489433,-0.8898926
51.408329010009766,,,,,,,,,,,,,,,-1.118385,-1.044228,0.6847992,0.06360626,-0.09736633,-0.3297424,0.9304047,-1.195427,0.7669182,-0.8670959,0.4438858,-0.9039993,-0.007137299,-0.8606033,0.05046844,-0.8128128,-10.3199,-4.312386,-1.833687,-2.036118,-6.494888,-1.122971,-1.872269,-0.7634659,-1.491386,-0.864502
51.41667175292969,,,,,,,,,,,,,,,-1.120338,-1.060829,0.6808929,0.0704422,-0.0983429,-0.330719,0.9294281,-1.188591,0.7669182,-0.8534241,0.4487686,-0.9127884,-0.01690292,-0.8606033,0.04558563,-0.8186722,-10.32283,-4.321175,-1.828804,-2.033188,-6.507584,-1.137619,-1.865433,-0.765419,-1.491386,-0.8400879
51.42499923706055,,,,,,,,,,,,,,,-1.120338,-1.074501,0.6808929,0.07630157,-0.100296,-0.3365784,0.9284515,-1.177849,0.7688713,-0.8426819,0.4526749,-0.9157181,-0.02373886,-0.8654861,0.04363251,-0.823555,-10.32381,-4.328987,-1.820992,-2.034164,-6.519302,-1.146408,-1.862503,-0.7722549,-1.489433,-0.8205566
51.43333053588867,,,,,,,,,,,,,,,-1.118385,-1.087196,0.6818695,0.08216095,-0.1051788,-0.3434143,0.9255219,-1.165154,0.7678947,-0.8338928,0.4536514,-0.9147415,-0.02764511,-0.8781815,0.04656219,-0.8264847,-10.32478,-4.334846,-1.814156,-2.040024,-6.528091,-1.146408,-1.86348,-0.7839737,-1.488457,-0.8088379
51.43333333333333,0.0,-553.0,-37.0,-122.0,-7.0,-1544.0,-11.0,-5058.0,-5.0,-9308.0,-8.0,-729.0,-3.0,-3715.0,,,,,,,,,,,,,,,,,,,,,,,,,,
51.44166946411133,,,,,,,,,,,,,,,-1.118385,-1.095009,0.6867523,0.08509064,-0.1110382,-0.3531799,0.9264984,-1.151482,0.7669182,-0.8309631,0.4516983,-0.9108353,-0.02862167,-0.8938065,0.05339813,-0.8274612,-10.32185,-4.334846,-1.808296,-2.048813,-6.534927,-1.138596,-1.867386,-0.7986221,-1.485527,-0.8010254
51.45000076293945,,,,,,,,,,,,,,,-1.115456,-1.097939,0.689682,0.08411407,-0.1188507,-0.361969,0.927475,-1.13781,0.7630119,-0.8329163,0.4458389,-0.9059525,-0.02862167,-0.9123611,0.06121063,-0.8264847,-10.31795,-4.33094,-1.802437,-2.059555,-6.538834,-1.127853,-1.872269,-0.8103409,-1.481621,-0.7990723
51.45832824707031,,,,,,,,,,,,,,,-1.114479,-1.099892,0.6945648,0.08118439,-0.1247101,-0.3668518,0.9264984,-1.125114,0.7610588,-0.8407288,0.4370499,-0.9020462,-0.02569199,-0.932869,0.06999969,-0.823555,-10.31209,-4.324104,-1.800484,-2.067368,-6.538834,-1.117111,-1.884964,-0.8210831,-1.478691,-0.8029785
51.46666666666667,0.0,-556.0,-37.0,-124.0,-6.0,-1543.0,-10.0,-5057.0,-5.0,-9311.0,-8.0,-725.0,-3.0,-3722.0,,,,,,,,,,,,,,,,,,,,,,,,,,
51.466670989990234,,,,,,,,,,,,,,,-1.113503,-1.101845,0.6974945,0.07630157,-0.1286163,-0.3678284,0.927475,-1.115349,0.7571526,-0.8553772,0.4253311,-0.9030228,-0.02178574,-0.9514236,0.07781219,-0.8176956,-10.30721,-4.312386,-1.799507,-2.069321,-6.53688,-1.107346,-1.896683,-0.8298721,-1.476738,-0.8098145
51.474998474121094,,,,,,,,,,,,,,,-1.115456,-1.101845,0.6994476,0.07141876,-0.1266632,-0.3648987,0.927475,-1.111443,0.7542229,-0.8729553,0.4155655,-0.9049759,-0.01592636,-0.9690018,0.08367157,-0.8098831,-10.30428,-4.298714,-1.802437,-2.068344,-6.53688,-1.104416,-1.910355,-0.8347549,-1.471855,-0.8186035
51.48332977294922,,,,,,,,,,,,,,,-1.114479,-1.103798,0.6994476,0.06653595,-0.1217804,-0.3561096,0.9264984,-1.114372,0.7512932,-0.8905334,0.4057999,-0.9079056,-0.01299667,-0.979744,0.08464813,-0.8010941,-10.30525,-4.286995,-1.803413,-2.065414,-6.540787,-1.106369,-1.925003,-0.8367081,-1.470879,-0.8303223
51.491668701171875,,,,,,,,,,,,,,,-1.114479,-1.106728,0.6984711,0.05970001,-0.1139679,-0.3473206,0.9245453,-1.123161,0.7542229,-0.9081116,0.3979874,-0.9118118,-0.007137299,-0.9846268,0.08171844,-0.7932816,-10.30916,-4.279182,-1.803413,-2.055649,-6.543716,-1.114182,-1.939651,-0.8406143,-1.469902,-0.8439941
51.5,0.0,-559.0,-37.0,-125.0,-5.0,-1542.0,-10.0,-5058.0,-4.0,-9311.0,-8.0,-724.0,-4.0,-3727.0,-1.114479,-1.11161,0.6974945,0.05091095,-0.1032257,-0.3385315,0.9216156,-1.13488,0.7551994,-0.9208069,0.3931046,-0.9157181,-0.001277924,-0.9856033,0.07585907,-0.7864456,-10.31404,-4.277229,-1.803413,-2.04686,-6.550552,-1.122971,-1.950394,-0.8445206,-1.473808,-0.8586426
51.508331298828125,,,,,,,,,,,,,,,-1.113503,-1.11454,0.6945648,0.04212189,-0.09443665,-0.330719,0.9157562,-1.147575,0.7591057,-0.9266663,0.3872452,-0.9166946,0.003604889,-0.979744,0.06902313,-0.7825394,-10.31892,-4.282112,-1.802437,-2.039047,-6.558365,-1.13176,-1.958206,-0.8474503,-1.478691,-0.8762207
51.51667022705078,,,,,,,,,,,,,,,-1.114479,-1.11747,0.6945648,0.03235626,-0.08760071,-0.330719,0.9138031,-1.160271,0.7610588,-0.9256897,0.3823624,-0.9157181,0.009464264,-0.9709549,0.06414032,-0.7825394,-10.32381,-4.291878,-1.806343,-2.036118,-6.564224,-1.136642,-1.961136,-0.8513565,-1.483574,-0.8986816
51.525001525878906,,,,,,,,,,,,,,,-1.113503,-1.122353,0.6916351,0.02454376,-0.0827179,-0.3356018,0.9089203,-1.171989,0.7620354,-0.9198303,0.3784561,-0.9127884,0.01532364,-0.9563065,0.06121063,-0.7825394,-10.32576,-4.30555,-1.80732,-2.037094,-6.57106,-1.134689,-1.961136,-0.8562393,-1.48748,-0.9191895
51.533329010009766,,,,,,,,,,,,,,,-1.113503,-1.128212,0.6887054,0.0157547,-0.08076477,-0.3424377,0.9030609,-1.179802,0.7600822,-0.9110413,0.376503,-0.9049759,0.02020645,-0.9367752,0.06023407,-0.7883987,-10.32576,-4.319221,-1.810249,-2.042953,-6.575943,-1.1259,-1.95137,-0.8611221,-1.491386,-0.9377441
51.53333333333333,0.0,-560.0,-37.0,-126.0,-5.0,-1541.0,-10.0,-5059.0,-4.0,-9308.0,-8.0,-726.0,-4.0,-3727.0,,,,,,,,,,,,,,,,,,,,,,,,,,
51.54167175292969,,,,,,,,,,,,,,,-1.113503,-1.135048,0.6847992,0.009895325,-0.08174133,-0.3482971,0.8972015,-1.183708,0.7581291,-0.9022522,0.3735733,-0.8952103,0.02118301,-0.9182205,0.06218719,-0.7981644,-10.32478,-4.33094,-1.817085,-2.047836,-6.575943,-1.115158,-1.939651,-0.8630753,-1.489433,-0.9494629
51.54999923706055,,,,,,,,,,,,,,,-1.114479,-1.14579,0.6818695,0.006965637,-0.07978821,-0.3531799,0.8903656,-1.184685,0.7542229,-0.89151,0.3706436,-0.8854446,0.02020645,-0.8986893,0.06511688,-0.8128128,-10.32478,-4.341682,-1.822945,-2.054672,-6.574966,-1.102463,-1.926956,-0.8679581,-1.485527,-0.9543457
51.55833053588867,,,,,,,,,,,,,,,-1.113503,-1.157509,0.6769867,0.005012512,-0.07685852,-0.3551331,0.8854828,-1.182732,0.7503166,-0.8836975,0.3696671,-0.8747025,0.01532364,-0.8820877,0.06999969,-0.8303909,-10.32771,-4.346565,-1.831734,-2.060532,-6.56813,-1.092697,-1.916214,-0.874794,-1.477715,-0.951416
51.56666666666667,0.0,-559.0,-37.0,-128.0,-5.0,-1541.0,-11.0,-5062.0,-4.0,-9308.0,-8.0,-729.0,-4.0,-3728.0,,,,,,,,,,,,,,,,,,,,,,,,,,
51.56666946411133,,,,,,,,,,,,,,,-1.113503,-1.168251,0.6701508,0.005989075,-0.07392883,-0.3522034,0.8845062,-1.179802,0.7473869,-0.8807678,0.3696671,-0.8610306,0.008487701,-0.8664627,0.07292938,-0.8489456,-10.32967,-4.348518,-1.841499,-2.068344,-6.562271,-1.084885,-1.905472,-0.8806534,-1.470879,-0.9416504
51.57500076293945,,,,,,,,,,,,,,,-1.112526,-1.176064,0.6623383,0.01184845,-0.07002258,-0.3443909,0.8825531,-1.174919,0.7425041,-0.8788147,0.3706436,-0.8473587,-0.003231049,-0.8527908,0.07683563,-0.8694534,-10.33748,-4.348518,-1.851265,-2.076157,-6.553482,-1.080002,-1.896683,-0.8855362,-1.465996,-0.9299316
51.58332824707031,,,,,,,,,,,,,,,-1.109596,-1.182899,0.6564789,0.02161407,-0.06806946,-0.3316956,0.8835297,-1.170036,0.7415276,-0.8768616,0.3716202,-0.8385696,-0.01202011,-0.8400955,0.07976532,-0.8870316,-10.34138,-4.350471,-1.861031,-2.084946,-6.543716,-1.077072,-1.8918,-0.890419,-1.463066,-0.9152832
51.591670989990234,,,,,,,,,,,,,,,-1.106667,-1.181923,0.6506195,0.0313797,-0.06806946,-0.3180237,0.8884125,-1.1632,0.7395744,-0.8749084,0.3716202,-0.8317337,-0.02080917,-0.8283768,0.07976532,-0.9026566,-10.34431,-4.354378,-1.86982,-2.092758,-6.534927,-1.078049,-1.883987,-0.8933487,-1.464043,-0.9025879
51.599998474121094,,,,,,,,,,,,,,,-1.10276,-1.171181,0.6476898,0.04309845,-0.07197571,-0.3023987,0.8942719,-1.154411,0.7376213,-0.8739319,0.3706436,-0.8297806,-0.02471542,-0.816658,0.08074188,-0.9114456,-10.34724,-4.358284,-1.880562,-2.099594,-6.528091,-1.078049,-1.879105,-0.890419,-1.470879,-0.895752
51.6,0.0,-559.0,-37.0,-129.0,-5.0,-1540.0,-11.0,-5066.0,-4.0,-9313.0,-8.0,-732.0,-4.0,-3730.0,,,,,,,,,,,,,,,,,,,,,,,,,,
51.60832977294922,,,,,,,,,,,,,,,-1.098854,-1.155556,0.6437836,0.05579376,-0.08174133,-0.2877502,0.8972015,-1.147575,0.7346916,-0.8719788,0.3677139,-0.8317337,-0.02666855,-0.8049393,0.07976532,-0.9133987,-10.34431,-4.36219,-1.889351,-2.104477,-6.521255,-1.076096,-1.874222,-0.8855362,-1.482597,-0.8947754
51.616668701171875,,,,,,,,,,,,,,,-1.094948,-1.135048,0.6437836,0.0704422,-0.09346008,-0.2770081,0.8991547,-1.141716,0.7366447,-0.8729553,0.3628311,-0.8395462,-0.02569199,-0.7941971,0.07878876,-0.9104691,-10.34236,-4.36512,-1.894234,-2.105453,-6.518326,-1.072189,-1.871292,-0.8787003,-1.492363,-0.8947754
51.625,,,,,,,,,,,,,,,-1.090065,-1.11161,0.6437836,0.08118439,-0.1081085,-0.2691956,0.8981781,-1.136833,0.7337151,-0.8778381,0.3589249,-0.851265,-0.0227623,-0.785408,0.07292938,-0.9007034,-10.3365,-4.366096,-1.89814,-2.100571,-6.517349,-1.06633,-1.872269,-0.8689346,-1.503105,-0.8947754
51.633331298828125,,,,,,,,,,,,,,,-1.086159,-1.091103,0.6457367,0.08802032,-0.1188507,-0.268219,0.8942719,-1.132927,0.7376213,-0.8817444,0.3520889,-0.8659134,-0.01885605,-0.7824783,0.06707001,-0.8889847,-10.32967,-4.361214,-1.902046,-2.091782,-6.513443,-1.062424,-1.878128,-0.8601456,-1.510918,-0.895752
51.63333333333333,0.0,-561.0,-37.0,-130.0,-5.0,-1537.0,-11.0,-5071.0,-5.0,-9320.0,-7.0,-731.0,-4.0,-3731.0,,,,,,,,,,,,,,,,,,,,,,,,,,
51.64167022705078,,,,,,,,,,,,,,,-1.082253,-1.074501,0.6486664,0.09095001,-0.1295929,-0.2750549,0.8874359,-1.13195,0.7415276,-0.8895569,0.345253,-0.8795853,-0.0149498,-0.7834549,0.05828094,-0.8762894,-10.32478,-4.349495,-1.905952,-2.07811,-6.51149,-1.061447,-1.889847,-0.8523331,-1.513847,-0.8967285
51.650001525878906,,,,,,,,,,,,,,,-1.079323,-1.062782,0.6486664,0.09095001,-0.1374054,-0.2887268,0.8815765,-1.13195,0.7473869,-0.8983459,0.3423233,-0.8903275,-0.01397324,-0.7902908,0.04753876,-0.8626175,-10.31892,-4.337776,-1.903023,-2.069321,-6.50856,-1.0634,-1.905472,-0.8445206,-1.517754,-0.8967285
51.658329010009766,,,,,,,,,,,,,,,-1.079323,-1.057899,0.6515961,0.08899689,-0.1422882,-0.3063049,0.8766937,-1.129997,0.7542229,-0.907135,0.3403702,-0.89814,-0.01397324,-0.8000565,0.03679657,-0.8508987,-10.31599,-4.322151,-1.903023,-2.062485,-6.507584,-1.06926,-1.92305,-0.8347549,-1.513847,-0.8967285
51.666666666666664,0.0,-565.0,-38.0,-131.0,-5.0,-1537.0,-11.0,-5072.0,-5.0,-9324.0,-6.0,-731.0,-4.0,-3733.0,,,,,,,,,,,,,,,,,,,,,,,,,,
51.66667175292969,,,,,,,,,,,,,,,-1.07737,-1.058876,0.6506195,0.08704376,-0.1422882,-0.3238831,0.8747406,-1.127068,0.7600822,-0.9120178,0.3384171,-0.9049759,-0.0149498,-0.8127518,0.02703094,-0.8430862,-10.31404,-4.309456,-1.902046,-2.059555,-6.507584,-1.083908,-1.941605,-0.8230362,-1.509941,-0.9016113
51.67499923706055,,,,,,,,,,,,,,,-1.07737,-1.066689,0.6525726,0.08313751,-0.1413116,-0.3443909,0.8766937,-1.121208,0.7678947,-0.9110413,0.3393936,-0.9079056,-0.0149498,-0.823494,0.01921844,-0.8372269,-10.31697,-4.301643,-1.90107,-2.060532,-6.50856,-1.101486,-1.95723,-0.8162003,-1.503105,-0.9084473
51.68333053588867,,,,,,,,,,,,,,,-1.078346,-1.075478,0.6525726,0.07727814,-0.1364288,-0.361969,0.8815765,-1.110466,0.7737541,-0.9090881,0.3413467,-0.9059525,-0.0149498,-0.8342361,0.01531219,-0.8333206,-10.32283,-4.297737,-1.900093,-2.065414,-6.510513,-1.121017,-1.970901,-0.8103409,-1.496269,-0.9182129
51.69166946411133,,,,,,,,,,,,,,,-1.07737,-1.08622,0.6545258,0.07337189,-0.1344757,-0.3736877,0.8874359,-1.098747,0.7786369,-0.9042053,0.345253,-0.9039993,-0.01397324,-0.8430252,0.01238251,-0.8333206,-10.32967,-4.300667,-1.90107,-2.073227,-6.517349,-1.139572,-1.975784,-0.8054581,-1.492363,-0.9318848
51.7,0.0,-566.0,-38.0,-132.0,-5.0,-1540.0,-11.0,-5072.0,-4.0,-9327.0,-7.0,-731.0,-4.0,-3737.0,,,,,,,,,,,,,,,,,,,,,,,,,,
51.70000076293945,,,,,,,,,,,,,,,-1.07737,-1.095985,0.6545258,0.06848907,-0.131546,-0.3805237,0.8923187,-1.086052,0.7786369,-0.8973694,0.3491592,-0.9020462,-0.01202011,-0.847908,0.01531219,-0.8362503,-10.34041,-4.308479,-1.904976,-2.077133,-6.522232,-1.154221,-1.980667,-0.8083878,-1.486504,-0.9436035
51.70832824707031,,,,,,,,,,,,,,,-1.07737,-1.104774,0.6545258,0.06165314,-0.1286163,-0.3834534,0.8952484,-1.074333,0.7757072,-0.8876038,0.3550186,-0.9010696,-0.008113861,-0.8498611,0.02019501,-0.83918,-10.3492,-4.319221,-1.907906,-2.07811,-6.530045,-1.16301,-1.98262,-0.8191299,-1.480644,-0.9504395
51.716670989990234,,,,,,,,,,,,,,,-1.076393,-1.11161,0.6506195,0.05286407,-0.1276398,-0.3815002,0.8972015,-1.068474,0.7698479,-0.8797913,0.360878,-0.89814,-0.008113861,-0.8508377,0.02410126,-0.8430862,-10.35896,-4.328987,-1.913765,-2.07518,-6.535904,-1.163986,-1.980667,-0.8328018,-1.476738,-0.9533691
51.724998474121094,,,,,,,,,,,,,,,-1.07737,-1.115517,0.6476898,0.04505157,-0.1256866,-0.3795471,0.8952484,-1.066521,0.7620354,-0.8739319,0.3677139,-0.8971634,-0.01006699,-0.8518143,0.02996063,-0.8450394,-10.36775,-4.337776,-1.920601,-2.066391,-6.541763,-1.159103,-1.980667,-0.8523331,-1.472832,-0.951416
51.73332977294922,,,,,,,,,,,,,,,-1.079323,-1.11747,0.6408539,0.0391922,-0.1247101,-0.3736877,0.889389,-1.06945,0.7512932,-0.8690491,0.3735733,-0.8942337,-0.01397324,-0.854744,0.03484344,-0.8489456,-10.36873,-4.344612,-1.923531,-2.054672,-6.543716,-1.151291,-1.980667,-0.8738174,-1.467949,-0.942627
51.733333333333334,0.0,-567.0,-38.0,-129.0,-6.0,-1544.0,-11.0,-5072.0,-4.0,-9333.0,-7.0,-729.0,-4.0,-3740.0,,,,,,,,,,,,,,,,,,,,,,,,,,
51.741668701171875,,,,,,,,,,,,,,,-1.082253,-1.116493,0.6340179,0.03528595,-0.1217804,-0.3658752,0.8835297,-1.076286,0.7385979,-0.8641663,0.3794327,-0.8893509,-0.02178574,-0.8596268,0.03972626,-0.8518753,-10.37068,-4.349495,-1.927437,-2.041,-6.547623,-1.142502,-1.980667,-0.8913956,-1.464043,-0.9289551
51.75,,,,,,,,,,,,,,,-1.088112,-1.112587,0.627182,0.03333282,-0.1208038,-0.3580627,0.8786469,-1.082146,0.7229729,-0.8583069,0.3813858,-0.882515,-0.02862167,-0.8654861,0.03972626,-0.8538284,-10.36385,-4.351448,-1.925484,-2.028305,-6.544693,-1.138596,-1.979691,-0.9021378,-1.461113,-0.9133301
51.758331298828125,,,,,,,,,,,,,,,-1.093971,-1.107704,0.6222992,0.03333282,-0.115921,-0.3473206,0.873764,-1.086052,0.7112541,-0.8524475,0.3804092,-0.875679,-0.03643417,-0.870369,0.04265594,-0.8538284,-10.35701,-4.348518,-1.928413,-2.018539,-6.544693,-1.140549,-1.980667,-0.9079971,-1.458183,-0.8986816
51.766666666666666,0.0,-569.0,-38.0,-128.0,-6.0,-1549.0,-11.0,-5072.0,-4.0,-9338.0,-6.0,-731.0,-4.0,-3741.0,,,,,,,,,,,,,,,,,,,,,,,,,,
51.76667022705078,,,,,,,,,,,,,,,-1.098854,-1.102821,0.6193695,0.03528595,-0.1139679,-0.3365784,0.8727875,-1.088005,0.7005119,-0.8456116,0.3784561,-0.86689,-0.04131699,-0.8772049,0.04363251,-0.8508987,-10.35115,-4.346565,-1.928413,-2.013657,-6.547623,-1.149338,-1.980667,-0.9079971,-1.45623,-0.8850098
51.775001525878906,,,,,,,,,,,,,,,-1.104713,-1.097939,0.6203461,0.03723907,-0.1100616,-0.3238831,0.8747406,-1.085075,0.6917229,-0.8417053,0.3755264,-0.8551712,-0.04424667,-0.8801346,0.04460907,-0.8479691,-10.35017,-4.347542,-1.925484,-2.016586,-6.550552,-1.16301,-1.975784,-0.9021378,-1.458183,-0.8723145
51.783329010009766,,,,,,,,,,,,,,,-1.10862,-1.094032,0.6232758,0.04114532,-0.1061554,-0.3111877,0.8786469,-1.077263,0.6887932,-0.8387756,0.3725967,-0.8493118,-0.04327011,-0.8820877,0.04460907,-0.8440628,-10.35017,-4.346565,-1.92939,-2.025375,-6.558365,-1.179611,-1.967972,-0.8933487,-1.46209,-0.8664551
51.79167175292969,,,,,,,,,,,,,,,-1.113503,-1.090126,0.6232758,0.04309845,-0.1032257,-0.2984924,0.8845062,-1.071404,0.6897697,-0.8387756,0.3696671,-0.8463821,-0.04034042,-0.879158,0.04558563,-0.8382034,-10.35506,-4.345589,-1.931343,-2.039047,-6.569107,-1.199142,-1.958206,-0.8826065,-1.470879,-0.864502
51.79999923706055,,,,,,,,,,,,,,,-1.115456,-1.085243,0.6262054,0.04505157,-0.1042023,-0.2897034,0.8903656,-1.067497,0.6956291,-0.8417053,0.3716202,-0.8473587,-0.03643417,-0.8752518,0.04460907,-0.8313675,-10.3658,-4.342659,-1.933296,-2.054672,-6.584732,-1.211838,-1.944534,-0.874794,-1.481621,-0.8625488
51.8,-1.0,-568.0,-38.0,-127.0,-7.0,-1555.0,-12.0,-5074.0,-4.0,-9345.0,-6.0,-738.0,-4.0,-3740.0,,,,,,,,,,,,,,,,,,,,,,,,,,
51.80833053588867,,,,,,,,,,,,,,,-1.116432,-1.078407,0.6262054,0.04602814,-0.1061554,-0.2848206,0.8981781,-1.066521,0.7024651,-0.8504944,0.3755264,-0.851265,-0.03448105,-0.870369,0.04265594,-0.8245316,-10.37849,-4.335823,-1.930367,-2.069321,-6.598404,-1.216721,-1.931839,-0.8689346,-1.496269,-0.8654785
51.81666946411133,,,,,,,,,,,,,,,-1.113503,-1.070595,0.627182,0.04505157,-0.1120148,-0.2828674,0.9040375,-1.070427,0.7122307,-0.8612366,0.3823624,-0.8610306,-0.03155136,-0.8674393,0.03972626,-0.8206253,-10.38728,-4.326057,-1.928413,-2.081039,-6.611099,-1.213791,-1.915237,-0.8630753,-1.509941,-0.8703613
51.82500076293945,,,,,,,,,,,,,,,-1.110573,-1.063759,0.627182,0.04212189,-0.1217804,-0.2809143,0.9108734,-1.080193,0.7200432,-0.8719788,0.3911514,-0.8737259,-0.0305748,-0.8645096,0.03972626,-0.8196487,-10.39607,-4.312386,-1.921577,-2.087875,-6.617935,-1.201096,-1.906448,-0.8581924,-1.522636,-0.8742676
51.83332824707031,,,,,,,,,,,,,,,-1.10569,-1.05497,0.6301117,0.03723907,-0.1334991,-0.2828674,0.9138031,-1.093864,0.7259026,-0.8797913,0.3970108,-0.8864212,-0.02959824,-0.8654861,0.03777313,-0.8206253,-10.39705,-4.294807,-1.913765,-2.087875,-6.624771,-1.179611,-1.900589,-0.8523331,-1.529472,-0.8791504
51.833333333333336,-1.0,-569.0,-37.0,-129.0,-7.0,-1561.0,-12.0,-5072.0,-4.0,-9353.0,-6.0,-742.0,-4.0,-3742.0,,,,,,,,,,,,,,,,,,,,,,,,,,
51.841670989990234,,,,,,,,,,,,,,,-1.096901,-1.048134,0.6340179,0.02942657,-0.147171,-0.2857971,0.9147797,-1.110466,0.7288322,-0.8856506,0.4009171,-0.89814,-0.0305748,-0.8664627,0.03386688,-0.8245316,-10.39412,-4.2743,-1.906929,-2.083969,-6.623795,-1.156174,-1.899612,-0.8425674,-1.531425,-0.8850098
51.849998474121094,,,,,,,,,,,,,,,-1.085182,-1.044228,0.6408539,0.02063751,-0.1598663,-0.2857971,0.9128265,-1.129021,0.7278557,-0.8885803,0.4018936,-0.9088821,-0.03155136,-0.8674393,0.03386688,-0.8284378,-10.38435,-4.257698,-1.902046,-2.081039,-6.621841,-1.133713,-1.909378,-0.8318253,-1.526543,-0.8908691
51.85832977294922,,,,,,,,,,,,,,,-1.073463,-1.048134,0.6476898,0.008918762,-0.169632,-0.283844,0.9098969,-1.147575,0.724926,-0.8905334,0.3989639,-0.9157181,-0.0305748,-0.8693924,0.03484344,-0.8303909,-10.37166,-4.244026,-1.90107,-2.081039,-6.615982,-1.117111,-1.92012,-0.8230362,-1.517754,-0.8947754
51.86666666666667,0.0,-570.0,-37.0,-131.0,-7.0,-1564.0,-11.0,-5068.0,-4.0,-9355.0,-6.0,-742.0,-3.0,-3746.0,,,,,,,,,,,,,,,,,,,,,,,,,,
51.866668701171875,,,,,,,,,,,,,,,-1.060768,-1.058876,0.6555023,-0.001823425,-0.1764679,-0.2809143,0.9030609,-1.164177,0.7180901,-0.89151,0.392128,-0.9186478,-0.0305748,-0.8684158,0.03484344,-0.8294144,-10.35603,-4.23719,-1.905952,-2.085922,-6.612076,-1.107346,-1.933792,-0.8132706,-1.504082,-0.8967285
51.875,,,,,,,,,,,,,,,-1.050026,-1.074501,0.6603851,-0.008659363,-0.1813507,-0.2789612,0.8972015,-1.175896,0.7102776,-0.8924866,0.3813858,-0.9166946,-0.0305748,-0.8625565,0.03484344,-0.823555,-10.34041,-4.23719,-1.910835,-2.092758,-6.609146,-1.108322,-1.947464,-0.8083878,-1.49041,-0.8937988
51.883331298828125,,,,,,,,,,,,,,,-1.04319,-1.094032,0.6623383,-0.01354218,-0.1803741,-0.2740784,0.8903656,-1.181755,0.7034416,-0.8983459,0.3716202,-0.9127884,-0.03155136,-0.8557205,0.03777313,-0.8167191,-10.32967,-4.239143,-1.920601,-2.099594,-6.611099,-1.113205,-1.963089,-0.8093643,-1.480644,-0.8850098
51.89167022705078,,,,,,,,,,,,,,,-1.04026,-1.115517,0.6603851,-0.01744843,-0.1754913,-0.2701721,0.8845062,-1.179802,0.6985588,-0.9042053,0.3618546,-0.9079056,-0.03252792,-0.8449783,0.03777313,-0.8040237,-10.32185,-4.245003,-1.933296,-2.108383,-6.611099,-1.121017,-1.973831,-0.8132706,-1.471855,-0.8693848
51.9,-1.0,-567.0,-37.0,-132.0,-7.0,-1565.0,-11.0,-5063.0,-4.0,-9354.0,-5.0,-744.0,-3.0,-3749.0,,,,,,,,,,,,,,,,,,,,,,,,,,
51.900001525878906,,,,,,,,,,,,,,,-1.042213,-1.134071,0.6535492,-0.01842499,-0.1686554,-0.268219,0.8776703,-1.170036,0.6946526,-0.9110413,0.3550186,-0.9030228,-0.03545761,-0.8332596,0.03777313,-0.7932816,-10.3199,-4.251839,-1.938179,-2.114243,-6.611099,-1.12883,-1.981644,-0.8210831,-1.467949,-0.8527832
51.908329010009766,,,,,,,,,,,,,,,-1.04612,-1.14579,0.642807,-0.01842499,-0.162796,-0.2701721,0.8727875,-1.151482,0.6946526,-0.9159241,0.3472061,-0.89814,-0.0383873,-0.8195877,0.03679657,-0.7844925,-10.32185,-4.252815,-1.942085,-2.114243,-6.612076,-1.132736,-1.98555,-0.8318253,-1.468925,-0.8352051
51.91667175292969,,,,,,,,,,,,,,,-1.055885,-1.150673,0.6330414,-0.01842499,-0.1569366,-0.2740784,0.8659515,-1.132927,0.6956291,-0.9198303,0.3413467,-0.8932571,-0.04229355,-0.807869,0.03386688,-0.77668,-10.32478,-4.248909,-1.940132,-2.110336,-6.615005,-1.132736,-1.989456,-0.8425674,-1.473808,-0.8195801
51.92499923706055,,,,,,,,,,,,,,,-1.066628,-1.144814,0.6232758,-0.02037811,-0.1510773,-0.2848206,0.8600922,-1.112419,0.6985588,-0.9237366,0.3393936,-0.8864212,-0.0461998,-0.8020096,0.03093719,-0.7708206,-10.33064,-4.244026,-1.933296,-2.1035,-6.616959,-1.127853,-1.992386,-0.8523331,-1.478691,-0.8059082
51.93333053588867,,,,,,,,,,,,,,,-1.078346,-1.131142,0.6174164,-0.0233078,-0.147171,-0.299469,0.8532562,-1.095818,0.6985588,-0.9266663,0.3374405,-0.8795853,-0.04912949,-0.801033,0.02800751,-0.7649612,-10.33553,-4.238167,-1.922554,-2.097641,-6.618912,-1.120041,-1.994339,-0.8620987,-1.485527,-0.7990723
51.93333333333333,-1.0,-566.0,-37.0,-131.0,-7.0,-1561.0,-11.0,-5064.0,-4.0,-9355.0,-5.0,-748.0,-3.0,-3755.0,,,,,,,,,,,,,,,,,,,,,,,,,,
51.94166946411133,,,,,,,,,,,,,,,-1.089088,-1.11161,0.6144867,-0.02916718,-0.1452179,-0.3121643,0.8464203,-1.086052,0.6985588,-0.9305725,0.3374405,-0.8737259,-0.04815292,-0.8029861,0.02214813,-0.7591019,-10.33748,-4.232307,-1.913765,-2.094711,-6.626724,-1.113205,-1.996292,-0.8708878,-1.488457,-0.7980957
51.95000076293945,,,,,,,,,,,,,,,-1.099831,-1.091103,0.6174164,-0.03404999,-0.1452179,-0.3268127,0.8405609,-1.083122,0.6956291,-0.9374084,0.3374405,-0.8678665,-0.04717636,-0.8117752,0.01824188,-0.7522659,-10.33943,-4.231331,-1.903999,-2.093735,-6.63356,-1.104416,-1.996292,-0.8787003,-1.49334,-0.8000488
51.95832824707031,,,,,,,,,,,,,,,-1.106667,-1.069618,0.6222992,-0.0389328,-0.1442413,-0.3404846,0.8347015,-1.085075,0.6897697,-0.9432678,0.3384171,-0.8610306,-0.04131699,-0.8244705,0.01140594,-0.7444534,-10.33846,-4.234261,-1.896187,-2.096664,-6.640396,-1.096603,-1.996292,-0.8855362,-1.497246,-0.8039551
51.96666666666667,-1.0,-572.0,-37.0,-126.0,-6.0,-1556.0,-12.0,-5067.0,-4.0,-9356.0,-6.0,-754.0,-3.0,-3760.0,,,,,,,,,,,,,,,,,,,,,,,,,,
51.966670989990234,,,,,,,,,,,,,,,-1.112526,-1.053993,0.6291351,-0.04186249,-0.1461945,-0.3482971,0.8288422,-1.092888,0.6829338,-0.9481506,0.3403702,-0.8561478,-0.03448105,-0.8400955,0.00554657,-0.7366409,-10.33943,-4.239143,-1.891304,-2.104477,-6.649185,-1.090744,-1.996292,-0.8923721,-1.501152,-0.8078613
51.974998474121094,,,,,,,,,,,,,,,-1.114479,-1.046181,0.6349945,-0.03990936,-0.1491241,-0.3502502,0.8220062,-1.1007,0.6760979,-0.9501038,0.3413467,-0.8561478,-0.02666855,-0.8557205,0.0006637573,-0.7307816,-10.34138,-4.245979,-1.890327,-2.117172,-6.655045,-1.083908,-1.996292,-0.8943253,-1.503105,-0.810791
51.98332977294922,,,,,,,,,,,,,,,-1.112526,-1.047157,0.6408539,-0.03502655,-0.1530304,-0.3502502,0.8200531,-1.10656,0.6721916,-0.9491272,0.3432999,-0.860054,-0.01690292,-0.870369,-0.004219055,-0.7307816,-10.34529,-4.249886,-1.892281,-2.131821,-6.657974,-1.078049,-1.992386,-0.8923721,-1.505058,-0.8117676
51.991668701171875,,,,,,,,,,,,,,,-1.106667,-1.055946,0.642807,-0.02721405,-0.1588898,-0.3502502,0.8190765,-1.112419,0.6673088,-0.9432678,0.3442764,-0.8659134,-0.01104355,-0.8811111,-0.008125305,-0.7346878,-10.3492,-4.252815,-1.893257,-2.147446,-6.658951,-1.076096,-1.989456,-0.8874893,-1.507988,-0.810791
52.0,-1.0,-580.0,-37.0,-122.0,-6.0,-1555.0,-12.0,-5074.0,-4.0,-9356.0,-6.0,-758.0,-4.0,-3765.0,-1.098854,-1.069618,0.6457367,-0.01158905,-0.1657257,-0.3502502,0.8239594,-1.117302,0.6653557,-0.9315491,0.3442764,-0.8727493,-0.009090424,-0.8879471,-0.01105499,-0.7444534,-10.35213,-4.249886,-1.899117,-2.158188,-6.656021,-1.077072,-1.98555,-0.8787003,-1.510918,-0.8059082
52.008331298828125,,,,,,,,,,,,,,,-1.090065,-1.089149,0.6476898,0.00403595,-0.1725616,-0.3502502,0.8317719,-1.117302,0.6643791,-0.9178772,0.345253,-0.8776321,-0.01104355,-0.8908768,-0.01007843,-0.7581253,-10.35701,-4.24305,-1.903023,-2.164047,-6.653091,-1.080978,-1.978714,-0.8650284,-1.516777,-0.7990723
52.01667022705078,,,,,,,,,,,,,,,-1.081276,-1.104774,0.6515961,0.01966095,-0.1803741,-0.3531799,0.842514,-1.115349,0.6643791,-0.9032288,0.3442764,-0.8815384,-0.01592636,-0.8869705,-0.007148743,-0.7737503,-10.36092,-4.235237,-1.912788,-2.166,-6.650162,-1.086838,-1.973831,-0.8533096,-1.52166,-0.7893066
52.025001525878906,,,,,,,,,,,,,,,-1.07444,-1.11747,0.6535492,0.03430939,-0.1862335,-0.3551331,0.8561859,-1.113396,0.6653557,-0.8866272,0.3432999,-0.8834915,-0.02471542,-0.8781815,-0.003242493,-0.7883987,-10.36189,-4.227425,-1.920601,-2.163071,-6.649185,-1.095627,-1.971878,-0.843544,-1.530449,-0.7824707
52.033329010009766,,,,,,,,,,,,,,,-1.066628,-1.126259,0.6574554,0.04505157,-0.1901398,-0.3551331,0.8708344,-1.109489,0.6663322,-0.8710022,0.3403702,-0.8854446,-0.02959824,-0.8645096,0.002616882,-0.8001175,-10.36482,-4.222542,-1.933296,-2.155258,-6.654068,-1.106369,-1.968948,-0.8318253,-1.539238,-0.7775879
52.03333333333333,-1.0,-586.0,-37.0,-122.0,-6.0,-1559.0,-12.0,-5081.0,-5.0,-9356.0,-6.0,-762.0,-4.0,-3770.0,,,,,,,,,,,,,,,,,,,,,,,,,,
52.04167175292969,,,,,,,,,,,,,,,-1.063698,-1.128212,0.6594086,0.04993439,-0.1911163,-0.3522034,0.8815765,-1.10656,0.6663322,-0.8534241,0.3374405,-0.8883743,-0.03448105,-0.847908,0.00945282,-0.8050003,-10.36482,-4.220589,-1.945992,-2.147446,-6.66188,-1.117111,-1.969925,-0.8259659,-1.54998,-0.7775879
52.04999923706055,,,,,,,,,,,,,,,-1.062721,-1.123329,0.6574554,0.05384064,-0.1881866,-0.3473206,0.8903656,-1.102654,0.6663322,-0.8329163,0.3345108,-0.8893509,-0.03350449,-0.8313065,0.01335907,-0.8059769,-10.36482,-4.222542,-1.96064,-2.138657,-6.673599,-1.123947,-1.973831,-0.8240128,-1.559746,-0.7824707
52.05833053588867,,,,,,,,,,,,,,,-1.063698,-1.11747,0.6525726,0.0548172,-0.1842804,-0.3365784,0.8923187,-1.095818,0.6634026,-0.8114319,0.3306046,-0.891304,-0.03155136,-0.8137283,0.01433563,-0.8010941,-10.3658,-4.227425,-1.981148,-2.132797,-6.687271,-1.12883,-1.98262,-0.8240128,-1.566582,-0.7922363
52.06666666666667,-1.0,-592.0,-38.0,-126.0,-6.0,-1565.0,-12.0,-5086.0,-4.0,-9355.0,-5.0,-764.0,-4.0,-3776.0,,,,,,,,,,,,,,,,,,,,,,,,,,
52.06666946411133,,,,,,,,,,,,,,,-1.070534,-1.11161,0.6437836,0.05677032,-0.178421,-0.3248596,0.8923187,-1.090935,0.6643791,-0.7879944,0.3276749,-0.8952103,-0.02569199,-0.801033,0.01238251,-0.7952347,-10.36189,-4.234261,-1.997749,-2.130844,-6.703873,-1.134689,-1.993362,-0.8269424,-1.570488,-0.8059082
52.07500076293945,,,,,,,,,,,,,,,-1.07444,-1.108681,0.6349945,0.06067657,-0.1725616,-0.3180237,0.8903656,-1.087029,0.6634026,-0.7674866,0.3257217,-0.89814,-0.01885605,-0.792244,0.00554657,-0.7883987,-10.36189,-4.24305,-2.014351,-2.130844,-6.716568,-1.137619,-2.004105,-0.8308487,-1.570488,-0.817627
52.08332824707031,,,,,,,,,,,,,,,-1.079323,-1.107704,0.6232758,0.06653595,-0.169632,-0.3131409,0.8884125,-1.084099,0.6663322,-0.7479553,0.3266983,-0.89814,-0.01202011,-0.7863846,-0.003242493,-0.7796097,-10.35701,-4.249886,-2.029976,-2.133774,-6.726334,-1.141525,-2.0168,-0.8376846,-1.567558,-0.8283691
52.091670989990234,,,,,,,,,,,,,,,-1.086159,-1.11161,0.6164398,0.07532501,-0.1686554,-0.3102112,0.8864594,-1.082146,0.6673088,-0.7342834,0.3276749,-0.8942337,-0.009090424,-0.7873611,-0.01496124,-0.7727737,-10.35603,-4.255745,-2.041695,-2.14061,-6.73317,-1.145432,-2.025589,-0.8445206,-1.564629,-0.8352051
52.099998474121094,,,,,,,,,,,,,,,-1.090065,-1.118446,0.611557,0.0860672,-0.169632,-0.3102112,0.8854828,-1.078239,0.6731682,-0.7254944,0.3286514,-0.8864212,-0.009090424,-0.792244,-0.02667999,-0.7649612,-10.35213,-4.259651,-2.049507,-2.147446,-6.732193,-1.148361,-2.033401,-0.8484268,-1.559746,-0.8381348
52.1,0.0,-597.0,-38.0,-131.0,-6.0,-1569.0,-12.0,-5089.0,-4.0,-9356.0,-5.0,-764.0,-3.0,-3777.0,,,,,,,,,,,,,,,,,,,,,,,,,,
52.10832977294922,,,,,,,,,,,,,,,-1.094948,-1.123329,0.611557,0.09290314,-0.1735382,-0.3131409,0.8874359,-1.077263,0.6790276,-0.7245178,0.329628,-0.875679,-0.01397324,-0.7971268,-0.03937531,-0.761055,-10.35213,-4.259651,-2.056343,-2.153305,-6.73024,-1.151291,-2.036331,-0.8484268,-1.55291,-0.8352051
52.116668701171875,,,,,,,,,,,,,,,-1.097878,-1.127235,0.6144867,0.09680939,-0.1803741,-0.315094,0.8884125,-1.076286,0.6839104,-0.7303772,0.3306046,-0.8649368,-0.02080917,-0.8020096,-0.05011749,-0.7600784,-10.35115,-4.255745,-2.056343,-2.158188,-6.722427,-1.153244,-2.040237,-0.8474503,-1.54998,-0.833252
52.125,,,,,,,,,,,,,,,-1.101784,-1.128212,0.6203461,0.09876251,-0.1891632,-0.315094,0.889389,-1.076286,0.6887932,-0.7381897,0.329628,-0.8522415,-0.02959824,-0.807869,-0.05890656,-0.7581253,-10.3531,-4.248909,-2.056343,-2.157211,-6.714615,-1.152267,-2.041214,-0.843544,-1.543144,-0.8312988
52.133331298828125,,,,,,,,,,,,,,,-1.104713,-1.126259,0.6262054,0.09583282,-0.1989288,-0.3102112,0.8884125,-1.073357,0.6897697,-0.7499084,0.3247452,-0.8424759,-0.03936386,-0.8127518,-0.06281281,-0.7581253,-10.35994,-4.244026,-2.052437,-2.151352,-6.705826,-1.148361,-2.038284,-0.8396378,-1.536308,-0.8303223
52.13333333333333,0.0,-598.0,-39.0,-135.0,-6.0,-1574.0,-13.0,-5090.0,-4.0,-9361.0,-4.0,-763.0,-4.0,-3780.0,,,,,,,,,,,,,,,,,,,,,,,,,,
52.14167022705078,,,,,,,,,,,,,,,-1.107643,-1.120399,0.6330414,0.08802032,-0.2067413,-0.3043518,0.8864594,-1.071404,0.6868401,-0.7626038,0.3198624,-0.83564,-0.0461998,-0.8156815,-0.06574249,-0.7600784,-10.37263,-4.24012,-2.050484,-2.139633,-6.698013,-1.144455,-2.041214,-0.8367081,-1.526543,-0.8312988
52.150001525878906,,,,,,,,,,,,,,,-1.113503,-1.11747,0.6379242,0.08118439,-0.2126007,-0.2965393,0.8835297,-1.068474,0.6809807,-0.7752991,0.3159561,-0.8307571,-0.05205917,-0.8176346,-0.06671906,-0.761055,-10.38435,-4.24305,-2.045601,-2.120102,-6.69313,-1.141525,-2.040237,-0.8357315,-1.513847,-0.8312988
52.158329010009766,,,,,,,,,,,,,,,-1.117409,-1.113564,0.6418304,0.07337189,-0.2174835,-0.2867737,0.8796234,-1.062614,0.6712151,-0.7860413,0.3110733,-0.8278275,-0.05596542,-0.8205643,-0.06378937,-0.7620316,-10.39803,-4.251839,-2.041695,-2.097641,-6.690201,-1.142502,-2.040237,-0.8396378,-1.504082,-0.8322754
52.166666666666664,-1.0,-598.0,-38.0,-139.0,-6.0,-1575.0,-12.0,-5094.0,-5.0,-9366.0,-4.0,-758.0,-4.0,-3780.0,,,,,,,,,,,,,,,,,,,,,,,,,,
52.16667175292969,,,,,,,,,,,,,,,-1.120338,-1.109657,0.6418304,0.06751251,-0.2204132,-0.2789612,0.8757172,-1.058708,0.6585197,-0.7938538,0.3052139,-0.8239212,-0.05694199,-0.8215408,-0.05988312,-0.7630081,-10.41463,-4.266487,-2.042671,-2.074203,-6.689224,-1.141525,-2.041214,-0.8494034,-1.49334,-0.8312988
52.17499923706055,,,,,,,,,,,,,,,-1.124245,-1.106728,0.642807,0.06555939,-0.2204132,-0.2711487,0.8727875,-1.054802,0.6438713,-0.7987366,0.3022842,-0.8180618,-0.05498886,-0.8215408,-0.05597687,-0.7620316,-10.42732,-4.286995,-2.041695,-2.052719,-6.692154,-1.142502,-2.044144,-0.8601456,-1.48455,-0.8293457
52.18333053588867,,,,,,,,,,,,,,,-1.127174,-1.105751,0.6408539,0.06458282,-0.2223663,-0.2662659,0.8698578,-1.047966,0.6301994,-0.7997131,0.3003311,-0.8112259,-0.05205917,-0.8215408,-0.05207062,-0.761055,-10.44099,-4.310432,-2.042671,-2.035141,-6.695084,-1.145432,-2.04805,-0.8718643,-1.478691,-0.826416
52.19166946411133,,,,,,,,,,,,,,,-1.130104,-1.104774,0.6389008,0.06555939,-0.2223663,-0.2643127,0.8669281,-1.04113,0.6194572,-0.7987366,0.2993546,-0.8073196,-0.04912949,-0.8195877,-0.04816437,-0.7591019,-10.44685,-4.332893,-2.042671,-2.026352,-6.698013,-1.146408,-2.05098,-0.8816299,-1.480644,-0.8234863
52.2,-1.0,-597.0,-38.0,-142.0,-5.0,-1576.0,-12.0,-5098.0,-5.0,-9371.0,-4.0,-754.0,-4.0,-3778.0,,,,,,,,,,,,,,,,,,,,,,,,,,
52.20000076293945,,,,,,,,,,,,,,,-1.130104,-1.098915,0.6349945,0.06653595,-0.2233429,-0.2662659,0.8639984,-1.034294,0.6096916,-0.7967834,0.298378,-0.8063431,-0.04717636,-0.8127518,-0.04621124,-0.7581253,-10.45076,-4.350471,-2.045601,-2.023422,-6.70192,-1.141525,-2.051956,-0.8845596,-1.480644,-0.8244629
52.20832824707031,,,,,,,,,,,,,,,-1.130104,-1.091103,0.6310883,0.06458282,-0.225296,-0.268219,0.8610687,-1.027458,0.6048088,-0.7928772,0.2974014,-0.8073196,-0.04424667,-0.8039627,-0.04425812,-0.7571487,-10.45174,-4.360237,-2.049507,-2.025375,-6.707779,-1.133713,-2.052933,-0.8826065,-1.481621,-0.8273926
52.216670989990234,,,,,,,,,,,,,,,-1.130104,-1.082314,0.6291351,0.06165314,-0.2282257,-0.2731018,0.8571625,-1.018669,0.599926,-0.7909241,0.2915421,-0.813179,-0.04424667,-0.7912674,-0.04328156,-0.7551956,-10.45369,-4.363167,-2.055367,-2.031235,-6.710709,-1.121994,-2.05098,-0.874794,-1.48748,-0.8342285
52.224998474121094,,,,,,,,,,,,,,,-1.127174,-1.076454,0.627182,0.05384064,-0.2311554,-0.2799377,0.8522797,-1.014763,0.5989494,-0.7919006,0.2876358,-0.8278275,-0.0461998,-0.7746658,-0.04132843,-0.7532425,-10.45271,-4.355354,-2.061226,-2.037094,-6.714615,-1.105392,-2.047073,-0.8630753,-1.49334,-0.8449707
52.23332977294922,,,,,,,,,,,,,,,-1.126198,-1.068642,0.6281586,0.04505157,-0.2311554,-0.2857971,0.8473969,-1.013786,0.5969963,-0.7967834,0.2817764,-0.8454056,-0.05010605,-0.760994,-0.04035187,-0.7522659,-10.45369,-4.339729,-2.067085,-2.042953,-6.718521,-1.087814,-2.036331,-0.8454971,-1.504082,-0.8566895
52.233333333333334,-1.0,-598.0,-38.0,-142.0,-5.0,-1578.0,-12.0,-5099.0,-6.0,-9377.0,-4.0,-752.0,-4.0,-3780.0,,,,,,,,,,,,,,,,,,,,,,,,,,
52.241668701171875,,,,,,,,,,,,,,,-1.125221,-1.065712,0.6281586,0.03723907,-0.2301788,-0.2887268,0.842514,-1.015739,0.5969963,-0.8036194,0.2759171,-0.8678665,-0.05303574,-0.7492752,-0.03937531,-0.7503128,-10.45369,-4.319221,-2.072945,-2.044907,-6.719498,-1.073166,-2.025589,-0.8269424,-1.517754,-0.8713379
52.25,,,,,,,,,,,,,,,-1.124245,-1.065712,0.6301117,0.03235626,-0.2282257,-0.2887268,0.8376312,-1.022575,0.5969963,-0.8114319,0.2720108,-0.8893509,-0.05596542,-0.7443924,-0.03937531,-0.74543,-10.45564,-4.296761,-2.077827,-2.044907,-6.721451,-1.058517,-2.015823,-0.8093643,-1.533379,-0.8859863
52.258331298828125,,,,,,,,,,,,,,,-1.124245,-1.068642,0.6291351,0.0313797,-0.2243195,-0.2857971,0.8327484,-1.033318,0.5979729,-0.8182678,0.2710342,-0.9088821,-0.05987167,-0.7492752,-0.03644562,-0.7405472,-10.45662,-4.273323,-2.077827,-2.042953,-6.721451,-1.048752,-2.007034,-0.7927628,-1.54998,-0.8986816
52.266666666666666,-1.0,-600.0,-38.0,-138.0,-5.0,-1579.0,-12.0,-5098.0,-6.0,-9381.0,-4.0,-747.0,-4.0,-3781.0,,,,,,,,,,,,,,,,,,,,,,,,,,
52.26667022705078,,,,,,,,,,,,,,,-1.123268,-1.077431,0.627182,0.03528595,-0.2184601,-0.2799377,0.8278656,-1.048943,0.5989494,-0.8251038,0.2729874,-0.9245071,-0.05791855,-0.7600174,-0.03546906,-0.7356644,-10.46053,-4.255745,-2.076851,-2.039047,-6.72438,-1.043869,-2.003128,-0.7771378,-1.570488,-0.9084473
52.275001525878906,,,,,,,,,,,,,,,-1.125221,-1.090126,0.6242523,0.04407501,-0.2135773,-0.2750549,0.8249359,-1.063591,0.6028557,-0.82901,0.2778702,-0.9332962,-0.05596542,-0.7756424,-0.03449249,-0.7268753,-10.4615,-4.242073,-2.070015,-2.037094,-6.720474,-1.043869,-1.999222,-0.7605362,-1.58416,-0.9162598
52.283329010009766,,,,,,,,,,,,,,,-1.124245,-1.104774,0.6203461,0.0548172,-0.2077179,-0.2721252,0.8200531,-1.078239,0.6057854,-0.8319397,0.2847061,-0.9323196,-0.0540123,-0.7932205,-0.03058624,-0.7219925,-10.46541,-4.236214,-2.064156,-2.037094,-6.715591,-1.045822,-1.999222,-0.7449112,-1.594902,-0.9191895
52.29167175292969,,,,,,,,,,,,,,,-1.124245,-1.11747,0.6144867,0.06848907,-0.2038116,-0.2731018,0.8171234,-1.092888,0.6087151,-0.8319397,0.2915421,-0.9235306,-0.05010605,-0.8059158,-0.02863312,-0.7151566,-10.46931,-4.238167,-2.059273,-2.037094,-6.715591,-1.045822,-1.999222,-0.7322159,-1.596855,-0.9162598
52.29999923706055,,,,,,,,,,,,,,,-1.122292,-1.129189,0.6105804,0.08118439,-0.1999054,-0.2789612,0.8141937,-1.10656,0.6145744,-0.82901,0.2974014,-0.9079056,-0.0461998,-0.8137283,-0.02863312,-0.7083206,-10.47615,-4.245979,-2.050484,-2.038071,-6.715591,-1.046799,-2.004105,-0.7214737,-1.594902,-0.9094238
52.3,-1.0,-601.0,-38.0,-134.0,-5.0,-1585.0,-12.0,-5094.0,-6.0,-9386.0,-4.0,-742.0,-4.0,-3784.0,,,,,,,,,,,,,,,,,,,,,,,,,,
52.30833053588867,,,,,,,,,,,,,,,-1.123268,-1.138954,0.6096039,0.0938797,-0.1959991,-0.2887268,0.811264,-1.117302,0.6165276,-0.8270569,0.2993546,-0.8873978,-0.04522324,-0.8156815,-0.02863312,-0.7044144,-10.48201,-4.258675,-2.053413,-2.037094,-6.714615,-1.043869,-2.007034,-0.7146378,-1.590019,-0.8977051
52.31666946411133,,,,,,,,,,,,,,,-1.123268,-1.146767,0.6086273,0.1046219,-0.1920929,-0.3004456,0.8063812,-1.129021,0.6165276,-0.8260803,0.298378,-0.8688431,-0.04131699,-0.8117752,-0.02960968,-0.7024612,-10.48982,-4.270393,-2.05732,-2.035141,-6.717545,-1.038986,-2.009964,-0.7117081,-1.58416,-0.8840332
52.32500076293945,,,,,,,,,,,,,,,-1.124245,-1.14872,0.6105804,0.1095047,-0.1881866,-0.3102112,0.8044281,-1.143669,0.6165276,-0.8260803,0.2944717,-0.8493118,-0.0383873,-0.8059158,-0.03156281,-0.7014847,-10.49666,-4.281136,-2.067085,-2.032211,-6.723404,-1.03215,-2.012894,-0.7175674,-1.577324,-0.8674316
52.33332824707031,,,,,,,,,,,,,,,-1.124245,-1.150673,0.6144867,0.1134109,-0.1833038,-0.315094,0.8005219,-1.156364,0.6145744,-0.8299866,0.2905655,-0.83564,-0.03448105,-0.8020096,-0.03644562,-0.7024612,-10.50447,-4.290901,-2.076851,-2.030258,-6.72731,-1.023361,-2.018753,-0.7253799,-1.573418,-0.8518066
52.333333333333336,-1.0,-603.0,-39.0,-131.0,-5.0,-1591.0,-13.0,-5090.0,-5.0,-9393.0,-5.0,-741.0,-5.0,-3785.0,,,,,,,,,,,,,,,,,,,,,,,,,,
52.341670989990234,,,,,,,,,,,,,,,-1.123268,-1.151649,0.6183929,0.1153641,-0.1774445,-0.3160706,0.7985687,-1.168083,0.6135979,-0.8358459,0.282753,-0.8278275,-0.02862167,-0.8020096,-0.03937531,-0.7073441,-10.50838,-4.298714,-2.089546,-2.028305,-6.732193,-1.018478,-2.024612,-0.7400284,-1.572441,-0.8381348
52.349998474121094,,,,,,,,,,,,,,,-1.123268,-1.153603,0.6222992,0.1143875,-0.1735382,-0.3141174,0.7995453,-1.176872,0.6126213,-0.8436584,0.2817764,-0.8239212,-0.02373886,-0.8049393,-0.04230499,-0.7102737,-10.51033,-4.300667,-2.101265,-2.031235,-6.736099,-1.015549,-2.032425,-0.7576065,-1.571465,-0.826416
52.35832977294922,,,,,,,,,,,,,,,-1.121315,-1.154579,0.627182,0.1114578,-0.169632,-0.3102112,0.8005219,-1.178825,0.6096916,-0.8553772,0.2788467,-0.8219681,-0.01690292,-0.8107986,-0.04621124,-0.71418,-10.50838,-4.300667,-2.111031,-2.038071,-6.738052,-1.017502,-2.041214,-0.7722549,-1.571465,-0.8205566
52.36666666666667,0.0,-605.0,-39.0,-130.0,-4.0,-1596.0,-13.0,-5089.0,-5.0,-9400.0,-4.0,-741.0,-4.0,-3787.0,,,,,,,,,,,,,,,,,,,,,,,,,,
52.366668701171875,,,,,,,,,,,,,,,-1.117409,-1.151649,0.6301117,0.1075516,-0.1686554,-0.3063049,0.8034515,-1.175896,0.6116447,-0.8641663,0.2788467,-0.8239212,-0.01299667,-0.8176346,-0.04816437,-0.7180862,-10.50349,-4.301643,-2.11982,-2.050766,-6.735123,-1.023361,-2.047073,-0.7839737,-1.569511,-0.817627
52.375,,,,,,,,,,,,,,,-1.110573,-1.14872,0.6340179,0.1046219,-0.1686554,-0.3053284,0.8063812,-1.16906,0.6116447,-0.8680725,0.282753,-0.8248978,-0.01202011,-0.823494,-0.05011749,-0.7200394,-10.49763,-4.29969,-2.123726,-2.065414,-6.73317,-1.03215,-2.053909,-0.7908096,-1.566582,-0.817627
52.383331298828125,,,,,,,,,,,,,,,-1.10276,-1.144814,0.6330414,0.1026688,-0.1715851,-0.3053284,0.8093109,-1.157341,0.6145744,-0.8690491,0.2876358,-0.8278275,-0.01299667,-0.8254471,-0.05011749,-0.7200394,-10.48885,-4.297737,-2.124702,-2.081039,-6.732193,-1.039963,-2.057816,-0.7947159,-1.561699,-0.8234863
52.39167022705078,,,,,,,,,,,,,,,-1.092995,-1.136024,0.6301117,0.1016922,-0.1745148,-0.3092346,0.8102875,-1.145622,0.6135979,-0.8680725,0.2954483,-0.8317337,-0.01690292,-0.823494,-0.05207062,-0.7180862,-10.48006,-4.297737,-2.129585,-2.094711,-6.732193,-1.047775,-2.059769,-0.7947159,-1.561699,-0.8293457
52.4,0.0,-607.0,-39.0,-131.0,-5.0,-1601.0,-13.0,-5093.0,-5.0,-9407.0,-5.0,-740.0,-4.0,-3785.0,,,,,,,,,,,,,,,,,,,,,,,,,,
52.400001525878906,,,,,,,,,,,,,,,-1.084206,-1.126259,0.627182,0.1026688,-0.1803741,-0.315094,0.811264,-1.13488,0.6145744,-0.8631897,0.3022842,-0.83564,-0.0227623,-0.8156815,-0.04914093,-0.7180862,-10.47517,-4.294807,-2.131538,-2.104477,-6.732193,-1.054611,-2.057816,-0.7888565,-1.559746,-0.8361816
52.408329010009766,,,,,,,,,,,,,,,-1.072487,-1.113564,0.6232758,0.1036453,-0.1823273,-0.3190002,0.8102875,-1.126091,0.6096916,-0.8583069,0.3130264,-0.8405228,-0.02764511,-0.8039627,-0.04914093,-0.7219925,-10.47029,-4.288948,-2.136421,-2.10643,-6.737076,-1.056564,-2.052933,-0.7849503,-1.560722,-0.8430176
52.41667175292969,,,,,,,,,,,,,,,-1.061745,-1.102821,0.6164398,0.1055984,-0.1862335,-0.3190002,0.8093109,-1.118279,0.6048088,-0.8534241,0.3198624,-0.8473587,-0.03252792,-0.7893143,-0.04621124,-0.729805,-10.46736,-4.284065,-2.140327,-2.102524,-6.744888,-1.056564,-2.04512,-0.781044,-1.564629,-0.8439941
52.42499923706055,,,,,,,,,,,,,,,-1.052956,-1.092079,0.6105804,0.106575,-0.1862335,-0.3141174,0.8083344,-1.114372,0.6009026,-0.8495178,0.3276749,-0.851265,-0.03545761,-0.7727127,-0.04523468,-0.7385941,-10.46541,-4.275276,-2.141304,-2.093735,-6.749771,-1.055588,-2.043167,-0.7761612,-1.572441,-0.8410645
52.43333053588867,,,,,,,,,,,,,,,-1.047096,-1.082314,0.6056976,0.1036453,-0.1862335,-0.3043518,0.8073578,-1.108513,0.5940666,-0.8504944,0.3325577,-0.8541946,-0.03936386,-0.7551346,-0.04230499,-0.7522659,-10.46248,-4.267464,-2.142281,-2.07811,-6.756607,-1.051682,-2.037308,-0.7703018,-1.580254,-0.8322754
52.43333333333333,0.0,-608.0,-39.0,-135.0,-5.0,-1603.0,-13.0,-5094.0,-5.0,-9411.0,-6.0,-739.0,-4.0,-3785.0,,,,,,,,,,,,,,,,,,,,,,,,,,
52.44166946411133,,,,,,,,,,,,,,,-1.04612,-1.073524,0.6008148,0.09680939,-0.1872101,-0.2906799,0.8073578,-1.1007,0.5872307,-0.8534241,0.3345108,-0.8590775,-0.04034042,-0.7375565,-0.04132843,-0.7669144,-10.45857,-4.258675,-2.136421,-2.060532,-6.76149,-1.046799,-2.036331,-0.7634659,-1.588066,-0.8205566
52.45000076293945,,,,,,,,,,,,,,,-1.050026,-1.067665,0.5978851,0.09095001,-0.1881866,-0.2740784,0.8054047,-1.092888,0.5823479,-0.8583069,0.3335342,-0.860054,-0.04424667,-0.7248611,-0.04132843,-0.7796097,-10.45076,-4.251839,-2.128609,-2.044907,-6.763443,-1.03801,-2.041214,-0.7527237,-1.594902,-0.8098145
52.45832824707031,,,,,,,,,,,,,,,-1.057838,-1.064735,0.5969086,0.08509064,-0.1901398,-0.2574768,0.8005219,-1.083122,0.5784416,-0.8661194,0.3306046,-0.860054,-0.04815292,-0.7150955,-0.04035187,-0.7913284,-10.44099,-4.245003,-2.117867,-2.029282,-6.765396,-1.028244,-2.047073,-0.7380753,-1.597832,-0.8000488
52.46666666666667,0.0,-608.0,-38.0,-139.0,-5.0,-1603.0,-12.0,-5095.0,-5.0,-9412.0,-6.0,-741.0,-3.0,-3785.0,,,,,,,,,,,,,,,,,,,,,,,,,,
52.466670989990234,,,,,,,,,,,,,,,-1.07151,-1.065712,0.5969086,0.0782547,-0.1930695,-0.2418518,0.7966156,-1.071404,0.5784416,-0.8749084,0.3237686,-0.8629837,-0.05498886,-0.7092361,-0.04132843,-0.7991409,-10.43025,-4.242073,-2.106148,-2.01561,-6.768326,-1.019455,-2.057816,-0.7263565,-1.595879,-0.7932129
52.474998474121094,,,,,,,,,,,,,,,-1.087135,-1.070595,0.6008148,0.07239532,-0.1979523,-0.2320862,0.7888031,-1.061638,0.5813713,-0.8817444,0.3188858,-0.86689,-0.06280136,-0.707283,-0.04230499,-0.8030472,-10.42342,-4.242073,-2.094429,-2.005844,-6.770279,-1.014572,-2.065628,-0.7126846,-1.591972,-0.7912598
52.48332977294922,,,,,,,,,,,,,,,-1.098854,-1.078407,0.6066742,0.06751251,-0.2028351,-0.2262268,0.7819672,-1.055779,0.584301,-0.8876038,0.3100967,-0.875679,-0.07061386,-0.7092361,-0.04132843,-0.8050003,-10.41951,-4.244026,-2.083687,-2.001938,-6.777115,-1.007736,-2.074417,-0.6990128,-1.582207,-0.7971191
52.491668701171875,,,,,,,,,,,,,,,-1.107643,-1.090126,0.6135101,0.06555939,-0.2077179,-0.2262268,0.7731781,-1.054802,0.5901604,-0.8905334,0.3022842,-0.8844681,-0.0774498,-0.714119,-0.03937531,-0.8040237,-10.42146,-4.248909,-2.076851,-1.999008,-6.784927,-1.0009,-2.077347,-0.6921768,-1.571465,-0.8029785
52.5,0.0,-607.0,-38.0,-140.0,-5.0,-1599.0,-12.0,-5099.0,-4.0,-9411.0,-6.0,-742.0,-2.0,-3785.0,-1.114479,-1.105751,0.6203461,0.06555939,-0.2116241,-0.2291565,0.7663422,-1.058708,0.5960197,-0.8885803,0.2934952,-0.8932571,-0.08330917,-0.7209549,-0.03742218,-0.8010941,-10.43025,-4.253792,-2.073921,-2.002914,-6.794693,-0.996994,-2.080276,-0.6882706,-1.561699,-0.8117676
52.508331298828125,,,,,,,,,,,,,,,-1.117409,-1.122353,0.627182,0.06458282,-0.2174835,-0.2350159,0.7604828,-1.065544,0.6018791,-0.8836975,0.2856827,-0.9010696,-0.08330917,-0.7307205,-0.03058624,-0.7971878,-10.44392,-4.256721,-2.076851,-2.010727,-6.807388,-0.9921112,-2.075394,-0.6892471,-1.551933,-0.8205566
52.51667022705078,,,,,,,,,,,,,,,-1.116432,-1.137001,0.6330414,0.0626297,-0.2194366,-0.2418518,0.7556,-1.076286,0.6038322,-0.8749084,0.2788467,-0.9049759,-0.08623886,-0.7404861,-0.02765656,-0.7893753,-10.45955,-4.257698,-2.086617,-2.019516,-6.817154,-0.9891815,-2.071487,-0.6931534,-1.546074,-0.826416
52.525001525878906,,,,,,,,,,,,,,,-1.114479,-1.149696,0.6369476,0.06067657,-0.2243195,-0.2486877,0.7536469,-1.088005,0.6067619,-0.8641663,0.2729874,-0.9039993,-0.08330917,-0.7531815,-0.02277374,-0.7796097,-10.47713,-4.254768,-2.100288,-2.027328,-6.827896,-0.9852753,-2.067581,-0.6990128,-1.544121,-0.833252
52.533329010009766,,,,,,,,,,,,,,,-1.114479,-1.161415,0.6379242,0.06067657,-0.2233429,-0.2555237,0.7526703,-1.097771,0.6057854,-0.8544006,0.2690811,-0.8991165,-0.07842636,-0.7668533,-0.02375031,-0.7669144,-10.48982,-4.246956,-2.120796,-2.034164,-6.836685,-0.9823456,-2.061722,-0.7058487,-1.546074,-0.8430176
52.53333333333333,0.0,-608.0,-38.0,-142.0,-5.0,-1598.0,-11.0,-5103.0,-4.0,-9412.0,-7.0,-738.0,-2.0,-3785.0,,,,,,,,,,,,,,,,,,,,,,,,,,
52.54167175292969,,,,,,,,,,,,,,,-1.115456,-1.172157,0.6359711,0.06165314,-0.2233429,-0.2623596,0.7536469,-1.104607,0.6018791,-0.844635,0.267128,-0.8932571,-0.07354355,-0.7795486,-0.02277374,-0.7522659,-10.49568,-4.236214,-2.142281,-2.038071,-6.838638,-0.9833221,-2.059769,-0.7117081,-1.549004,-0.8527832
52.54999923706055,,,,,,,,,,,,,,,-1.118385,-1.178993,0.6330414,0.06165314,-0.2223663,-0.2711487,0.7546234,-1.108513,0.5979729,-0.8368225,0.2690811,-0.8844681,-0.06866074,-0.7932205,-0.02570343,-0.7356644,-10.49763,-4.222542,-2.161812,-2.038071,-6.837662,-0.9891815,-2.063675,-0.7156143,-1.55291,-0.8654785
52.55833053588867,,,,,,,,,,,,,,,-1.121315,-1.182899,0.627182,0.06165314,-0.2233429,-0.2818909,0.7575531,-1.108513,0.5940666,-0.82901,0.2720108,-0.8776321,-0.06475449,-0.8039627,-0.03156281,-0.7180862,-10.49568,-4.2118,-2.178413,-2.035141,-6.834732,-0.9960175,-2.067581,-0.718544,-1.558769,-0.8811035
52.56666666666667,-1.0,-610.0,-39.0,-143.0,-6.0,-1599.0,-11.0,-5111.0,-5.0,-9412.0,-7.0,-731.0,-2.0,-3786.0,,,,,,,,,,,,,,,,,,,,,,,,,,
52.56666946411133,,,,,,,,,,,,,,,-1.124245,-1.183876,0.6193695,0.05774689,-0.2243195,-0.2965393,0.7634125,-1.107536,0.5901604,-0.8231506,0.2768936,-0.8747025,-0.06280136,-0.8127518,-0.04035187,-0.7005081,-10.48885,-4.203987,-2.188179,-2.034164,-6.82399,-1.005783,-2.073441,-0.7195206,-1.563652,-0.8967285
52.57500076293945,,,,,,,,,,,,,,,-1.125221,-1.181923,0.6096039,0.05384064,-0.2282257,-0.3121643,0.7673187,-1.107536,0.5872307,-0.8192444,0.2798233,-0.8727493,-0.06084824,-0.8195877,-0.04718781,-0.6839066,-10.48299,-4.202034,-2.193062,-2.035141,-6.816177,-1.012619,-2.080276,-0.7165909,-1.568535,-0.911377
52.58332824707031,,,,,,,,,,,,,,,-1.121315,-1.178017,0.6008148,0.04602814,-0.2331085,-0.3268127,0.7722015,-1.108513,0.5833244,-0.8172913,0.2837296,-0.8727493,-0.06084824,-0.8215408,-0.05402374,-0.6721878,-10.48006,-4.206917,-2.193062,-2.039047,-6.809341,-1.016525,-2.088089,-0.7136612,-1.574394,-0.9221191
52.591670989990234,,,,,,,,,,,,,,,-1.118385,-1.173134,0.5890961,0.03235626,-0.2389679,-0.3404846,0.7761078,-1.111443,0.5813713,-0.8163147,0.2856827,-0.8747025,-0.0618248,-0.8195877,-0.06281281,-0.6633987,-10.47615,-4.217659,-2.189156,-2.047836,-6.804459,-1.018478,-2.092972,-0.7117081,-1.58123,-0.9250488
52.599998474121094,,,,,,,,,,,,,,,-1.114479,-1.168251,0.5822601,0.01868439,-0.2418976,-0.3492737,0.7770844,-1.116325,0.5784416,-0.8211975,0.2866592,-0.8786087,-0.06377792,-0.8147049,-0.06574249,-0.6633987,-10.47322,-4.230354,-2.184273,-2.058578,-6.798599,-1.013596,-2.091019,-0.7078018,-1.589043,-0.9230957
52.6,-1.0,-610.0,-39.0,-141.0,-6.0,-1600.0,-12.0,-5118.0,-5.0,-9414.0,-7.0,-729.0,-1.0,-3790.0,,,,,,,,,,,,,,,,,,,,,,,,,,
52.60832977294922,,,,,,,,,,,,,,,-1.10862,-1.163368,0.5764008,0.00403595,-0.2448273,-0.3531799,0.7790375,-1.129021,0.5745354,-0.8299866,0.2856827,-0.882515,-0.06573105,-0.8039627,-0.06671906,-0.6712112,-10.46834,-4.239143,-2.181343,-2.067368,-6.803482,-1.00383,-2.091019,-0.7048721,-1.595879,-0.9152832
52.616668701171875,,,,,,,,,,,,,,,-1.103737,-1.162392,0.5744476,-0.005729675,-0.2428741,-0.3541565,0.7790375,-1.145622,0.5696526,-0.8426819,0.2866592,-0.8834915,-0.06573105,-0.7902908,-0.06671906,-0.6858597,-10.4615,-4.245979,-2.177437,-2.07225,-6.807388,-0.9950409,-2.090042,-0.7068253,-1.604668,-0.904541
52.625,,,,,,,,,,,,,,,-1.103737,-1.165321,0.5724945,-0.009635925,-0.2389679,-0.3492737,0.7790375,-1.161247,0.5628166,-0.8573303,0.2837296,-0.8864212,-0.06377792,-0.7727127,-0.06378937,-0.7053909,-10.45467,-4.247932,-2.177437,-2.07225,-6.810318,-0.9823456,-2.086136,-0.7097549,-1.608574,-0.895752
52.633331298828125,,,,,,,,,,,,,,,-1.104713,-1.17411,0.5724945,-0.0076828,-0.2340851,-0.3395081,0.7790375,-1.177849,0.5579338,-0.8680725,0.282753,-0.8893509,-0.05694199,-0.7551346,-0.05597687,-0.7268753,-10.45076,-4.245979,-2.174507,-2.069321,-6.814224,-0.9706268,-2.087112,-0.7136612,-1.60955,-0.8908691
52.63333333333333,-1.0,-610.0,-39.0,-139.0,-6.0,-1600.0,-12.0,-5118.0,-5.0,-9418.0,-7.0,-727.0,-1.0,-3796.0,,,,,,,,,,,,,,,,,,,,,,,,,,
52.64167022705078,,,,,,,,,,,,,,,-1.10862,-1.184853,0.5734711,0.001106262,-0.2243195,-0.3268127,0.7780609,-1.191521,0.5540276,-0.8749084,0.2817764,-0.8922806,-0.05205917,-0.7395096,-0.05011749,-0.7464066,-10.44783,-4.241096,-2.170601,-2.061508,-6.813248,-0.9628143,-2.092972,-0.7214737,-1.60955,-0.888916
52.650001525878906,,,,,,,,,,,,,,,-1.114479,-1.195595,0.5724945,0.0157547,-0.2194366,-0.3170471,0.7819672,-1.199333,0.5540276,-0.8768616,0.2788467,-0.8932571,-0.04522324,-0.7277908,-0.04230499,-0.7591019,-10.45174,-4.23719,-2.166695,-2.052719,-6.807388,-0.9589081,-2.100784,-0.734169,-1.605644,-0.8908691
52.658329010009766,,,,,,,,,,,,,,,-1.121315,-1.20536,0.5705414,0.03626251,-0.2174835,-0.3063049,0.7829437,-1.203239,0.5559807,-0.8729553,0.2739639,-0.8952103,-0.03936386,-0.722908,-0.03253937,-0.7678909,-10.4576,-4.236214,-2.162788,-2.047836,-6.799576,-0.956955,-2.111526,-0.7517471,-1.600761,-0.895752
52.666666666666664,0.0,-608.0,-39.0,-135.0,-6.0,-1596.0,-13.0,-5114.0,-5.0,-9425.0,-7.0,-722.0,0.0,-3800.0,,,,,,,,,,,,,,,,,,,,,,,,,,
52.66667175292969,,,,,,,,,,,,,,,-1.129128,-1.21122,0.5666351,0.0548172,-0.2174835,-0.3004456,0.7858734,-1.202263,0.5608635,-0.8651428,0.2690811,-0.89814,-0.0383873,-0.7238846,-0.02765656,-0.7688675,-10.46931,-4.24012,-2.153999,-2.044907,-6.78688,-0.9589081,-2.125198,-0.7683487,-1.591972,-0.8996582
52.67499923706055,,,,,,,,,,,,,,,-1.13694,-1.21122,0.5656586,0.07239532,-0.2223663,-0.2975159,0.7858734,-1.199333,0.5676994,-0.8573303,0.2661514,-0.9020462,-0.04034042,-0.729744,-0.02277374,-0.7639847,-10.48299,-4.248909,-2.147163,-2.048813,-6.778091,-0.9647675,-2.136917,-0.7849503,-1.58416,-0.9006348
52.68333053588867,,,,,,,,,,,,,,,-1.143776,-1.20536,0.5656586,0.08509064,-0.225296,-0.299469,0.7848969,-1.196404,0.5764885,-0.8534241,0.2622452,-0.9049759,-0.04717636,-0.738533,-0.02277374,-0.7571487,-10.49666,-4.263557,-2.142281,-2.054672,-6.769302,-0.9735565,-2.145706,-0.7995987,-1.577324,-0.8967285
52.69166946411133,,,,,,,,,,,,,,,-1.150612,-1.196571,0.5685883,0.09095001,-0.2301788,-0.3072815,0.7829437,-1.19445,0.5833244,-0.8544006,0.2612686,-0.906929,-0.05694199,-0.7531815,-0.02277374,-0.7503128,-10.50545,-4.278206,-2.140327,-2.063461,-6.76442,-0.9862518,-2.150589,-0.8103409,-1.572441,-0.8918457
52.7,0.0,-608.0,-38.0,-131.0,-6.0,-1593.0,-13.0,-5111.0,-6.0,-9431.0,-6.0,-719.0,0.0,-3801.0,,,,,,,,,,,,,,,,,,,,,,,,,,
52.70000076293945,,,,,,,,,,,,,,,-1.155495,-1.184853,0.5754242,0.09192657,-0.2340851,-0.3170471,0.7761078,-1.193474,0.5891838,-0.8612366,0.2651749,-0.9079056,-0.0696373,-0.7658768,-0.02472687,-0.7473831,-10.51326,-4.289925,-2.141304,-2.073227,-6.768326,-1.0009,-2.150589,-0.8142471,-1.568535,-0.8840332
52.70832824707031,,,,,,,,,,,,,,,-1.157448,-1.171181,0.5842133,0.08899689,-0.2370148,-0.3268127,0.7692719,-1.192497,0.5901604,-0.8719788,0.2690811,-0.906929,-0.08135605,-0.7756424,-0.02863312,-0.7512894,-10.51912,-4.300667,-2.144234,-2.085922,-6.775162,-1.018478,-2.146683,-0.8103409,-1.566582,-0.8742676
52.716670989990234,,,,,,,,,,,,,,,-1.160378,-1.160439,0.5930023,0.08313751,-0.2399445,-0.3356018,0.7634125,-1.189568,0.5882072,-0.8856506,0.2768936,-0.9049759,-0.09112167,-0.785408,-0.03156281,-0.761055,-10.52205,-4.30555,-2.149117,-2.097641,-6.783951,-1.038986,-2.136917,-0.8015518,-1.566582,-0.8654785
52.724998474121094,,,,,,,,,,,,,,,-1.162331,-1.154579,0.6037445,0.07630157,-0.2399445,-0.3385315,0.7565765,-1.184685,0.584301,-0.9012756,0.2837296,-0.9030228,-0.09795761,-0.7951736,-0.03644562,-0.7776566,-10.52693,-4.30555,-2.154976,-2.10643,-6.794693,-1.055588,-2.127151,-0.7849503,-1.573418,-0.8596191
52.73332977294922,,,,,,,,,,,,,,,-1.162331,-1.152626,0.6086273,0.06946564,-0.2428741,-0.3375549,0.7497406,-1.177849,0.5803947,-0.9159241,0.2905655,-0.8961868,-0.1047935,-0.7990799,-0.04035187,-0.8001175,-10.53181,-4.300667,-2.158882,-2.112289,-6.805435,-1.075119,-2.121292,-0.7663956,-1.58416,-0.8537598
52.733333333333334,0.0,-605.0,-37.0,-124.0,-6.0,-1591.0,-12.0,-5108.0,-5.0,-9438.0,-5.0,-716.0,0.0,-3805.0,,,,,,,,,,,,,,,,,,,,,,,,,,
52.741668701171875,,,,,,,,,,,,,,,-1.16526,-1.156532,0.6135101,0.06555939,-0.2448273,-0.3356018,0.7448578,-1.167107,0.5745354,-0.9266663,0.2974014,-0.8903275,-0.1057701,-0.8000565,-0.04425812,-0.8274612,-10.5367,-4.293831,-2.162788,-2.115219,-6.808365,-1.091721,-2.115433,-0.7517471,-1.596855,-0.8479004
52.75,,,,,,,,,,,,,,,-1.16819,-1.162392,0.6135101,0.06360626,-0.247757,-0.3297424,0.7438812,-1.153435,0.5716057,-0.9374084,0.3013077,-0.8873978,-0.1057701,-0.801033,-0.04718781,-0.8518753,-10.5406,-4.287971,-2.166695,-2.111313,-6.809341,-1.104416,-2.116409,-0.7380753,-1.611504,-0.8439941
52.758331298828125,,,,,,,,,,,,,,,-1.16819,-1.173134,0.6135101,0.06165314,-0.247757,-0.3248596,0.7438812,-1.141716,0.5696526,-0.9422913,0.3042374,-0.8854446,-0.1018639,-0.801033,-0.05011749,-0.8743362,-10.54353,-4.286018,-2.166695,-2.101547,-6.808365,-1.115158,-2.122269,-0.7292862,-1.626152,-0.842041
52.766666666666666,0.0,-603.0,-37.0,-122.0,-6.0,-1590.0,-12.0,-5107.0,-5.0,-9443.0,-4.0,-712.0,0.0,-3807.0,,,,,,,,,,,,,,,,,,,,,,,,,,
52.76667022705078,,,,,,,,,,,,,,,-1.16819,-1.184853,0.611557,0.0626297,-0.2458038,-0.3229065,0.7438812,-1.13195,0.5676994,-0.9422913,0.3032608,-0.8854446,-0.09600449,-0.7981033,-0.05304718,-0.8899612,-10.54353,-4.288948,-2.167671,-2.085922,-6.804459,-1.121017,-2.132034,-0.7283096,-1.634941,-0.8410645
52.775001525878906,,,,,,,,,,,,,,,-1.166237,-1.196571,0.6086273,0.06067657,-0.2438507,-0.3219299,0.7468109,-1.125114,0.5706291,-0.9374084,0.3003311,-0.8883743,-0.09209824,-0.7951736,-0.05500031,-0.9007034,-10.54256,-4.296761,-2.168648,-2.066391,-6.797623,-1.120041,-2.14473,-0.7351456,-1.636894,-0.8410645
52.783329010009766,,,,,,,,,,,,,,,-1.162331,-1.210243,0.6086273,0.05677032,-0.2389679,-0.3219299,0.748764,-1.119255,0.5735588,-0.9286194,0.2954483,-0.8922806,-0.08916855,-0.7932205,-0.05597687,-0.9046097,-10.53767,-4.307503,-2.173531,-2.048813,-6.793716,-1.115158,-2.158401,-0.749794,-1.633965,-0.8459473
52.79167175292969,,,,,,,,,,,,,,,-1.159401,-1.220985,0.6086273,0.05579376,-0.2340851,-0.3209534,0.7526703,-1.117302,0.5745354,-0.9198303,0.2895889,-0.8961868,-0.08623886,-0.7951736,-0.05695343,-0.9007034,-10.52986,-4.319221,-2.173531,-2.030258,-6.78981,-1.105392,-2.17305,-0.7683487,-1.624199,-0.8547363
52.79999923706055,,,,,,,,,,,,,,,-1.154518,-1.227821,0.6086273,0.05384064,-0.232132,-0.3199768,0.7556,-1.119255,0.5755119,-0.9090881,0.2847061,-0.89814,-0.0852623,-0.7971268,-0.05597687,-0.8938675,-10.5201,-4.329964,-2.175484,-2.018539,-6.78981,-1.092697,-2.181839,-0.7859268,-1.607597,-0.8654785
52.8,0.0,-602.0,-36.0,-122.0,-5.0,-1590.0,-13.0,-5108.0,-5.0,-9445.0,-4.0,-710.0,0.0,-3807.0,,,,,,,,,,,,,,,,,,,,,,,,,,
52.80833053588867,,,,,,,,,,,,,,,-1.151588,-1.233681,0.6086273,0.05384064,-0.232132,-0.3160706,0.7595062,-1.127068,0.5745354,-0.9022522,0.2798233,-0.9010696,-0.08819199,-0.801033,-0.05597687,-0.8880081,-10.51228,-4.343636,-2.17939,-2.013657,-6.78688,-1.077072,-2.189651,-0.8044815,-1.589043,-0.8771973
52.81666946411133,,,,,,,,,,,,,,,-1.151588,-1.237587,0.6096039,0.05384064,-0.2360382,-0.3111877,0.7614594,-1.13781,0.5716057,-0.9012756,0.2768936,-0.9010696,-0.09209824,-0.8068924,-0.05597687,-0.8841019,-10.50447,-4.356331,-2.18232,-2.017563,-6.78981,-1.059494,-2.194534,-0.8171768,-1.574394,-0.8918457
52.82500076293945,,,,,,,,,,,,,,,-1.151588,-1.23954,0.6105804,0.05774689,-0.2428741,-0.3053284,0.7614594,-1.152458,0.5676994,-0.9042053,0.2739639,-0.9010696,-0.09893417,-0.8137283,-0.05695343,-0.8811722,-10.49763,-4.367073,-2.180367,-2.025375,-6.79567,-1.042892,-2.196487,-0.8230362,-1.561699,-0.9055176
52.83332824707031,,,,,,,,,,,,,,,-1.153542,-1.23954,0.6086273,0.06458282,-0.2516632,-0.299469,0.7595062,-1.167107,0.5637932,-0.9149475,0.2729874,-0.9010696,-0.1057701,-0.8215408,-0.05695343,-0.8811722,-10.49471,-4.378792,-2.180367,-2.037094,-6.802505,-1.031174,-2.194534,-0.8249893,-1.55584,-0.9152832
52.833333333333336,0.0,-603.0,-36.0,-122.0,-5.0,-1591.0,-13.0,-5110.0,-5.0,-9447.0,-4.0,-709.0,0.0,-3809.0,,,,,,,,,,,,,,,,,,,,,,,,,,
52.841670989990234,,,,,,,,,,,,,,,-1.155495,-1.238564,0.6047211,0.07141876,-0.2643585,-0.2965393,0.7556,-1.177849,0.5598869,-0.9276428,0.2729874,-0.9020462,-0.1106529,-0.8332596,-0.05890656,-0.8841019,-10.49471,-4.390511,-2.17939,-2.053696,-6.814224,-1.023361,-2.189651,-0.8210831,-1.556816,-0.9240723
52.849998474121094,,,,,,,,,,,,,,,-1.157448,-1.237587,0.6008148,0.07727814,-0.2751007,-0.2955627,0.7458344,-1.185661,0.5569572,-0.9393616,0.2710342,-0.9049759,-0.1155357,-0.8420486,-0.06281281,-0.8880081,-10.49568,-4.402229,-2.17939,-2.067368,-6.82692,-1.020432,-2.183792,-0.8093643,-1.565605,-0.9309082
52.85832977294922,,,,,,,,,,,,,,,-1.155495,-1.237587,0.595932,0.08118439,-0.2848663,-0.2984924,0.7350922,-1.185661,0.5579338,-0.9491272,0.2700577,-0.906929,-0.1184654,-0.8488846,-0.06476593,-0.8899612,-10.49763,-4.411995,-2.181343,-2.081039,-6.840591,-1.022385,-2.17598,-0.7956924,-1.576347,-0.9348145
52.86666666666667,0.0,-602.0,-36.0,-123.0,-5.0,-1595.0,-13.0,-5113.0,-5.0,-9450.0,-4.0,-712.0,0.0,-3810.0,,,,,,,,,,,,,,,,,,,,,,,,,,
52.866668701171875,,,,,,,,,,,,,,,-1.156471,-1.240517,0.5881195,0.08313751,-0.2926788,-0.3043518,0.7223969,-1.178825,0.5589104,-0.9569397,0.2690811,-0.9088821,-0.1204185,-0.8557205,-0.06769562,-0.8909378,-10.49568,-4.414925,-2.189156,-2.093735,-6.850357,-1.031174,-2.167191,-0.7800674,-1.585136,-0.9367676
52.875,,,,,,,,,,,,,,,-1.156471,-1.244423,0.5812836,0.08313751,-0.2985382,-0.3121643,0.7116547,-1.1632,0.5618401,-0.9598694,0.2690811,-0.9108353,-0.1184654,-0.8654861,-0.07160187,-0.8899612,-10.49471,-4.413948,-2.199898,-2.1035,-6.857193,-1.040939,-2.154495,-0.765419,-1.594902,-0.9377441
52.883331298828125,,,,,,,,,,,,,,,-1.156471,-1.251259,0.5783539,0.08216095,-0.3014679,-0.3229065,0.7028656,-1.142693,0.5657463,-0.9559631,0.2710342,-0.9079056,-0.1184654,-0.8742752,-0.07746124,-0.886055,-10.48982,-4.407112,-2.208687,-2.10936,-6.860123,-1.050705,-2.13887,-0.749794,-1.602715,-0.9387207
52.89167022705078,,,,,,,,,,,,,,,-1.159401,-1.256142,0.5764008,0.07923126,-0.3024445,-0.3356018,0.6950531,-1.125114,0.5676994,-0.9491272,0.2739639,-0.9030228,-0.1165123,-0.8811111,-0.08136749,-0.8841019,-10.48494,-4.394417,-2.219429,-2.113266,-6.857193,-1.061447,-2.122269,-0.7390518,-1.601738,-0.9406738
52.9,0.0,-603.0,-36.0,-123.0,-5.0,-1599.0,-13.0,-5115.0,-5.0,-9454.0,-4.0,-717.0,0.0,-3812.0,,,,,,,,,,,,,,,,,,,,,,,,,,
52.900001525878906,,,,,,,,,,,,,,,-1.163307,-1.261024,0.5793304,0.07434845,-0.3024445,-0.3473206,0.6940765,-1.110466,0.5696526,-0.9403381,0.2778702,-0.8961868,-0.1155357,-0.8879471,-0.08722687,-0.8811722,-10.48201,-4.377815,-2.227242,-2.119125,-6.84938,-1.074142,-2.106644,-0.7361221,-1.600761,-0.9436035
52.908329010009766,,,,,,,,,,,,,,,-1.16526,-1.265907,0.5851898,0.06946564,-0.2975616,-0.3570862,0.6970062,-1.101677,0.5696526,-0.9286194,0.2807999,-0.8883743,-0.112606,-0.8928299,-0.09308624,-0.8792191,-10.48006,-4.361214,-2.233101,-2.123032,-6.845474,-1.085861,-2.090042,-0.7390518,-1.600761,-0.9484863
52.91667175292969,,,,,,,,,,,,,,,-1.16819,-1.26786,0.5939789,0.06751251,-0.2956085,-0.3648987,0.7028656,-1.101677,0.5647697,-0.9169006,0.2817764,-0.8834915,-0.1086998,-0.8977127,-0.09894562,-0.8782425,-10.48396,-4.348518,-2.232124,-2.124008,-6.838638,-1.098557,-2.078323,-0.7488174,-1.600761,-0.9533691
52.92499923706055,,,,,,,,,,,,,,,-1.166237,-1.265907,0.6008148,0.06555939,-0.2917023,-0.3688049,0.7106781,-1.105583,0.5637932,-0.9051819,0.2807999,-0.8786087,-0.1057701,-0.9006424,-0.1057816,-0.8801956,-10.49178,-4.339729,-2.228218,-2.126938,-6.835709,-1.114182,-2.071487,-0.7644424,-1.602715,-0.9602051
52.93333053588867,,,,,,,,,,,,,,,-1.16526,-1.262978,0.6066742,0.06165314,-0.2897491,-0.3707581,0.7214203,-1.114372,0.5608635,-0.8944397,0.2788467,-0.875679,-0.09893417,-0.9006424,-0.1106644,-0.8841019,-10.49959,-4.338753,-2.223335,-2.130844,-6.833755,-1.132736,-2.069534,-0.7790909,-1.610527,-0.9699707
52.93333333333333,-1.0,-605.0,-36.0,-124.0,-5.0,-1602.0,-13.0,-5112.0,-4.0,-9459.0,-4.0,-719.0,0.0,-3811.0,,,,,,,,,,,,,,,,,,,,,,,,,,
52.94166946411133,,,,,,,,,,,,,,,-1.161354,-1.259071,0.6096039,0.05774689,-0.287796,-0.3678284,0.7311859,-1.128044,0.5579338,-0.8846741,0.2739639,-0.8766556,-0.09502792,-0.8996658,-0.1145706,-0.8889847,-10.50838,-4.341682,-2.216499,-2.131821,-6.835709,-1.154221,-2.077347,-0.7937393,-1.623222,-0.9787598
52.95000076293945,,,,,,,,,,,,,,,-1.157448,-1.252235,0.6076508,0.05286407,-0.2858429,-0.3609924,0.7409515,-1.140739,0.5579338,-0.8778381,0.267128,-0.8815384,-0.08916855,-0.8986893,-0.1194534,-0.8928909,-10.51033,-4.345589,-2.206734,-2.128891,-6.836685,-1.174728,-2.090042,-0.8044815,-1.633965,-0.9885254
52.95832824707031,,,,,,,,,,,,,,,-1.154518,-1.244423,0.6037445,0.04602814,-0.2829132,-0.3531799,0.748764,-1.151482,0.5589104,-0.8739319,0.2622452,-0.8883743,-0.08623886,-0.8977127,-0.1223831,-0.8958206,-10.51521,-4.351448,-2.202827,-2.125961,-6.838638,-1.19426,-2.106644,-0.8093643,-1.647636,-0.9963379
52.96666666666667,-1.0,-606.0,-37.0,-124.0,-5.0,-1605.0,-13.0,-5111.0,-4.0,-9466.0,-4.0,-720.0,1.0,-3813.0,,,,,,,,,,,,,,,,,,,,,,,,,,
52.966670989990234,,,,,,,,,,,,,,,-1.154518,-1.237587,0.5978851,0.03821564,-0.2829132,-0.346344,0.7536469,-1.161247,0.5608635,-0.8729553,0.2593155,-0.8952103,-0.08428574,-0.8986893,-0.1233597,-0.8987503,-10.51424,-4.355354,-2.195992,-2.121078,-6.839615,-1.207932,-2.127151,-0.8083878,-1.655449,-1.006104
52.974998474121094,,,,,,,,,,,,,,,-1.154518,-1.226845,0.5890961,0.0313797,-0.2829132,-0.3404846,0.7556,-1.170036,0.5628166,-0.875885,0.2563858,-0.9039993,-0.08330917,-0.9006424,-0.12043,-0.8997269,-10.50935,-4.357307,-2.192085,-2.115219,-6.840591,-1.214767,-2.145706,-0.8054581,-1.659355,-1.012939
52.98332977294922,,,,,,,,,,,,,,,-1.155495,-1.218056,0.5842133,0.02454376,-0.2809601,-0.3365784,0.7536469,-1.176872,0.5647697,-0.8827209,0.2563858,-0.9108353,-0.08428574,-0.9025955,-0.1175003,-0.8977737,-10.50545,-4.358284,-2.191109,-2.110336,-6.840591,-1.216721,-2.166214,-0.8005753,-1.656425,-1.017822
52.991668701171875,,,,,,,,,,,,,,,-1.158424,-1.210243,0.5783539,0.02161407,-0.2819366,-0.3375549,0.7497406,-1.183708,0.5657463,-0.8924866,0.2573624,-0.9157181,-0.08819199,-0.9065018,-0.1106644,-0.8967972,-10.49666,-4.355354,-2.194038,-2.108383,-6.841568,-1.211838,-2.181839,-0.7947159,-1.650566,-1.020752
53.0,-1.0,-606.0,-37.0,-123.0,-5.0,-1606.0,-12.0,-5112.0,-4.0,-9471.0,-4.0,-723.0,1.0,-3818.0,-1.160378,-1.201454,0.5744476,0.02259064,-0.2819366,-0.3424377,0.7419281,-1.186638,0.5657463,-0.9042053,0.2602921,-0.9206009,-0.08916855,-0.9123611,-0.104805,-0.8928909,-10.49275,-4.354378,-2.197945,-2.108383,-6.843521,-1.202072,-2.191605,-0.7878799,-1.64373,-1.020752
53.008331298828125,,,,,,,,,,,,,,,-1.159401,-1.195595,0.5715179,0.02942657,-0.2829132,-0.3522034,0.7341156,-1.188591,0.5647697,-0.9129944,0.2632217,-0.922554,-0.09405136,-0.9201736,-0.09796906,-0.8889847,-10.48885,-4.354378,-2.203804,-2.107407,-6.845474,-1.1884,-2.200394,-0.7781143,-1.634941,-1.016846
53.01667022705078,,,,,,,,,,,,,,,-1.156471,-1.188759,0.5685883,0.04212189,-0.2838898,-0.3639221,0.7253265,-1.190544,0.5608635,-0.9198303,0.2681046,-0.9215775,-0.09600449,-0.9279861,-0.09210968,-0.8870316,-10.48982,-4.351448,-2.21064,-2.10936,-6.850357,-1.176682,-2.203323,-0.765419,-1.632011,-1.009033
53.025001525878906,,,,,,,,,,,,,,,-1.153542,-1.181923,0.5656586,0.05579376,-0.2858429,-0.3766174,0.7184906,-1.189568,0.5559807,-0.9208069,0.2720108,-0.9206009,-0.09795761,-0.9357986,-0.08820343,-0.886055,-10.49373,-4.348518,-2.217476,-2.112289,-6.853287,-1.163986,-2.2043,-0.749794,-1.632988,-0.998291
53.033329010009766,,,,,,,,,,,,,,,-1.147682,-1.178017,0.5597992,0.06751251,-0.2848663,-0.3863831,0.7136078,-1.189568,0.5510979,-0.9139709,0.2759171,-0.9206009,-0.09698105,-0.9436111,-0.08527374,-0.8850784,-10.49861,-4.345589,-2.225288,-2.113266,-6.859146,-1.152267,-2.202347,-0.7322159,-1.638847,-0.9846191
53.03333333333333,-2.0,-605.0,-37.0,-122.0,-5.0,-1606.0,-11.0,-5114.0,-3.0,-9478.0,-4.0,-727.0,2.0,-3822.0,,,,,,,,,,,,,,,,,,,,,,,,,,
53.04167175292969,,,,,,,,,,,,,,,-1.141823,-1.172157,0.5539398,0.07434845,-0.2829132,-0.3922424,0.7116547,-1.190544,0.5442619,-0.9061584,0.2798233,-0.9196243,-0.09698105,-0.9524002,-0.08429718,-0.8841019,-10.50838,-4.341682,-2.234077,-2.113266,-6.864029,-1.143478,-2.199417,-0.7126846,-1.645683,-0.9689941
53.04999923706055,,,,,,,,,,,,,,,-1.135963,-1.167274,0.5461273,0.07532501,-0.2770538,-0.393219,0.7097015,-1.193474,0.5403557,-0.89151,0.2817764,-0.9166946,-0.09600449,-0.9631424,-0.08917999,-0.8792191,-10.52107,-4.338753,-2.240913,-2.117172,-6.871841,-1.135666,-2.195511,-0.6921768,-1.653496,-0.9504395
53.05833053588867,,,,,,,,,,,,,,,-1.131081,-1.163368,0.5392914,0.06848907,-0.272171,-0.3893127,0.7116547,-1.198357,0.5364494,-0.8768616,0.2807999,-0.9147415,-0.09600449,-0.9690018,-0.09113312,-0.8753128,-10.5367,-4.338753,-2.246773,-2.123032,-6.881607,-1.13176,-2.190628,-0.6755753,-1.662285,-0.9328613
53.06666666666667,-2.0,-604.0,-37.0,-123.0,-5.0,-1608.0,-11.0,-5120.0,-3.0,-9479.0,-4.0,-728.0,3.0,-3822.0,,,,,,,,,,,,,,,,,,,,,,,,,,
53.06666946411133,,,,,,,,,,,,,,,-1.125221,-1.161415,0.5314789,0.05384064,-0.2653351,-0.3815002,0.7126312,-1.207146,0.5364494,-0.8641663,0.2749405,-0.913765,-0.09893417,-0.9738846,-0.09503937,-0.8684769,-10.55232,-4.339729,-2.247749,-2.130844,-6.892349,-1.129807,-2.187698,-0.6638565,-1.666191,-0.9152832
53.07500076293945,,,,,,,,,,,,,,,-1.122292,-1.162392,0.5236664,0.03235626,-0.2594757,-0.3688049,0.7145844,-1.217888,0.5384026,-0.8563538,0.2632217,-0.9118118,-0.103817,-0.9758377,-0.09796906,-0.8596878,-10.56306,-4.342659,-2.247749,-2.14061,-6.906998,-1.126877,-2.185745,-0.6589737,-1.667168,-0.9016113
53.08332824707031,,,,,,,,,,,,,,,-1.122292,-1.168251,0.5187836,0.009895325,-0.2575226,-0.3570862,0.7184906,-1.230583,0.5403557,-0.8504944,0.2485733,-0.9088821,-0.112606,-0.9709549,-0.1018753,-0.8518753,-10.57576,-4.349495,-2.248726,-2.151352,-6.92067,-1.123947,-2.185745,-0.6589737,-1.669121,-0.8908691
53.091670989990234,,,,,,,,,,,,,,,-1.123268,-1.172157,0.5158539,-0.008659363,-0.2584991,-0.3473206,0.7214203,-1.243279,0.5432854,-0.8495178,0.2309952,-0.9049759,-0.1213951,-0.9602127,-0.104805,-0.8469925,-10.57967,-4.358284,-2.240913,-2.159164,-6.928482,-1.121017,-2.186722,-0.6677628,-1.668144,-0.8859863
53.099998474121094,,,,,,,,,,,,,,,-1.123268,-1.175087,0.5148773,-0.02623749,-0.2624054,-0.3385315,0.7233734,-1.25695,0.5462151,-0.8475647,0.2114639,-0.9010696,-0.1301842,-0.9455643,-0.1077347,-0.8440628,-10.58064,-4.36805,-2.234077,-2.165024,-6.938248,-1.117111,-2.190628,-0.6824112,-1.669121,-0.8850098
53.1,-2.0,-602.0,-37.0,-124.0,-5.0,-1610.0,-11.0,-5126.0,-4.0,-9480.0,-4.0,-725.0,4.0,-3820.0,,,,,,,,,,,,,,,,,,,,,,,,,,
53.10832977294922,,,,,,,,,,,,,,,-1.125221,-1.178993,0.517807,-0.03600311,-0.2702179,-0.330719,0.72435,-1.268669,0.5491447,-0.8475647,0.1948624,-0.8942337,-0.1370201,-0.9289627,-0.1116409,-0.8450394,-10.57967,-4.378792,-2.226265,-2.165024,-6.941177,-1.110275,-2.199417,-0.7019424,-1.670097,-0.8898926
53.116668701171875,,,,,,,,,,,,,,,-1.128151,-1.178017,0.5236664,-0.04283905,-0.2799835,-0.3258362,0.7233734,-1.276482,0.5510979,-0.8475647,0.1821671,-0.8893509,-0.1379967,-0.9084549,-0.1126175,-0.8508987,-10.57283,-4.383675,-2.217476,-2.159164,-6.94313,-1.103439,-2.210159,-0.7253799,-1.675957,-0.9006348
53.125,,,,,,,,,,,,,,,-1.130104,-1.172157,0.5314789,-0.04479218,-0.287796,-0.3229065,0.717514,-1.281364,0.553051,-0.8456116,0.1743546,-0.8864212,-0.1340904,-0.8908768,-0.1145706,-0.8596878,-10.56502,-4.389534,-2.209663,-2.149399,-6.940201,-1.096603,-2.218948,-0.7478409,-1.679863,-0.9143066
53.133331298828125,,,,,,,,,,,,,,,-1.131081,-1.161415,0.5422211,-0.04186249,-0.294632,-0.3170471,0.7097015,-1.283318,0.5550041,-0.8456116,0.1724014,-0.8834915,-0.128231,-0.8752518,-0.1184769,-0.87043,-10.56111,-4.392464,-2.201851,-2.13768,-6.938248,-1.089767,-2.227737,-0.7693253,-1.687675,-0.927002
53.13333333333333,-2.0,-602.0,-36.0,-123.0,-6.0,-1610.0,-11.0,-5130.0,-4.0,-9483.0,-4.0,-721.0,6.0,-3816.0,,,,,,,,,,,,,,,,,,,,,,,,,,
53.14167022705078,,,,,,,,,,,,,,,-1.133034,-1.149696,0.5529633,-0.03502655,-0.3004913,-0.3111877,0.7009125,-1.281364,0.5569572,-0.8465881,0.1753311,-0.882515,-0.1184654,-0.8596268,-0.1184769,-0.8841019,-10.56306,-4.391487,-2.194038,-2.124008,-6.937271,-1.082932,-2.23262,-0.7849503,-1.692558,-0.9348145
53.150001525878906,,,,,,,,,,,,,,,-1.131081,-1.137001,0.5607758,-0.02428436,-0.303421,-0.3063049,0.6882172,-1.274529,0.5579338,-0.8485413,0.1802139,-0.8844681,-0.1096764,-0.847908,-0.1145706,-0.9007034,-10.56892,-4.391487,-2.184273,-2.10936,-6.938248,-1.076096,-2.23848,-0.7956924,-1.694511,-0.9367676
53.158329010009766,,,,,,,,,,,,,,,-1.131081,-1.122353,0.564682,-0.0154953,-0.3053741,-0.3014221,0.6784515,-1.267693,0.5579338,-0.8563538,0.1880264,-0.8864212,-0.1028404,-0.8371658,-0.1096878,-0.9133987,-10.57967,-4.388557,-2.180367,-2.096664,-6.94313,-1.073166,-2.23848,-0.7995987,-1.694511,-0.9309082
53.166666666666664,-2.0,-600.0,-36.0,-123.0,-5.0,-1613.0,-11.0,-5132.0,-4.0,-9488.0,-5.0,-721.0,8.0,-3811.0,,,,,,,,,,,,,,,,,,,,,,,,,,
53.16667175292969,,,,,,,,,,,,,,,-1.128151,-1.108681,0.5666351,-0.00377655,-0.3073273,-0.2984924,0.670639,-1.257927,0.5559807,-0.8690491,0.1919327,-0.8883743,-0.09893417,-0.8274002,-0.104805,-0.9221878,-10.59529,-4.385628,-2.181343,-2.084946,-6.949966,-1.073166,-2.234573,-0.7995987,-1.689629,-0.9182129
53.17499923706055,,,,,,,,,,,,,,,-1.127174,-1.096962,0.5637054,0.009895325,-0.3092804,-0.2975159,0.6628265,-1.244255,0.553051,-0.8778381,0.1968155,-0.8903275,-0.09991074,-0.8205643,-0.09992218,-0.9241409,-10.61092,-4.383675,-2.183296,-2.074203,-6.953873,-1.073166,-2.233597,-0.7956924,-1.686699,-0.8996582
53.18333053588867,,,,,,,,,,,,,,,-1.124245,-1.088173,0.5597992,0.0235672,-0.3122101,-0.3014221,0.6569672,-1.229607,0.5481682,-0.8876038,0.2016983,-0.8922806,-0.1077232,-0.8147049,-0.09113312,-0.9221878,-10.62849,-4.383675,-2.193062,-2.066391,-6.959732,-1.080002,-2.233597,-0.7878799,-1.68084,-0.880127
53.19166946411133,,,,,,,,,,,,,,,-1.121315,-1.082314,0.5549164,0.03626251,-0.3141632,-0.3102112,0.6569672,-1.215935,0.5462151,-0.8963928,0.2026749,-0.8922806,-0.1155357,-0.8107986,-0.08722687,-0.9114456,-10.64119,-4.382698,-2.206734,-2.059555,-6.962662,-1.092697,-2.23555,-0.7790909,-1.679863,-0.8586426
53.2,-2.0,-600.0,-36.0,-123.0,-5.0,-1617.0,-12.0,-5131.0,-4.0,-9487.0,-5.0,-722.0,9.0,-3809.0,,,,,,,,,,,,,,,,,,,,,,,,,,
53.20000076293945,,,,,,,,,,,,,,,-1.119362,-1.08036,0.5510101,0.0470047,-0.3170929,-0.3209534,0.6579437,-1.199333,0.5442619,-0.8993225,0.204628,-0.8903275,-0.1213951,-0.8088455,-0.08234406,-0.8958206,-10.649,-4.384651,-2.225288,-2.057602,-6.963638,-1.106369,-2.241409,-0.7673721,-1.681816,-0.8381348
53.20832824707031,,,,,,,,,,,,,,,-1.118385,-1.082314,0.5500336,0.05677032,-0.319046,-0.3316956,0.6628265,-1.182732,0.5423088,-0.8944397,0.2056046,-0.8903275,-0.1272545,-0.8068924,-0.08332062,-0.8782425,-10.65486,-4.388557,-2.242867,-2.058578,-6.960709,-1.121994,-2.250198,-0.7527237,-1.690605,-0.8215332
53.216670989990234,,,,,,,,,,,,,,,-1.119362,-1.088173,0.5519867,0.06653595,-0.3170929,-0.3453674,0.6677094,-1.168083,0.5413322,-0.8856506,0.2075577,-0.8903275,-0.1292076,-0.8068924,-0.08527374,-0.8626175,-10.65096,-4.391487,-2.261421,-2.064438,-6.953873,-1.137619,-2.254105,-0.7361221,-1.698418,-0.8078613
53.224998474121094,,,,,,,,,,,,,,,-1.119362,-1.095985,0.5549164,0.07239532,-0.3131866,-0.3541565,0.677475,-1.152458,0.5423088,-0.8739319,0.2085342,-0.8932571,-0.1292076,-0.8088455,-0.09210968,-0.854805,-10.64607,-4.395393,-2.275093,-2.07225,-6.950943,-1.151291,-2.260941,-0.7204971,-1.70916,-0.7941895
53.23332977294922,,,,,,,,,,,,,,,-1.121315,-1.107704,0.5578461,0.07630157,-0.3083038,-0.3609924,0.6872406,-1.138786,0.5413322,-0.8612366,0.2104874,-0.89814,-0.1253014,-0.8088455,-0.1008987,-0.854805,-10.64217,-4.397346,-2.286812,-2.081039,-6.948013,-1.161057,-2.264847,-0.7058487,-1.715019,-0.7834473
53.233333333333334,-2.0,-602.0,-36.0,-124.0,-4.0,-1618.0,-12.0,-5132.0,-4.0,-9483.0,-5.0,-725.0,11.0,-3810.0,,,,,,,,,,,,,,,,,,,,,,,,,,
53.241668701171875,,,,,,,,,,,,,,,-1.122292,-1.120399,0.5617523,0.07532501,-0.3014679,-0.3668518,0.6950531,-1.127068,0.5384026,-0.8475647,0.2124405,-0.9049759,-0.1184654,-0.8107986,-0.1116409,-0.8616409,-10.63435,-4.395393,-2.299507,-2.088852,-6.948013,-1.167892,-2.261917,-0.6941299,-1.718925,-0.7756348
53.25,,,,,,,,,,,,,,,-1.123268,-1.134071,0.564682,0.07337189,-0.294632,-0.3717346,0.701889,-1.117302,0.5364494,-0.8329163,0.2124405,-0.9127884,-0.112606,-0.8127518,-0.1233597,-0.8772659,-10.62654,-4.390511,-2.308296,-2.095688,-6.949966,-1.171799,-2.258011,-0.6902237,-1.716972,-0.7697754
53.258331298828125,,,,,,,,,,,,,,,-1.124245,-1.144814,0.5695648,0.0704422,-0.2917023,-0.3746643,0.7038422,-1.112419,0.5335197,-0.8221741,0.2114639,-0.9196243,-0.1057701,-0.8156815,-0.1331253,-0.8977737,-10.62263,-4.377815,-2.318062,-2.099594,-6.956802,-1.173752,-2.251175,-0.6912003,-1.71209,-0.7658691
53.266666666666666,-2.0,-605.0,-36.0,-123.0,-4.0,-1618.0,-13.0,-5136.0,-4.0,-9481.0,-5.0,-730.0,13.0,-3814.0,,,,,,,,,,,,,,,,,,,,,,,,,,
53.26667022705078,,,,,,,,,,,,,,,-1.125221,-1.156532,0.5724945,0.06946564,-0.2897491,-0.3795471,0.701889,-1.109489,0.5315666,-0.8143616,0.2095108,-0.9206009,-0.09991074,-0.8205643,-0.1380081,-0.917305,-10.61775,-4.361214,-2.326851,-2.098618,-6.963638,-1.173752,-2.243362,-0.6931534,-1.7033,-0.7658691
53.275001525878906,,,,,,,,,,,,,,,-1.124245,-1.164345,0.5773773,0.06848907,-0.2907257,-0.3834534,0.6950531,-1.111443,0.5305901,-0.8085022,0.2056046,-0.9176712,-0.09698105,-0.8254471,-0.1419144,-0.9339066,-10.61482,-4.339729,-2.333687,-2.093735,-6.971451,-1.173752,-2.237503,-0.6980362,-1.695488,-0.7727051
53.283329010009766,,,,,,,,,,,,,,,-1.124245,-1.169228,0.5822601,0.06751251,-0.2936554,-0.3873596,0.6891937,-1.117302,0.5315666,-0.8085022,0.2007217,-0.9108353,-0.09502792,-0.8264236,-0.1419144,-0.9456253,-10.61385,-4.315315,-2.33857,-2.086899,-6.978287,-1.174728,-2.234573,-0.7009659,-1.685722,-0.7834473
53.29167175292969,,,,,,,,,,,,,,,-1.124245,-1.169228,0.5881195,0.06946564,-0.2975616,-0.393219,0.6804047,-1.128044,0.5325432,-0.8143616,0.1938858,-0.8971634,-0.09405136,-0.8293533,-0.1389847,-0.948555,-10.61189,-4.291878,-2.339546,-2.07518,-6.98317,-1.174728,-2.230667,-0.7048721,-1.67791,-0.7990723
53.29999923706055,,,,,,,,,,,,,,,-1.125221,-1.164345,0.5920258,0.07239532,-0.3014679,-0.3971252,0.6735687,-1.139763,0.5344963,-0.8251038,0.1880264,-0.882515,-0.09502792,-0.832283,-0.1350784,-0.9436722,-10.60994,-4.2743,-2.33564,-2.067368,-6.98317,-1.173752,-2.228714,-0.7068253,-1.67205,-0.8186035
53.3,-1.0,-609.0,-35.0,-119.0,-4.0,-1617.0,-13.0,-5141.0,-5.0,-9486.0,-4.0,-732.0,16.0,-3816.0,,,,,,,,,,,,,,,,,,,,,,,,,,
53.30833053588867,,,,,,,,,,,,,,,-1.126198,-1.156532,0.5920258,0.07434845,-0.3053741,-0.4000549,0.6677094,-1.155388,0.537426,-0.8387756,0.1821671,-0.8698196,-0.09893417,-0.8293533,-0.1292191,-0.9300003,-10.60701,-4.260628,-2.331734,-2.059555,-6.985123,-1.170822,-2.227737,-0.7078018,-1.664238,-0.8410645
53.31666946411133,,,,,,,,,,,,,,,-1.129128,-1.14579,0.5920258,0.07434845,-0.3073273,-0.4020081,0.6638031,-1.171989,0.5403557,-0.8563538,0.1763077,-0.8561478,-0.1018639,-0.8274002,-0.1214066,-0.9133987,-10.6031,-4.253792,-2.321968,-2.050766,-6.984146,-1.167892,-2.224808,-0.7107315,-1.658379,-0.8596191
53.32500076293945,,,,,,,,,,,,,,,-1.131081,-1.134071,0.5871429,0.07141876,-0.3092804,-0.4010315,0.66185,-1.185661,0.5423088,-0.8729553,0.1743546,-0.8483353,-0.1018639,-0.8244705,-0.1145706,-0.8928909,-10.59529,-4.255745,-2.312202,-2.04686,-6.981216,-1.162033,-2.222855,-0.7146378,-1.651543,-0.8752441
53.33332824707031,,,,,,,,,,,,,,,-1.13401,-1.121376,0.580307,0.06751251,-0.3092804,-0.4000549,0.6608734,-1.19445,0.5393791,-0.8876038,0.1743546,-0.8434525,-0.1018639,-0.8205643,-0.1096878,-0.8733597,-10.58846,-4.263557,-2.303413,-2.048813,-6.975357,-1.156174,-2.222855,-0.7195206,-1.64666,-0.8869629
53.333333333333336,0.0,-613.0,-35.0,-116.0,-5.0,-1613.0,-13.0,-5142.0,-5.0,-9492.0,-5.0,-729.0,18.0,-3822.0,,,,,,,,,,,,,,,,,,,,,,,,,,
53.341670989990234,,,,,,,,,,,,,,,-1.135963,-1.108681,0.5754242,0.06360626,-0.3083038,-0.3971252,0.6598969,-1.198357,0.5384026,-0.8993225,0.1772842,-0.8385696,-0.09991074,-0.816658,-0.1038284,-0.8567581,-10.57674,-4.273323,-2.294624,-2.052719,-6.973404,-1.153244,-2.220901,-0.7253799,-1.638847,-0.8908691
53.349998474121094,,,,,,,,,,,,,,,-1.13694,-1.095985,0.5685883,0.05970001,-0.3063507,-0.3912659,0.6598969,-1.19738,0.5315666,-0.9042053,0.1850967,-0.83564,-0.09893417,-0.8127518,-0.09894562,-0.8440628,-10.56404,-4.286018,-2.285835,-2.056625,-6.970474,-1.151291,-2.224808,-0.7292862,-1.635918,-0.8879395
53.35832977294922,,,,,,,,,,,,,,,-1.135963,-1.08622,0.5607758,0.05286407,-0.3073273,-0.3863831,0.6579437,-1.192497,0.5208244,-0.9022522,0.1938858,-0.8327103,-0.09600449,-0.807869,-0.09601593,-0.8372269,-10.55525,-4.298714,-2.281929,-2.060532,-6.968521,-1.154221,-2.230667,-0.7302628,-1.632011,-0.8850098
53.36666666666667,0.0,-616.0,-34.0,-117.0,-5.0,-1611.0,-13.0,-5142.0,-5.0,-9499.0,-4.0,-726.0,21.0,-3829.0,,,,,,,,,,,,,,,,,,,,,,,,,,
53.366668701171875,,,,,,,,,,,,,,,-1.13401,-1.075478,0.5558929,0.04505157,-0.3053741,-0.3824768,0.6579437,-1.182732,0.5120354,-0.8944397,0.204628,-0.828804,-0.09502792,-0.8039627,-0.09308624,-0.8342972,-10.54646,-4.308479,-2.278999,-2.062485,-6.966568,-1.16008,-2.240433,-0.7283096,-1.631035,-0.8811035
53.375,,,,,,,,,,,,,,,-1.133034,-1.066689,0.5529633,0.03333282,-0.3083038,-0.3824768,0.6569672,-1.171013,0.5003166,-0.8788147,0.2143936,-0.828804,-0.09502792,-0.7990799,-0.08917999,-0.8362503,-10.54158,-4.314339,-2.278023,-2.059555,-6.960709,-1.167892,-2.254105,-0.7244034,-1.628105,-0.8791504
53.383331298828125,,,,,,,,,,,,,,,-1.130104,-1.058876,0.5500336,0.01966095,-0.310257,-0.3863831,0.655014,-1.161247,0.4876213,-0.8612366,0.2251358,-0.83564,-0.09795761,-0.7941971,-0.08429718,-0.83918,-10.53963,-4.315315,-2.280952,-2.052719,-6.95192,-1.178635,-2.265823,-0.7204971,-1.625175,-0.8791504
53.39167022705078,,,,,,,,,,,,,,,-1.128151,-1.05497,0.5461273,0.00403595,-0.3131866,-0.393219,0.655014,-1.155388,0.4759026,-0.8407288,0.2319717,-0.8463821,-0.1028404,-0.7912674,-0.07941437,-0.8401566,-10.53963,-4.311409,-2.285835,-2.04393,-6.945084,-1.185471,-2.281448,-0.7156143,-1.622246,-0.8820801
53.4,0.0,-621.0,-33.0,-120.0,-4.0,-1613.0,-13.0,-5145.0,-5.0,-9506.0,-3.0,-726.0,24.0,-3836.0,,,,,,,,,,,,,,,,,,,,,,,,,,
53.400001525878906,,,,,,,,,,,,,,,-1.126198,-1.053993,0.5471039,-0.009635925,-0.3161163,-0.4039612,0.6569672,-1.152458,0.4671135,-0.8221741,0.2329483,-0.8649368,-0.1067467,-0.7893143,-0.07160187,-0.8401566,-10.54158,-4.304573,-2.293648,-2.032211,-6.938248,-1.190353,-2.293167,-0.7146378,-1.620293,-0.8879395
53.408329010009766,,,,,,,,,,,,,,,-1.127174,-1.056923,0.5471039,-0.02037811,-0.3170929,-0.4156799,0.6579437,-1.152458,0.4612541,-0.8065491,0.2329483,-0.8873978,-0.112606,-0.7902908,-0.06378937,-0.83918,-10.54353,-4.295784,-2.303413,-2.021469,-6.929459,-1.193283,-2.303909,-0.7146378,-1.620293,-0.8908691
53.41667175292969,,,,,,,,,,,,,,,-1.128151,-1.063759,0.5519867,-0.02623749,-0.3161163,-0.4264221,0.6598969,-1.155388,0.4583244,-0.7997131,0.2290421,-0.9108353,-0.1155357,-0.7951736,-0.05988312,-0.8352737,-10.54646,-4.284065,-2.317085,-2.01561,-6.921646,-1.190353,-2.309769,-0.7175674,-1.625175,-0.8908691
53.42499923706055,,,,,,,,,,,,,,,-1.130104,-1.075478,0.5549164,-0.0233078,-0.3122101,-0.4313049,0.6608734,-1.158318,0.459301,-0.7987366,0.2222061,-0.9323196,-0.1223717,-0.8029861,-0.05695343,-0.8284378,-10.54646,-4.273323,-2.33271,-2.01268,-6.913834,-1.184494,-2.312698,-0.7214737,-1.632988,-0.8879395
53.43333053588867,,,,,,,,,,,,,,,-1.131081,-1.094032,0.5578461,-0.01354218,-0.3073273,-0.4303284,0.6608734,-1.160271,0.4612541,-0.8045959,0.2173233,-0.9498978,-0.1292076,-0.8117752,-0.05597687,-0.8225784,-10.54646,-4.265511,-2.351265,-2.01268,-6.910904,-1.177658,-2.311722,-0.7244034,-1.64666,-0.8811035
53.43333333333333,0.0,-625.0,-32.0,-120.0,-5.0,-1619.0,-13.0,-5149.0,-5.0,-9509.0,-3.0,-726.0,27.0,-3841.0,,,,,,,,,,,,,,,,,,,,,,,,,,
53.44166946411133,,,,,,,,,,,,,,,-1.131081,-1.113564,0.5617523,0.001106262,-0.2995148,-0.4225159,0.6598969,-1.161247,0.4671135,-0.8163147,0.2134171,-0.9586868,-0.1340904,-0.8244705,-0.06085968,-0.8186722,-10.54939,-4.260628,-2.36689,-2.014633,-6.913834,-1.168869,-2.305862,-0.7302628,-1.664238,-0.8674316
53.45000076293945,,,,,,,,,,,,,,,-1.132057,-1.133095,0.564682,0.01966095,-0.2936554,-0.408844,0.6598969,-1.159294,0.474926,-0.8299866,0.2124405,-0.9616165,-0.1389732,-0.8381424,-0.07062531,-0.8186722,-10.55428,-4.260628,-2.385445,-2.017563,-6.918716,-1.15715,-2.297073,-0.734169,-1.684746,-0.8547363
53.45832824707031,,,,,,,,,,,,,,,-1.133034,-1.150673,0.564682,0.03528595,-0.2907257,-0.3941956,0.6589203,-1.154411,0.4807854,-0.8407288,0.2114639,-0.9596634,-0.1458092,-0.8508377,-0.08429718,-0.8225784,-10.56502,-4.265511,-2.403023,-2.020493,-6.925552,-1.142502,-2.286331,-0.7351456,-1.700371,-0.8410645
53.46666666666667,0.0,-627.0,-31.0,-118.0,-4.0,-1624.0,-12.0,-5154.0,-4.0,-9511.0,-2.0,-723.0,29.0,-3846.0,,,,,,,,,,,,,,,,,,,,,,,,,,
53.466670989990234,,,,,,,,,,,,,,,-1.134987,-1.162392,0.5656586,0.04505157,-0.2907257,-0.3805237,0.6589203,-1.149529,0.490551,-0.8524475,0.2124405,-0.9547806,-0.1497154,-0.8596268,-0.09796906,-0.8294144,-10.57869,-4.273323,-2.414742,-2.023422,-6.939224,-1.129807,-2.274612,-0.7351456,-1.71209,-0.826416
53.474998474121094,,,,,,,,,,,,,,,-1.137917,-1.169228,0.5607758,0.05091095,-0.2956085,-0.3678284,0.66185,-1.145622,0.4934807,-0.8563538,0.2153702,-0.9489212,-0.1536217,-0.8664627,-0.1106644,-0.8411331,-10.59431,-4.286995,-2.424507,-2.028305,-6.948013,-1.116135,-2.262894,-0.7322159,-1.717949,-0.8146973
53.48332977294922,,,,,,,,,,,,,,,-1.141823,-1.167274,0.5578461,0.05286407,-0.3004913,-0.361969,0.6657562,-1.142693,0.4964104,-0.8563538,0.2153702,-0.9440384,-0.1536217,-0.8693924,-0.1243362,-0.8557816,-10.61189,-4.30262,-2.427437,-2.031235,-6.958755,-1.105392,-2.251175,-0.7302628,-1.716972,-0.8088379
53.491668701171875,,,,,,,,,,,,,,,-1.147682,-1.157509,0.5529633,0.04895782,-0.3063507,-0.361969,0.6735687,-1.139763,0.4964104,-0.8475647,0.2153702,-0.938179,-0.1516685,-0.8684158,-0.1331253,-0.8694534,-10.62849,-4.317268,-2.421577,-2.036118,-6.964615,-1.099533,-2.242386,-0.7283096,-1.710136,-0.8088379
53.5,0.0,-629.0,-30.0,-115.0,-4.0,-1629.0,-11.0,-5160.0,-4.0,-9510.0,-2.0,-719.0,32.0,-3850.0,-1.155495,-1.144814,0.5471039,0.04212189,-0.3112335,-0.3668518,0.6804047,-1.139763,0.4925041,-0.8338928,0.2134171,-0.9352493,-0.1497154,-0.8664627,-0.1370316,-0.8811722,-10.64314,-4.33094,-2.412788,-2.04393,-6.966568,-1.09758,-2.237503,-0.7244034,-1.699394,-0.8117676
53.508331298828125,,,,,,,,,,,,,,,-1.163307,-1.130165,0.5412445,0.03528595,-0.3131866,-0.3727112,0.6872406,-1.143669,0.4837151,-0.8143616,0.2114639,-0.9332962,-0.1477623,-0.8596268,-0.1370316,-0.8909378,-10.65096,-4.343636,-2.40107,-2.050766,-6.962662,-1.101486,-2.234573,-0.7244034,-1.689629,-0.817627
53.51667022705078,,,,,,,,,,,,,,,-1.169167,-1.11747,0.5363617,0.02747345,-0.3141632,-0.3785706,0.6931,-1.148552,0.4778557,-0.7938538,0.2085342,-0.9303665,-0.1467857,-0.8527908,-0.136055,-0.8987503,-10.65486,-4.352425,-2.388374,-2.055649,-6.960709,-1.111252,-2.237503,-0.7253799,-1.684746,-0.8283691
53.525001525878906,,,,,,,,,,,,,,,-1.174049,-1.109657,0.5324554,0.02063751,-0.3131866,-0.3834534,0.6970062,-1.153435,0.4710197,-0.7752991,0.204628,-0.9254837,-0.1448326,-0.8449783,-0.1321487,-0.9036331,-10.65584,-4.358284,-2.370796,-2.054672,-6.955826,-1.122971,-2.23848,-0.7273331,-1.68084,-0.8410645
53.533329010009766,,,,,,,,,,,,,,,-1.177956,-1.106728,0.5305023,0.01282501,-0.3092804,-0.3873596,0.6970062,-1.157341,0.4651604,-0.7596741,0.2026749,-0.922554,-0.1458092,-0.8352127,-0.1301956,-0.9055862,-10.65193,-4.357307,-2.356148,-2.049789,-6.95192,-1.132736,-2.237503,-0.7283096,-1.683769,-0.8518066
53.53333333333333,0.0,-632.0,-30.0,-111.0,-4.0,-1633.0,-11.0,-5163.0,-4.0,-9516.0,-1.0,-716.0,36.0,-3850.0,,,,,,,,,,,,,,,,,,,,,,,,,,
53.54167175292969,,,,,,,,,,,,,,,-1.177956,-1.105751,0.5285492,0.005989075,-0.3073273,-0.3883362,0.6970062,-1.16613,0.4632072,-0.750885,0.1997452,-0.922554,-0.1458092,-0.8254471,-0.1301956,-0.9055862,-10.64705,-4.351448,-2.348335,-2.042953,-6.952896,-1.137619,-2.23848,-0.7302628,-1.690605,-0.8635254
53.54999923706055,,,,,,,,,,,,,,,-1.179909,-1.110634,0.5285492,-0.0008468628,-0.303421,-0.3893127,0.6921234,-1.172966,0.4622307,-0.750885,0.1968155,-0.9215775,-0.1497154,-0.8156815,-0.1311722,-0.9046097,-10.64021,-4.341682,-2.337593,-2.030258,-6.958755,-1.137619,-2.23555,-0.7292862,-1.697441,-0.8762207
53.55833053588867,,,,,,,,,,,,,,,-1.176979,-1.11747,0.5305023,-0.008659363,-0.3014679,-0.3883362,0.686264,-1.178825,0.4641838,-0.7567444,0.1938858,-0.922554,-0.150692,-0.8039627,-0.1331253,-0.9036331,-10.63631,-4.328011,-2.331734,-2.017563,-6.964615,-1.127853,-2.233597,-0.7292862,-1.7033,-0.8859863
53.56666666666667,0.0,-632.0,-29.0,-111.0,-4.0,-1633.0,-10.0,-5164.0,-3.0,-9524.0,-1.0,-715.0,39.0,-3849.0,,,,,,,,,,,,,,,,,,,,,,,,,,
53.56666946411133,,,,,,,,,,,,,,,-1.175026,-1.125282,0.533432,-0.01354218,-0.2995148,-0.3863831,0.6794281,-1.184685,0.4671135,-0.76651,0.189003,-0.9235306,-0.1526451,-0.7932205,-0.1389847,-0.90168,-10.62849,-4.316292,-2.328804,-2.008774,-6.975357,-1.112228,-2.23262,-0.7312393,-1.707207,-0.8928223
53.57500076293945,,,,,,,,,,,,,,,-1.17112,-1.130165,0.5363617,-0.01647186,-0.3004913,-0.3834534,0.6716156,-1.188591,0.4680901,-0.7762756,0.1821671,-0.9245071,-0.1526451,-0.7844315,-0.1428909,-0.8987503,-10.62459,-4.30262,-2.328804,-2.001938,-6.986099,-1.090744,-2.236526,-0.7361221,-1.708183,-0.8996582
53.58332824707031,,,,,,,,,,,,,,,-1.16526,-1.132118,0.5383148,-0.01647186,-0.303421,-0.3805237,0.66185,-1.192497,0.4671135,-0.782135,0.173378,-0.9235306,-0.150692,-0.7785721,-0.1477737,-0.8928909,-10.61971,-4.288948,-2.330757,-1.998032,-6.998795,-1.068283,-2.246292,-0.7439346,-1.707207,-0.9035645
53.591670989990234,,,,,,,,,,,,,,,-1.160378,-1.130165,0.5412445,-0.01451874,-0.3073273,-0.3746643,0.6501312,-1.19445,0.4641838,-0.7860413,0.1636124,-0.9196243,-0.1487389,-0.7756424,-0.1477737,-0.8899612,-10.61189,-4.279182,-2.33564,-1.999008,-7.010513,-1.049728,-2.260941,-0.7566299,-1.707207,-0.9035645
53.599998474121094,,,,,,,,,,,,,,,-1.153542,-1.123329,0.5441742,-0.01158905,-0.3122101,-0.3648987,0.6384125,-1.195427,0.4602776,-0.7831116,0.1548233,-0.9127884,-0.1477623,-0.7785721,-0.1477737,-0.8870316,-10.60408,-4.272346,-2.344429,-2.002914,-7.019302,-1.03801,-2.279495,-0.7712784,-1.708183,-0.9025879
53.6,0.0,-632.0,-28.0,-113.0,-4.0,-1633.0,-10.0,-5164.0,-2.0,-9533.0,0.0,-713.0,43.0,-3850.0,,,,,,,,,,,,,,,,,,,,,,,,,,
53.60832977294922,,,,,,,,,,,,,,,-1.147682,-1.115517,0.5471039,-0.009635925,-0.319046,-0.3561096,0.6296234,-1.19738,0.4544182,-0.7782288,0.1440811,-0.9049759,-0.1487389,-0.785408,-0.1458206,-0.8821487,-10.59822,-4.269417,-2.348335,-2.004868,-7.026138,-1.033127,-2.299026,-0.7898331,-1.710136,-0.8986816
53.616668701171875,,,,,,,,,,,,,,,-1.141823,-1.105751,0.5500336,-0.01158905,-0.3239288,-0.346344,0.623764,-1.198357,0.4495354,-0.7743225,0.1362686,-0.8961868,-0.1526451,-0.8000565,-0.1428909,-0.8772659,-10.59431,-4.26844,-2.354195,-2.005844,-7.030045,-1.036057,-2.317581,-0.8044815,-1.715996,-0.8947754
53.625,,,,,,,,,,,,,,,-1.138893,-1.095985,0.5510101,-0.0154953,-0.3268585,-0.3375549,0.6198578,-1.199333,0.4446526,-0.7723694,0.1323624,-0.891304,-0.1585045,-0.8176346,-0.1380081,-0.8723831,-10.59041,-4.267464,-2.358101,-2.00975,-7.032974,-1.045822,-2.33223,-0.8162003,-1.725761,-0.8918457
53.633331298828125,,,,,,,,,,,,,,,-1.137917,-1.089149,0.5539398,-0.01940155,-0.3268585,-0.3287659,0.6188812,-1.202263,0.4417229,-0.7743225,0.1313858,-0.8903275,-0.1692467,-0.8361893,-0.1350784,-0.8665237,-10.58846,-4.26844,-2.362984,-2.01268,-7.032974,-1.060471,-2.344925,-0.8249893,-1.73455,-0.8908691
53.63333333333333,0.0,-632.0,-28.0,-113.0,-4.0,-1635.0,-10.0,-5160.0,-3.0,-9539.0,0.0,-710.0,47.0,-3852.0,,,,,,,,,,,,,,,,,,,,,,,,,,
53.64167022705078,,,,,,,,,,,,,,,-1.137917,-1.088173,0.5568695,-0.0233078,-0.3219757,-0.3238831,0.6208344,-1.206169,0.4426994,-0.7801819,0.1323624,-0.8932571,-0.181942,-0.8557205,-0.1292191,-0.8587112,-10.59236,-4.27137,-2.362007,-2.01561,-7.031998,-1.077072,-2.351761,-0.827919,-1.744316,-0.8918457
53.650001525878906,,,,,,,,,,,,,,,-1.138893,-1.092079,0.5588226,-0.02721405,-0.3151398,-0.3268127,0.6266937,-1.206169,0.4456291,-0.7889709,0.1352921,-0.9010696,-0.1926842,-0.8732986,-0.1243362,-0.8489456,-10.59822,-4.273323,-2.358101,-2.019516,-7.031021,-1.092697,-2.35762,-0.8259659,-1.755058,-0.895752
53.658329010009766,,,,,,,,,,,,,,,-1.142799,-1.099892,0.5597992,-0.02721405,-0.3063507,-0.3326721,0.6306,-1.202263,0.4475822,-0.7997131,0.1401749,-0.9108353,-0.2014732,-0.8830643,-0.1194534,-0.8421097,-10.60506,-4.275276,-2.353218,-2.024399,-7.032974,-1.105392,-2.358597,-0.8191299,-1.764824,-0.9025879
53.666666666666664,0.0,-631.0,-28.0,-110.0,-4.0,-1632.0,-11.0,-5157.0,-3.0,-9541.0,0.0,-708.0,51.0,-3855.0,,,,,,,,,,,,,,,,,,,,,,,,,,
53.66667175292969,,,,,,,,,,,,,,,-1.149635,-1.110634,0.5578461,-0.02135468,-0.2975616,-0.3434143,0.6354828,-1.19738,0.4514885,-0.8124084,0.142128,-0.9215775,-0.206356,-0.8869705,-0.1116409,-0.8372269,-10.61385,-4.276253,-2.349312,-2.030258,-7.032974,-1.118088,-2.361526,-0.8093643,-1.776543,-0.911377
53.67499923706055,,,,,,,,,,,,,,,-1.157448,-1.123329,0.5539398,-0.01451874,-0.2926788,-0.3570862,0.6374359,-1.189568,0.4553947,-0.8231506,0.1440811,-0.9303665,-0.2053795,-0.8840408,-0.1028519,-0.8333206,-10.62361,-4.276253,-2.33857,-2.032211,-7.034927,-1.127853,-2.36055,-0.796669,-1.784355,-0.9172363
53.68333053588867,,,,,,,,,,,,,,,-1.163307,-1.135048,0.5461273,-0.01061249,-0.2887726,-0.3707581,0.6354828,-1.179802,0.4612541,-0.8358459,0.1431046,-0.9352493,-0.2014732,-0.8742752,-0.09503937,-0.8323441,-10.62947,-4.279182,-2.33271,-2.028305,-7.03981,-1.135666,-2.362503,-0.7839737,-1.790215,-0.9221191
53.69166946411133,,,,,,,,,,,,,,,-1.17112,-1.143837,0.5373383,-0.0076828,-0.2897491,-0.3795471,0.6335297,-1.171013,0.4671135,-0.8465881,0.1411514,-0.9372025,-0.1956139,-0.8606033,-0.08722687,-0.8362503,-10.63338,-4.282112,-2.331734,-2.022446,-7.04274,-1.142502,-2.359573,-0.7742081,-1.793144,-0.9230957
53.7,1.0,-629.0,-27.0,-110.0,-3.0,-1630.0,-11.0,-5153.0,-3.0,-9546.0,0.0,-705.0,56.0,-3857.0,,,,,,,,,,,,,,,,,,,,,,,,,,
53.70000076293945,,,,,,,,,,,,,,,-1.176003,-1.146767,0.5265961,-0.008659363,-0.2936554,-0.3815002,0.6276703,-1.164177,0.4719963,-0.8553772,0.1372452,-0.9372025,-0.1868248,-0.8488846,-0.08234406,-0.8411331,-10.63435,-4.286018,-2.328804,-2.01268,-7.047623,-1.147385,-2.35762,-0.7683487,-1.794121,-0.9211426
53.70832824707031,,,,,,,,,,,,,,,-1.177956,-1.146767,0.5187836,-0.01354218,-0.2975616,-0.377594,0.6218109,-1.160271,0.4768791,-0.86026,0.1343155,-0.9372025,-0.1780357,-0.839119,-0.08039093,-0.8499222,-10.63142,-4.290901,-2.330757,-2.001938,-7.050552,-1.152267,-2.352737,-0.7644424,-1.792168,-0.9123535
53.716670989990234,,,,,,,,,,,,,,,-1.177956,-1.14579,0.5139008,-0.02037811,-0.3014679,-0.3648987,0.6130219,-1.158318,0.4788322,-0.8631897,0.1323624,-0.9352493,-0.1721764,-0.8332596,-0.08136749,-0.8606644,-10.62556,-4.29969,-2.337593,-1.991196,-7.054459,-1.156174,-2.347855,-0.7644424,-1.789238,-0.9016113
53.724998474121094,,,,,,,,,,,,,,,-1.175026,-1.14579,0.5099945,-0.02916718,-0.3053741,-0.3482971,0.6071625,-1.157341,0.4807854,-0.8631897,0.1304092,-0.9313431,-0.1692467,-0.8313065,-0.08625031,-0.87043,-10.61873,-4.30555,-2.347359,-1.985336,-7.058365,-1.159103,-2.341995,-0.7683487,-1.786308,-0.8879395
53.73332977294922,,,,,,,,,,,,,,,-1.174049,-1.143837,0.5090179,-0.03209686,-0.3083038,-0.330719,0.6032562,-1.159294,0.4768791,-0.8573303,0.1274796,-0.9264603,-0.1672935,-0.8352127,-0.09308624,-0.8792191,-10.60994,-4.312386,-2.357124,-1.983383,-7.059341,-1.159103,-2.335159,-0.7712784,-1.784355,-0.8723145
53.733333333333334,1.0,-631.0,-26.0,-113.0,-3.0,-1630.0,-11.0,-5157.0,-2.0,-9553.0,1.0,-704.0,60.0,-3856.0,,,,,,,,,,,,,,,,,,,,,,,,,,
53.741668701171875,,,,,,,,,,,,,,,-1.17112,-1.139931,0.5129242,-0.03307343,-0.3083038,-0.315094,0.6003265,-1.1632,0.474926,-0.8524475,0.1255264,-0.9215775,-0.1672935,-0.8420486,-0.1018753,-0.8870316,-10.60213,-4.318245,-2.370796,-1.987289,-7.062271,-1.16008,-2.3293,-0.7722549,-1.785332,-0.8586426
53.75,,,,,,,,,,,,,,,-1.17112,-1.138954,0.5139008,-0.03014374,-0.3092804,-0.3014221,0.5983734,-1.164177,0.4680901,-0.8475647,0.1245499,-0.9166946,-0.1682701,-0.847908,-0.1106644,-0.8928909,-10.59627,-4.320198,-2.383492,-1.998032,-7.066177,-1.16301,-2.324417,-0.7722549,-1.787285,-0.8469238
53.758331298828125,,,,,,,,,,,,,,,-1.172096,-1.141884,0.5148773,-0.0233078,-0.3112335,-0.2897034,0.5983734,-1.16906,0.4632072,-0.844635,0.1216202,-0.9098587,-0.1702232,-0.8537674,-0.1214066,-0.8967972,-10.59431,-4.322151,-2.394234,-2.01268,-7.06813,-1.16301,-2.320511,-0.7703018,-1.795097,-0.8352051
53.766666666666666,0.0,-632.0,-25.0,-114.0,-3.0,-1633.0,-12.0,-5162.0,-2.0,-9558.0,2.0,-704.0,65.0,-3852.0,,,,,,,,,,,,,,,,,,,,,,,,,,
53.76667022705078,,,,,,,,,,,,,,,-1.175026,-1.143837,0.5148773,-0.01647186,-0.3141632,-0.2828674,0.6003265,-1.177849,0.4583244,-0.844635,0.1186905,-0.9049759,-0.1702232,-0.8586502,-0.1282425,-0.8938675,-10.59334,-4.323128,-2.40107,-2.027328,-7.072037,-1.161057,-2.318558,-0.7673721,-1.800957,-0.8293457
53.775001525878906,,,,,,,,,,,,,,,-1.176979,-1.14579,0.5139008,-0.009635925,-0.319046,-0.2770081,0.6022797,-1.190544,0.4553947,-0.8495178,0.1138077,-0.9020462,-0.1702232,-0.8586502,-0.136055,-0.8889847,-10.59236,-4.323128,-2.409859,-2.045883,-7.075943,-1.158127,-2.319534,-0.7673721,-1.808769,-0.8283691
53.783329010009766,,,,,,,,,,,,,,,-1.181862,-1.149696,0.5129242,-0.006706238,-0.325882,-0.2711487,0.6042328,-1.210075,0.4524651,-0.8573303,0.1069717,-0.9010696,-0.1711998,-0.8566971,-0.1399612,-0.8850784,-10.59138,-4.323128,-2.410835,-2.062485,-7.078873,-1.151291,-2.317581,-0.7683487,-1.811699,-0.8322754
53.79167175292969,,,,,,,,,,,,,,,-1.184792,-1.155556,0.5119476,-0.0076828,-0.3317413,-0.2643127,0.6061859,-1.233513,0.4524651,-0.8622131,0.1011124,-0.9059525,-0.1711998,-0.854744,-0.1448441,-0.8801956,-10.59138,-4.322151,-2.409859,-2.076157,-7.077896,-1.142502,-2.318558,-0.7732315,-1.814629,-0.8400879
53.79999923706055,,,,,,,,,,,,,,,-1.182838,-1.162392,0.5148773,-0.01158905,-0.3395538,-0.2613831,0.6100922,-1.258904,0.4524651,-0.8690491,0.09329987,-0.9118118,-0.1721764,-0.8498611,-0.1477737,-0.8762894,-10.58943,-4.318245,-2.405952,-2.090805,-7.075943,-1.132736,-2.318558,-0.781044,-1.812675,-0.8537598
53.8,1.0,-631.0,-23.0,-113.0,-2.0,-1634.0,-12.0,-5167.0,-1.0,-9562.0,3.0,-704.0,71.0,-3850.0,,,,,,,,,,,,,,,,,,,,,,,,,,
53.80833053588867,,,,,,,,,,,,,,,-1.181862,-1.171181,0.5197601,-0.01842499,-0.3444366,-0.2604065,0.6139984,-1.280388,0.4514885,-0.8768616,0.08646393,-0.9157181,-0.1770592,-0.8420486,-0.1487503,-0.8762894,-10.5865,-4.310432,-2.400093,-2.100571,-7.07106,-1.124924,-2.321487,-0.7927628,-1.804863,-0.8684082
53.81666946411133,,,,,,,,,,,,,,,-1.178932,-1.17704,0.5256195,-0.02721405,-0.350296,-0.2633362,0.6188812,-1.298943,0.4485588,-0.8817444,0.07962799,-0.9176712,-0.1790123,-0.8361893,-0.1477737,-0.8801956,-10.58455,-4.300667,-2.39521,-2.10936,-7.061295,-1.121017,-2.320511,-0.8044815,-1.798027,-0.8840332
53.82500076293945,,,,,,,,,,,,,,,-1.175026,-1.17997,0.5344086,-0.03502655,-0.3532257,-0.2731018,0.6227875,-1.309685,0.4475822,-0.8846741,0.07376862,-0.9176712,-0.1829185,-0.8283768,-0.1448441,-0.8850784,-10.57967,-4.286018,-2.389351,-2.117172,-7.053482,-1.121994,-2.323441,-0.8171768,-1.787285,-0.8996582
53.83332824707031,,,,,,,,,,,,,,,-1.170143,-1.182899,0.5471039,-0.04186249,-0.3551788,-0.2877502,0.6266937,-1.314568,0.4426994,-0.8866272,0.07083893,-0.9157181,-0.1848717,-0.8205643,-0.1389847,-0.8909378,-10.58064,-4.272346,-2.385445,-2.123032,-7.044693,-1.127853,-2.325394,-0.827919,-1.776543,-0.9133301
53.833333333333336,1.0,-631.0,-22.0,-109.0,-2.0,-1636.0,-12.0,-5169.0,-1.0,-9567.0,3.0,-706.0,77.0,-3851.0,,,,,,,,,,,,,,,,,,,,,,,,,,
53.841670989990234,,,,,,,,,,,,,,,-1.169167,-1.186806,0.5578461,-0.04772186,-0.3542023,-0.3063049,0.6286469,-1.312614,0.4387932,-0.8895569,0.0688858,-0.9118118,-0.1868248,-0.8127518,-0.1311722,-0.8958206,-10.58064,-4.262581,-2.382515,-2.128891,-7.03981,-1.136642,-2.327347,-0.8386612,-1.769707,-0.9240723
53.849998474121094,,,,,,,,,,,,,,,-1.169167,-1.187782,0.5656586,-0.0545578,-0.350296,-0.3238831,0.6296234,-1.304802,0.4368401,-0.8905334,0.0688858,-0.906929,-0.1878014,-0.8049393,-0.1233597,-0.8987503,-10.58748,-4.254768,-2.379585,-2.132797,-7.031021,-1.144455,-2.328323,-0.8464737,-1.760918,-0.9279785
53.85832977294922,,,,,,,,,,,,,,,-1.172096,-1.189735,0.5724945,-0.05944061,-0.3473663,-0.3434143,0.6266937,-1.293083,0.4368401,-0.8885803,0.07376862,-0.9059525,-0.1868248,-0.7981033,-0.1135941,-0.9007034,-10.58943,-4.253792,-2.381538,-2.13475,-7.023209,-1.151291,-2.335159,-0.8513565,-1.754082,-0.9299316
53.86666666666667,1.0,-633.0,-20.0,-101.0,-3.0,-1635.0,-12.0,-5169.0,0.0,-9567.0,5.0,-707.0,83.0,-3853.0,,,,,,,,,,,,,,,,,,,,,,,,,,
53.866668701171875,,,,,,,,,,,,,,,-1.176979,-1.193642,0.5734711,-0.06529999,-0.3434601,-0.3570862,0.6227875,-1.278435,0.4378166,-0.8876038,0.07767487,-0.9088821,-0.1878014,-0.792244,-0.1077347,-0.90168,-10.59529,-4.262581,-2.385445,-2.131821,-7.018326,-1.154221,-2.339066,-0.8552628,-1.749199,-0.9299316
53.875,,,,,,,,,,,,,,,-1.183815,-1.201454,0.5715179,-0.07506561,-0.3385773,-0.3658752,0.6179047,-1.264763,0.4407463,-0.8866272,0.08548737,-0.9147415,-0.1887779,-0.7893143,-0.1038284,-0.9046097,-10.6031,-4.278206,-2.390327,-2.123032,-7.012466,-1.149338,-2.341995,-0.8572159,-1.746269,-0.927002
53.883331298828125,,,,,,,,,,,,,,,-1.188698,-1.21122,0.5617523,-0.08287811,-0.3366241,-0.3707581,0.6110687,-1.250114,0.4485588,-0.8836975,0.09427643,-0.922554,-0.190731,-0.792244,-0.1018753,-0.9104691,-10.61189,-4.300667,-2.394234,-2.111313,-7.003677,-1.141525,-2.343948,-0.8533096,-1.741386,-0.9191895
53.89167022705078,,,,,,,,,,,,,,,-1.192604,-1.221962,0.5529633,-0.08971405,-0.3356476,-0.3688049,0.6071625,-1.234489,0.4544182,-0.8788147,0.1040421,-0.9313431,-0.1956139,-0.7981033,-0.1057816,-0.9192581,-10.61971,-4.326057,-2.402046,-2.093735,-6.998795,-1.130783,-2.346878,-0.8464737,-1.73455,-0.9143066
53.9,2.0,-634.0,-19.0,-93.0,-2.0,-1633.0,-11.0,-5173.0,0.0,-9565.0,6.0,-708.0,90.0,-3856.0,,,,,,,,,,,,,,,,,,,,,,,,,,
53.900001525878906,,,,,,,,,,,,,,,-1.193581,-1.237587,0.5363617,-0.09557343,-0.3356476,-0.3609924,0.6032562,-1.220818,0.4583244,-0.8749084,0.1128311,-0.9411087,-0.2004967,-0.807869,-0.1096878,-0.9300003,-10.62947,-4.352425,-2.409859,-2.073227,-6.990982,-1.120041,-2.343948,-0.8376846,-1.731621,-0.9123535
53.908329010009766,,,,,,,,,,,,,,,-1.19651,-1.253212,0.5226898,-0.09947968,-0.3395538,-0.3492737,0.6003265,-1.211052,0.4612541,-0.8719788,0.1206436,-0.9469681,-0.206356,-0.8205643,-0.1145706,-0.9417191,-10.64021,-4.378792,-2.417671,-2.053696,-6.987076,-1.112228,-2.341995,-0.8269424,-1.729668,-0.911377
53.91667175292969,,,,,,,,,,,,,,,-1.191628,-1.268837,0.5080414,-0.1004562,-0.3424835,-0.3326721,0.5964203,-1.203239,0.4632072,-0.8690491,0.126503,-0.9469681,-0.2102623,-0.8361893,-0.1214066,-0.9514847,-10.65193,-4.3993,-2.425484,-2.033188,-6.984146,-1.108322,-2.340042,-0.8171768,-1.733574,-0.911377
53.92499923706055,,,,,,,,,,,,,,,-1.187721,-1.283485,0.4943695,-0.09654999,-0.3454132,-0.3160706,0.5954437,-1.19738,0.4602776,-0.8680725,0.1304092,-0.9391556,-0.2122154,-0.847908,-0.1243362,-0.9592972,-10.66365,-4.411018,-2.431343,-2.017563,-6.984146,-1.108322,-2.336136,-0.8083878,-1.741386,-0.9143066
53.93333053588867,,,,,,,,,,,,,,,-1.184792,-1.297157,0.4826508,-0.08971405,-0.350296,-0.3014221,0.5944672,-1.19445,0.4544182,-0.8690491,0.1343155,-0.9303665,-0.213192,-0.8586502,-0.1272659,-0.9632034,-10.67635,-4.416878,-2.435249,-2.005844,-6.982193,-1.112228,-2.334183,-0.8044815,-1.754082,-0.9143066
53.93333333333333,2.0,-633.0,-18.0,-88.0,-2.0,-1632.0,-11.0,-5176.0,0.0,-9563.0,7.0,-707.0,97.0,-3858.0,,,,,,,,,,,,,,,,,,,,,,,,,,
53.94166946411133,,,,,,,,,,,,,,,-1.179909,-1.308876,0.4758148,-0.07994843,-0.350296,-0.2906799,0.5934906,-1.191521,0.4466057,-0.8719788,0.1352921,-0.9176712,-0.2102623,-0.8693924,-0.1272659,-0.9612503,-10.68416,-4.415901,-2.440132,-1.999008,-6.978287,-1.120041,-2.335159,-0.8074112,-1.772636,-0.9143066
53.95000076293945,,,,,,,,,,,,,,,-1.175026,-1.315712,0.4699554,-0.06432343,-0.3493195,-0.2887268,0.5934906,-1.187614,0.4387932,-0.8778381,0.1333389,-0.9039993,-0.2053795,-0.8772049,-0.1292191,-0.9544144,-10.68513,-4.409065,-2.442085,-1.997055,-6.97731,-1.12883,-2.341995,-0.812294,-1.790215,-0.9172363
53.95832824707031,,,,,,,,,,,,,,,-1.17112,-1.322548,0.4680023,-0.04869843,-0.3473663,-0.2955627,0.5915375,-1.183708,0.4309807,-0.8856506,0.1313858,-0.8903275,-0.1985435,-0.8830643,-0.1282425,-0.9436722,-10.68416,-4.3993,-2.441109,-2.001938,-6.976334,-1.136642,-2.347855,-0.8201065,-1.806816,-0.9211426
53.96666666666667,3.0,-634.0,-16.0,-84.0,-1.0,-1634.0,-11.0,-5177.0,0.0,-9561.0,9.0,-705.0,105.0,-3857.0,,,,,,,,,,,,,,,,,,,,,,,,,,
53.966670989990234,,,,,,,,,,,,,,,-1.167213,-1.326454,0.4689789,-0.02916718,-0.3424835,-0.3082581,0.5886078,-1.178825,0.4241447,-0.8963928,0.1274796,-0.8815384,-0.1936607,-0.8899002,-0.1292191,-0.9280472,-10.67439,-4.389534,-2.441109,-2.010727,-6.976334,-1.142502,-2.358597,-0.8298721,-1.820488,-0.9250488
53.974998474121094,,,,,,,,,,,,,,,-1.162331,-1.327431,0.4728851,-0.008659363,-0.3385773,-0.3258362,0.5866547,-1.172966,0.4192619,-0.9042053,0.1235733,-0.8766556,-0.1878014,-0.8977127,-0.1331253,-0.9114456,-10.6617,-4.381721,-2.438179,-2.024399,-6.975357,-1.146408,-2.370316,-0.8376846,-1.823418,-0.9299316
53.98332977294922,,,,,,,,,,,,,,,-1.159401,-1.327431,0.4767914,0.01087189,-0.3376007,-0.3453674,0.5798187,-1.168083,0.4153557,-0.9090881,0.1216202,-0.8747025,-0.1799889,-0.9055252,-0.1370316,-0.8928909,-10.64314,-4.374886,-2.434273,-2.04393,-6.982193,-1.146408,-2.383011,-0.8406143,-1.818535,-0.935791
53.991668701171875,,,,,,,,,,,,,,,-1.156471,-1.327431,0.4806976,0.02845001,-0.3405304,-0.3590393,0.5720062,-1.167107,0.4114494,-0.9169006,0.1157608,-0.8786087,-0.1770592,-0.9113846,-0.1409378,-0.8743362,-10.62947,-4.373909,-2.430367,-2.061508,-6.992935,-1.144455,-2.393753,-0.8415909,-1.808769,-0.9445801
54.0,3.0,-636.0,-15.0,-77.0,-1.0,-1636.0,-10.0,-5179.0,0.0,-9561.0,10.0,-705.0,113.0,-3859.0,-1.153542,-1.325478,0.4836273,0.0391922,-0.3434601,-0.3678284,0.5651703,-1.171013,0.4094963,-0.9237366,0.1128311,-0.8903275,-0.175106,-0.9152908,-0.1428909,-0.8567581,-10.61775,-4.376839,-2.42939,-2.079086,-7.00856,-1.138596,-2.403519,-0.8396378,-1.791191,-0.9484863
54.008331298828125,,,,,,,,,,,,,,,-1.147682,-1.320595,0.4846039,0.04212189,-0.3532257,-0.3717346,0.5573578,-1.177849,0.4075432,-0.9286194,0.1079483,-0.9030228,-0.1731529,-0.9113846,-0.1458206,-0.8362503,-10.60994,-4.377815,-2.42939,-2.095688,-7.026138,-1.132736,-2.409378,-0.8376846,-1.772636,-0.9475098
54.01667022705078,,,,,,,,,,,,,,,-1.143776,-1.316689,0.4826508,0.03723907,-0.3639679,-0.3707581,0.5554047,-1.185661,0.4075432,-0.9315491,0.1050186,-0.9186478,-0.1721764,-0.9045486,-0.1477737,-0.8147659,-10.60994,-4.380745,-2.42939,-2.104477,-7.048599,-1.124924,-2.412308,-0.8367081,-1.756035,-0.942627
54.025001525878906,,,,,,,,,,,,,,,-1.142799,-1.312782,0.4787445,0.02747345,-0.372757,-0.3668518,0.5544281,-1.19445,0.4065666,-0.9354553,0.1011124,-0.9372025,-0.1721764,-0.894783,-0.1458206,-0.7913284,-10.61873,-4.381721,-2.433296,-2.107407,-7.065201,-1.117111,-2.412308,-0.8386612,-1.748222,-0.9309082
54.033329010009766,,,,,,,,,,,,,,,-1.141823,-1.306923,0.4748383,0.01087189,-0.381546,-0.3629456,0.5573578,-1.201286,0.4075432,-0.9374084,0.09720612,-0.9567337,-0.1721764,-0.8811111,-0.1458206,-0.7688675,-10.62947,-4.378792,-2.440132,-2.104477,-7.080826,-1.112228,-2.411331,-0.8454971,-1.74041,-0.9123535
54.03333333333333,4.0,-638.0,-13.0,-69.0,0.0,-1639.0,-9.0,-5182.0,0.0,-9564.0,11.0,-707.0,122.0,-3858.0,,,,,,,,,,,,,,,,,,,,,,,,,,
54.04167175292969,,,,,,,,,,,,,,,-1.143776,-1.30204,0.4699554,-0.005729675,-0.3864288,-0.3639221,0.561264,-1.205193,0.4094963,-0.9374084,0.09525299,-0.9713821,-0.1721764,-0.8684158,-0.1438675,-0.7522659,-10.64217,-4.371956,-2.445992,-2.095688,-7.092545,-1.105392,-2.408401,-0.8572159,-1.742363,-0.8928223
54.04999923706055,,,,,,,,,,,,,,,-1.148659,-1.298134,0.4680023,-0.02135468,-0.3864288,-0.3658752,0.5681,-1.202263,0.4114494,-0.9325256,0.09329987,-0.9860306,-0.1770592,-0.8586502,-0.1419144,-0.7415237,-10.65974,-4.366096,-2.450874,-2.081039,-7.098404,-1.101486,-2.402542,-0.8728409,-1.748222,-0.873291
54.05833053588867,,,,,,,,,,,,,,,-1.156471,-1.294228,0.4680023,-0.03600311,-0.3844757,-0.3697815,0.5749359,-1.19738,0.4153557,-0.9276428,0.0923233,-0.9967728,-0.1809654,-0.8518143,-0.1428909,-0.7376175,-10.67439,-4.359261,-2.45771,-2.066391,-7.096451,-1.099533,-2.399612,-0.8962784,-1.754082,-0.8566895
54.06666666666667,3.0,-638.0,-11.0,-57.0,0.0,-1641.0,-9.0,-5187.0,1.0,-9565.0,12.0,-706.0,131.0,-3852.0,,,,,,,,,,,,,,,,,,,,,,,,,,
54.06666946411133,,,,,,,,,,,,,,,-1.16526,-1.290321,0.4719086,-0.04283905,-0.3786163,-0.3736877,0.5807953,-1.188591,0.4202385,-0.92276,0.09134674,-1.003609,-0.1848717,-0.8488846,-0.1458206,-0.7434769,-10.68904,-4.352425,-2.46357,-2.052719,-7.092545,-1.099533,-2.395706,-0.9197159,-1.761894,-0.8439941
54.07500076293945,,,,,,,,,,,,,,,-1.175026,-1.287392,0.4767914,-0.04283905,-0.372757,-0.3736877,0.5866547,-1.178825,0.4251213,-0.9169006,0.09134674,-1.006538,-0.1897545,-0.8469315,-0.1477737,-0.7571487,-10.70076,-4.350471,-2.464546,-2.037094,-7.086685,-1.101486,-2.389847,-0.9392471,-1.766777,-0.8361816
54.08332824707031,,,,,,,,,,,,,,,-1.182838,-1.288368,0.4855804,-0.03990936,-0.365921,-0.3697815,0.5886078,-1.171013,0.4270744,-0.9110413,0.09037018,-1.006538,-0.1917076,-0.8459549,-0.1487503,-0.7747269,-10.7115,-4.354378,-2.467476,-2.027328,-7.077896,-1.108322,-2.384964,-0.9597549,-1.767754,-0.8322754
54.091670989990234,,,,,,,,,,,,,,,-1.188698,-1.289345,0.4943695,-0.0311203,-0.3639679,-0.3639221,0.592514,-1.165154,0.4290276,-0.9051819,0.08841705,-1.002632,-0.1926842,-0.8430252,-0.1536331,-0.792305,-10.71443,-4.364143,-2.469429,-2.021469,-7.073013,-1.116135,-2.381058,-0.9763565,-1.766777,-0.833252
54.099998474121094,,,,,,,,,,,,,,,-1.192604,-1.289345,0.5012054,-0.02037811,-0.3610382,-0.3570862,0.5934906,-1.159294,0.4300041,-0.8973694,0.08841705,-0.9967728,-0.1917076,-0.8410721,-0.1555862,-0.8069534,-10.71346,-4.377815,-2.471382,-2.016586,-7.073013,-1.124924,-2.371292,-0.9880753,-1.761894,-0.8381348
54.1,3.0,-638.0,-10.0,-47.0,0.0,-1645.0,-9.0,-5188.0,1.0,-9566.0,13.0,-701.0,140.0,-3843.0,,,,,,,,,,,,,,,,,,,,,,,,,,
54.10832977294922,,,,,,,,,,,,,,,-1.201393,-1.289345,0.5041351,-0.01061249,-0.3620148,-0.3512268,0.5934906,-1.156364,0.4309807,-0.8866272,0.09037018,-0.9889603,-0.1878014,-0.839119,-0.1565628,-0.8176956,-10.71053,-4.391487,-2.467476,-2.013657,-7.077896,-1.133713,-2.365433,-0.9929581,-1.758965,-0.8439941
54.116668701171875,,,,,,,,,,,,,,,-1.207253,-1.292274,0.5031586,-0.0008468628,-0.3629913,-0.346344,0.592514,-1.156364,0.428051,-0.8778381,0.09037018,-0.9801712,-0.1868248,-0.8371658,-0.1536331,-0.8216019,-10.70662,-4.407112,-2.46357,-2.011703,-7.084732,-1.140549,-2.35762,-0.9919815,-1.752129,-0.8537598
54.125,,,,,,,,,,,,,,,-1.213112,-1.293251,0.4982758,0.005012512,-0.3629913,-0.3443909,0.5895844,-1.161247,0.428051,-0.8661194,0.0923233,-0.9752884,-0.1858482,-0.8381424,-0.15168,-0.8225784,-10.69978,-4.418831,-2.46064,-2.010727,-7.094498,-1.145432,-2.349808,-0.9870987,-1.747246,-0.8635254
54.133331298828125,,,,,,,,,,,,,,,-1.218971,-1.294228,0.4894867,0.005989075,-0.3629913,-0.3473206,0.5856781,-1.170036,0.4270744,-0.8544006,0.09427643,-0.9733353,-0.1887779,-0.8400955,-0.1487503,-0.8225784,-10.69099,-4.42469,-2.450874,-2.008774,-7.10817,-1.145432,-2.342972,-0.9783096,-1.746269,-0.8742676
54.13333333333333,3.0,-640.0,-9.0,-41.0,0.0,-1645.0,-10.0,-5186.0,2.0,-9568.0,14.0,-696.0,150.0,-3836.0,,,,,,,,,,,,,,,,,,,,,,,,,,
54.14167022705078,,,,,,,,,,,,,,,-1.223854,-1.296181,0.4767914,0.005012512,-0.3600616,-0.3531799,0.5817719,-1.180779,0.4260979,-0.844635,0.1001358,-0.9772415,-0.1946373,-0.8430252,-0.1448441,-0.8216019,-10.68611,-4.428596,-2.440132,-2.004868,-7.121841,-1.142502,-2.334183,-0.9656143,-1.744316,-0.888916
54.150001525878906,,,,,,,,,,,,,,,-1.226784,-1.29911,0.4621429,0.003059387,-0.357132,-0.3600159,0.576889,-1.192497,0.4260979,-0.8397522,0.1020889,-0.9860306,-0.2014732,-0.8449783,-0.1428909,-0.8216019,-10.68123,-4.426643,-2.434273,-2.002914,-7.13063,-1.136642,-2.333206,-0.9499893,-1.748222,-0.9055176
54.158329010009766,,,,,,,,,,,,,,,-1.222878,-1.30497,0.4494476,-0.0008468628,-0.3551788,-0.3648987,0.5700531,-1.206169,0.4270744,-0.8387756,0.1069717,-0.9948196,-0.206356,-0.8469315,-0.1428909,-0.8225784,-10.67635,-4.419807,-2.425484,-2.003891,-7.141373,-1.129807,-2.33223,-0.9333878,-1.750175,-0.9230957
54.166666666666664,3.0,-644.0,-7.0,-40.0,0.0,-1646.0,-10.0,-5183.0,2.0,-9567.0,16.0,-691.0,161.0,-3829.0,,,,,,,,,,,,,,,,,,,,,,,,,,
54.16667175292969,,,,,,,,,,,,,,,-1.217995,-1.313759,0.4377289,-0.001823425,-0.3522491,-0.3697815,0.5641937,-1.218864,0.4270744,-0.8417053,0.1099014,-1.003609,-0.2141685,-0.8469315,-0.1458206,-0.823555,-10.67537,-4.410042,-2.419624,-2.006821,-7.148209,-1.122971,-2.334183,-0.9158096,-1.757988,-0.9377441
54.17499923706055,,,,,,,,,,,,,,,-1.207253,-1.323524,0.4269867,-0.001823425,-0.3512726,-0.3736877,0.5583344,-1.229607,0.4251213,-0.844635,0.1118546,-1.008492,-0.2180748,-0.8449783,-0.1487503,-0.823555,-10.67244,-4.402229,-2.415718,-2.016586,-7.149185,-1.115158,-2.339066,-0.9040909,-1.763847,-0.9484863
54.18333053588867,,,,,,,,,,,,,,,-1.193581,-1.332314,0.4191742,0.001106262,-0.3522491,-0.3766174,0.552475,-1.237419,0.4221916,-0.8485413,0.1138077,-1.006538,-0.2210045,-0.8430252,-0.1536331,-0.8225784,-10.66756,-4.392464,-2.419624,-2.028305,-7.149185,-1.107346,-2.347855,-0.8953018,-1.772636,-0.9533691
54.19166946411133,,,,,,,,,,,,,,,-1.180885,-1.339149,0.4162445,0.005989075,-0.3532257,-0.3795471,0.5485687,-1.239372,0.4173088,-0.8524475,0.1147842,-1.001656,-0.2210045,-0.8420486,-0.1594925,-0.8245316,-10.66365,-4.382698,-2.422554,-2.04393,-7.149185,-1.099533,-2.35762,-0.8874893,-1.781425,-0.951416
54.2,4.0,-645.0,-5.0,-38.0,2.0,-1651.0,-9.0,-5182.0,3.0,-9568.0,19.0,-688.0,171.0,-3821.0,,,,,,,,,,,,,,,,,,,,,,,,,,
54.20000076293945,,,,,,,,,,,,,,,-1.170143,-1.341103,0.4162445,0.01282501,-0.3532257,-0.3795471,0.545639,-1.237419,0.4114494,-0.8504944,0.1128311,-0.99189,-0.2249107,-0.8420486,-0.1604691,-0.8255081,-10.66072,-4.376839,-2.425484,-2.056625,-7.144302,-1.093674,-2.369339,-0.8826065,-1.790215,-0.9436035
54.20832824707031,,,,,,,,,,,,,,,-1.161354,-1.337196,0.4221039,0.01966095,-0.3532257,-0.3795471,0.545639,-1.23156,0.4046135,-0.8456116,0.1089249,-0.9782181,-0.2268639,-0.8420486,-0.1624222,-0.8284378,-10.65681,-4.370003,-2.431343,-2.069321,-7.13942,-1.087814,-2.382034,-0.8816299,-1.796074,-0.9289551
54.216670989990234,,,,,,,,,,,,,,,-1.156471,-1.328407,0.4328461,0.0235672,-0.3532257,-0.3785706,0.5485687,-1.222771,0.396801,-0.8387756,0.1040421,-0.969429,-0.228817,-0.8430252,-0.1614456,-0.8342972,-10.65291,-4.36512,-2.434273,-2.079086,-7.13649,-1.080978,-2.3918,-0.8826065,-1.80291,-0.9094238
54.224998474121094,,,,,,,,,,,,,,,-1.153542,-1.313759,0.4455414,0.02649689,-0.3512726,-0.3766174,0.5534515,-1.213005,0.3889885,-0.8319397,0.09915924,-0.9625931,-0.2307701,-0.8440018,-0.1575394,-0.8430862,-10.65291,-4.363167,-2.438179,-2.084946,-7.134537,-1.077072,-2.401566,-0.8835831,-1.809746,-0.8928223
54.23332977294922,,,,,,,,,,,,,,,-1.159401,-1.297157,0.4601898,0.02747345,-0.350296,-0.3746643,0.561264,-1.201286,0.3841057,-0.8280334,0.09329987,-0.9586868,-0.2307701,-0.8420486,-0.1526566,-0.8489456,-10.65681,-4.364143,-2.438179,-2.086899,-7.132584,-1.076096,-2.406448,-0.8826065,-1.813652,-0.8820801
54.233333333333334,4.0,-645.0,-2.0,-32.0,2.0,-1659.0,-9.0,-5184.0,4.0,-9573.0,21.0,-684.0,182.0,-3815.0,,,,,,,,,,,,,,,,,,,,,,,,,,
54.241668701171875,,,,,,,,,,,,,,,-1.164284,-1.281532,0.4748383,0.02552032,-0.350296,-0.3746643,0.5681,-1.191521,0.3801994,-0.8299866,0.08744049,-0.9547806,-0.2297935,-0.8381424,-0.1467972,-0.8557816,-10.66658,-4.366096,-2.437202,-2.088852,-7.129654,-1.078049,-2.408401,-0.8806534,-1.812675,-0.8791504
54.25,,,,,,,,,,,,,,,-1.173073,-1.26786,0.4836273,0.01966095,-0.3551788,-0.3746643,0.5739594,-1.186638,0.3792229,-0.8338928,0.08353424,-0.9547806,-0.2249107,-0.832283,-0.1428909,-0.8606644,-10.67635,-4.369026,-2.436226,-2.089828,-7.127701,-1.083908,-2.409378,-0.8767471,-1.813652,-0.8850098
54.258331298828125,,,,,,,,,,,,,,,-1.183815,-1.256142,0.4904633,0.01087189,-0.3620148,-0.3746643,0.5788422,-1.186638,0.3782463,-0.8377991,0.07865143,-0.9557571,-0.2180748,-0.8264236,-0.1380081,-0.8616409,-10.68806,-4.372932,-2.430367,-2.088852,-7.124771,-1.091721,-2.410355,-0.8708878,-1.809746,-0.8977051
54.266666666666666,4.0,-646.0,0.0,-30.0,3.0,-1662.0,-8.0,-5180.0,5.0,-9577.0,23.0,-680.0,194.0,-3809.0,,,,,,,,,,,,,,,,,,,,,,,,,,
54.26667022705078,,,,,,,,,,,,,,,-1.193581,-1.248329,0.4924164,0.0001296997,-0.3708038,-0.3746643,0.5807953,-1.186638,0.3782463,-0.8436584,0.07767487,-0.953804,-0.2112389,-0.8215408,-0.1350784,-0.8596878,-10.69978,-4.380745,-2.43232,-2.089828,-7.115982,-1.102463,-2.410355,-0.8640518,-1.803886,-0.9172363
54.275001525878906,,,,,,,,,,,,,,,-1.201393,-1.243446,0.4904633,-0.01256561,-0.3834991,-0.3736877,0.5798187,-1.189568,0.3782463,-0.8465881,0.07474518,-0.9508743,-0.2044029,-0.8176346,-0.1321487,-0.8587112,-10.71053,-4.388557,-2.433296,-2.089828,-7.110123,-1.118088,-2.413284,-0.8572159,-1.79998,-0.9406738
54.283329010009766,,,,,,,,,,,,,,,-1.20237,-1.240517,0.486557,-0.0233078,-0.3961945,-0.3678284,0.5788422,-1.196404,0.3753166,-0.844635,0.07474518,-0.9518509,-0.1995201,-0.8176346,-0.1311722,-0.8567581,-10.71346,-4.39637,-2.436226,-2.087875,-7.104263,-1.130783,-2.417191,-0.8513565,-1.79705,-0.9611816
54.29167175292969,,,,,,,,,,,,,,,-1.20237,-1.237587,0.4806976,-0.03307343,-0.4069366,-0.3609924,0.5749359,-1.199333,0.3723869,-0.8417053,0.07572174,-0.953804,-0.1946373,-0.8195877,-0.1321487,-0.8567581,-10.71346,-4.409065,-2.441109,-2.086899,-7.09938,-1.140549,-2.418167,-0.8503799,-1.793144,-0.9787598
54.29999923706055,,,,,,,,,,,,,,,-1.198463,-1.234657,0.4758148,-0.03990936,-0.4167023,-0.3502502,0.5700531,-1.199333,0.3665276,-0.8358459,0.07572174,-0.9557571,-0.1897545,-0.8225174,-0.1331253,-0.8587112,-10.70564,-4.42469,-2.446968,-2.085922,-7.096451,-1.148361,-2.421097,-0.8552628,-1.787285,-0.9914551
54.3,4.0,-647.0,1.0,-28.0,3.0,-1661.0,-8.0,-5173.0,6.0,-9582.0,26.0,-679.0,205.0,-3800.0,,,,,,,,,,,,,,,,,,,,,,,,,,
54.30833053588867,,,,,,,,,,,,,,,-1.191628,-1.230751,0.4719086,-0.04088593,-0.4254913,-0.3356018,0.5641937,-1.199333,0.3635979,-0.8338928,0.07767487,-0.96064,-0.1868248,-0.8244705,-0.1341019,-0.8655472,-10.70271,-4.439339,-2.454781,-2.084946,-7.096451,-1.151291,-2.422073,-0.8630753,-1.783379,-0.9963379
54.31666946411133,,,,,,,,,,,,,,,-1.184792,-1.228798,0.4699554,-0.03600311,-0.4303741,-0.3170471,0.5583344,-1.195427,0.3587151,-0.8358459,0.07767487,-0.9664993,-0.1829185,-0.8264236,-0.1341019,-0.8753128,-10.69881,-4.45594,-2.459663,-2.086899,-7.09938,-1.149338,-2.421097,-0.8728409,-1.778496,-0.9973145
54.32500076293945,,,,,,,,,,,,,,,-1.179909,-1.225868,0.4699554,-0.02721405,-0.4323273,-0.2984924,0.552475,-1.187614,0.3596916,-0.844635,0.07572174,-0.9704056,-0.1799889,-0.8274002,-0.1341019,-0.8880081,-10.70271,-4.471565,-2.462593,-2.089828,-7.10524,-1.146408,-2.416214,-0.8816299,-1.773613,-0.9953613
54.33332824707031,,,,,,,,,,,,,,,-1.174049,-1.222939,0.4719086,-0.0154953,-0.4313507,-0.2770081,0.5485687,-1.179802,0.3616447,-0.8583069,0.07181549,-0.9743118,-0.1770592,-0.8264236,-0.1341019,-0.90168,-10.7076,-4.482307,-2.46357,-2.092758,-7.111099,-1.141525,-2.410355,-0.8894424,-1.76873,-0.9914551
54.333333333333336,4.0,-649.0,3.0,-26.0,4.0,-1658.0,-8.0,-5169.0,7.0,-9589.0,28.0,-677.0,218.0,-3791.0,,,,,,,,,,,,,,,,,,,,,,,,,,
54.341670989990234,,,,,,,,,,,,,,,-1.170143,-1.222939,0.4738617,-0.004753113,-0.428421,-0.2584534,0.545639,-1.172966,0.3635979,-0.8729553,0.06497955,-0.9791946,-0.1731529,-0.823494,-0.1341019,-0.9133987,-10.71736,-4.49012,-2.459663,-2.096664,-7.118912,-1.136642,-2.405472,-0.8923721,-1.76873,-0.9885254
54.349998474121094,,,,,,,,,,,,,,,-1.163307,-1.225868,0.4767914,0.006965637,-0.4215851,-0.2398987,0.5466156,-1.168083,0.3675041,-0.8836975,0.05716705,-0.9811478,-0.1741295,-0.8205643,-0.1350784,-0.9212112,-10.7281,-4.49305,-2.45771,-2.099594,-7.128677,-1.134689,-2.403519,-0.8913956,-1.770683,-0.9875488
54.35832977294922,,,,,,,,,,,,,,,-1.158424,-1.232704,0.4806976,0.01770782,-0.4118195,-0.2242737,0.5505219,-1.165154,0.3714104,-0.8905334,0.04837799,-0.9801712,-0.1760826,-0.8156815,-0.1350784,-0.9212112,-10.73982,-4.491096,-2.456734,-2.100571,-7.135513,-1.133713,-2.401566,-0.8884659,-1.777519,-0.9865723
54.36666666666667,5.0,-650.0,5.0,-21.0,5.0,-1656.0,-7.0,-5168.0,7.0,-9593.0,31.0,-674.0,232.0,-3778.0,,,,,,,,,,,,,,,,,,,,,,,,,,
54.366668701171875,,,,,,,,,,,,,,,-1.148659,-1.24247,0.4826508,0.02454376,-0.4020538,-0.2076721,0.5563812,-1.165154,0.3723869,-0.89151,0.04154205,-0.9791946,-0.1809654,-0.8088455,-0.1370316,-0.9133987,-10.74763,-4.483284,-2.456734,-2.096664,-7.142349,-1.135666,-2.399612,-0.8826065,-1.789238,-0.9865723
54.375,,,,,,,,,,,,,,,-1.140846,-1.257118,0.4836273,0.0313797,-0.3913116,-0.1959534,0.5622406,-1.171013,0.3714104,-0.8866272,0.03958893,-0.9791946,-0.1878014,-0.8020096,-0.1370316,-0.8977737,-10.74763,-4.471565,-2.459663,-2.090805,-7.149185,-1.139572,-2.398636,-0.8787003,-1.803886,-0.9885254
54.383331298828125,,,,,,,,,,,,,,,-1.132057,-1.27372,0.4806976,0.03723907,-0.381546,-0.1861877,0.5690765,-1.176872,0.3675041,-0.8749084,0.03861237,-0.9791946,-0.1926842,-0.7961502,-0.1389847,-0.8753128,-10.74568,-4.456917,-2.465523,-2.083969,-7.153091,-1.142502,-2.398636,-0.8777237,-1.820488,-0.9875488
54.39167022705078,,,,,,,,,,,,,,,-1.123268,-1.290321,0.4787445,0.04309845,-0.3766632,-0.1793518,0.5739594,-1.182732,0.3616447,-0.8622131,0.04154205,-0.9791946,-0.1985435,-0.7893143,-0.1409378,-0.8499222,-10.7408,-4.440315,-2.475288,-2.074203,-7.154068,-1.149338,-2.39473,-0.8796768,-1.83709,-0.9855957
54.4,5.0,-655.0,7.0,-9.0,6.0,-1655.0,-7.0,-5171.0,7.0,-9595.0,34.0,-668.0,245.0,-3767.0,,,,,,,,,,,,,,,,,,,,,,,,,,
54.400001525878906,,,,,,,,,,,,,,,-1.116432,-1.305946,0.4738617,0.05091095,-0.3756866,-0.174469,0.5778656,-1.190544,0.3548088,-0.8495178,0.04447174,-0.9782181,-0.2034264,-0.7824783,-0.1419144,-0.8284378,-10.73299,-4.421761,-2.483101,-2.067368,-7.155045,-1.15715,-2.3918,-0.8835831,-1.850761,-0.9836426
54.408329010009766,,,,,,,,,,,,,,,-1.109596,-1.317665,0.4699554,0.06165314,-0.3786163,-0.1734924,0.5778656,-1.199333,0.3489494,-0.8387756,0.04935455,-0.9782181,-0.2073326,-0.7805252,-0.1438675,-0.8108597,-10.72615,-4.403206,-2.493843,-2.063461,-7.153091,-1.16301,-2.384964,-0.8884659,-1.861504,-0.982666
54.41667175292969,,,,,,,,,,,,,,,-1.10862,-1.325478,0.4670258,0.0704422,-0.381546,-0.1754456,0.576889,-1.205193,0.3440666,-0.8319397,0.05423737,-0.976265,-0.2083092,-0.7805252,-0.1477737,-0.8030472,-10.71931,-4.386604,-2.500679,-2.063461,-7.151138,-1.169846,-2.378128,-0.8913956,-1.866386,-0.982666
54.42499923706055,,,,,,,,,,,,,,,-1.114479,-1.328407,0.4670258,0.07630157,-0.3874054,-0.1793518,0.5759125,-1.209099,0.3421135,-0.8280334,0.05814362,-0.9752884,-0.2112389,-0.7824783,-0.1536331,-0.8069534,-10.7115,-4.371956,-2.505562,-2.065414,-7.146255,-1.176682,-2.371292,-0.8943253,-1.867363,-0.9816895
54.43333053588867,,,,,,,,,,,,,,,-1.120338,-1.328407,0.4699554,0.07923126,-0.3942413,-0.1852112,0.5749359,-1.210075,0.3440666,-0.8241272,0.06400299,-0.9723587,-0.2161217,-0.7902908,-0.1604691,-0.8206253,-10.7076,-4.364143,-2.506538,-2.067368,-7.143326,-1.178635,-2.368362,-0.8972549,-1.864433,-0.9816895
54.43333333333333,6.0,-655.0,10.0,1.0,7.0,-1656.0,-6.0,-5174.0,8.0,-9599.0,37.0,-661.0,260.0,-3755.0,,,,,,,,,,,,,,,,,,,,,,,,,,
54.44166946411133,,,,,,,,,,,,,,,-1.133034,-1.324501,0.4748383,0.07923126,-0.3981476,-0.1920471,0.5720062,-1.205193,0.349926,-0.8202209,0.06693268,-0.9664993,-0.2210045,-0.7951736,-0.167305,-0.8382034,-10.70174,-4.361214,-2.506538,-2.069321,-7.144302,-1.179611,-2.369339,-0.8962784,-1.858574,-0.9816895
54.45000076293945,,,,,,,,,,,,,,,-1.145729,-1.318642,0.4806976,0.07337189,-0.4001007,-0.1998596,0.5720062,-1.192497,0.3587151,-0.8202209,0.07181549,-0.96064,-0.2297935,-0.8000565,-0.1741409,-0.8596878,-10.70174,-4.363167,-2.504585,-2.069321,-7.148209,-1.174728,-2.375198,-0.8962784,-1.850761,-0.9797363
54.45832824707031,,,,,,,,,,,,,,,-1.159401,-1.309853,0.486557,0.06360626,-0.4030304,-0.2076721,0.5690765,-1.175896,0.3704338,-0.8211975,0.0766983,-0.9557571,-0.2366295,-0.8049393,-0.1790237,-0.8772659,-10.69978,-4.370003,-2.505562,-2.064438,-7.150162,-1.165939,-2.386917,-0.8953018,-1.841972,-0.973877
54.46666666666667,7.0,-654.0,13.0,12.0,8.0,-1660.0,-6.0,-5181.0,9.0,-9605.0,39.0,-654.0,274.0,-3746.0,,,,,,,,,,,,,,,,,,,,,,,,,,
54.466670989990234,,,,,,,,,,,,,,,-1.170143,-1.30204,0.4914398,0.05286407,-0.4049835,-0.2145081,0.5661469,-1.153435,0.381176,-0.8192444,0.08353424,-0.9508743,-0.2434654,-0.807869,-0.1809769,-0.8889847,-10.69978,-4.381721,-2.502632,-2.054672,-7.156998,-1.154221,-2.400589,-0.8933487,-1.83416,-0.9631348
54.474998474121094,,,,,,,,,,,,,,,-1.176979,-1.294228,0.4963226,0.04309845,-0.4108429,-0.2184143,0.5602875,-1.13195,0.3899651,-0.8163147,0.08939362,-0.9479446,-0.2483482,-0.807869,-0.1790237,-0.8899612,-10.70467,-4.392464,-2.505562,-2.044907,-7.16481,-1.138596,-2.415237,-0.8943253,-1.825371,-0.9465332
54.48332977294922,,,,,,,,,,,,,,,-1.179909,-1.284462,0.5002289,0.03528595,-0.4157257,-0.2193909,0.5514984,-1.110466,0.3938713,-0.8143616,0.0923233,-0.9459915,-0.2503014,-0.8049393,-0.1741409,-0.8811722,-10.70955,-4.400276,-2.512398,-2.032211,-7.16774,-1.124924,-2.424026,-0.8933487,-1.818535,-0.9299316
54.491668701171875,,,,,,,,,,,,,,,-1.177956,-1.279579,0.5031586,0.02845001,-0.4206085,-0.2193909,0.5436859,-1.095818,0.3958244,-0.8124084,0.0923233,-0.9459915,-0.2503014,-0.8000565,-0.167305,-0.8645706,-10.7115,-4.405159,-2.518257,-2.021469,-7.171646,-1.113205,-2.430862,-0.8943253,-1.812675,-0.9123535
54.5,8.0,-655.0,16.0,22.0,9.0,-1666.0,-6.0,-5189.0,10.0,-9608.0,42.0,-647.0,290.0,-3736.0,-1.173073,-1.277626,0.5051117,0.02552032,-0.4245148,-0.2174377,0.5339203,-1.088005,0.3919182,-0.8075256,0.09134674,-0.945015,-0.2512779,-0.7951736,-0.1565628,-0.8430862,-10.71053,-4.405159,-2.528999,-2.014633,-7.169693,-1.103439,-2.431839,-0.8962784,-1.80584,-0.8977051
54.508331298828125,,,,,,,,,,,,,,,-1.169167,-1.277626,0.5041351,0.02259064,-0.4245148,-0.2125549,0.5241547,-1.088005,0.3880119,-0.8016663,0.08548737,-0.9440384,-0.2483482,-0.7902908,-0.1477737,-0.823555,-10.71053,-4.400276,-2.537788,-2.00975,-7.168716,-1.09758,-2.429886,-0.9001846,-1.80291,-0.8869629
54.51667022705078,,,,,,,,,,,,,,,-1.164284,-1.280556,0.5031586,0.01770782,-0.4235382,-0.2076721,0.5153656,-1.095818,0.3821526,-0.79776,0.07865143,-0.9440384,-0.2483482,-0.7844315,-0.1428909,-0.80793,-10.7076,-4.394417,-2.547554,-2.006821,-7.16774,-1.096603,-2.425003,-0.9070206,-1.800957,-0.8830566
54.525001525878906,,,,,,,,,,,,,,,-1.161354,-1.287392,0.4982758,0.009895325,-0.4206085,-0.2076721,0.5114594,-1.107536,0.381176,-0.7938538,0.07083893,-0.938179,-0.2493248,-0.7795486,-0.1389847,-0.8001175,-10.70564,-4.390511,-2.55732,-2.004868,-7.16774,-1.098557,-2.419144,-0.9138565,-1.79998,-0.8840332
54.533329010009766,,,,,,,,,,,,,,,-1.158424,-1.295204,0.4904633,0.0001296997,-0.4147491,-0.2106018,0.5095062,-1.122185,0.3821526,-0.7879944,0.06302643,-0.9323196,-0.2503014,-0.7736893,-0.1389847,-0.7991409,-10.70271,-4.387581,-2.565132,-2.006821,-7.17067,-1.101486,-2.411331,-0.9206924,-1.800957,-0.8908691
54.53333333333333,9.0,-656.0,18.0,36.0,9.0,-1668.0,-5.0,-5198.0,11.0,-9606.0,45.0,-640.0,305.0,-3720.0,,,,,,,,,,,,,,,,,,,,,,,,,,
54.54167175292969,,,,,,,,,,,,,,,-1.158424,-1.301064,0.4826508,-0.0076828,-0.4098663,-0.2164612,0.5104828,-1.13488,0.3860588,-0.7840881,0.05814362,-0.9254837,-0.2522545,-0.7678299,-0.1428909,-0.8050003,-10.70564,-4.385628,-2.570015,-2.007797,-7.175552,-1.106369,-2.407425,-0.9226456,-1.806816,-0.8967285
54.54999923706055,,,,,,,,,,,,,,,-1.161354,-1.303993,0.4719086,-0.01354218,-0.4079132,-0.2242737,0.514389,-1.145622,0.3899651,-0.7792053,0.05423737,-0.9196243,-0.253231,-0.7600174,-0.1477737,-0.8147659,-10.71053,-4.386604,-2.573921,-2.00975,-7.182388,-1.111252,-2.407425,-0.9177628,-1.814629,-0.9035645
54.55833053588867,,,,,,,,,,,,,,,-1.161354,-1.301064,0.4631195,-0.01744843,-0.4059601,-0.2330627,0.5173187,-1.151482,0.3938713,-0.7704163,0.05423737,-0.9157181,-0.2522545,-0.7502518,-0.1526566,-0.8206253,-10.71834,-4.389534,-2.574898,-2.010727,-7.192154,-1.111252,-2.406448,-0.9050674,-1.823418,-0.9055176
54.56666666666667,10.0,-656.0,21.0,53.0,11.0,-1667.0,-5.0,-5204.0,13.0,-9606.0,49.0,-634.0,321.0,-3702.0,,,,,,,,,,,,,,,,,,,,,,,,,,
54.56666946411133,,,,,,,,,,,,,,,-1.16526,-1.294228,0.455307,-0.0154953,-0.4059601,-0.2418518,0.521225,-1.154411,0.3958244,-0.7606506,0.05423737,-0.913765,-0.2473717,-0.7356033,-0.1575394,-0.8245316,-10.73006,-4.392464,-2.574898,-2.011703,-7.203873,-1.108322,-2.409378,-0.8855362,-1.835136,-0.904541
54.57500076293945,,,,,,,,,,,,,,,-1.167213,-1.282509,0.4514008,-0.01158905,-0.4059601,-0.2486877,0.5251312,-1.152458,0.3938713,-0.7528381,0.05814362,-0.9127884,-0.2454185,-0.7219315,-0.1614456,-0.8225784,-10.74471,-4.39344,-2.571968,-2.01561,-7.215591,-1.104416,-2.412308,-0.8601456,-1.850761,-0.9006348
54.58332824707031,,,,,,,,,,,,,,,-1.170143,-1.26786,0.4504242,-0.001823425,-0.4069366,-0.2555237,0.5270844,-1.146599,0.3899651,-0.7440491,0.05814362,-0.9157181,-0.2385826,-0.7111893,-0.1624222,-0.8176956,-10.75252,-4.388557,-2.566109,-2.01561,-7.223404,-1.09758,-2.421097,-0.8318253,-1.864433,-0.8918457
54.591670989990234,,,,,,,,,,,,,,,-1.17112,-1.251259,0.4523773,0.009895325,-0.4059601,-0.2584534,0.5280609,-1.13781,0.381176,-0.7342834,0.05912018,-0.9176712,-0.2346764,-0.7004471,-0.1604691,-0.8059769,-10.75935,-4.379768,-2.55732,-2.014633,-7.231216,-1.090744,-2.428909,-0.8083878,-1.878105,-0.8820801
54.599998474121094,,,,,,,,,,,,,,,-1.174049,-1.234657,0.455307,0.02063751,-0.4059601,-0.2584534,0.5290375,-1.129021,0.3753166,-0.7274475,0.05716705,-0.9186478,-0.2317467,-0.6994705,-0.1575394,-0.7913284,-10.76326,-4.370003,-2.549507,-2.014633,-7.235123,-1.085861,-2.437698,-0.7898331,-1.888847,-0.873291
54.6,11.0,-653.0,24.0,72.0,12.0,-1662.0,-5.0,-5207.0,15.0,-9611.0,53.0,-627.0,337.0,-3685.0,,,,,,,,,,,,,,,,,,,,,,,,,,
54.60832977294922,,,,,,,,,,,,,,,-1.174049,-1.220009,0.4592133,0.02747345,-0.4049835,-0.2574768,0.5280609,-1.118279,0.3684807,-0.7235413,0.05423737,-0.9157181,-0.2278404,-0.7033768,-0.1546097,-0.7757034,-10.75935,-4.359261,-2.540718,-2.014633,-7.232193,-1.081955,-2.446487,-0.781044,-1.900566,-0.8674316
54.616668701171875,,,,,,,,,,,,,,,-1.175026,-1.209267,0.4631195,0.03430939,-0.4069366,-0.2565002,0.530014,-1.108513,0.365551,-0.7206116,0.05228424,-0.9059525,-0.2249107,-0.7121658,-0.1507034,-0.7571487,-10.75154,-4.349495,-2.531929,-2.014633,-7.226334,-1.080002,-2.459183,-0.7820206,-1.908379,-0.8605957
54.625,,,,,,,,,,,,,,,-1.174049,-1.198524,0.4689789,0.04016876,-0.4098663,-0.2496643,0.5319672,-1.101677,0.3626213,-0.7176819,0.05033112,-0.8883743,-0.228817,-0.7258377,-0.1477737,-0.7376175,-10.7408,-4.340706,-2.528023,-2.01561,-7.216568,-1.081955,-2.465042,-0.7878799,-1.911308,-0.8537598
54.633331298828125,,,,,,,,,,,,,,,-1.174049,-1.188759,0.4719086,0.04505157,-0.4108429,-0.2418518,0.530014,-1.097771,0.3616447,-0.7157288,0.04837799,-0.8698196,-0.228817,-0.7404861,-0.1477737,-0.7200394,-10.73103,-4.331917,-2.527046,-2.016586,-7.202896,-1.085861,-2.471878,-0.8005753,-1.911308,-0.848877
54.63333333333333,11.0,-651.0,27.0,93.0,13.0,-1653.0,-6.0,-5208.0,17.0,-9615.0,56.0,-622.0,353.0,-3668.0,,,,,,,,,,,,,,,,,,,,,,,,,,
54.64167022705078,,,,,,,,,,,,,,,-1.172096,-1.181923,0.4728851,0.04993439,-0.4157257,-0.2330627,0.530014,-1.094841,0.3587151,-0.7167053,0.04740143,-0.8493118,-0.2317467,-0.7561111,-0.1497269,-0.7063675,-10.72322,-4.327034,-2.532906,-2.018539,-7.189224,-1.088791,-2.475784,-0.8162003,-1.908379,-0.8410645
54.650001525878906,,,,,,,,,,,,,,,-1.169167,-1.17411,0.4738617,0.0548172,-0.4186554,-0.2232971,0.5270844,-1.094841,0.3587151,-0.7186584,0.04740143,-0.8297806,-0.2336998,-0.7688065,-0.1546097,-0.698555,-10.71638,-4.323128,-2.543648,-2.018539,-7.176529,-1.088791,-2.475784,-0.8308487,-1.89959,-0.8312988
54.658329010009766,,,,,,,,,,,,,,,-1.16819,-1.165321,0.4738617,0.06067657,-0.4225616,-0.2115784,0.5261078,-1.096794,0.3557854,-0.7215881,0.04642487,-0.8141556,-0.237606,-0.7805252,-0.1633987,-0.7005081,-10.71443,-4.317268,-2.561226,-2.018539,-7.168716,-1.085861,-2.473831,-0.8454971,-1.887871,-0.8215332
54.666666666666664,12.0,-648.0,31.0,113.0,15.0,-1643.0,-6.0,-5207.0,19.0,-9616.0,59.0,-616.0,371.0,-3651.0,,,,,,,,,,,,,,,,,,,,,,,,,,
54.66667175292969,,,,,,,,,,,,,,,-1.16526,-1.158485,0.4728851,0.06458282,-0.4274445,-0.2027893,0.5231781,-1.101677,0.3528557,-0.7274475,0.04447174,-0.8034134,-0.2434654,-0.7893143,-0.1721878,-0.7112503,-10.71346,-4.310432,-2.581734,-2.014633,-7.166763,-1.080002,-2.473831,-0.8552628,-1.879082,-0.8127441
54.67499923706055,,,,,,,,,,,,,,,-1.166237,-1.155556,0.4719086,0.06555939,-0.4313507,-0.1998596,0.5202484,-1.107536,0.3469963,-0.73526,0.04056549,-0.7995071,-0.2483482,-0.7941971,-0.1809769,-0.7317581,-10.71248,-4.30262,-2.605171,-2.00975,-7.17067,-1.070236,-2.474808,-0.8630753,-1.864433,-0.8049316
54.68333053588867,,,,,,,,,,,,,,,-1.163307,-1.155556,0.470932,0.06458282,-0.4323273,-0.2027893,0.5182953,-1.112419,0.3421135,-0.7430725,0.03470612,-0.8004837,-0.2542076,-0.7990799,-0.1887894,-0.7600784,-10.71248,-4.293831,-2.623726,-2.002914,-7.180435,-1.057541,-2.477737,-0.8699112,-1.853691,-0.8010254
54.69166946411133,,,,,,,,,,,,,,,-1.16526,-1.159462,0.4689789,0.05970001,-0.4342804,-0.2115784,0.514389,-1.118279,0.3372307,-0.7538147,0.02787018,-0.8024368,-0.2590904,-0.8020096,-0.1936722,-0.7903519,-10.71346,-4.286995,-2.638374,-1.993149,-7.194107,-1.046799,-2.484573,-0.8728409,-1.844902,-0.802002
54.7,13.0,-645.0,34.0,132.0,17.0,-1638.0,-6.0,-5207.0,21.0,-9617.0,62.0,-608.0,389.0,-3634.0,,,,,,,,,,,,,,,,,,,,,,,,,,
54.70000076293945,,,,,,,,,,,,,,,-1.167213,-1.169228,0.4689789,0.05188751,-0.4323273,-0.2262268,0.5104828,-1.122185,0.3352776,-0.7674866,0.02103424,-0.8034134,-0.2659264,-0.8049393,-0.1966019,-0.8186722,-10.71638,-4.282112,-2.64521,-1.985336,-7.209732,-1.03801,-2.490433,-0.8738174,-1.840019,-0.8059082
54.70832824707031,,,,,,,,,,,,,,,-1.167213,-1.180946,0.4670258,0.04407501,-0.4313507,-0.2428284,0.5065765,-1.124138,0.3362541,-0.7801819,0.01615143,-0.8034134,-0.2717857,-0.8039627,-0.1936722,-0.83918,-10.72127,-4.279182,-2.642281,-1.975571,-7.223404,-1.033127,-2.502151,-0.8728409,-1.83416,-0.810791
54.716670989990234,,,,,,,,,,,,,,,-1.16819,-1.192665,0.4670258,0.03528595,-0.4274445,-0.2594299,0.5016937,-1.124138,0.3391838,-0.7889709,0.01126862,-0.8014603,-0.275692,-0.8000565,-0.1917191,-0.8499222,-10.73103,-4.277229,-2.635445,-1.965805,-7.232193,-1.03215,-2.508011,-0.8718643,-1.832207,-0.8195801
54.724998474121094,,,,,,,,,,,,,,,-1.17112,-1.204384,0.4621429,0.02942657,-0.4254913,-0.2740784,0.498764,-1.125114,0.3460197,-0.7987366,0.01029205,-0.797554,-0.2776451,-0.7961502,-0.1878128,-0.8499222,-10.74666,-4.277229,-2.622749,-1.957016,-7.236099,-1.036057,-2.509964,-0.8708878,-1.83123,-0.8293457
54.73332977294922,,,,,,,,,,,,,,,-1.175026,-1.215126,0.4592133,0.02845001,-0.4245148,-0.2857971,0.4958344,-1.124138,0.3509026,-0.8045959,0.01517487,-0.7916946,-0.275692,-0.7873611,-0.1848831,-0.8421097,-10.76131,-4.278206,-2.612984,-1.949203,-7.23024,-1.041916,-2.508987,-0.8708878,-1.830254,-0.8352051
54.733333333333334,14.0,-643.0,37.0,153.0,19.0,-1634.0,-6.0,-5207.0,22.0,-9620.0,66.0,-599.0,408.0,-3611.0,,,,,,,,,,,,,,,,,,,,,,,,,,
54.741668701171875,,,,,,,,,,,,,,,-1.177956,-1.222939,0.4523773,0.03430939,-0.4264679,-0.2955627,0.4968109,-1.126091,0.3577385,-0.8036194,0.01908112,-0.7868118,-0.2727623,-0.7775955,-0.18293,-0.8264847,-10.77791,-4.281136,-2.604195,-1.943344,-7.222427,-1.046799,-2.505081,-0.8718643,-1.830254,-0.8381348
54.75,,,,,,,,,,,,,,,-1.180885,-1.227821,0.4455414,0.04407501,-0.4303741,-0.3004456,0.5007172,-1.132927,0.3616447,-0.7967834,0.02396393,-0.781929,-0.2698326,-0.7678299,-0.1819534,-0.8050003,-10.79158,-4.284065,-2.602242,-1.938461,-7.210709,-1.049728,-2.497269,-0.8738174,-1.832207,-0.8381348
54.758331298828125,,,,,,,,,,,,,,,-1.184792,-1.230751,0.4377289,0.06067657,-0.4342804,-0.3053284,0.5056,-1.140739,0.3587151,-0.7860413,0.02787018,-0.7799759,-0.2590904,-0.7580643,-0.18293,-0.7825394,-10.80135,-4.288948,-2.606148,-1.936508,-7.195084,-1.047775,-2.491409,-0.8787003,-1.835136,-0.8352051
54.766666666666666,15.0,-639.0,41.0,174.0,21.0,-1632.0,-5.0,-5210.0,24.0,-9619.0,70.0,-589.0,427.0,-3584.0,,,,,,,,,,,,,,,,,,,,,,,,,,
54.76667022705078,,,,,,,,,,,,,,,-1.188698,-1.234657,0.4347992,0.0782547,-0.4381866,-0.3111877,0.5124359,-1.149529,0.3538322,-0.7704163,0.03079987,-0.7809525,-0.2512779,-0.7502518,-0.1848831,-0.7581253,-10.80428,-4.296761,-2.612007,-1.940414,-7.186295,-1.041916,-2.48848,-0.8835831,-1.843925,-0.8312988
54.775001525878906,,,,,,,,,,,,,,,-1.189674,-1.237587,0.4328461,0.09485626,-0.4420929,-0.3160706,0.5173187,-1.157341,0.3460197,-0.7528381,0.03177643,-0.7848587,-0.2454185,-0.7482986,-0.1878128,-0.7356644,-10.80232,-4.30262,-2.624702,-1.95018,-7.178482,-1.031174,-2.48555,-0.8865128,-1.851738,-0.8273926
54.783329010009766,,,,,,,,,,,,,,,-1.195534,-1.241493,0.4357758,0.1095047,-0.4450226,-0.3190002,0.5202484,-1.161247,0.3333244,-0.7381897,0.02787018,-0.7907181,-0.2415123,-0.7502518,-0.1917191,-0.7151566,-10.79744,-4.307503,-2.635445,-1.963852,-7.176529,-1.017502,-2.48555,-0.8894424,-1.86248,-0.8244629
54.79167175292969,,,,,,,,,,,,,,,-1.197487,-1.248329,0.4416351,0.1153641,-0.4459991,-0.3160706,0.5202484,-1.161247,0.3235588,-0.7254944,0.02396393,-0.7965775,-0.2385826,-0.754158,-0.1956253,-0.6966019,-10.78963,-4.311409,-2.644234,-1.979477,-7.181412,-1.008713,-2.48848,-0.8894424,-1.873222,-0.8225098
54.79999923706055,,,,,,,,,,,,,,,-1.198463,-1.254189,0.4494476,0.1153641,-0.4469757,-0.3082581,0.5192719,-1.155388,0.3137932,-0.7206116,0.01908112,-0.8034134,-0.237606,-0.7629471,-0.1995316,-0.6800003,-10.78474,-4.307503,-2.647163,-1.998032,-7.191177,-1.00383,-2.486526,-0.8865128,-1.883965,-0.8215332
54.8,16.0,-635.0,44.0,189.0,23.0,-1633.0,-3.0,-5211.0,25.0,-9615.0,74.0,-580.0,447.0,-3558.0,,,,,,,,,,,,,,,,,,,,,,,,,,
54.80833053588867,,,,,,,,,,,,,,,-1.19944,-1.260048,0.4572601,0.1095047,-0.4479523,-0.2965393,0.5153656,-1.144646,0.3069572,-0.7215881,0.01029205,-0.8092728,-0.2395592,-0.7746658,-0.2034378,-0.6721878,-10.77986,-4.29969,-2.646187,-2.018539,-7.203873,-1.004807,-2.484573,-0.8777237,-1.895683,-0.8225098
54.81666946411133,,,,,,,,,,,,,,,-1.201393,-1.264931,0.4631195,0.09680939,-0.4499054,-0.2770081,0.5095062,-1.130974,0.3040276,-0.7274475,0.004432678,-0.813179,-0.2405357,-0.7863846,-0.2063675,-0.6712112,-10.774,-4.288948,-2.637398,-2.035141,-7.218521,-1.016525,-2.479691,-0.8620987,-1.901543,-0.826416
54.82500076293945,,,,,,,,,,,,,,,-1.203346,-1.26786,0.4680023,0.08704376,-0.4518585,-0.2574768,0.5046234,-1.113396,0.3050041,-0.7342834,-0.0004501343,-0.8141556,-0.244442,-0.7981033,-0.2053909,-0.6751175,-10.76912,-4.276253,-2.626656,-2.052719,-7.232193,-1.03801,-2.474808,-0.8445206,-1.907402,-0.8293457
54.83332824707031,,,,,,,,,,,,,,,-1.203346,-1.26786,0.4670258,0.07727814,-0.4577179,-0.2340393,0.5007172,-1.097771,0.3079338,-0.7411194,-0.005332947,-0.8161087,-0.2463951,-0.8068924,-0.2044144,-0.6878128,-10.76424,-4.265511,-2.609077,-2.066391,-7.241959,-1.059494,-2.472855,-0.8220596,-1.912285,-0.8342285
54.833333333333336,17.0,-631.0,48.0,204.0,25.0,-1631.0,-3.0,-5211.0,26.0,-9612.0,78.0,-568.0,467.0,-3529.0,,,,,,,,,,,,,,,,,,,,,,,,,,
54.841670989990234,,,,,,,,,,,,,,,-1.203346,-1.26786,0.4640961,0.06848907,-0.459671,-0.2125549,0.4958344,-1.085075,0.3137932,-0.7469788,-0.01021576,-0.820015,-0.2454185,-0.8127518,-0.1995316,-0.7053909,-10.76131,-4.257698,-2.596382,-2.076157,-7.248795,-1.083908,-2.473831,-0.7986221,-1.916191,-0.8430176
54.849998474121094,,,,,,,,,,,,,,,-1.20237,-1.266884,0.4582367,0.06458282,-0.4635773,-0.1940002,0.4948578,-1.07238,0.3206291,-0.7518616,-0.01216888,-0.8229446,-0.2424889,-0.816658,-0.1936722,-0.7249222,-10.76033,-4.255745,-2.583687,-2.086899,-7.248795,-1.104416,-2.480667,-0.7771378,-1.920097,-0.8469238
54.85832977294922,,,,,,,,,,,,,,,-1.20237,-1.268837,0.4523773,0.0626297,-0.4655304,-0.1842346,0.4909515,-1.061638,0.3264885,-0.7538147,-0.01314545,-0.828804,-0.2366295,-0.816658,-0.1887894,-0.7473831,-10.75838,-4.260628,-2.577827,-2.095688,-7.240005,-1.120041,-2.492386,-0.7624893,-1.924004,-0.848877
54.86666666666667,18.0,-627.0,52.0,221.0,26.0,-1628.0,-2.0,-5212.0,28.0,-9612.0,83.0,-553.0,488.0,-3497.0,,,,,,,,,,,,,,,,,,,,,,,,,,
54.866668701171875,,,,,,,,,,,,,,,-1.201393,-1.272743,0.4435883,0.06360626,-0.4694366,-0.1803284,0.4870453,-1.053825,0.3313713,-0.7518616,-0.01216888,-0.8395462,-0.2317467,-0.8117752,-0.1839066,-0.7678909,-10.76619,-4.27137,-2.575874,-2.101547,-7.23317,-1.124924,-2.508011,-0.7537003,-1.92791,-0.848877
54.875,,,,,,,,,,,,,,,-1.201393,-1.281532,0.4377289,0.06458282,-0.4704132,-0.1813049,0.4870453,-1.049919,0.3333244,-0.750885,-0.009239197,-0.8522415,-0.2249107,-0.8059158,-0.1800003,-0.7844925,-10.77596,-4.285042,-2.58271,-2.10643,-7.222427,-1.121994,-2.51973,-0.7527237,-1.929863,-0.8479004
54.883331298828125,,,,,,,,,,,,,,,-1.20237,-1.294228,0.4299164,0.06751251,-0.4733429,-0.1891174,0.4850922,-1.051872,0.3362541,-0.7479553,-0.006309509,-0.8659134,-0.2170982,-0.7941971,-0.1790237,-0.7942581,-10.7906,-4.300667,-2.592476,-2.108383,-7.214615,-1.115158,-2.528519,-0.7595596,-1.93084,-0.842041
54.89167022705078,,,,,,,,,,,,,,,-1.201393,-1.310829,0.4221039,0.0704422,-0.4733429,-0.2037659,0.483139,-1.057732,0.3372307,-0.7411194,0.0005264282,-0.8805618,-0.2151451,-0.7795486,-0.1790237,-0.7991409,-10.80721,-4.316292,-2.606148,-2.10643,-7.210709,-1.104416,-2.532425,-0.7683487,-1.931816,-0.8381348
54.9,19.0,-625.0,56.0,242.0,28.0,-1627.0,-2.0,-5213.0,30.0,-9615.0,88.0,-536.0,509.0,-3461.0,,,,,,,,,,,,,,,,,,,,,,,,,,
54.900001525878906,,,,,,,,,,,,,,,-1.198463,-1.325478,0.4152679,0.07239532,-0.4743195,-0.2223206,0.4811859,-1.067497,0.3372307,-0.7362366,0.006385803,-0.8922806,-0.2151451,-0.7639236,-0.1819534,-0.8010941,-10.8199,-4.329964,-2.621773,-2.100571,-7.210709,-1.093674,-2.528519,-0.7790909,-1.92791,-0.8352051
54.908329010009766,,,,,,,,,,,,,,,-1.19944,-1.337196,0.4113617,0.07532501,-0.475296,-0.2398987,0.4782562,-1.083122,0.3362541,-0.7303772,0.01517487,-0.9020462,-0.2190514,-0.7473221,-0.1878128,-0.7981644,-10.82771,-4.337776,-2.632515,-2.090805,-7.218521,-1.087814,-2.51973,-0.7908096,-1.92498,-0.8342285
54.91667175292969,,,,,,,,,,,,,,,-1.19651,-1.344032,0.4113617,0.07532501,-0.4743195,-0.2594299,0.4753265,-1.1007,0.3362541,-0.7225647,0.02298737,-0.9088821,-0.2239342,-0.7307205,-0.1936722,-0.7903519,-10.82869,-4.340706,-2.642281,-2.07518,-7.226334,-1.084885,-2.510941,-0.8015518,-1.919121,-0.8381348
54.92499923706055,,,,,,,,,,,,,,,-1.192604,-1.342079,0.4113617,0.07434845,-0.4733429,-0.2770081,0.4733734,-1.118279,0.3372307,-0.719635,0.02884674,-0.9118118,-0.2317467,-0.7190018,-0.2014847,-0.7825394,-10.82381,-4.340706,-2.644234,-2.056625,-7.238052,-1.082932,-2.499222,-0.8093643,-1.915215,-0.8439941
54.93333053588867,,,,,,,,,,,,,,,-1.188698,-1.33622,0.4172211,0.07239532,-0.4723663,-0.2897034,0.4704437,-1.132927,0.3372307,-0.7206116,0.03470612,-0.9108353,-0.237606,-0.7121658,-0.2073441,-0.7747269,-10.81209,-4.337776,-2.640327,-2.037094,-7.251724,-1.085861,-2.495316,-0.8152237,-1.908379,-0.8508301
54.93333333333333,21.0,-624.0,60.0,264.0,31.0,-1626.0,-2.0,-5214.0,32.0,-9619.0,93.0,-528.0,530.0,-3426.0,,,,,,,,,,,,,,,,,,,,,,,,,,
54.94166946411133,,,,,,,,,,,,,,,-1.182838,-1.324501,0.4221039,0.06751251,-0.4694366,-0.2984924,0.467514,-1.142693,0.3352776,-0.7215881,0.03958893,-0.9088821,-0.2415123,-0.7102127,-0.2132034,-0.7659378,-10.79549,-4.331917,-2.629585,-2.019516,-7.262466,-1.090744,-2.493362,-0.8210831,-1.901543,-0.8557129
54.95000076293945,,,,,,,,,,,,,,,-1.177956,-1.310829,0.4318695,0.06067657,-0.4694366,-0.3023987,0.4636078,-1.145622,0.3352776,-0.7245178,0.04251862,-0.9049759,-0.244442,-0.7131424,-0.2161331,-0.7591019,-10.78181,-4.326057,-2.61982,-2.000961,-7.271255,-1.093674,-2.497269,-0.827919,-1.898613,-0.8586426
54.95832824707031,,,,,,,,,,,,,,,-1.173073,-1.303017,0.4377289,0.05091095,-0.4704132,-0.3023987,0.4606781,-1.142693,0.3313713,-0.7284241,0.04154205,-0.9010696,-0.244442,-0.7209549,-0.2190628,-0.7551956,-10.76717,-4.324104,-2.609077,-1.983383,-7.278091,-1.09465,-2.508011,-0.8347549,-1.894707,-0.8615723
54.96666666666667,22.0,-626.0,65.0,287.0,33.0,-1621.0,-2.0,-5215.0,34.0,-9621.0,98.0,-520.0,551.0,-3389.0,,,,,,,,,,,,,,,,,,,,,,,,,,
54.966670989990234,,,,,,,,,,,,,,,-1.16819,-1.303017,0.4445648,0.04309845,-0.4723663,-0.2984924,0.4577484,-1.138786,0.3284416,-0.7284241,0.04056549,-0.8952103,-0.244442,-0.729744,-0.2200394,-0.7551956,-10.75642,-4.323128,-2.604195,-1.968735,-7.282974,-1.09758,-2.517776,-0.8396378,-1.889824,-0.8615723
54.974998474121094,,,,,,,,,,,,,,,-1.166237,-1.309853,0.4455414,0.03430939,-0.475296,-0.2906799,0.4567719,-1.13195,0.3274651,-0.7245178,0.0376358,-0.8893509,-0.2434654,-0.7375565,-0.2210159,-0.7561722,-10.74861,-4.320198,-2.602242,-1.958969,-7.285904,-1.10051,-2.529495,-0.8415909,-1.888847,-0.8586426
54.98332977294922,,,,,,,,,,,,,,,-1.167213,-1.324501,0.4465179,0.02454376,-0.4772491,-0.2848206,0.4557953,-1.126091,0.3245354,-0.719635,0.03372955,-0.882515,-0.2454185,-0.7414627,-0.2210159,-0.761055,-10.74275,-4.319221,-2.605171,-1.951157,-7.284927,-1.102463,-2.538284,-0.8425674,-1.887871,-0.8557129
54.991668701171875,,,,,,,,,,,,,,,-1.170143,-1.345009,0.4435883,0.01282501,-0.4792023,-0.2809143,0.4557953,-1.126091,0.3235588,-0.7137756,0.0298233,-0.8766556,-0.2493248,-0.7414627,-0.2200394,-0.7708206,-10.73982,-4.316292,-2.609077,-1.945297,-7.284927,-1.106369,-2.543167,-0.8406143,-1.888847,-0.8527832
55.0,23.0,-627.0,69.0,312.0,35.0,-1615.0,-1.0,-5213.0,36.0,-9617.0,103.0,-510.0,573.0,-3354.0,-1.176003,-1.36454,0.4435883,0.002082825,-0.4792023,-0.2760315,0.4577484,-1.13195,0.3235588,-0.7079163,0.02494049,-0.8688431,-0.2561607,-0.738533,-0.2200394,-0.7805862,-10.73592,-4.310432,-2.61396,-1.943344,-7.281021,-1.113205,-2.543167,-0.8386612,-1.892754,-0.848877
55.03333333333333,25.0,-625.0,73.0,339.0,38.0,-1614.0,-2.0,-5210.0,38.0,-9612.0,108.0,-498.0,594.0,-3318.0,,,,,,,,,,,,,,,,,,,,,,,,,,
55.06666666666667,26.0,-621.0,77.0,367.0,41.0,-1612.0,-2.0,-5206.0,39.0,-9611.0,114.0,-485.0,615.0,-3281.0,,,,,,,,,,,,,,,,,,,,,,,,,,
55.1,28.0,-616.0,82.0,400.0,43.0,-1608.0,-3.0,-5205.0,41.0,-9614.0,120.0,-467.0,637.0,-3240.0,,,,,,,,,,,,,,,,,,,,,,,,,,
55.13333333333333,29.0,-608.0,87.0,439.0,46.0,-1605.0,-3.0,-5205.0,43.0,-9615.0,125.0,-447.0,659.0,-3198.0,,,,,,,,,,,,,,,,,,,,,,,,,,
55.166666666666664,31.0,-599.0,93.0,478.0,49.0,-1600.0,-3.0,-5205.0,46.0,-9617.0,130.0,-426.0,683.0,-3152.0,,,,,,,,,,,,,,,,,,,,,,,,,,
55.2,33.0,-591.0,98.0,515.0,52.0,-1592.0,-3.0,-5206.0,49.0,-9623.0,135.0,-401.0,706.0,-3101.0,,,,,,,,,,,,,,,,,,,,,,,,,,
55.233333333333334,36.0,-588.0,103.0,553.0,55.0,-1582.0,-2.0,-5206.0,51.0,-9629.0,140.0,-377.0,729.0,-3053.0,,,,,,,,,,,,,,,,,,,,,,,,,,
55.266666666666666,38.0,-586.0,107.0,593.0,59.0,-1570.0,-2.0,-5209.0,53.0,-9630.0,146.0,-356.0,752.0,-3005.0,,,,,,,,,,,,,,,,,,,,,,,,,,
55.3,39.0,-586.0,112.0,635.0,63.0,-1558.0,-1.0,-5210.0,55.0,-9629.0,152.0,-334.0,775.0,-2949.0,,,,,,,,,,,,,,,,,,,,,,,,,,
55.333333333333336,42.0,-583.0,117.0,679.0,67.0,-1550.0,0.0,-5207.0,58.0,-9629.0,158.0,-308.0,799.0,-2888.0,,,,,,,,,,,,,,,,,,,,,,,,,,
55.36666666666667,44.0,-577.0,122.0,724.0,70.0,-1544.0,0.0,-5205.0,59.0,-9629.0,163.0,-279.0,823.0,-2820.0,,,,,,,,,,,,,,,,,,,,,,,,,,
55.4,46.0,-568.0,128.0,769.0,73.0,-1535.0,0.0,-5199.0,61.0,-9626.0,169.0,-247.0,848.0,-2753.0,,,,,,,,,,,,,,,,,,,,,,,,,,
55.43333333333333,48.0,-559.0,134.0,816.0,77.0,-1522.0,0.0,-5193.0,63.0,-9617.0,175.0,-214.0,873.0,-2687.0,,,,,,,,,,,,,,,,,,,,,,,,,,
55.46666666666667,50.0,-553.0,140.0,861.0,80.0,-1511.0,0.0,-5193.0,65.0,-9614.0,181.0,-179.0,897.0,-2622.0,,,,,,,,,,,,,,,,,,,,,,,,,,
55.5,52.0,-550.0,146.0,906.0,84.0,-1497.0,1.0,-5195.0,69.0,-9616.0,187.0,-146.0,921.0,-2550.0,,,,,,,,,,,,,,,,,,,,,,,,,,
55.53333333333333,55.0,-546.0,152.0,952.0,87.0,-1480.0,2.0,-5198.0,72.0,-9616.0,193.0,-111.0,946.0,-2472.0,,,,,,,,,,,,,,,,,,,,,,,,,,
55.56666666666667,57.0,-540.0,158.0,1004.0,91.0,-1463.0,2.0,-5199.0,75.0,-9613.0,200.0,-77.0,970.0,-2393.0,,,,,,,,,,,,,,,,,,,,,,,,,,
55.6,60.0,-531.0,165.0,1059.0,96.0,-1449.0,2.0,-5202.0,78.0,-9611.0,207.0,-43.0,994.0,-2313.0,,,,,,,,,,,,,,,,,,,,,,,,,,
55.63333333333333,63.0,-521.0,171.0,1118.0,101.0,-1434.0,3.0,-5203.0,81.0,-9608.0,213.0,-5.0,1019.0,-2229.0,,,,,,,,,,,,,,,,,,,,,,,,,,
55.666666666666664,66.0,-512.0,178.0,1176.0,106.0,-1421.0,3.0,-5201.0,83.0,-9603.0,219.0,35.0,1043.0,-2145.0,,,,,,,,,,,,,,,,,,,,,,,,,,
55.7,69.0,-505.0,185.0,1239.0,111.0,-1402.0,4.0,-5198.0,86.0,-9598.0,226.0,77.0,1068.0,-2059.0,,,,,,,,,,,,,,,,,,,,,,,,,,
55.733333333333334,72.0,-493.0,192.0,1305.0,115.0,-1380.0,4.0,-5193.0,88.0,-9595.0,232.0,122.0,1092.0,-1973.0,,,,,,,,,,,,,,,,,,,,,,,,,,
55.766666666666666,75.0,-479.0,199.0,1373.0,119.0,-1361.0,4.0,-5186.0,92.0,-9591.0,238.0,169.0,1116.0,-1881.0,,,,,,,,,,,,,,,,,,,,,,,,,,
55.8,79.0,-468.0,206.0,1447.0,124.0,-1341.0,4.0,-5184.0,95.0,-9582.0,244.0,216.0,1140.0,-1783.0,,,,,,,,,,,,,,,,,,,,,,,,,,
55.833333333333336,82.0,-456.0,212.0,1522.0,127.0,-1320.0,4.0,-5184.0,98.0,-9573.0,250.0,262.0,1163.0,-1681.0,,,,,,,,,,,,,,,,,,,,,,,,,,
55.86666666666667,85.0,-441.0,219.0,1598.0,131.0,-1301.0,4.0,-5181.0,100.0,-9566.0,255.0,312.0,1186.0,-1579.0,,,,,,,,,,,,,,,,,,,,,,,,,,
55.9,88.0,-427.0,227.0,1675.0,136.0,-1284.0,5.0,-5179.0,104.0,-9561.0,260.0,371.0,1209.0,-1473.0,,,,,,,,,,,,,,,,,,,,,,,,,,
55.93333333333333,91.0,-415.0,235.0,1751.0,141.0,-1268.0,5.0,-5180.0,108.0,-9553.0,266.0,431.0,1231.0,-1361.0,,,,,,,,,,,,,,,,,,,,,,,,,,
55.96666666666667,94.0,-402.0,242.0,1827.0,147.0,-1246.0,6.0,-5182.0,111.0,-9543.0,272.0,490.0,1253.0,-1248.0,,,,,,,,,,,,,,,,,,,,,,,,,,
56.0,99.0,-387.0,250.0,1904.0,153.0,-1216.0,6.0,-5181.0,114.0,-9537.0,279.0,547.0,1275.0,-1132.0,,,,,,,,,,,,,,,,,,,,,,,,,,
56.03333333333333,103.0,-372.0,257.0,1986.0,159.0,-1182.0,7.0,-5180.0,117.0,-9532.0,285.0,603.0,1297.0,-1020.0,,,,,,,,,,,,,,,,,,,,,,,,,,
56.06666666666667,108.0,-356.0,265.0,2068.0,165.0,-1147.0,8.0,-5176.0,120.0,-9526.0,290.0,662.0,1319.0,-909.0,,,,,,,,,,,,,,,,,,,,,,,,,,
56.1,112.0,-341.0,272.0,2152.0,170.0,-1113.0,8.0,-5170.0,123.0,-9521.0,296.0,722.0,1342.0,-798.0,,,,,,,,,,,,,,,,,,,,,,,,,,
56.13333333333333,116.0,-322.0,279.0,2238.0,176.0,-1080.0,8.0,-5163.0,126.0,-9515.0,301.0,783.0,1364.0,-684.0,,,,,,,,,,,,,,,,,,,,,,,,,,
56.166666666666664,120.0,-303.0,287.0,2327.0,182.0,-1044.0,8.0,-5158.0,129.0,-9505.0,306.0,844.0,1385.0,-565.0,,,,,,,,,,,,,,,,,,,,,,,,,,
56.2,125.0,-283.0,295.0,2423.0,188.0,-1004.0,9.0,-5153.0,133.0,-9494.0,311.0,908.0,1407.0,-444.0,,,,,,,,,,,,,,,,,,,,,,,,,,
56.233333333333334,129.0,-259.0,304.0,2522.0,194.0,-967.0,9.0,-5146.0,136.0,-9484.0,316.0,976.0,1427.0,-325.0,,,,,,,,,,,,,,,,,,,,,,,,,,
56.266666666666666,133.0,-233.0,312.0,2623.0,202.0,-932.0,10.0,-5138.0,139.0,-9473.0,321.0,1046.0,1448.0,-201.0,,,,,,,,,,,,,,,,,,,,,,,,,,
56.3,137.0,-205.0,321.0,2725.0,209.0,-893.0,9.0,-5132.0,142.0,-9466.0,327.0,1120.0,1469.0,-75.0,,,,,,,,,,,,,,,,,,,,,,,,,,
56.333333333333336,142.0,-179.0,329.0,2829.0,215.0,-847.0,10.0,-5130.0,146.0,-9459.0,332.0,1198.0,1489.0,52.0,,,,,,,,,,,,,,,,,,,,,,,,,,
56.36666666666667,147.0,-153.0,338.0,2932.0,222.0,-801.0,10.0,-5128.0,149.0,-9451.0,337.0,1277.0,1508.0,186.0,,,,,,,,,,,,,,,,,,,,,,,,,,
56.4,152.0,-131.0,347.0,3039.0,229.0,-756.0,10.0,-5126.0,153.0,-9439.0,343.0,1353.0,1527.0,321.0,,,,,,,,,,,,,,,,,,,,,,,,,,
56.43333333333333,157.0,-106.0,355.0,3150.0,236.0,-710.0,11.0,-5123.0,156.0,-9428.0,349.0,1429.0,1546.0,457.0,,,,,,,,,,,,,,,,,,,,,,,,,,
56.46666666666667,162.0,-75.0,364.0,3264.0,242.0,-660.0,12.0,-5124.0,159.0,-9417.0,354.0,1506.0,1565.0,589.0,,,,,,,,,,,,,,,,,,,,,,,,,,
56.5,166.0,-41.0,373.0,3377.0,248.0,-612.0,13.0,-5123.0,162.0,-9405.0,360.0,1585.0,1583.0,720.0,,,,,,,,,,,,,,,,,,,,,,,,,,
56.53333333333333,171.0,-8.0,382.0,3490.0,254.0,-560.0,13.0,-5120.0,164.0,-9390.0,365.0,1663.0,1601.0,855.0,,,,,,,,,,,,,,,,,,,,,,,,,,
56.56666666666667,176.0,24.0,391.0,3607.0,261.0,-504.0,14.0,-5120.0,168.0,-9375.0,370.0,1744.0,1618.0,992.0,,,,,,,,,,,,,,,,,,,,,,,,,,
56.6,181.0,60.0,400.0,3726.0,268.0,-444.0,14.0,-5117.0,171.0,-9359.0,375.0,1826.0,1635.0,1129.0,,,,,,,,,,,,,,,,,,,,,,,,,,
56.63333333333333,186.0,96.0,410.0,3850.0,275.0,-382.0,14.0,-5116.0,175.0,-9346.0,380.0,1909.0,1651.0,1268.0,,,,,,,,,,,,,,,,,,,,,,,,,,
56.666666666666664,192.0,135.0,419.0,3976.0,283.0,-321.0,15.0,-5112.0,178.0,-9335.0,385.0,1992.0,1667.0,1409.0,,,,,,,,,,,,,,,,,,,,,,,,,,
56.7,198.0,173.0,429.0,4107.0,292.0,-259.0,16.0,-5106.0,181.0,-9319.0,389.0,2077.0,1683.0,1546.0,,,,,,,,,,,,,,,,,,,,,,,,,,
56.733333333333334,204.0,211.0,438.0,4239.0,300.0,-196.0,16.0,-5098.0,184.0,-9299.0,393.0,2163.0,1699.0,1678.0,,,,,,,,,,,,,,,,,,,,,,,,,,
56.766666666666666,210.0,249.0,448.0,4368.0,308.0,-133.0,16.0,-5094.0,187.0,-9279.0,398.0,2248.0,1716.0,1808.0,,,,,,,,,,,,,,,,,,,,,,,,,,
56.8,217.0,289.0,458.0,4502.0,316.0,-67.0,16.0,-5091.0,190.0,-9264.0,401.0,2334.0,1731.0,1941.0,,,,,,,,,,,,,,,,,,,,,,,,,,
56.833333333333336,222.0,332.0,468.0,4637.0,324.0,2.0,16.0,-5087.0,193.0,-9251.0,405.0,2420.0,1746.0,2078.0,,,,,,,,,,,,,,,,,,,,,,,,,,
56.86666666666667,229.0,379.0,477.0,4774.0,331.0,74.0,16.0,-5083.0,196.0,-9235.0,409.0,2507.0,1759.0,2221.0,,,,,,,,,,,,,,,,,,,,,,,,,,
56.9,235.0,429.0,487.0,4914.0,338.0,147.0,16.0,-5079.0,199.0,-9220.0,412.0,2595.0,1773.0,2361.0,,,,,,,,,,,,,,,,,,,,,,,,,,
56.93333333333333,241.0,484.0,497.0,5057.0,344.0,226.0,16.0,-5074.0,202.0,-9204.0,417.0,2682.0,1786.0,2499.0,,,,,,,,,,,,,,,,,,,,,,,,,,
56.96666666666667,247.0,541.0,507.0,5202.0,352.0,307.0,16.0,-5069.0,205.0,-9186.0,421.0,2770.0,1799.0,2636.0,,,,,,,,,,,,,,,,,,,,,,,,,,
57.0,253.0,601.0,517.0,5347.0,360.0,389.0,17.0,-5060.0,208.0,-9169.0,425.0,2859.0,1812.0,2772.0,,,,,,,,,,,,,,,,,,,,,,,,,,
57.03333333333333,259.0,662.0,528.0,5496.0,368.0,474.0,17.0,-5051.0,212.0,-9155.0,429.0,2948.0,1825.0,2909.0,,,,,,,,,,,,,,,,,,,,,,,,,,
57.06666666666667,265.0,721.0,539.0,5648.0,375.0,566.0,18.0,-5047.0,215.0,-9142.0,434.0,3037.0,1836.0,3049.0,,,,,,,,,,,,,,,,,,,,,,,,,,
57.1,271.0,784.0,550.0,5804.0,382.0,660.0,18.0,-5044.0,218.0,-9128.0,437.0,3127.0,1847.0,3192.0,,,,,,,,,,,,,,,,,,,,,,,,,,
57.13333333333333,278.0,849.0,560.0,5962.0,389.0,753.0,18.0,-5043.0,221.0,-9114.0,441.0,3220.0,1858.0,3332.0,,,,,,,,,,,,,,,,,,,,,,,,,,
57.166666666666664,285.0,917.0,571.0,6124.0,396.0,850.0,19.0,-5042.0,224.0,-9101.0,444.0,3315.0,1869.0,3473.0,,,,,,,,,,,,,,,,,,,,,,,,,,
57.2,292.0,985.0,581.0,6288.0,405.0,951.0,19.0,-5040.0,228.0,-9086.0,447.0,3405.0,1879.0,3613.0,,,,,,,,,,,,,,,,,,,,,,,,,,
57.233333333333334,298.0,1054.0,592.0,6452.0,413.0,1054.0,20.0,-5037.0,231.0,-9065.0,451.0,3497.0,1890.0,3753.0,,,,,,,,,,,,,,,,,,,,,,,,,,
57.266666666666666,305.0,1126.0,602.0,6616.0,421.0,1163.0,20.0,-5031.0,234.0,-9039.0,453.0,3593.0,1900.0,3889.0,,,,,,,,,,,,,,,,,,,,,,,,,,
57.3,312.0,1202.0,613.0,6779.0,429.0,1274.0,21.0,-5023.0,236.0,-9011.0,456.0,3684.0,1909.0,4023.0,,,,,,,,,,,,,,,,,,,,,,,,,,
57.333333333333336,318.0,1279.0,625.0,6944.0,435.0,1385.0,21.0,-5014.0,239.0,-8981.0,459.0,3775.0,1919.0,4158.0,,,,,,,,,,,,,,,,,,,,,,,,,,
57.36666666666667,325.0,1356.0,636.0,7118.0,442.0,1498.0,22.0,-5008.0,241.0,-8953.0,461.0,3866.0,1928.0,4295.0,,,,,,,,,,,,,,,,,,,,,,,,,,
57.4,331.0,1434.0,647.0,7302.0,449.0,1616.0,22.0,-5004.0,243.0,-8925.0,464.0,3956.0,1937.0,4431.0,,,,,,,,,,,,,,,,,,,,,,,,,,
57.43333333333333,338.0,1515.0,658.0,7489.0,456.0,1731.0,23.0,-4998.0,246.0,-8904.0,467.0,4049.0,1945.0,4566.0,,,,,,,,,,,,,,,,,,,,,,,,,,
57.46666666666667,344.0,1593.0,670.0,7677.0,463.0,1847.0,24.0,-4994.0,249.0,-8889.0,471.0,4142.0,1953.0,4703.0,,,,,,,,,,,,,,,,,,,,,,,,,,
57.5,351.0,1677.0,682.0,7862.0,471.0,1969.0,25.0,-4991.0,251.0,-8876.0,474.0,4237.0,1961.0,4839.0,,,,,,,,,,,,,,,,,,,,,,,,,,
57.53333333333333,357.0,1770.0,693.0,8050.0,478.0,2093.0,26.0,-4984.0,254.0,-8860.0,477.0,4333.0,1968.0,4970.0,,,,,,,,,,,,,,,,,,,,,,,,,,
57.56666666666667,363.0,1864.0,704.0,8238.0,486.0,2218.0,26.0,-4975.0,256.0,-8840.0,479.0,4427.0,1975.0,5098.0,,,,,,,,,,,,,,,,,,,,,,,,,,
57.6,370.0,1962.0,716.0,8429.0,493.0,2344.0,27.0,-4969.0,259.0,-8819.0,482.0,4518.0,1982.0,5225.0,,,,,,,,,,,,,,,,,,,,,,,,,,
57.63333333333333,377.0,2063.0,727.0,8623.0,500.0,2473.0,27.0,-4962.0,262.0,-8796.0,485.0,4610.0,1989.0,5359.0,,,,,,,,,,,,,,,,,,,,,,,,,,
57.666666666666664,385.0,2169.0,737.0,8820.0,507.0,2607.0,27.0,-4956.0,264.0,-8773.0,488.0,4704.0,1995.0,5496.0,,,,,,,,,,,,,,,,,,,,,,,,,,
57.7,392.0,2282.0,748.0,9026.0,514.0,2747.0,28.0,-4953.0,267.0,-8752.0,491.0,4800.0,2001.0,5633.0,,,,,,,,,,,,,,,,,,,,,,,,,,
57.733333333333334,398.0,2392.0,760.0,9235.0,522.0,2891.0,28.0,-4946.0,269.0,-8734.0,494.0,4898.0,2006.0,5767.0,,,,,,,,,,,,,,,,,,,,,,,,,,
57.766666666666666,405.0,2500.0,771.0,9449.0,529.0,3041.0,28.0,-4940.0,271.0,-8715.0,497.0,4994.0,2012.0,5901.0,,,,,,,,,,,,,,,,,,,,,,,,,,
57.8,411.0,2611.0,784.0,9670.0,537.0,3192.0,28.0,-4937.0,273.0,-8693.0,499.0,5089.0,2017.0,6035.0,,,,,,,,,,,,,,,,,,,,,,,,,,
57.833333333333336,417.0,2727.0,796.0,9892.0,545.0,3344.0,28.0,-4930.0,276.0,-8667.0,501.0,5181.0,2023.0,6166.0,,,,,,,,,,,,,,,,,,,,,,,,,,
57.86666666666667,424.0,2844.0,809.0,10114.0,551.0,3498.0,28.0,-4920.0,279.0,-8643.0,504.0,5271.0,2028.0,6291.0,,,,,,,,,,,,,,,,,,,,,,,,,,
57.9,432.0,2963.0,821.0,10338.0,558.0,3651.0,29.0,-4910.0,282.0,-8618.0,506.0,5363.0,2032.0,6412.0,,,,,,,,,,,,,,,,,,,,,,,,,,
57.93333333333333,440.0,3086.0,834.0,10561.0,564.0,3807.0,29.0,-4905.0,285.0,-8593.0,509.0,5452.0,2036.0,6539.0,,,,,,,,,,,,,,,,,,,,,,,,,,
57.96666666666667,447.0,3211.0,847.0,10784.0,571.0,3971.0,30.0,-4899.0,288.0,-8571.0,510.0,5541.0,2039.0,6664.0,,,,,,,,,,,,,,,,,,,,,,,,,,
58.0,454.0,3335.0,859.0,11014.0,578.0,4141.0,30.0,-4890.0,291.0,-8551.0,512.0,5633.0,2042.0,6792.0,,,,,,,,,,,,,,,,,,,,,,,,,,
58.03333333333333,461.0,3465.0,871.0,11254.0,584.0,4316.0,31.0,-4880.0,293.0,-8535.0,513.0,5726.0,2046.0,6918.0,,,,,,,,,,,,,,,,,,,,,,,,,,
58.06666666666667,467.0,3603.0,884.0,11497.0,590.0,4497.0,31.0,-4875.0,295.0,-8514.0,514.0,5816.0,2050.0,7042.0,,,,,,,,,,,,,,,,,,,,,,,,,,
58.1,474.0,3744.0,897.0,11745.0,597.0,4677.0,31.0,-4872.0,298.0,-8487.0,516.0,5907.0,2054.0,7165.0,,,,,,,,,,,,,,,,,,,,,,,,,,
58.13333333333333,480.0,3889.0,911.0,11992.0,603.0,4862.0,31.0,-4866.0,300.0,-8458.0,518.0,5996.0,2057.0,7282.0,,,,,,,,,,,,,,,,,,,,,,,,,,
58.166666666666664,486.0,4038.0,924.0,12236.0,610.0,5045.0,31.0,-4857.0,302.0,-8432.0,520.0,6086.0,2061.0,7399.0,,,,,,,,,,,,,,,,,,,,,,,,,,
58.2,493.0,4192.0,937.0,12485.0,616.0,5231.0,32.0,-4846.0,305.0,-8407.0,522.0,6179.0,2064.0,7519.0,,,,,,,,,,,,,,,,,,,,,,,,,,
58.233333333333334,499.0,4349.0,949.0,12743.0,623.0,5418.0,33.0,-4834.0,307.0,-8381.0,524.0,6273.0,2066.0,7638.0,,,,,,,,,,,,,,,,,,,,,,,,,,
58.266666666666666,506.0,4507.0,960.0,13004.0,629.0,5602.0,34.0,-4822.0,308.0,-8353.0,526.0,6369.0,2069.0,7757.0,,,,,,,,,,,,,,,,,,,,,,,,,,
58.3,513.0,4667.0,972.0,13268.0,635.0,5789.0,35.0,-4813.0,309.0,-8324.0,528.0,6461.0,2071.0,7872.0,,,,,,,,,,,,,,,,,,,,,,,,,,
58.333333333333336,519.0,4830.0,984.0,13535.0,641.0,5980.0,35.0,-4806.0,311.0,-8296.0,530.0,6549.0,2072.0,7988.0,,,,,,,,,,,,,,,,,,,,,,,,,,
58.36666666666667,525.0,4994.0,997.0,13814.0,646.0,6176.0,35.0,-4796.0,312.0,-8270.0,532.0,6639.0,2073.0,8100.0,,,,,,,,,,,,,,,,,,,,,,,,,,
58.4,532.0,5163.0,1009.0,14098.0,652.0,6376.0,35.0,-4785.0,314.0,-8247.0,534.0,6726.0,2073.0,8214.0,,,,,,,,,,,,,,,,,,,,,,,,,,
58.43333333333333,538.0,5338.0,1022.0,14392.0,658.0,6583.0,36.0,-4774.0,316.0,-8224.0,536.0,6814.0,2073.0,8332.0,,,,,,,,,,,,,,,,,,,,,,,,,,
58.46666666666667,545.0,5515.0,1035.0,14689.0,664.0,6798.0,36.0,-4760.0,317.0,-8198.0,539.0,6905.0,2074.0,8451.0,,,,,,,,,,,,,,,,,,,,,,,,,,
58.5,552.0,5690.0,1048.0,14986.0,669.0,7018.0,36.0,-4746.0,318.0,-8168.0,541.0,6999.0,2075.0,8572.0,,,,,,,,,,,,,,,,,,,,,,,,,,
58.53333333333333,559.0,5869.0,1063.0,15284.0,675.0,7242.0,37.0,-4734.0,321.0,-8138.0,542.0,7096.0,2075.0,8698.0,,,,,,,,,,,,,,,,,,,,,,,,,,
58.56666666666667,565.0,6055.0,1076.0,15584.0,681.0,7469.0,37.0,-4723.0,322.0,-8108.0,544.0,7192.0,2074.0,8824.0,,,,,,,,,,,,,,,,,,,,,,,,,,
58.6,572.0,6249.0,1089.0,15892.0,688.0,7701.0,38.0,-4712.0,324.0,-8080.0,544.0,7287.0,2074.0,8946.0,,,,,,,,,,,,,,,,,,,,,,,,,,
58.63333333333333,577.0,6447.0,1101.0,16211.0,693.0,7936.0,38.0,-4702.0,325.0,-8052.0,545.0,7382.0,2073.0,9063.0,,,,,,,,,,,,,,,,,,,,,,,,,,
58.666666666666664,584.0,6647.0,1114.0,16540.0,699.0,8176.0,38.0,-4689.0,327.0,-8028.0,546.0,7474.0,2072.0,9176.0,,,,,,,,,,,,,,,,,,,,,,,,,,
58.7,590.0,6851.0,1128.0,16874.0,704.0,8415.0,39.0,-4673.0,329.0,-8006.0,548.0,7569.0,2070.0,9291.0,,,,,,,,,,,,,,,,,,,,,,,,,,
58.733333333333334,596.0,7057.0,1141.0,17210.0,709.0,8655.0,40.0,-4659.0,331.0,-7980.0,549.0,7667.0,2068.0,9405.0,,,,,,,,,,,,,,,,,,,,,,,,,,
58.766666666666666,602.0,7267.0,1153.0,17545.0,714.0,8897.0,41.0,-4646.0,332.0,-7952.0,550.0,7765.0,2067.0,9516.0,,,,,,,,,,,,,,,,,,,,,,,,,,
58.8,608.0,7479.0,1166.0,17888.0,719.0,9141.0,41.0,-4630.0,333.0,-7917.0,552.0,7864.0,2065.0,9627.0,,,,,,,,,,,,,,,,,,,,,,,,,,
58.833333333333336,614.0,7694.0,1180.0,18241.0,725.0,9390.0,41.0,-4616.0,334.0,-7884.0,553.0,7962.0,2063.0,9739.0,,,,,,,,,,,,,,,,,,,,,,,,,,
58.86666666666667,620.0,7913.0,1193.0,18600.0,731.0,9644.0,41.0,-4604.0,336.0,-7855.0,555.0,8059.0,2061.0,9852.0,,,,,,,,,,,,,,,,,,,,,,,,,,
58.9,627.0,8137.0,1206.0,18968.0,736.0,9903.0,41.0,-4594.0,337.0,-7827.0,556.0,8156.0,2058.0,9966.0,,,,,,,,,,,,,,,,,,,,,,,,,,
58.93333333333333,633.0,8366.0,1219.0,19343.0,741.0,10170.0,41.0,-4583.0,338.0,-7800.0,558.0,8255.0,2055.0,10086.0,,,,,,,,,,,,,,,,,,,,,,,,,,
58.96666666666667,639.0,8600.0,1232.0,19725.0,745.0,10443.0,42.0,-4569.0,338.0,-7771.0,559.0,8362.0,2053.0,10208.0,,,,,,,,,,,,,,,,,,,,,,,,,,
59.0,646.0,8841.0,1245.0,20108.0,749.0,10717.0,43.0,-4555.0,338.0,-7741.0,561.0,8467.0,2050.0,10326.0,,,,,,,,,,,,,,,,,,,,,,,,,,
59.03333333333333,652.0,9086.0,1258.0,20489.0,753.0,10994.0,44.0,-4539.0,339.0,-7708.0,562.0,8565.0,2047.0,10442.0,,,,,,,,,,,,,,,,,,,,,,,,,,
59.06666666666667,658.0,9336.0,1271.0,20879.0,757.0,11276.0,44.0,-4518.0,340.0,-7677.0,564.0,8666.0,2043.0,10556.0,,,,,,,,,,,,,,,,,,,,,,,,,,
59.1,665.0,9593.0,1284.0,21280.0,761.0,11561.0,44.0,-4496.0,341.0,-7648.0,565.0,8769.0,2040.0,10670.0,,,,,,,,,,,,,,,,,,,,,,,,,,
59.13333333333333,671.0,9856.0,1297.0,21691.0,765.0,11849.0,43.0,-4478.0,342.0,-7618.0,566.0,8873.0,2038.0,10786.0,,,,,,,,,,,,,,,,,,,,,,,,,,
59.166666666666664,677.0,10120.0,1309.0,22113.0,769.0,12143.0,43.0,-4462.0,342.0,-7587.0,567.0,8976.0,2034.0,10905.0,,,,,,,,,,,,,,,,,,,,,,,,,,
59.2,683.0,10386.0,1322.0,22539.0,773.0,12441.0,42.0,-4447.0,341.0,-7555.0,567.0,9081.0,2030.0,11022.0,,,,,,,,,,,,,,,,,,,,,,,,,,
59.233333333333334,688.0,10657.0,1335.0,22974.0,777.0,12743.0,43.0,-4433.0,341.0,-7522.0,569.0,9188.0,2026.0,11138.0,,,,,,,,,,,,,,,,,,,,,,,,,,
59.266666666666666,694.0,10930.0,1348.0,23417.0,781.0,13050.0,43.0,-4417.0,341.0,-7487.0,571.0,9299.0,2020.0,11251.0,,,,,,,,,,,,,,,,,,,,,,,,,,
59.3,700.0,11208.0,1362.0,23872.0,786.0,13364.0,44.0,-4401.0,341.0,-7455.0,572.0,9413.0,2015.0,11366.0,,,,,,,,,,,,,,,,,,,,,,,,,,
59.333333333333336,707.0,11491.0,1374.0,24335.0,790.0,13680.0,44.0,-4384.0,342.0,-7424.0,573.0,9527.0,2010.0,11480.0,,,,,,,,,,,,,,,,,,,,,,,,,,
59.36666666666667,713.0,11780.0,1386.0,24808.0,794.0,14000.0,44.0,-4365.0,342.0,-7397.0,575.0,9643.0,2004.0,11589.0,,,,,,,,,,,,,,,,,,,,,,,,,,
59.4,719.0,12073.0,1398.0,25289.0,798.0,14322.0,43.0,-4347.0,344.0,-7372.0,576.0,9755.0,1999.0,11697.0,,,,,,,,,,,,,,,,,,,,,,,,,,
59.43333333333333,725.0,12371.0,1410.0,25774.0,802.0,14649.0,43.0,-4325.0,345.0,-7344.0,577.0,9868.0,1992.0,11805.0,,,,,,,,,,,,,,,,,,,,,,,,,,
59.46666666666667,730.0,12678.0,1423.0,26270.0,805.0,14984.0,42.0,-4304.0,345.0,-7311.0,578.0,9982.0,1986.0,11916.0,,,,,,,,,,,,,,,,,,,,,,,,,,
59.5,735.0,12984.0,1436.0,26778.0,808.0,15318.0,43.0,-4284.0,346.0,-7279.0,578.0,10096.0,1979.0,12027.0,,,,,,,,,,,,,,,,,,,,,,,,,,
59.53333333333333,742.0,13297.0,1448.0,27297.0,811.0,15658.0,43.0,-4263.0,346.0,-7247.0,578.0,10210.0,1972.0,12134.0,,,,,,,,,,,,,,,,,,,,,,,,,,
59.56666666666667,748.0,13618.0,1460.0,27827.0,814.0,16006.0,44.0,-4239.0,346.0,-7215.0,578.0,10326.0,1965.0,12238.0,,,,,,,,,,,,,,,,,,,,,,,,,,
59.6,754.0,13944.0,1472.0,28362.0,817.0,16360.0,45.0,-4218.0,345.0,-7185.0,579.0,10442.0,1958.0,12344.0,,,,,,,,,,,,,,,,,,,,,,,,,,
59.63333333333333,759.0,14279.0,1483.0,28906.0,821.0,16718.0,45.0,-4194.0,345.0,-7158.0,580.0,10558.0,1950.0,12454.0,,,,,,,,,,,,,,,,,,,,,,,,,,
59.666666666666664,764.0,14617.0,1495.0,29457.0,826.0,17081.0,45.0,-4167.0,344.0,-7130.0,580.0,10674.0,1941.0,12568.0,,,,,,,,,,,,,,,,,,,,,,,,,,
59.7,770.0,14959.0,1505.0,30019.0,830.0,17448.0,45.0,-4143.0,344.0,-7101.0,580.0,10795.0,1932.0,12680.0,,,,,,,,,,,,,,,,,,,,,,,,,,
59.733333333333334,776.0,15307.0,1516.0,30598.0,833.0,17819.0,45.0,-4123.0,343.0,-7074.0,580.0,10921.0,1923.0,12793.0,,,,,,,,,,,,,,,,,,,,,,,,,,
59.766666666666666,781.0,15662.0,1528.0,31187.0,836.0,18195.0,45.0,-4103.0,342.0,-7049.0,580.0,11049.0,1913.0,12900.0,,,,,,,,,,,,,,,,,,,,,,,,,,
59.8,787.0,16026.0,1540.0,31786.0,839.0,18576.0,45.0,-4086.0,341.0,-7020.0,580.0,11179.0,1903.0,13005.0,,,,,,,,,,,,,,,,,,,,,,,,,,
59.833333333333336,792.0,16390.0,1551.0,32398.0,842.0,18960.0,45.0,-4068.0,341.0,-6986.0,580.0,11308.0,1893.0,13107.0,,,,,,,,,,,,,,,,,,,,,,,,,,
59.86666666666667,798.0,16756.0,1563.0,33020.0,844.0,19350.0,45.0,-4049.0,340.0,-6952.0,580.0,11438.0,1883.0,13211.0,,,,,,,,,,,,,,,,,,,,,,,,,,
59.9,803.0,17131.0,1575.0,33655.0,846.0,19751.0,45.0,-4027.0,339.0,-6920.0,580.0,11569.0,1873.0,13317.0,,,,,,,,,,,,,,,,,,,,,,,,,,
59.93333333333333,808.0,17513.0,1586.0,34311.0,849.0,20159.0,45.0,-4002.0,337.0,-6889.0,581.0,11698.0,1863.0,13424.0,,,,,,,,,,,,,,,,,,,,,,,,,,
59.96666666666667,813.0,17907.0,1598.0,34977.0,851.0,20571.0,44.0,-3971.0,336.0,-6861.0,581.0,11827.0,1852.0,13530.0,,,,,,,,,,,,,,,,,,,,,,,,,,
60.0,818.0,18312.0,1609.0,35657.0,854.0,20985.0,44.0,-3939.0,336.0,-6834.0,581.0,11956.0,1840.0,13636.0,,,,,,,,,,,,,,,,,,,,,,,,,,
60.03333333333333,823.0,18725.0,1620.0,36351.0,856.0,21404.0,43.0,-3910.0,335.0,-6807.0,581.0,12089.0,1830.0,13740.0,,,,,,,,,,,,,,,,,,,,,,,,,,
60.06666666666667,828.0,19141.0,1631.0,37057.0,858.0,21829.0,43.0,-3884.0,333.0,-6778.0,582.0,12224.0,1819.0,13844.0,,,,,,,,,,,,,,,,,,,,,,,,,,
60.1,832.0,19562.0,1641.0,37771.0,860.0,22263.0,43.0,-3865.0,332.0,-6748.0,581.0,12361.0,1807.0,13947.0,,,,,,,,,,,,,,,,,,,,,,,,,,
60.13333333333333,836.0,19988.0,1651.0,38502.0,862.0,22696.0,43.0,-3844.0,332.0,-6718.0,580.0,12497.0,1795.0,14049.0,,,,,,,,,,,,,,,,,,,,,,,,,,
60.166666666666664,841.0,20416.0,1659.0,39253.0,864.0,23131.0,43.0,-3821.0,331.0,-6692.0,580.0,12634.0,1782.0,14153.0,,,,,,,,,,,,,,,,,,,,,,,,,,
60.2,845.0,20852.0,1667.0,40020.0,865.0,23567.0,43.0,-3798.0,331.0,-6672.0,580.0,12771.0,1770.0,14252.0,,,,,,,,,,,,,,,,,,,,,,,,,,
60.233333333333334,849.0,21291.0,1675.0,40803.0,867.0,24007.0,42.0,-3774.0,330.0,-6649.0,579.0,12912.0,1758.0,14348.0,,,,,,,,,,,,,,,,,,,,,,,,,,
60.266666666666666,853.0,21738.0,1684.0,41595.0,868.0,24455.0,42.0,-3748.0,328.0,-6626.0,578.0,13054.0,1745.0,14446.0,,,,,,,,,,,,,,,,,,,,,,,,,,
60.3,857.0,22192.0,1692.0,42400.0,869.0,24912.0,41.0,-3721.0,327.0,-6602.0,577.0,13198.0,1732.0,14544.0,,,,,,,,,,,,,,,,,,,,,,,,,,
60.333333333333336,861.0,22653.0,1699.0,43221.0,870.0,25378.0,42.0,-3696.0,326.0,-6575.0,575.0,13339.0,1718.0,14639.0,,,,,,,,,,,,,,,,,,,,,,,,,,
60.36666666666667,864.0,23118.0,1706.0,44060.0,871.0,25846.0,41.0,-3673.0,325.0,-6550.0,574.0,13482.0,1704.0,14733.0,,,,,,,,,,,,,,,,,,,,,,,,,,
60.4,866.0,23587.0,1712.0,44909.0,872.0,26313.0,41.0,-3646.0,324.0,-6527.0,572.0,13626.0,1690.0,14823.0,,,,,,,,,,,,,,,,,,,,,,,,,,
60.43333333333333,869.0,24062.0,1719.0,45781.0,873.0,26783.0,40.0,-3616.0,323.0,-6499.0,571.0,13767.0,1676.0,14908.0,,,,,,,,,,,,,,,,,,,,,,,,,,
60.46666666666667,871.0,24548.0,1725.0,46673.0,874.0,27257.0,40.0,-3586.0,322.0,-6469.0,570.0,13901.0,1661.0,14991.0,,,,,,,,,,,,,,,,,,,,,,,,,,
60.5,873.0,25043.0,1732.0,47574.0,876.0,27735.0,40.0,-3557.0,320.0,-6440.0,569.0,14034.0,1647.0,15074.0,,,,,,,,,,,,,,,,,,,,,,,,,,
60.53333333333333,875.0,25540.0,1737.0,48490.0,877.0,28220.0,39.0,-3531.0,319.0,-6421.0,569.0,14171.0,1634.0,15156.0,,,,,,,,,,,,,,,,,,,,,,,,,,
60.56666666666667,877.0,26039.0,1741.0,49422.0,877.0,28711.0,39.0,-3506.0,317.0,-6408.0,568.0,14313.0,1619.0,15236.0,,,,,,,,,,,,,,,,,,,,,,,,,,
60.6,879.0,26540.0,1745.0,50370.0,876.0,29208.0,38.0,-3479.0,316.0,-6392.0,567.0,14458.0,1605.0,15313.0,,,,,,,,,,,,,,,,,,,,,,,,,,
60.63333333333333,880.0,27042.0,1748.0,51331.0,875.0,29716.0,38.0,-3451.0,315.0,-6372.0,565.0,14602.0,1590.0,15392.0,,,,,,,,,,,,,,,,,,,,,,,,,,
60.666666666666664,882.0,27547.0,1751.0,52318.0,874.0,30225.0,38.0,-3421.0,314.0,-6350.0,562.0,14746.0,1576.0,15470.0,,,,,,,,,,,,,,,,,,,,,,,,,,
60.7,883.0,28051.0,1754.0,53325.0,874.0,30734.0,37.0,-3390.0,313.0,-6326.0,560.0,14889.0,1562.0,15544.0,,,,,,,,,,,,,,,,,,,,,,,,,,
60.733333333333334,883.0,28560.0,1757.0,54348.0,873.0,31244.0,37.0,-3361.0,312.0,-6303.0,559.0,15027.0,1548.0,15614.0,,,,,,,,,,,,,,,,,,,,,,,,,,
60.766666666666666,883.0,29071.0,1757.0,55384.0,872.0,31755.0,37.0,-3334.0,311.0,-6284.0,557.0,15168.0,1533.0,15680.0,,,,,,,,,,,,,,,,,,,,,,,,,,
60.8,883.0,29584.0,1758.0,56435.0,870.0,32267.0,37.0,-3306.0,310.0,-6270.0,554.0,15310.0,1518.0,15739.0,,,,,,,,,,,,,,,,,,,,,,,,,,
60.833333333333336,883.0,30100.0,1758.0,57498.0,868.0,32778.0,37.0,-3278.0,309.0,-6257.0,553.0,15450.0,1503.0,15789.0,,,,,,,,,,,,,,,,,,,,,,,,,,
60.86666666666667,883.0,30621.0,1758.0,58572.0,867.0,33288.0,37.0,-3250.0,307.0,-6243.0,551.0,15588.0,1489.0,15838.0,,,,,,,,,,,,,,,,,,,,,,,,,,
60.9,882.0,31146.0,1758.0,59665.0,866.0,33797.0,36.0,-3225.0,305.0,-6228.0,548.0,15725.0,1474.0,15885.0,,,,,,,,,,,,,,,,,,,,,,,,,,
60.93333333333333,881.0,31662.0,1757.0,60776.0,865.0,34302.0,36.0,-3203.0,303.0,-6210.0,545.0,15863.0,1458.0,15939.0,,,,,,,,,,,,,,,,,,,,,,,,,,
60.96666666666667,880.0,32180.0,1755.0,61901.0,863.0,34808.0,36.0,-3183.0,303.0,-6189.0,541.0,16000.0,1443.0,15992.0,,,,,,,,,,,,,,,,,,,,,,,,,,
61.0,879.0,32700.0,1753.0,63038.0,861.0,35312.0,36.0,-3163.0,301.0,-6168.0,538.0,16134.0,1429.0,16039.0,,,,,,,,,,,,,,,,,,,,,,,,,,
61.03333333333333,877.0,33217.0,1751.0,64184.0,859.0,35818.0,36.0,-3137.0,299.0,-6149.0,534.0,16264.0,1414.0,16077.0,,,,,,,,,,,,,,,,,,,,,,,,,,
61.06666666666667,875.0,33724.0,1748.0,65335.0,857.0,36325.0,35.0,-3109.0,298.0,-6134.0,530.0,16390.0,1400.0,16106.0,,,,,,,,,,,,,,,,,,,,,,,,,,
61.1,872.0,34231.0,1744.0,66500.0,854.0,36833.0,34.0,-3084.0,297.0,-6122.0,527.0,16515.0,1386.0,16136.0,,,,,,,,,,,,,,,,,,,,,,,,,,
61.13333333333333,868.0,34739.0,1740.0,67683.0,851.0,37336.0,34.0,-3059.0,296.0,-6112.0,525.0,16637.0,1371.0,16165.0,,,,,,,,,,,,,,,,,,,,,,,,,,
61.166666666666664,865.0,35241.0,1734.0,68869.0,847.0,37834.0,33.0,-3033.0,294.0,-6104.0,522.0,16757.0,1355.0,16191.0,,,,,,,,,,,,,,,,,,,,,,,,,,
61.2,861.0,35732.0,1727.0,70059.0,843.0,38333.0,31.0,-3010.0,292.0,-6093.0,519.0,16877.0,1341.0,16211.0,,,,,,,,,,,,,,,,,,,,,,,,,,
61.233333333333334,858.0,36209.0,1721.0,71253.0,839.0,38828.0,31.0,-2986.0,289.0,-6082.0,516.0,16996.0,1326.0,16230.0,,,,,,,,,,,,,,,,,,,,,,,,,,
61.266666666666666,854.0,36679.0,1714.0,72447.0,834.0,39314.0,30.0,-2964.0,288.0,-6071.0,513.0,17113.0,1311.0,16250.0,,,,,,,,,,,,,,,,,,,,,,,,,,
61.3,851.0,37145.0,1707.0,73657.0,830.0,39797.0,29.0,-2943.0,286.0,-6063.0,509.0,17229.0,1295.0,16267.0,,,,,,,,,,,,,,,,,,,,,,,,,,
61.333333333333336,847.0,37614.0,1699.0,74871.0,827.0,40275.0,28.0,-2922.0,285.0,-6061.0,505.0,17345.0,1280.0,16281.0,,,,,,,,,,,,,,,,,,,,,,,,,,
61.36666666666667,843.0,38078.0,1690.0,76086.0,824.0,40746.0,28.0,-2901.0,283.0,-6061.0,501.0,17458.0,1265.0,16279.0,,,,,,,,,,,,,,,,,,,,,,,,,,
61.4,839.0,38527.0,1681.0,77301.0,820.0,41207.0,27.0,-2878.0,281.0,-6058.0,497.0,17565.0,1250.0,16277.0,,,,,,,,,,,,,,,,,,,,,,,,,,
61.43333333333333,834.0,38964.0,1672.0,78504.0,816.0,41656.0,27.0,-2859.0,279.0,-6052.0,493.0,17672.0,1236.0,16272.0,,,,,,,,,,,,,,,,,,,,,,,,,,
61.46666666666667,829.0,39386.0,1662.0,79687.0,812.0,42102.0,26.0,-2839.0,276.0,-6044.0,490.0,17771.0,1222.0,16259.0,,,,,,,,,,,,,,,,,,,,,,,,,,
61.5,823.0,39791.0,1652.0,80862.0,808.0,42543.0,26.0,-2819.0,273.0,-6037.0,486.0,17864.0,1207.0,16246.0,,,,,,,,,,,,,,,,,,,,,,,,,,
61.53333333333333,816.0,40195.0,1642.0,82037.0,803.0,42975.0,25.0,-2797.0,271.0,-6031.0,482.0,17950.0,1193.0,16229.0,,,,,,,,,,,,,,,,,,,,,,,,,,
61.56666666666667,810.0,40595.0,1631.0,83207.0,798.0,43398.0,25.0,-2776.0,269.0,-6028.0,477.0,18035.0,1179.0,16206.0,,,,,,,,,,,,,,,,,,,,,,,,,,
61.6,804.0,40979.0,1619.0,84368.0,793.0,43815.0,25.0,-2761.0,268.0,-6026.0,474.0,18114.0,1165.0,16181.0,,,,,,,,,,,,,,,,,,,,,,,,,,
61.63333333333333,798.0,41351.0,1607.0,85511.0,788.0,44227.0,24.0,-2747.0,267.0,-6025.0,471.0,18193.0,1152.0,16153.0,,,,,,,,,,,,,,,,,,,,,,,,,,
61.666666666666664,792.0,41712.0,1594.0,86630.0,783.0,44625.0,23.0,-2729.0,265.0,-6025.0,467.0,18271.0,1139.0,16132.0,,,,,,,,,,,,,,,,,,,,,,,,,,
61.7,786.0,42053.0,1581.0,87731.0,777.0,45006.0,23.0,-2709.0,263.0,-6023.0,464.0,18347.0,1125.0,16102.0,,,,,,,,,,,,,,,,,,,,,,,,,,
61.733333333333334,779.0,42371.0,1567.0,88824.0,772.0,45377.0,23.0,-2692.0,261.0,-6023.0,459.0,18414.0,1110.0,16063.0,,,,,,,,,,,,,,,,,,,,,,,,,,
61.766666666666666,773.0,42676.0,1553.0,89900.0,767.0,45731.0,23.0,-2680.0,260.0,-6025.0,455.0,18479.0,1096.0,16021.0,,,,,,,,,,,,,,,,,,,,,,,,,,
61.8,766.0,42966.0,1540.0,90953.0,762.0,46070.0,22.0,-2674.0,259.0,-6028.0,451.0,18542.0,1082.0,15972.0,,,,,,,,,,,,,,,,,,,,,,,,,,
61.833333333333336,760.0,43243.0,1527.0,91980.0,757.0,46396.0,22.0,-2668.0,256.0,-6032.0,447.0,18599.0,1069.0,15919.0,,,,,,,,,,,,,,,,,,,,,,,,,,
61.86666666666667,754.0,43499.0,1514.0,92978.0,751.0,46711.0,21.0,-2660.0,254.0,-6035.0,443.0,18650.0,1056.0,15865.0,,,,,,,,,,,,,,,,,,,,,,,,,,
61.9,747.0,43741.0,1500.0,93940.0,745.0,47013.0,20.0,-2653.0,251.0,-6038.0,439.0,18695.0,1044.0,15814.0,,,,,,,,,,,,,,,,,,,,,,,,,,
61.93333333333333,740.0,43964.0,1485.0,94871.0,739.0,47306.0,20.0,-2647.0,249.0,-6044.0,436.0,18734.0,1032.0,15757.0,,,,,,,,,,,,,,,,,,,,,,,,,,
61.96666666666667,732.0,44167.0,1469.0,95772.0,733.0,47584.0,19.0,-2643.0,247.0,-6052.0,432.0,18767.0,1020.0,15695.0,,,,,,,,,,,,,,,,,,,,,,,,,,
62.0,724.0,44351.0,1454.0,96636.0,727.0,47844.0,19.0,-2638.0,244.0,-6062.0,428.0,18791.0,1008.0,15629.0,,,,,,,,,,,,,,,,,,,,,,,,,,
62.03333333333333,717.0,44514.0,1439.0,97457.0,723.0,48095.0,19.0,-2634.0,241.0,-6073.0,424.0,18809.0,996.0,15560.0,,,,,,,,,,,,,,,,,,,,,,,,,,
62.06666666666667,711.0,44660.0,1424.0,98245.0,718.0,48338.0,19.0,-2631.0,239.0,-6080.0,420.0,18826.0,985.0,15487.0,,,,,,,,,,,,,,,,,,,,,,,,,,
62.1,704.0,44792.0,1409.0,98994.0,713.0,48565.0,18.0,-2627.0,238.0,-6086.0,416.0,18837.0,973.0,15414.0,,,,,,,,,,,,,,,,,,,,,,,,,,
62.13333333333333,696.0,44909.0,1395.0,99710.0,707.0,48769.0,18.0,-2626.0,236.0,-6096.0,412.0,18845.0,961.0,15339.0,,,,,,,,,,,,,,,,,,,,,,,,,,
62.166666666666664,689.0,45011.0,1380.0,100385.0,701.0,48951.0,18.0,-2623.0,233.0,-6109.0,408.0,18850.0,950.0,15257.0,,,,,,,,,,,,,,,,,,,,,,,,,,
62.2,682.0,45099.0,1364.0,101009.0,695.0,49118.0,17.0,-2619.0,230.0,-6120.0,404.0,18850.0,939.0,15166.0,,,,,,,,,,,,,,,,,,,,,,,,,,
62.233333333333334,674.0,45171.0,1349.0,101593.0,688.0,49273.0,17.0,-2616.0,229.0,-6132.0,400.0,18844.0,929.0,15074.0,,,,,,,,,,,,,,,,,,,,,,,,,,
62.266666666666666,667.0,45216.0,1333.0,102138.0,682.0,49417.0,17.0,-2616.0,227.0,-6142.0,396.0,18832.0,918.0,14982.0,,,,,,,,,,,,,,,,,,,,,,,,,,
62.3,660.0,45239.0,1317.0,102641.0,676.0,49550.0,17.0,-2621.0,225.0,-6153.0,392.0,18820.0,907.0,14889.0,,,,,,,,,,,,,,,,,,,,,,,,,,
62.333333333333336,653.0,45252.0,1301.0,103097.0,670.0,49669.0,17.0,-2629.0,223.0,-6172.0,388.0,18801.0,898.0,14794.0,,,,,,,,,,,,,,,,,,,,,,,,,,
62.36666666666667,646.0,45257.0,1285.0,103510.0,664.0,49770.0,16.0,-2638.0,220.0,-6189.0,383.0,18772.0,888.0,14697.0,,,,,,,,,,,,,,,,,,,,,,,,,,
62.4,639.0,45245.0,1270.0,103876.0,659.0,49853.0,15.0,-2647.0,219.0,-6201.0,379.0,18739.0,878.0,14594.0,,,,,,,,,,,,,,,,,,,,,,,,,,
62.43333333333333,632.0,45211.0,1254.0,104196.0,654.0,49919.0,15.0,-2660.0,216.0,-6211.0,375.0,18704.0,867.0,14490.0,,,,,,,,,,,,,,,,,,,,,,,,,,
62.46666666666667,625.0,45162.0,1239.0,104474.0,649.0,49973.0,14.0,-2672.0,214.0,-6224.0,372.0,18668.0,857.0,14383.0,,,,,,,,,,,,,,,,,,,,,,,,,,
62.5,618.0,45090.0,1224.0,104706.0,644.0,50011.0,14.0,-2683.0,211.0,-6243.0,368.0,18625.0,848.0,14275.0,,,,,,,,,,,,,,,,,,,,,,,,,,
62.53333333333333,612.0,45005.0,1209.0,104894.0,638.0,50034.0,14.0,-2695.0,208.0,-6263.0,365.0,18575.0,838.0,14166.0,,,,,,,,,,,,,,,,,,,,,,,,,,
62.56666666666667,605.0,44908.0,1195.0,105042.0,631.0,50052.0,14.0,-2712.0,206.0,-6286.0,362.0,18521.0,828.0,14056.0,,,,,,,,,,,,,,,,,,,,,,,,,,
62.6,598.0,44800.0,1180.0,105138.0,626.0,50059.0,14.0,-2728.0,205.0,-6308.0,358.0,18464.0,819.0,13942.0,,,,,,,,,,,,,,,,,,,,,,,,,,
62.63333333333333,591.0,44681.0,1166.0,105183.0,620.0,50047.0,14.0,-2745.0,203.0,-6327.0,354.0,18402.0,809.0,13827.0,,,,,,,,,,,,,,,,,,,,,,,,,,
62.666666666666664,585.0,44545.0,1152.0,105197.0,614.0,50018.0,13.0,-2763.0,201.0,-6345.0,350.0,18340.0,799.0,13712.0,,,,,,,,,,,,,,,,,,,,,,,,,,
62.7,578.0,44395.0,1137.0,105176.0,608.0,49975.0,11.0,-2781.0,198.0,-6365.0,346.0,18277.0,790.0,13595.0,,,,,,,,,,,,,,,,,,,,,,,,,,
62.733333333333334,572.0,44234.0,1124.0,105107.0,603.0,49917.0,11.0,-2797.0,196.0,-6379.0,343.0,18214.0,781.0,13475.0,,,,,,,,,,,,,,,,,,,,,,,,,,
62.766666666666666,566.0,44060.0,1110.0,104992.0,598.0,49849.0,10.0,-2813.0,194.0,-6393.0,340.0,18136.0,772.0,13349.0,,,,,,,,,,,,,,,,,,,,,,,,,,
62.8,560.0,43878.0,1097.0,104835.0,593.0,49768.0,10.0,-2830.0,192.0,-6415.0,336.0,18053.0,764.0,13221.0,,,,,,,,,,,,,,,,,,,,,,,,,,
62.833333333333336,554.0,43684.0,1083.0,104635.0,587.0,49675.0,10.0,-2849.0,190.0,-6438.0,334.0,17971.0,756.0,13094.0,,,,,,,,,,,,,,,,,,,,,,,,,,
62.86666666666667,548.0,43472.0,1071.0,104401.0,583.0,49573.0,9.0,-2867.0,188.0,-6468.0,330.0,17887.0,748.0,12967.0,,,,,,,,,,,,,,,,,,,,,,,,,,
62.9,542.0,43245.0,1057.0,104135.0,578.0,49456.0,9.0,-2885.0,185.0,-6495.0,327.0,17794.0,740.0,12838.0,,,,,,,,,,,,,,,,,,,,,,,,,,
62.93333333333333,535.0,43008.0,1044.0,103838.0,572.0,49322.0,9.0,-2898.0,183.0,-6518.0,323.0,17694.0,733.0,12711.0,,,,,,,,,,,,,,,,,,,,,,,,,,
62.96666666666667,529.0,42768.0,1031.0,103501.0,568.0,49183.0,9.0,-2911.0,180.0,-6542.0,320.0,17588.0,725.0,12589.0,,,,,,,,,,,,,,,,,,,,,,,,,,
63.0,523.0,42529.0,1018.0,103130.0,563.0,49033.0,9.0,-2930.0,178.0,-6566.0,316.0,17480.0,718.0,12463.0,,,,,,,,,,,,,,,,,,,,,,,,,,
63.03333333333333,517.0,42284.0,1006.0,102725.0,558.0,48874.0,8.0,-2954.0,175.0,-6588.0,313.0,17376.0,709.0,12329.0,,,,,,,,,,,,,,,,,,,,,,,,,,
63.06666666666667,512.0,42033.0,993.0,102292.0,552.0,48707.0,7.0,-2977.0,174.0,-6612.0,310.0,17275.0,701.0,12195.0,,,,,,,,,,,,,,,,,,,,,,,,,,
63.1,507.0,41775.0,982.0,101834.0,547.0,48532.0,6.0,-3001.0,172.0,-6640.0,308.0,17173.0,694.0,12060.0,,,,,,,,,,,,,,,,,,,,,,,,,,
63.13333333333333,502.0,41510.0,970.0,101351.0,542.0,48346.0,6.0,-3023.0,170.0,-6668.0,305.0,17068.0,686.0,11928.0,,,,,,,,,,,,,,,,,,,,,,,,,,
63.166666666666664,497.0,41238.0,958.0,100844.0,538.0,48146.0,6.0,-3048.0,168.0,-6700.0,303.0,16959.0,680.0,11795.0,,,,,,,,,,,,,,,,,,,,,,,,,,
63.2,491.0,40963.0,945.0,100315.0,533.0,47942.0,6.0,-3075.0,166.0,-6730.0,300.0,16846.0,673.0,11657.0,,,,,,,,,,,,,,,,,,,,,,,,,,
63.233333333333334,485.0,40679.0,933.0,99761.0,529.0,47740.0,5.0,-3100.0,164.0,-6755.0,298.0,16729.0,667.0,11519.0,,,,,,,,,,,,,,,,,,,,,,,,,,
63.266666666666666,480.0,40393.0,921.0,99185.0,525.0,47532.0,5.0,-3126.0,163.0,-6786.0,295.0,16611.0,661.0,11386.0,,,,,,,,,,,,,,,,,,,,,,,,,,
63.3,475.0,40101.0,910.0,98592.0,520.0,47313.0,4.0,-3152.0,162.0,-6813.0,292.0,16486.0,654.0,11255.0,,,,,,,,,,,,,,,,,,,,,,,,,,
63.333333333333336,470.0,39797.0,900.0,97982.0,516.0,47084.0,4.0,-3177.0,161.0,-6843.0,289.0,16362.0,647.0,11121.0,,,,,,,,,,,,,,,,,,,,,,,,,,
63.36666666666667,465.0,39490.0,889.0,97356.0,511.0,46848.0,3.0,-3203.0,159.0,-6868.0,286.0,16241.0,641.0,10986.0,,,,,,,,,,,,,,,,,,,,,,,,,,
63.4,460.0,39180.0,879.0,96711.0,507.0,46605.0,2.0,-3230.0,158.0,-6893.0,284.0,16120.0,635.0,10852.0,,,,,,,,,,,,,,,,,,,,,,,,,,
63.43333333333333,455.0,38869.0,869.0,96055.0,503.0,46359.0,2.0,-3255.0,156.0,-6919.0,281.0,16000.0,629.0,10720.0,,,,,,,,,,,,,,,,,,,,,,,,,,
63.46666666666667,451.0,38559.0,860.0,95379.0,499.0,46111.0,2.0,-3279.0,155.0,-6940.0,278.0,15883.0,622.0,10588.0,,,,,,,,,,,,,,,,,,,,,,,,,,
63.5,446.0,38250.0,850.0,94693.0,495.0,45861.0,1.0,-3307.0,153.0,-6962.0,275.0,15761.0,616.0,10457.0,,,,,,,,,,,,,,,,,,,,,,,,,,
63.53333333333333,442.0,37936.0,841.0,94000.0,490.0,45603.0,1.0,-3341.0,151.0,-6987.0,273.0,15631.0,611.0,10326.0,,,,,,,,,,,,,,,,,,,,,,,,,,
63.56666666666667,437.0,37619.0,831.0,93301.0,486.0,45343.0,2.0,-3372.0,150.0,-7015.0,271.0,15498.0,606.0,10193.0,,,,,,,,,,,,,,,,,,,,,,,,,,
63.6,433.0,37308.0,822.0,92593.0,483.0,45080.0,2.0,-3401.0,148.0,-7045.0,269.0,15372.0,600.0,10062.0,,,,,,,,,,,,,,,,,,,,,,,,,,
63.63333333333333,428.0,36993.0,812.0,91880.0,478.0,44817.0,3.0,-3429.0,147.0,-7072.0,266.0,15249.0,594.0,9932.0,,,,,,,,,,,,,,,,,,,,,,,,,,
63.666666666666664,424.0,36676.0,803.0,91157.0,474.0,44551.0,3.0,-3454.0,146.0,-7103.0,264.0,15124.0,588.0,9799.0,,,,,,,,,,,,,,,,,,,,,,,,,,
63.7,419.0,36356.0,794.0,90424.0,470.0,44281.0,3.0,-3477.0,144.0,-7134.0,262.0,14999.0,583.0,9667.0,,,,,,,,,,,,,,,,,,,,,,,,,,
63.733333333333334,414.0,36038.0,786.0,89697.0,466.0,44011.0,2.0,-3499.0,143.0,-7161.0,260.0,14872.0,578.0,9540.0,,,,,,,,,,,,,,,,,,,,,,,,,,
63.766666666666666,411.0,35720.0,778.0,88976.0,463.0,43736.0,2.0,-3526.0,142.0,-7189.0,257.0,14749.0,573.0,9412.0,,,,,,,,,,,,,,,,,,,,,,,,,,
63.8,407.0,35403.0,770.0,88241.0,459.0,43458.0,2.0,-3552.0,140.0,-7222.0,254.0,14621.0,569.0,9284.0,,,,,,,,,,,,,,,,,,,,,,,,,,
63.833333333333336,403.0,35092.0,762.0,87516.0,455.0,43174.0,1.0,-3578.0,138.0,-7257.0,252.0,14491.0,564.0,9157.0,,,,,,,,,,,,,,,,,,,,,,,,,,
63.86666666666667,399.0,34787.0,754.0,86794.0,451.0,42890.0,0.0,-3605.0,137.0,-7288.0,249.0,14364.0,559.0,9030.0,,,,,,,,,,,,,,,,,,,,,,,,,,
63.9,395.0,34483.0,746.0,86066.0,447.0,42605.0,0.0,-3634.0,135.0,-7317.0,247.0,14237.0,554.0,8908.0,,,,,,,,,,,,,,,,,,,,,,,,,,
63.93333333333333,392.0,34173.0,737.0,85335.0,443.0,42318.0,0.0,-3659.0,133.0,-7345.0,245.0,14111.0,548.0,8786.0,,,,,,,,,,,,,,,,,,,,,,,,,,
63.96666666666667,388.0,33859.0,729.0,84602.0,439.0,42037.0,0.0,-3680.0,132.0,-7372.0,243.0,13984.0,543.0,8667.0,,,,,,,,,,,,,,,,,,,,,,,,,,
64.0,385.0,33544.0,720.0,83873.0,435.0,41757.0,0.0,-3698.0,131.0,-7401.0,241.0,13863.0,538.0,8541.0,,,,,,,,,,,,,,,,,,,,,,,,,,
64.03333333333333,381.0,33232.0,712.0,83154.0,432.0,41471.0,0.0,-3715.0,131.0,-7429.0,239.0,13743.0,533.0,8414.0,,,,,,,,,,,,,,,,,,,,,,,,,,
64.06666666666666,377.0,32926.0,703.0,82434.0,428.0,41188.0,0.0,-3734.0,130.0,-7458.0,236.0,13624.0,529.0,8290.0,,,,,,,,,,,,,,,,,,,,,,,,,,
64.1,373.0,32626.0,696.0,81718.0,424.0,40910.0,0.0,-3756.0,129.0,-7489.0,234.0,13503.0,524.0,8169.0,,,,,,,,,,,,,,,,,,,,,,,,,,
64.13333333333334,369.0,32329.0,688.0,80993.0,421.0,40629.0,0.0,-3781.0,127.0,-7519.0,233.0,13384.0,519.0,8053.0,,,,,,,,,,,,,,,,,,,,,,,,,,
64.16666666666667,366.0,32039.0,682.0,80268.0,418.0,40347.0,0.0,-3805.0,126.0,-7552.0,232.0,13265.0,515.0,7939.0,,,,,,,,,,,,,,,,,,,,,,,,,,
64.2,363.0,31747.0,674.0,79553.0,415.0,40072.0,0.0,-3826.0,125.0,-7583.0,230.0,13142.0,511.0,7827.0,,,,,,,,,,,,,,,,,,,,,,,,,,
64.23333333333333,360.0,31450.0,667.0,78849.0,412.0,39804.0,0.0,-3848.0,124.0,-7611.0,229.0,13019.0,507.0,7711.0,,,,,,,,,,,,,,,,,,,,,,,,,,
64.26666666666667,356.0,31155.0,661.0,78145.0,409.0,39531.0,0.0,-3874.0,123.0,-7636.0,227.0,12901.0,504.0,7597.0,,,,,,,,,,,,,,,,,,,,,,,,,,
64.3,353.0,30861.0,654.0,77448.0,405.0,39253.0,0.0,-3899.0,122.0,-7662.0,226.0,12786.0,500.0,7488.0,,,,,,,,,,,,,,,,,,,,,,,,,,
64.33333333333333,350.0,30570.0,648.0,76763.0,402.0,38975.0,0.0,-3922.0,121.0,-7689.0,224.0,12674.0,495.0,7382.0,,,,,,,,,,,,,,,,,,,,,,,,,,
64.36666666666666,346.0,30280.0,641.0,76087.0,399.0,38697.0,0.0,-3945.0,120.0,-7716.0,222.0,12561.0,491.0,7277.0,,,,,,,,,,,,,,,,,,,,,,,,,,
64.4,343.0,29995.0,635.0,75415.0,396.0,38424.0,0.0,-3971.0,119.0,-7741.0,220.0,12445.0,487.0,7170.0,,,,,,,,,,,,,,,,,,,,,,,,,,
64.43333333333334,340.0,29711.0,629.0,74754.0,392.0,38149.0,0.0,-3996.0,117.0,-7761.0,218.0,12324.0,483.0,7063.0,,,,,,,,,,,,,,,,,,,,,,,,,,
64.46666666666667,337.0,29431.0,623.0,74095.0,388.0,37871.0,0.0,-4018.0,116.0,-7785.0,215.0,12204.0,479.0,6956.0,,,,,,,,,,,,,,,,,,,,,,,,,,
64.5,333.0,29158.0,616.0,73443.0,385.0,37600.0,-1.0,-4039.0,115.0,-7807.0,214.0,12090.0,475.0,6851.0,,,,,,,,,,,,,,,,,,,,,,,,,,
64.53333333333333,329.0,28893.0,609.0,72805.0,382.0,37327.0,-1.0,-4057.0,114.0,-7828.0,213.0,11977.0,472.0,6746.0,,,,,,,,,,,,,,,,,,,,,,,,,,
64.56666666666666,326.0,28630.0,603.0,72176.0,379.0,37053.0,-1.0,-4074.0,114.0,-7848.0,212.0,11868.0,468.0,6642.0,,,,,,,,,,,,,,,,,,,,,,,,,,
64.6,323.0,28367.0,596.0,71556.0,377.0,36781.0,-1.0,-4095.0,114.0,-7868.0,211.0,11765.0,465.0,6537.0,,,,,,,,,,,,,,,,,,,,,,,,,,
64.63333333333334,320.0,28099.0,590.0,70937.0,374.0,36519.0,-1.0,-4115.0,113.0,-7893.0,209.0,11664.0,462.0,6429.0,,,,,,,,,,,,,,,,,,,,,,,,,,
64.66666666666667,318.0,27837.0,585.0,70323.0,372.0,36265.0,-1.0,-4133.0,112.0,-7917.0,207.0,11560.0,459.0,6326.0,,,,,,,,,,,,,,,,,,,,,,,,,,
64.7,316.0,27578.0,580.0,69716.0,369.0,36006.0,-2.0,-4150.0,111.0,-7937.0,206.0,11457.0,455.0,6228.0,,,,,,,,,,,,,,,,,,,,,,,,,,
64.73333333333333,313.0,27322.0,574.0,69124.0,366.0,35746.0,-2.0,-4168.0,109.0,-7955.0,204.0,11352.0,451.0,6131.0,,,,,,,,,,,,,,,,,,,,,,,,,,
64.76666666666667,310.0,27071.0,569.0,68537.0,363.0,35489.0,-2.0,-4185.0,108.0,-7977.0,202.0,11249.0,447.0,6034.0,,,,,,,,,,,,,,,,,,,,,,,,,,
64.8,308.0,26823.0,563.0,67959.0,361.0,35237.0,-2.0,-4205.0,106.0,-8006.0,201.0,11153.0,443.0,5939.0,,,,,,,,,,,,,,,,,,,,,,,,,,
64.83333333333333,306.0,26583.0,558.0,67390.0,359.0,34985.0,-1.0,-4228.0,105.0,-8030.0,200.0,11058.0,439.0,5845.0,,,,,,,,,,,,,,,,,,,,,,,,,,
64.86666666666666,304.0,26380.0,554.0,66820.0,356.0,34736.0,-1.0,-4253.0,103.0,-8054.0,198.0,10961.0,436.0,5752.0,,,,,,,,,,,,,,,,,,,,,,,,,,
64.9,301.0,26170.0,549.0,66261.0,353.0,34486.0,-1.0,-4273.0,102.0,-8076.0,197.0,10862.0,433.0,5657.0,,,,,,,,,,,,,,,,,,,,,,,,,,
64.93333333333334,298.0,25933.0,544.0,65716.0,350.0,34239.0,-1.0,-4287.0,102.0,-8098.0,196.0,10762.0,430.0,5561.0,,,,,,,,,,,,,,,,,,,,,,,,,,
64.96666666666667,296.0,25684.0,540.0,65179.0,348.0,33988.0,-1.0,-4299.0,102.0,-8115.0,195.0,10665.0,427.0,5471.0,,,,,,,,,,,,,,,,,,,,,,,,,,
65.0,293.0,25433.0,535.0,64643.0,345.0,33740.0,-1.0,-4314.0,102.0,-8134.0,193.0,10573.0,425.0,5387.0,,,,,,,,,,,,,,,,,,,,,,,,,,
65.03333333333333,290.0,25191.0,531.0,64106.0,343.0,33493.0,-1.0,-4332.0,101.0,-8157.0,192.0,10481.0,422.0,5302.0,,,,,,,,,,,,,,,,,,,,,,,,,,
65.06666666666666,288.0,24953.0,526.0,63579.0,340.0,33246.0,-1.0,-4348.0,101.0,-8180.0,191.0,10389.0,419.0,5215.0,,,,,,,,,,,,,,,,,,,,,,,,,,
65.1,285.0,24721.0,521.0,63058.0,338.0,33006.0,-2.0,-4365.0,100.0,-8204.0,189.0,10301.0,416.0,5132.0,,,,,,,,,,,,,,,,,,,,,,,,,,
65.13333333333334,283.0,24496.0,516.0,62542.0,335.0,32770.0,-2.0,-4381.0,100.0,-8228.0,187.0,10215.0,413.0,5050.0,,,,,,,,,,,,,,,,,,,,,,,,,,
65.16666666666667,280.0,24278.0,511.0,62031.0,333.0,32539.0,-2.0,-4397.0,99.0,-8255.0,185.0,10129.0,410.0,4969.0,,,,,,,,,,,,,,,,,,,,,,,,,,
65.2,278.0,24060.0,506.0,61537.0,332.0,32310.0,-3.0,-4414.0,97.0,-8278.0,183.0,10042.0,407.0,4890.0,,,,,,,,,,,,,,,,,,,,,,,,,,
65.23333333333333,275.0,23848.0,502.0,61054.0,330.0,32078.0,-3.0,-4428.0,96.0,-8301.0,181.0,9955.0,404.0,4814.0,,,,,,,,,,,,,,,,,,,,,,,,,,
65.26666666666667,273.0,23641.0,498.0,60579.0,328.0,31844.0,-3.0,-4442.0,95.0,-8321.0,180.0,9870.0,402.0,4737.0,,,,,,,,,,,,,,,,,,,,,,,,,,
65.3,270.0,23433.0,493.0,60109.0,325.0,31613.0,-3.0,-4455.0,95.0,-8342.0,179.0,9785.0,399.0,4660.0,,,,,,,,,,,,,,,,,,,,,,,,,,
65.33333333333333,268.0,23231.0,488.0,59644.0,323.0,31386.0,-3.0,-4468.0,94.0,-8358.0,177.0,9699.0,396.0,4585.0,,,,,,,,,,,,,,,,,,,,,,,,,,
65.36666666666666,266.0,23035.0,484.0,59184.0,320.0,31170.0,-3.0,-4481.0,94.0,-8372.0,176.0,9613.0,394.0,4509.0,,,,,,,,,,,,,,,,,,,,,,,,,,
65.4,264.0,22840.0,480.0,58726.0,317.0,30960.0,-3.0,-4494.0,94.0,-8386.0,175.0,9530.0,391.0,4431.0,,,,,,,,,,,,,,,,,,,,,,,,,,
65.43333333333334,262.0,22644.0,476.0,58277.0,315.0,30750.0,-3.0,-4507.0,94.0,-8402.0,174.0,9446.0,389.0,4356.0,,,,,,,,,,,,,,,,,,,,,,,,,,
65.46666666666667,260.0,22449.0,471.0,57833.0,313.0,30539.0,-3.0,-4519.0,94.0,-8419.0,173.0,9360.0,386.0,4286.0,,,,,,,,,,,,,,,,,,,,,,,,,,
65.5,259.0,22255.0,467.0,57394.0,311.0,30325.0,-3.0,-4532.0,93.0,-8438.0,172.0,9280.0,383.0,4214.0,,,,,,,,,,,,,,,,,,,,,,,,,,
65.53333333333333,257.0,22063.0,464.0,56967.0,309.0,30108.0,-3.0,-4542.0,92.0,-8454.0,171.0,9205.0,381.0,4143.0,,,,,,,,,,,,,,,,,,,,,,,,,,
65.56666666666666,255.0,21872.0,461.0,56550.0,307.0,29889.0,-3.0,-4557.0,91.0,-8471.0,171.0,9126.0,378.0,4074.0,,,,,,,,,,,,,,,,,,,,,,,,,,
65.6,254.0,21686.0,456.0,56141.0,305.0,29680.0,-3.0,-4570.0,90.0,-8491.0,170.0,9048.0,375.0,4005.0,,,,,,,,,,,,,,,,,,,,,,,,,,
65.63333333333334,252.0,21502.0,452.0,55732.0,303.0,29476.0,-4.0,-4583.0,89.0,-8511.0,169.0,8979.0,373.0,3939.0,,,,,,,,,,,,,,,,,,,,,,,,,,
65.66666666666667,250.0,21319.0,449.0,55328.0,301.0,29274.0,-4.0,-4595.0,88.0,-8534.0,168.0,8908.0,371.0,3871.0,,,,,,,,,,,,,,,,,,,,,,,,,,
65.7,248.0,21135.0,445.0,54931.0,299.0,29070.0,-4.0,-4606.0,88.0,-8554.0,167.0,8835.0,370.0,3802.0,,,,,,,,,,,,,,,,,,,,,,,,,,
65.73333333333333,247.0,20954.0,442.0,54544.0,298.0,28868.0,-4.0,-4614.0,87.0,-8574.0,167.0,8764.0,368.0,3732.0,,,,,,,,,,,,,,,,,,,,,,,,,,
65.76666666666667,245.0,20781.0,437.0,54160.0,296.0,28671.0,-4.0,-4623.0,86.0,-8591.0,166.0,8693.0,366.0,3667.0,,,,,,,,,,,,,,,,,,,,,,,,,,
65.8,243.0,20608.0,433.0,53787.0,294.0,28472.0,-3.0,-4638.0,85.0,-8606.0,165.0,8619.0,363.0,3606.0,,,,,,,,,,,,,,,,,,,,,,,,,,
65.83333333333333,241.0,20434.0,429.0,53417.0,292.0,28272.0,-3.0,-4655.0,85.0,-8621.0,164.0,8544.0,361.0,3545.0,,,,,,,,,,,,,,,,,,,,,,,,,,
65.86666666666666,239.0,20264.0,425.0,53047.0,291.0,28078.0,-3.0,-4670.0,84.0,-8633.0,163.0,8475.0,358.0,3487.0,,,,,,,,,,,,,,,,,,,,,,,,,,
65.9,238.0,20098.0,423.0,52681.0,289.0,27887.0,-4.0,-4683.0,84.0,-8645.0,161.0,8409.0,355.0,3427.0,,,,,,,,,,,,,,,,,,,,,,,,,,
65.93333333333334,236.0,19934.0,419.0,52323.0,287.0,27701.0,-5.0,-4695.0,84.0,-8662.0,159.0,8349.0,353.0,3365.0,,,,,,,,,,,,,,,,,,,,,,,,,,
65.96666666666667,235.0,19772.0,416.0,51972.0,285.0,27515.0,-5.0,-4708.0,83.0,-8680.0,159.0,8292.0,350.0,3300.0,,,,,,,,,,,,,,,,,,,,,,,,,,
66.0,233.0,19612.0,413.0,51622.0,284.0,27327.0,-5.0,-4719.0,83.0,-8699.0,159.0,8235.0,348.0,3236.0,,,,,,,,,,,,,,,,,,,,,,,,,,
66.03333333333333,231.0,19456.0,411.0,51270.0,281.0,27141.0,-5.0,-4728.0,83.0,-8712.0,159.0,8176.0,346.0,3178.0,,,,,,,,,,,,,,,,,,,,,,,,,,
66.06666666666666,229.0,19302.0,408.0,50925.0,279.0,26962.0,-5.0,-4741.0,82.0,-8720.0,158.0,8116.0,344.0,3123.0,,,,,,,,,,,,,,,,,,,,,,,,,,
66.1,227.0,19154.0,405.0,50595.0,278.0,26789.0,-4.0,-4750.0,82.0,-8729.0,156.0,8049.0,343.0,3068.0,,,,,,,,,,,,,,,,,,,,,,,,,,
66.13333333333334,225.0,19004.0,401.0,50263.0,276.0,26612.0,-4.0,-4759.0,81.0,-8741.0,155.0,7980.0,341.0,3016.0,,,,,,,,,,,,,,,,,,,,,,,,,,
66.16666666666667,223.0,18854.0,398.0,49937.0,274.0,26431.0,-3.0,-4769.0,81.0,-8756.0,154.0,7914.0,339.0,2963.0,,,,,,,,,,,,,,,,,,,,,,,,,,
66.2,221.0,18708.0,395.0,49616.0,272.0,26251.0,-3.0,-4777.0,80.0,-8773.0,153.0,7852.0,337.0,2917.0,,,,,,,,,,,,,,,,,,,,,,,,,,
66.23333333333333,220.0,18568.0,392.0,49303.0,270.0,26077.0,-3.0,-4789.0,80.0,-8787.0,153.0,7789.0,334.0,2875.0,,,,,,,,,,,,,,,,,,,,,,,,,,
66.26666666666667,218.0,18433.0,389.0,49000.0,268.0,25911.0,-3.0,-4805.0,79.0,-8805.0,153.0,7726.0,331.0,2826.0,,,,,,,,,,,,,,,,,,,,,,,,,,
66.3,216.0,18296.0,386.0,48700.0,266.0,25742.0,-2.0,-4818.0,79.0,-8821.0,152.0,7669.0,329.0,2778.0,,,,,,,,,,,,,,,,,,,,,,,,,,
66.33333333333333,215.0,18159.0,384.0,48393.0,265.0,25571.0,-2.0,-4830.0,79.0,-8835.0,151.0,7612.0,328.0,2728.0,,,,,,,,,,,,,,,,,,,,,,,,,,
66.36666666666666,213.0,18023.0,382.0,48087.0,263.0,25403.0,-3.0,-4842.0,79.0,-8852.0,151.0,7558.0,327.0,2674.0,,,,,,,,,,,,,,,,,,,,,,,,,,
66.4,211.0,17887.0,380.0,47785.0,262.0,25239.0,-3.0,-4851.0,78.0,-8869.0,150.0,7509.0,325.0,2619.0,,,,,,,,,,,,,,,,,,,,,,,,,,
66.43333333333334,209.0,17753.0,377.0,47486.0,260.0,25082.0,-3.0,-4856.0,76.0,-8883.0,149.0,7459.0,323.0,2566.0,,,,,,,,,,,,,,,,,,,,,,,,,,
66.46666666666667,208.0,17621.0,374.0,47192.0,259.0,24931.0,-4.0,-4858.0,74.0,-8894.0,148.0,7406.0,322.0,2513.0,,,,,,,,,,,,,,,,,,,,,,,,,,
66.5,207.0,17490.0,370.0,46908.0,258.0,24782.0,-4.0,-4860.0,73.0,-8907.0,147.0,7350.0,320.0,2462.0,,,,,,,,,,,,,,,,,,,,,,,,,,
66.53333333333333,206.0,17353.0,367.0,46626.0,257.0,24628.0,-5.0,-4862.0,73.0,-8921.0,146.0,7293.0,318.0,2413.0,,,,,,,,,,,,,,,,,,,,,,,,,,
66.56666666666666,205.0,17215.0,364.0,46356.0,256.0,24472.0,-5.0,-4870.0,73.0,-8936.0,144.0,7240.0,316.0,2364.0,,,,,,,,,,,,,,,,,,,,,,,,,,
66.6,205.0,17077.0,362.0,46093.0,254.0,24320.0,-6.0,-4882.0,73.0,-8949.0,144.0,7193.0,315.0,2318.0,,,,,,,,,,,,,,,,,,,,,,,,,,
66.63333333333334,203.0,16945.0,359.0,45837.0,252.0,24169.0,-6.0,-4895.0,72.0,-8962.0,144.0,7147.0,313.0,2274.0,,,,,,,,,,,,,,,,,,,,,,,,,,
66.66666666666667,202.0,16819.0,357.0,45575.0,251.0,24016.0,-6.0,-4910.0,72.0,-8974.0,143.0,7099.0,311.0,2228.0,,,,,,,,,,,,,,,,,,,,,,,,,,
66.7,201.0,16692.0,355.0,45314.0,250.0,23864.0,-5.0,-4920.0,71.0,-8985.0,143.0,7051.0,310.0,2181.0,,,,,,,,,,,,,,,,,,,,,,,,,,
66.73333333333333,199.0,16569.0,352.0,45056.0,248.0,23711.0,-5.0,-4928.0,71.0,-8994.0,143.0,6999.0,308.0,2137.0,,,,,,,,,,,,,,,,,,,,,,,,,,
66.76666666666667,199.0,16452.0,350.0,44800.0,247.0,23563.0,-5.0,-4936.0,71.0,-9003.0,143.0,6948.0,306.0,2096.0,,,,,,,,,,,,,,,,,,,,,,,,,,
66.8,198.0,16340.0,347.0,44547.0,246.0,23416.0,-5.0,-4944.0,70.0,-9010.0,142.0,6900.0,304.0,2059.0,,,,,,,,,,,,,,,,,,,,,,,,,,
66.83333333333333,197.0,16227.0,345.0,44295.0,245.0,23269.0,-5.0,-4953.0,70.0,-9019.0,142.0,6854.0,302.0,2021.0,,,,,,,,,,,,,,,,,,,,,,,,,,
66.86666666666666,196.0,16117.0,343.0,44043.0,244.0,23127.0,-5.0,-4963.0,69.0,-9029.0,141.0,6810.0,300.0,1981.0,,,,,,,,,,,,,,,,,,,,,,,,,,
66.9,195.0,16006.0,341.0,43801.0,242.0,22990.0,-5.0,-4974.0,69.0,-9039.0,140.0,6769.0,299.0,1939.0,,,,,,,,,,,,,,,,,,,,,,,,,,
66.93333333333334,192.0,15889.0,339.0,43566.0,241.0,22857.0,-6.0,-4982.0,69.0,-9052.0,140.0,6729.0,298.0,1896.0,,,,,,,,,,,,,,,,,,,,,,,,,,
66.96666666666667,191.0,15771.0,337.0,43330.0,240.0,22725.0,-6.0,-4989.0,69.0,-9067.0,139.0,6687.0,297.0,1854.0,,,,,,,,,,,,,,,,,,,,,,,,,,
67.0,189.0,15664.0,335.0,43101.0,238.0,22588.0,-6.0,-4997.0,68.0,-9079.0,138.0,6641.0,295.0,1813.0,,,,,,,,,,,,,,,,,,,,,,,,,,
67.03333333333333,188.0,15563.0,332.0,42877.0,237.0,22452.0,-6.0,-5009.0,68.0,-9088.0,138.0,6592.0,294.0,1773.0,,,,,,,,,,,,,,,,,,,,,,,,,,
67.06666666666666,187.0,15463.0,330.0,42654.0,236.0,22314.0,-5.0,-5018.0,68.0,-9100.0,137.0,6545.0,292.0,1733.0,,,,,,,,,,,,,,,,,,,,,,,,,,
67.1,186.0,15366.0,327.0,42432.0,234.0,22179.0,-5.0,-5022.0,68.0,-9114.0,137.0,6505.0,290.0,1695.0,,,,,,,,,,,,,,,,,,,,,,,,,,
67.13333333333334,186.0,15268.0,326.0,42213.0,232.0,22045.0,-5.0,-5024.0,67.0,-9126.0,136.0,6467.0,289.0,1664.0,,,,,,,,,,,,,,,,,,,,,,,,,,
67.16666666666667,185.0,15165.0,324.0,41993.0,231.0,21916.0,-5.0,-5028.0,67.0,-9134.0,135.0,6428.0,287.0,1630.0,,,,,,,,,,,,,,,,,,,,,,,,,,
67.2,184.0,15063.0,322.0,41775.0,230.0,21789.0,-5.0,-5033.0,67.0,-9142.0,135.0,6387.0,286.0,1591.0,,,,,,,,,,,,,,,,,,,,,,,,,,
67.23333333333333,183.0,14967.0,320.0,41566.0,229.0,21663.0,-6.0,-5039.0,67.0,-9149.0,134.0,6343.0,285.0,1553.0,,,,,,,,,,,,,,,,,,,,,,,,,,
67.26666666666667,182.0,14876.0,318.0,41360.0,229.0,21537.0,-6.0,-5045.0,66.0,-9159.0,133.0,6306.0,284.0,1518.0,,,,,,,,,,,,,,,,,,,,,,,,,,
67.3,181.0,14779.0,316.0,41153.0,228.0,21414.0,-6.0,-5050.0,65.0,-9174.0,132.0,6273.0,282.0,1484.0,,,,,,,,,,,,,,,,,,,,,,,,,,
67.33333333333333,180.0,14683.0,315.0,40941.0,227.0,21299.0,-6.0,-5057.0,64.0,-9191.0,131.0,6239.0,281.0,1450.0,,,,,,,,,,,,,,,,,,,,,,,,,,
67.36666666666666,179.0,14585.0,313.0,40730.0,225.0,21191.0,-7.0,-5062.0,63.0,-9204.0,130.0,6205.0,279.0,1416.0,,,,,,,,,,,,,,,,,,,,,,,,,,
67.4,178.0,14491.0,312.0,40530.0,224.0,21085.0,-7.0,-5066.0,63.0,-9218.0,129.0,6166.0,277.0,1382.0,,,,,,,,,,,,,,,,,,,,,,,,,,
67.43333333333334,178.0,14398.0,310.0,40341.0,223.0,20981.0,-7.0,-5072.0,63.0,-9231.0,128.0,6125.0,276.0,1350.0,,,,,,,,,,,,,,,,,,,,,,,,,,
67.46666666666667,177.0,14306.0,307.0,40157.0,222.0,20872.0,-7.0,-5081.0,63.0,-9239.0,127.0,6085.0,275.0,1316.0,,,,,,,,,,,,,,,,,,,,,,,,,,
67.5,176.0,14216.0,305.0,39972.0,222.0,20760.0,-6.0,-5089.0,63.0,-9250.0,127.0,6043.0,274.0,1285.0,,,,,,,,,,,,,,,,,,,,,,,,,,
67.53333333333333,175.0,14133.0,302.0,39788.0,221.0,20645.0,-7.0,-5098.0,63.0,-9262.0,126.0,6005.0,273.0,1257.0,,,,,,,,,,,,,,,,,,,,,,,,,,
67.56666666666666,174.0,14047.0,301.0,39605.0,220.0,20532.0,-7.0,-5104.0,63.0,-9271.0,125.0,5970.0,271.0,1229.0,,,,,,,,,,,,,,,,,,,,,,,,,,
67.6,172.0,13961.0,299.0,39421.0,219.0,20420.0,-8.0,-5111.0,63.0,-9278.0,124.0,5933.0,270.0,1198.0,,,,,,,,,,,,,,,,,,,,,,,,,,
67.63333333333334,171.0,13880.0,297.0,39237.0,218.0,20312.0,-8.0,-5119.0,62.0,-9282.0,124.0,5895.0,269.0,1168.0,,,,,,,,,,,,,,,,,,,,,,,,,,
67.66666666666667,171.0,13799.0,296.0,39054.0,218.0,20204.0,-8.0,-5129.0,61.0,-9286.0,124.0,5863.0,268.0,1137.0,,,,,,,,,,,,,,,,,,,,,,,,,,
67.7,170.0,13717.0,294.0,38880.0,217.0,20091.0,-8.0,-5138.0,61.0,-9291.0,124.0,5834.0,267.0,1104.0,,,,,,,,,,,,,,,,,,,,,,,,,,
67.73333333333333,169.0,13637.0,292.0,38709.0,216.0,19980.0,-8.0,-5147.0,61.0,-9299.0,124.0,5803.0,266.0,1070.0,,,,,,,,,,,,,,,,,,,,,,,,,,
67.76666666666667,168.0,13555.0,290.0,38538.0,215.0,19872.0,-9.0,-5147.0,61.0,-9310.0,124.0,5770.0,266.0,1038.0,,,,,,,,,,,,,,,,,,,,,,,,,,
67.8,167.0,13474.0,287.0,38370.0,214.0,19765.0,-9.0,-5148.0,60.0,-9319.0,123.0,5736.0,264.0,1010.0,,,,,,,,,,,,,,,,,,,,,,,,,,
67.83333333333333,166.0,13391.0,285.0,38202.0,212.0,19659.0,-8.0,-5152.0,60.0,-9331.0,123.0,5703.0,263.0,985.0,,,,,,,,,,,,,,,,,,,,,,,,,,
67.86666666666666,165.0,13308.0,283.0,38036.0,211.0,19555.0,-8.0,-5155.0,59.0,-9347.0,123.0,5673.0,262.0,956.0,,,,,,,,,,,,,,,,,,,,,,,,,,
67.9,164.0,13232.0,281.0,37870.0,210.0,19450.0,-8.0,-5158.0,59.0,-9362.0,123.0,5639.0,262.0,929.0,,,,,,,,,,,,,,,,,,,,,,,,,,
67.93333333333334,164.0,13162.0,280.0,37703.0,209.0,19347.0,-8.0,-5162.0,60.0,-9376.0,122.0,5607.0,261.0,904.0,,,,,,,,,,,,,,,,,,,,,,,,,,
67.96666666666667,163.0,13088.0,278.0,37542.0,209.0,19250.0,-8.0,-5168.0,60.0,-9386.0,121.0,5580.0,260.0,878.0,,,,,,,,,,,,,,,,,,,,,,,,,,
68.0,162.0,13013.0,276.0,37391.0,209.0,19152.0,-7.0,-5174.0,60.0,-9390.0,120.0,5553.0,259.0,853.0,,,,,,,,,,,,,,,,,,,,,,,,,,
68.03333333333333,161.0,12938.0,275.0,37239.0,209.0,19058.0,-7.0,-5180.0,59.0,-9394.0,119.0,5524.0,258.0,827.0,,,,,,,,,,,,,,,,,,,,,,,,,,
68.06666666666666,160.0,12863.0,273.0,37083.0,208.0,18969.0,-7.0,-5188.0,59.0,-9400.0,119.0,5495.0,257.0,796.0,,,,,,,,,,,,,,,,,,,,,,,,,,
68.1,160.0,12789.0,272.0,36926.0,207.0,18879.0,-8.0,-5195.0,58.0,-9407.0,119.0,5464.0,256.0,764.0,,,,,,,,,,,,,,,,,,,,,,,,,,
68.13333333333334,159.0,12715.0,271.0,36773.0,206.0,18791.0,-8.0,-5198.0,57.0,-9415.0,119.0,5437.0,254.0,735.0,,,,,,,,,,,,,,,,,,,,,,,,,,
68.16666666666667,159.0,12643.0,269.0,36619.0,205.0,18704.0,-9.0,-5200.0,57.0,-9428.0,119.0,5410.0,253.0,709.0,,,,,,,,,,,,,,,,,,,,,,,,,,
68.2,158.0,12570.0,269.0,36468.0,204.0,18614.0,-9.0,-5202.0,57.0,-9442.0,118.0,5384.0,252.0,682.0,,,,,,,,,,,,,,,,,,,,,,,,,,
68.23333333333333,158.0,12504.0,267.0,36318.0,202.0,18522.0,-8.0,-5208.0,57.0,-9453.0,117.0,5356.0,251.0,655.0,,,,,,,,,,,,,,,,,,,,,,,,,,
68.26666666666667,157.0,12440.0,266.0,36170.0,201.0,18430.0,-8.0,-5216.0,57.0,-9463.0,117.0,5329.0,250.0,632.0,,,,,,,,,,,,,,,,,,,,,,,,,,
68.3,157.0,12378.0,265.0,36027.0,199.0,18341.0,-8.0,-5224.0,57.0,-9468.0,117.0,5302.0,249.0,610.0,,,,,,,,,,,,,,,,,,,,,,,,,,
68.33333333333333,156.0,12317.0,264.0,35892.0,198.0,18253.0,-8.0,-5228.0,56.0,-9473.0,117.0,5274.0,248.0,591.0,,,,,,,,,,,,,,,,,,,,,,,,,,
68.36666666666666,155.0,12255.0,263.0,35763.0,197.0,18166.0,-8.0,-5229.0,55.0,-9478.0,117.0,5248.0,247.0,570.0,,,,,,,,,,,,,,,,,,,,,,,,,,
68.4,154.0,12194.0,262.0,35630.0,196.0,18084.0,-9.0,-5231.0,55.0,-9483.0,116.0,5226.0,246.0,550.0,,,,,,,,,,,,,,,,,,,,,,,,,,
68.43333333333334,153.0,12133.0,260.0,35494.0,195.0,17998.0,-9.0,-5235.0,53.0,-9490.0,116.0,5204.0,244.0,532.0,,,,,,,,,,,,,,,,,,,,,,,,,,
68.46666666666667,153.0,12069.0,258.0,35361.0,194.0,17917.0,-9.0,-5242.0,53.0,-9494.0,116.0,5177.0,243.0,511.0,,,,,,,,,,,,,,,,,,,,,,,,,,
68.5,151.0,12006.0,257.0,35229.0,194.0,17834.0,-9.0,-5250.0,53.0,-9492.0,116.0,5150.0,242.0,490.0,,,,,,,,,,,,,,,,,,,,,,,,,,
68.53333333333333,150.0,11943.0,255.0,35094.0,194.0,17749.0,-9.0,-5253.0,53.0,-9491.0,115.0,5119.0,240.0,465.0,,,,,,,,,,,,,,,,,,,,,,,,,,
68.56666666666666,149.0,11883.0,254.0,34962.0,192.0,17665.0,-8.0,-5252.0,52.0,-9497.0,115.0,5091.0,238.0,443.0,,,,,,,,,,,,,,,,,,,,,,,,,,
68.6,148.0,11820.0,253.0,34836.0,191.0,17580.0,-8.0,-5255.0,52.0,-9505.0,115.0,5069.0,238.0,423.0,,,,,,,,,,,,,,,,,,,,,,,,,,
68.63333333333334,147.0,11756.0,252.0,34710.0,191.0,17495.0,-8.0,-5261.0,52.0,-9513.0,115.0,5047.0,236.0,400.0,,,,,,,,,,,,,,,,,,,,,,,,,,
68.66666666666667,146.0,11693.0,251.0,34580.0,190.0,17411.0,-8.0,-5267.0,52.0,-9522.0,114.0,5030.0,236.0,377.0,,,,,,,,,,,,,,,,,,,,,,,,,,
68.7,145.0,11633.0,250.0,34453.0,189.0,17333.0,-9.0,-5273.0,53.0,-9530.0,113.0,5015.0,235.0,357.0,,,,,,,,,,,,,,,,,,,,,,,,,,
68.73333333333333,144.0,11576.0,249.0,34336.0,188.0,17256.0,-9.0,-5275.0,52.0,-9541.0,113.0,4994.0,234.0,333.0,,,,,,,,,,,,,,,,,,,,,,,,,,
68.76666666666667,144.0,11519.0,248.0,34220.0,187.0,17176.0,-9.0,-5276.0,52.0,-9553.0,113.0,4972.0,233.0,308.0,,,,,,,,,,,,,,,,,,,,,,,,,,
68.8,143.0,11463.0,247.0,34106.0,186.0,17099.0,-9.0,-5276.0,51.0,-9559.0,114.0,4953.0,233.0,285.0,,,,,,,,,,,,,,,,,,,,,,,,,,
68.83333333333333,142.0,11411.0,246.0,33993.0,185.0,17027.0,-9.0,-5278.0,51.0,-9565.0,113.0,4930.0,233.0,264.0,,,,,,,,,,,,,,,,,,,,,,,,,,
68.86666666666666,141.0,11363.0,244.0,33882.0,185.0,16956.0,-9.0,-5282.0,52.0,-9571.0,112.0,4902.0,232.0,243.0,,,,,,,,,,,,,,,,,,,,,,,,,,
68.9,141.0,11313.0,243.0,33772.0,185.0,16885.0,-9.0,-5285.0,51.0,-9575.0,111.0,4879.0,232.0,221.0,,,,,,,,,,,,,,,,,,,,,,,,,,
68.93333333333334,141.0,11261.0,241.0,33659.0,184.0,16818.0,-9.0,-5290.0,51.0,-9576.0,110.0,4857.0,231.0,202.0,,,,,,,,,,,,,,,,,,,,,,,,,,
68.96666666666667,140.0,11212.0,240.0,33547.0,183.0,16752.0,-8.0,-5299.0,51.0,-9580.0,110.0,4836.0,230.0,186.0,,,,,,,,,,,,,,,,,,,,,,,,,,
69.0,140.0,11162.0,239.0,33432.0,182.0,16684.0,-8.0,-5306.0,50.0,-9586.0,109.0,4813.0,230.0,167.0,,,,,,,,,,,,,,,,,,,,,,,,,,
69.03333333333333,140.0,11114.0,238.0,33319.0,180.0,16617.0,-7.0,-5311.0,50.0,-9592.0,109.0,4790.0,230.0,148.0,,,,,,,,,,,,,,,,,,,,,,,,,,
69.06666666666666,139.0,11066.0,236.0,33208.0,179.0,16550.0,-8.0,-5316.0,50.0,-9598.0,109.0,4771.0,229.0,131.0,,,,,,,,,,,,,,,,,,,,,,,,,,
69.1,138.0,11019.0,235.0,33099.0,179.0,16481.0,-8.0,-5321.0,50.0,-9601.0,109.0,4751.0,229.0,118.0,,,,,,,,,,,,,,,,,,,,,,,,,,
69.13333333333334,138.0,10969.0,233.0,32994.0,179.0,16412.0,-9.0,-5327.0,50.0,-9608.0,109.0,4730.0,227.0,103.0,,,,,,,,,,,,,,,,,,,,,,,,,,
69.16666666666667,137.0,10917.0,232.0,32893.0,178.0,16344.0,-9.0,-5333.0,49.0,-9616.0,108.0,4710.0,226.0,84.0,,,,,,,,,,,,,,,,,,,,,,,,,,
69.2,136.0,10868.0,232.0,32789.0,178.0,16278.0,-10.0,-5337.0,49.0,-9623.0,108.0,4689.0,224.0,66.0,,,,,,,,,,,,,,,,,,,,,,,,,,
69.23333333333333,136.0,10820.0,230.0,32685.0,178.0,16209.0,-10.0,-5337.0,48.0,-9628.0,107.0,4670.0,223.0,49.0,,,,,,,,,,,,,,,,,,,,,,,,,,
69.26666666666667,136.0,10772.0,228.0,32581.0,178.0,16141.0,-10.0,-5339.0,47.0,-9629.0,107.0,4654.0,222.0,27.0,,,,,,,,,,,,,,,,,,,,,,,,,,
69.3,135.0,10723.0,227.0,32483.0,177.0,16076.0,-10.0,-5342.0,47.0,-9631.0,107.0,4633.0,222.0,7.0,,,,,,,,,,,,,,,,,,,,,,,,,,
69.33333333333333,135.0,10679.0,226.0,32385.0,177.0,16009.0,-11.0,-5342.0,47.0,-9632.0,107.0,4613.0,221.0,-8.0,,,,,,,,,,,,,,,,,,,,,,,,,,
69.36666666666666,134.0,10634.0,225.0,32290.0,176.0,15944.0,-11.0,-5341.0,47.0,-9641.0,107.0,4594.0,221.0,-25.0,,,,,,,,,,,,,,,,,,,,,,,,,,
69.4,133.0,10590.0,224.0,32197.0,175.0,15881.0,-11.0,-5342.0,47.0,-9655.0,106.0,4574.0,221.0,-43.0,,,,,,,,,,,,,,,,,,,,,,,,,,
69.43333333333334,132.0,10548.0,224.0,32108.0,175.0,15816.0,-11.0,-5349.0,47.0,-9670.0,106.0,4555.0,220.0,-61.0,,,,,,,,,,,,,,,,,,,,,,,,,,
69.46666666666667,132.0,10507.0,224.0,32016.0,174.0,15753.0,-11.0,-5355.0,47.0,-9681.0,106.0,4542.0,219.0,-79.0,,,,,,,,,,,,,,,,,,,,,,,,,,
69.5,132.0,10465.0,223.0,31922.0,174.0,15701.0,-12.0,-5357.0,47.0,-9691.0,106.0,4531.0,218.0,-93.0,,,,,,,,,,,,,,,,,,,,,,,,,,
69.53333333333333,132.0,10421.0,221.0,31826.0,174.0,15653.0,-12.0,-5358.0,47.0,-9696.0,106.0,4517.0,218.0,-101.0,,,,,,,,,,,,,,,,,,,,,,,,,,
69.56666666666666,132.0,10380.0,220.0,31733.0,173.0,15600.0,-11.0,-5364.0,47.0,-9702.0,106.0,4499.0,218.0,-113.0,,,,,,,,,,,,,,,,,,,,,,,,,,
69.6,132.0,10337.0,219.0,31641.0,172.0,15549.0,-10.0,-5371.0,47.0,-9706.0,106.0,4482.0,217.0,-126.0,,,,,,,,,,,,,,,,,,,,,,,,,,
69.63333333333334,131.0,10293.0,218.0,31548.0,172.0,15501.0,-9.0,-5373.0,47.0,-9709.0,106.0,4465.0,217.0,-141.0,,,,,,,,,,,,,,,,,,,,,,,,,,
69.66666666666667,131.0,10246.0,218.0,31458.0,172.0,15447.0,-9.0,-5376.0,47.0,-9713.0,106.0,4448.0,216.0,-157.0,,,,,,,,,,,,,,,,,,,,,,,,,,
69.7,130.0,10200.0,217.0,31374.0,171.0,15390.0,-8.0,-5377.0,47.0,-9717.0,105.0,4429.0,215.0,-170.0,,,,,,,,,,,,,,,,,,,,,,,,,,
69.73333333333333,129.0,10158.0,216.0,31299.0,170.0,15328.0,-8.0,-5371.0,46.0,-9722.0,104.0,4411.0,215.0,-185.0,,,,,,,,,,,,,,,,,,,,,,,,,,
69.76666666666667,127.0,10118.0,215.0,31223.0,169.0,15269.0,-8.0,-5365.0,45.0,-9726.0,103.0,4397.0,214.0,-201.0,,,,,,,,,,,,,,,,,,,,,,,,,,
69.8,127.0,10085.0,214.0,31139.0,169.0,15212.0,-7.0,-5366.0,45.0,-9730.0,103.0,4386.0,213.0,-213.0,,,,,,,,,,,,,,,,,,,,,,,,,,
69.83333333333333,127.0,10050.0,213.0,31046.0,169.0,15155.0,-8.0,-5370.0,45.0,-9735.0,103.0,4375.0,213.0,-225.0,,,,,,,,,,,,,,,,,,,,,,,,,,
69.86666666666666,126.0,10020.0,211.0,30955.0,168.0,15099.0,-8.0,-5379.0,45.0,-9741.0,103.0,4360.0,212.0,-238.0,,,,,,,,,,,,,,,,,,,,,,,,,,
69.9,126.0,9994.0,210.0,30872.0,168.0,15052.0,-9.0,-5389.0,46.0,-9745.0,103.0,4344.0,210.0,-252.0,,,,,,,,,,,,,,,,,,,,,,,,,,
69.93333333333334,126.0,9961.0,209.0,30792.0,168.0,15002.0,-9.0,-5393.0,46.0,-9748.0,102.0,4332.0,210.0,-268.0,,,,,,,,,,,,,,,,,,,,,,,,,,
69.96666666666667,126.0,9923.0,208.0,30713.0,167.0,14951.0,-9.0,-5393.0,47.0,-9753.0,103.0,4319.0,209.0,-288.0,,,,,,,,,,,,,,,,,,,,,,,,,,
70.0,126.0,9884.0,207.0,30635.0,167.0,14906.0,-9.0,-5393.0,46.0,-9762.0,103.0,4304.0,208.0,-303.0,,,,,,,,,,,,,,,,,,,,,,,,,,
70.03333333333333,125.0,9847.0,207.0,30555.0,166.0,14855.0,-9.0,-5393.0,46.0,-9772.0,102.0,4289.0,207.0,-316.0,,,,,,,,,,,,,,,,,,,,,,,,,,
70.06666666666666,125.0,9813.0,206.0,30475.0,166.0,14801.0,-8.0,-5393.0,46.0,-9777.0,102.0,4274.0,207.0,-329.0,,,,,,,,,,,,,,,,,,,,,,,,,,
70.1,124.0,9778.0,205.0,30390.0,166.0,14747.0,-8.0,-5394.0,45.0,-9781.0,101.0,4256.0,207.0,-341.0,,,,,,,,,,,,,,,,,,,,,,,,,,
70.13333333333334,124.0,9744.0,204.0,30307.0,166.0,14695.0,-8.0,-5398.0,44.0,-9789.0,100.0,4239.0,206.0,-350.0,,,,,,,,,,,,,,,,,,,,,,,,,,
70.16666666666667,123.0,9709.0,203.0,30228.0,165.0,14641.0,-8.0,-5401.0,44.0,-9796.0,100.0,4225.0,205.0,-361.0,,,,,,,,,,,,,,,,,,,,,,,,,,
70.2,123.0,9677.0,203.0,30153.0,165.0,14589.0,-8.0,-5405.0,43.0,-9805.0,100.0,4209.0,205.0,-372.0,,,,,,,,,,,,,,,,,,,,,,,,,,
70.23333333333333,123.0,9647.0,202.0,30084.0,164.0,14542.0,-7.0,-5404.0,44.0,-9810.0,100.0,4192.0,204.0,-381.0,,,,,,,,,,,,,,,,,,,,,,,,,,
70.26666666666667,123.0,9614.0,202.0,30019.0,164.0,14493.0,-7.0,-5402.0,44.0,-9813.0,99.0,4178.0,204.0,-388.0,,,,,,,,,,,,,,,,,,,,,,,,,,
70.3,123.0,9581.0,201.0,29957.0,163.0,14445.0,-6.0,-5398.0,44.0,-9817.0,99.0,4158.0,203.0,-397.0,,,,,,,,,,,,,,,,,,,,,,,,,,
70.33333333333333,122.0,9548.0,201.0,29890.0,161.0,14395.0,-6.0,-5398.0,44.0,-9820.0,99.0,4139.0,203.0,-411.0,,,,,,,,,,,,,,,,,,,,,,,,,,
70.36666666666666,121.0,9515.0,200.0,29817.0,161.0,14349.0,-6.0,-5401.0,43.0,-9826.0,98.0,4124.0,203.0,-424.0,,,,,,,,,,,,,,,,,,,,,,,,,,
70.4,121.0,9485.0,199.0,29745.0,160.0,14303.0,-6.0,-5403.0,43.0,-9832.0,97.0,4110.0,202.0,-441.0,,,,,,,,,,,,,,,,,,,,,,,,,,
70.43333333333334,120.0,9457.0,198.0,29670.0,160.0,14257.0,-7.0,-5408.0,43.0,-9839.0,97.0,4096.0,202.0,-455.0,,,,,,,,,,,,,,,,,,,,,,,,,,
70.46666666666667,119.0,9426.0,197.0,29600.0,159.0,14209.0,-8.0,-5414.0,42.0,-9847.0,96.0,4084.0,202.0,-468.0,,,,,,,,,,,,,,,,,,,,,,,,,,
70.5,119.0,9394.0,196.0,29536.0,159.0,14162.0,-8.0,-5417.0,42.0,-9853.0,96.0,4072.0,200.0,-484.0,,,,,,,,,,,,,,,,,,,,,,,,,,
70.53333333333333,119.0,9359.0,195.0,29476.0,159.0,14116.0,-8.0,-5420.0,41.0,-9859.0,96.0,4062.0,199.0,-497.0,,,,,,,,,,,,,,,,,,,,,,,,,,
70.56666666666666,119.0,9326.0,195.0,29416.0,160.0,14071.0,-8.0,-5425.0,42.0,-9861.0,97.0,4053.0,199.0,-504.0,,,,,,,,,,,,,,,,,,,,,,,,,,
70.6,119.0,9294.0,194.0,29355.0,160.0,14028.0,-7.0,-5431.0,42.0,-9862.0,97.0,4043.0,198.0,-511.0,,,,,,,,,,,,,,,,,,,,,,,,,,
70.63333333333334,118.0,9261.0,193.0,29292.0,159.0,13985.0,-7.0,-5441.0,42.0,-9861.0,97.0,4034.0,197.0,-527.0,,,,,,,,,,,,,,,,,,,,,,,,,,
70.66666666666667,117.0,9226.0,193.0,29226.0,159.0,13945.0,-7.0,-5446.0,41.0,-9859.0,97.0,4027.0,197.0,-543.0,,,,,,,,,,,,,,,,,,,,,,,,,,
70.7,117.0,9192.0,192.0,29155.0,158.0,13908.0,-8.0,-5448.0,41.0,-9859.0,97.0,4021.0,196.0,-561.0,,,,,,,,,,,,,,,,,,,,,,,,,,
70.73333333333333,117.0,9164.0,191.0,29086.0,157.0,13867.0,-8.0,-5449.0,41.0,-9860.0,96.0,4008.0,195.0,-575.0,,,,,,,,,,,,,,,,,,,,,,,,,,
70.76666666666667,117.0,9138.0,190.0,29019.0,157.0,13825.0,-8.0,-5449.0,40.0,-9861.0,96.0,3994.0,195.0,-586.0,,,,,,,,,,,,,,,,,,,,,,,,,,
70.8,117.0,9114.0,189.0,28957.0,157.0,13783.0,-8.0,-5453.0,40.0,-9861.0,95.0,3980.0,194.0,-597.0,,,,,,,,,,,,,,,,,,,,,,,,,,
70.83333333333333,116.0,9089.0,188.0,28896.0,156.0,13741.0,-9.0,-5459.0,41.0,-9862.0,94.0,3968.0,194.0,-604.0,,,,,,,,,,,,,,,,,,,,,,,,,,
70.86666666666666,115.0,9064.0,187.0,28833.0,155.0,13701.0,-9.0,-5464.0,41.0,-9865.0,93.0,3958.0,193.0,-612.0,,,,,,,,,,,,,,,,,,,,,,,,,,
70.9,115.0,9041.0,186.0,28774.0,154.0,13661.0,-8.0,-5467.0,41.0,-9872.0,92.0,3946.0,192.0,-622.0,,,,,,,,,,,,,,,,,,,,,,,,,,
70.93333333333334,115.0,9018.0,186.0,28717.0,154.0,13622.0,-9.0,-5475.0,41.0,-9878.0,92.0,3935.0,191.0,-631.0,,,,,,,,,,,,,,,,,,,,,,,,,,
70.96666666666667,115.0,8991.0,186.0,28653.0,153.0,13586.0,-9.0,-5481.0,41.0,-9884.0,92.0,3927.0,191.0,-639.0,,,,,,,,,,,,,,,,,,,,,,,,,,
71.0,115.0,8962.0,185.0,28593.0,152.0,13549.0,-9.0,-5482.0,41.0,-9890.0,93.0,3917.0,190.0,-650.0,,,,,,,,,,,,,,,,,,,,,,,,,,
71.03333333333333,114.0,8936.0,185.0,28539.0,151.0,13511.0,-9.0,-5480.0,41.0,-9894.0,93.0,3906.0,189.0,-661.0,,,,,,,,,,,,,,,,,,,,,,,,,,
71.06666666666666,114.0,8909.0,185.0,28489.0,151.0,13472.0,-9.0,-5477.0,41.0,-9900.0,94.0,3898.0,188.0,-672.0,,,,,,,,,,,,,,,,,,,,,,,,,,
71.1,114.0,8884.0,185.0,28442.0,151.0,13434.0,-9.0,-5475.0,41.0,-9911.0,93.0,3888.0,187.0,-680.0,,,,,,,,,,,,,,,,,,,,,,,,,,
71.13333333333334,114.0,8861.0,185.0,28391.0,151.0,13398.0,-10.0,-5476.0,40.0,-9922.0,94.0,3879.0,187.0,-686.0,,,,,,,,,,,,,,,,,,,,,,,,,,
71.16666666666667,114.0,8839.0,185.0,28332.0,151.0,13362.0,-10.0,-5478.0,39.0,-9930.0,93.0,3868.0,187.0,-694.0,,,,,,,,,,,,,,,,,,,,,,,,,,
71.2,114.0,8811.0,185.0,28273.0,151.0,13328.0,-11.0,-5480.0,39.0,-9935.0,92.0,3858.0,186.0,-703.0,,,,,,,,,,,,,,,,,,,,,,,,,,
71.23333333333333,114.0,8785.0,184.0,28215.0,150.0,13290.0,-11.0,-5482.0,39.0,-9940.0,91.0,3845.0,186.0,-714.0,,,,,,,,,,,,,,,,,,,,,,,,,,
71.26666666666667,113.0,8763.0,182.0,28158.0,150.0,13254.0,-12.0,-5481.0,39.0,-9942.0,91.0,3835.0,185.0,-724.0,,,,,,,,,,,,,,,,,,,,,,,,,,
71.3,112.0,8742.0,181.0,28105.0,150.0,13221.0,-12.0,-5484.0,39.0,-9941.0,91.0,3828.0,185.0,-732.0,,,,,,,,,,,,,,,,,,,,,,,,,,
71.33333333333333,112.0,8721.0,180.0,28055.0,150.0,13186.0,-12.0,-5487.0,38.0,-9941.0,91.0,3819.0,185.0,-735.0,,,,,,,,,,,,,,,,,,,,,,,,,,
71.36666666666666,111.0,8697.0,179.0,28006.0,149.0,13150.0,-12.0,-5494.0,38.0,-9945.0,90.0,3810.0,185.0,-742.0,,,,,,,,,,,,,,,,,,,,,,,,,,
71.4,111.0,8674.0,178.0,27954.0,149.0,13116.0,-11.0,-5501.0,39.0,-9951.0,91.0,3801.0,184.0,-750.0,,,,,,,,,,,,,,,,,,,,,,,,,,
71.43333333333334,111.0,8650.0,177.0,27904.0,148.0,13083.0,-11.0,-5505.0,38.0,-9958.0,91.0,3792.0,184.0,-759.0,,,,,,,,,,,,,,,,,,,,,,,,,,
71.46666666666667,110.0,8627.0,177.0,27859.0,148.0,13049.0,-11.0,-5506.0,38.0,-9966.0,91.0,3781.0,183.0,-769.0,,,,,,,,,,,,,,,,,,,,,,,,,,
71.5,110.0,8601.0,175.0,27813.0,148.0,13014.0,-11.0,-5505.0,38.0,-9973.0,91.0,3768.0,182.0,-778.0,,,,,,,,,,,,,,,,,,,,,,,,,,
71.53333333333333,109.0,8572.0,174.0,27768.0,148.0,12978.0,-11.0,-5503.0,38.0,-9978.0,91.0,3757.0,180.0,-789.0,,,,,,,,,,,,,,,,,,,,,,,,,,
71.56666666666666,109.0,8547.0,174.0,27718.0,148.0,12944.0,-11.0,-5501.0,38.0,-9982.0,90.0,3747.0,179.0,-799.0,,,,,,,,,,,,,,,,,,,,,,,,,,
71.6,109.0,8529.0,173.0,27671.0,147.0,12916.0,-12.0,-5502.0,38.0,-9986.0,90.0,3739.0,178.0,-810.0,,,,,,,,,,,,,,,,,,,,,,,,,,
71.63333333333334,109.0,8510.0,172.0,27625.0,147.0,12887.0,-12.0,-5506.0,38.0,-9988.0,90.0,3729.0,178.0,-819.0,,,,,,,,,,,,,,,,,,,,,,,,,,
71.66666666666667,109.0,8494.0,172.0,27576.0,146.0,12860.0,-12.0,-5513.0,38.0,-9991.0,90.0,3719.0,178.0,-828.0,,,,,,,,,,,,,,,,,,,,,,,,,,
71.7,109.0,8480.0,172.0,27527.0,145.0,12831.0,-12.0,-5518.0,39.0,-9998.0,90.0,3710.0,178.0,-835.0,,,,,,,,,,,,,,,,,,,,,,,,,,
71.73333333333333,108.0,8464.0,172.0,27485.0,145.0,12800.0,-12.0,-5521.0,39.0,-10004.0,89.0,3701.0,178.0,-843.0,,,,,,,,,,,,,,,,,,,,,,,,,,
71.76666666666667,107.0,8442.0,171.0,27447.0,144.0,12769.0,-11.0,-5523.0,39.0,-10010.0,89.0,3699.0,178.0,-848.0,,,,,,,,,,,,,,,,,,,,,,,,,,
71.8,107.0,8417.0,171.0,27406.0,144.0,12740.0,-10.0,-5524.0,38.0,-10013.0,88.0,3697.0,178.0,-848.0,,,,,,,,,,,,,,,,,,,,,,,,,,
71.83333333333333,107.0,8392.0,172.0,27363.0,144.0,12711.0,-10.0,-5524.0,38.0,-10019.0,88.0,3691.0,178.0,-847.0,,,,,,,,,,,,,,,,,,,,,,,,,,
71.86666666666666,108.0,8372.0,171.0,27321.0,144.0,12681.0,-10.0,-5526.0,38.0,-10024.0,88.0,3682.0,178.0,-848.0,,,,,,,,,,,,,,,,,,,,,,,,,,
71.9,107.0,8350.0,170.0,27280.0,144.0,12648.0,-10.0,-5530.0,37.0,-10028.0,88.0,3670.0,178.0,-850.0,,,,,,,,,,,,,,,,,,,,,,,,,,
71.93333333333334,108.0,8324.0,170.0,27237.0,144.0,12619.0,-10.0,-5532.0,37.0,-10030.0,88.0,3661.0,177.0,-855.0,,,,,,,,,,,,,,,,,,,,,,,,,,
71.96666666666667,107.0,8301.0,169.0,27192.0,143.0,12592.0,-10.0,-5533.0,37.0,-10029.0,88.0,3649.0,175.0,-862.0,,,,,,,,,,,,,,,,,,,,,,,,,,
72.0,107.0,8283.0,168.0,27147.0,142.0,12560.0,-11.0,-5535.0,37.0,-10028.0,88.0,3637.0,174.0,-868.0,,,,,,,,,,,,,,,,,,,,,,,,,,
72.03333333333333,106.0,8261.0,167.0,27104.0,142.0,12528.0,-11.0,-5539.0,37.0,-10025.0,87.0,3626.0,173.0,-874.0,,,,,,,,,,,,,,,,,,,,,,,,,,
72.06666666666666,106.0,8239.0,166.0,27060.0,141.0,12500.0,-11.0,-5541.0,36.0,-10025.0,88.0,3615.0,172.0,-880.0,,,,,,,,,,,,,,,,,,,,,,,,,,
72.1,105.0,8221.0,165.0,27016.0,141.0,12472.0,-10.0,-5544.0,36.0,-10027.0,87.0,3605.0,172.0,-886.0,,,,,,,,,,,,,,,,,,,,,,,,,,
72.13333333333334,104.0,8209.0,165.0,26981.0,141.0,12447.0,-10.0,-5547.0,36.0,-10030.0,87.0,3599.0,171.0,-895.0,,,,,,,,,,,,,,,,,,,,,,,,,,
72.16666666666667,103.0,8199.0,165.0,26946.0,141.0,12418.0,-10.0,-5549.0,36.0,-10032.0,87.0,3598.0,171.0,-904.0,,,,,,,,,,,,,,,,,,,,,,,,,,
72.2,103.0,8183.0,165.0,26916.0,141.0,12390.0,-11.0,-5549.0,36.0,-10035.0,87.0,3596.0,171.0,-916.0,,,,,,,,,,,,,,,,,,,,,,,,,,
72.23333333333333,102.0,8166.0,164.0,26887.0,141.0,12370.0,-11.0,-5549.0,36.0,-10038.0,87.0,3591.0,170.0,-926.0,,,,,,,,,,,,,,,,,,,,,,,,,,
72.26666666666667,102.0,8153.0,164.0,26854.0,141.0,12350.0,-11.0,-5549.0,36.0,-10043.0,87.0,3583.0,170.0,-935.0,,,,,,,,,,,,,,,,,,,,,,,,,,
72.3,102.0,8136.0,163.0,26817.0,140.0,12328.0,-11.0,-5550.0,36.0,-10049.0,87.0,3574.0,170.0,-944.0,,,,,,,,,,,,,,,,,,,,,,,,,,
72.33333333333333,102.0,8119.0,162.0,26776.0,139.0,12306.0,-11.0,-5552.0,35.0,-10058.0,86.0,3561.0,170.0,-952.0,,,,,,,,,,,,,,,,,,,,,,,,,,
72.36666666666666,102.0,8102.0,161.0,26734.0,139.0,12285.0,-11.0,-5552.0,35.0,-10068.0,85.0,3550.0,169.0,-958.0,,,,,,,,,,,,,,,,,,,,,,,,,,
72.4,102.0,8088.0,160.0,26695.0,138.0,12260.0,-12.0,-5553.0,36.0,-10073.0,85.0,3541.0,169.0,-964.0,,,,,,,,,,,,,,,,,,,,,,,,,,
72.43333333333334,102.0,8073.0,160.0,26661.0,137.0,12235.0,-11.0,-5558.0,36.0,-10074.0,84.0,3532.0,169.0,-967.0,,,,,,,,,,,,,,,,,,,,,,,,,,
72.46666666666667,102.0,8056.0,159.0,26624.0,137.0,12208.0,-11.0,-5565.0,36.0,-10078.0,84.0,3519.0,170.0,-971.0,,,,,,,,,,,,,,,,,,,,,,,,,,
72.5,102.0,8032.0,159.0,26588.0,137.0,12180.0,-11.0,-5571.0,36.0,-10083.0,84.0,3509.0,170.0,-979.0,,,,,,,,,,,,,,,,,,,,,,,,,,
72.53333333333333,102.0,8010.0,158.0,26554.0,137.0,12148.0,-11.0,-5576.0,37.0,-10084.0,85.0,3501.0,169.0,-989.0,,,,,,,,,,,,,,,,,,,,,,,,,,
72.56666666666666,102.0,7994.0,157.0,26514.0,137.0,12117.0,-10.0,-5578.0,37.0,-10087.0,85.0,3492.0,169.0,-998.0,,,,,,,,,,,,,,,,,,,,,,,,,,
72.6,102.0,7981.0,156.0,26479.0,137.0,12087.0,-10.0,-5579.0,37.0,-10092.0,85.0,3482.0,168.0,-1008.0,,,,,,,,,,,,,,,,,,,,,,,,,,
72.63333333333334,102.0,7966.0,156.0,26448.0,136.0,12058.0,-10.0,-5578.0,37.0,-10097.0,84.0,3473.0,167.0,-1018.0,,,,,,,,,,,,,,,,,,,,,,,,,,
72.66666666666667,102.0,7944.0,155.0,26418.0,136.0,12030.0,-10.0,-5575.0,36.0,-10105.0,84.0,3466.0,166.0,-1025.0,,,,,,,,,,,,,,,,,,,,,,,,,,
72.7,102.0,7923.0,155.0,26392.0,136.0,12000.0,-10.0,-5571.0,35.0,-10110.0,84.0,3459.0,164.0,-1029.0,,,,,,,,,,,,,,,,,,,,,,,,,,
72.73333333333333,102.0,7903.0,155.0,26367.0,135.0,11975.0,-10.0,-5570.0,36.0,-10114.0,83.0,3453.0,164.0,-1032.0,,,,,,,,,,,,,,,,,,,,,,,,,,
72.76666666666667,101.0,7887.0,154.0,26339.0,135.0,11954.0,-9.0,-5571.0,36.0,-10118.0,83.0,3448.0,164.0,-1032.0,,,,,,,,,,,,,,,,,,,,,,,,,,
72.8,101.0,7873.0,154.0,26309.0,135.0,11937.0,-8.0,-5573.0,36.0,-10117.0,82.0,3441.0,163.0,-1032.0,,,,,,,,,,,,,,,,,,,,,,,,,,
72.83333333333333,100.0,7861.0,154.0,26281.0,135.0,11917.0,-9.0,-5576.0,36.0,-10115.0,82.0,3437.0,163.0,-1037.0,,,,,,,,,,,,,,,,,,,,,,,,,,
72.86666666666666,99.0,7849.0,154.0,26251.0,135.0,11896.0,-9.0,-5579.0,35.0,-10114.0,82.0,3434.0,163.0,-1043.0,,,,,,,,,,,,,,,,,,,,,,,,,,
72.9,98.0,7838.0,153.0,26222.0,135.0,11877.0,-10.0,-5582.0,35.0,-10115.0,82.0,3433.0,163.0,-1049.0,,,,,,,,,,,,,,,,,,,,,,,,,,
72.93333333333334,98.0,7825.0,152.0,26187.0,135.0,11857.0,-11.0,-5583.0,35.0,-10116.0,82.0,3430.0,162.0,-1053.0,,,,,,,,,,,,,,,,,,,,,,,,,,
72.96666666666667,98.0,7807.0,152.0,26151.0,134.0,11839.0,-11.0,-5584.0,35.0,-10120.0,83.0,3426.0,162.0,-1057.0,,,,,,,,,,,,,,,,,,,,,,,,,,
73.0,98.0,7790.0,152.0,26118.0,132.0,11816.0,-11.0,-5585.0,34.0,-10125.0,83.0,3417.0,163.0,-1061.0,,,,,,,,,,,,,,,,,,,,,,,,,,
73.03333333333333,97.0,7776.0,152.0,26087.0,132.0,11788.0,-11.0,-5582.0,34.0,-10130.0,83.0,3411.0,163.0,-1067.0,,,,,,,,,,,,,,,,,,,,,,,,,,
73.06666666666666,97.0,7764.0,151.0,26060.0,131.0,11763.0,-10.0,-5583.0,33.0,-10128.0,83.0,3409.0,163.0,-1075.0,,,,,,,,,,,,,,,,,,,,,,,,,,
73.1,97.0,7752.0,150.0,26038.0,131.0,11744.0,-10.0,-5586.0,33.0,-10126.0,83.0,3407.0,162.0,-1082.0,,,,,,,,,,,,,,,,,,,,,,,,,,
73.13333333333334,98.0,7739.0,149.0,26019.0,132.0,11727.0,-9.0,-5586.0,33.0,-10128.0,83.0,3401.0,162.0,-1085.0,,,,,,,,,,,,,,,,,,,,,,,,,,
73.16666666666667,98.0,7725.0,149.0,25997.0,132.0,11709.0,-9.0,-5585.0,33.0,-10133.0,83.0,3395.0,162.0,-1092.0,,,,,,,,,,,,,,,,,,,,,,,,,,
73.2,97.0,7715.0,148.0,25976.0,132.0,11687.0,-9.0,-5582.0,34.0,-10139.0,83.0,3391.0,162.0,-1100.0,,,,,,,,,,,,,,,,,,,,,,,,,,
73.23333333333333,97.0,7707.0,147.0,25951.0,131.0,11662.0,-9.0,-5581.0,34.0,-10147.0,83.0,3385.0,162.0,-1102.0,,,,,,,,,,,,,,,,,,,,,,,,,,
73.26666666666667,97.0,7692.0,146.0,25917.0,130.0,11639.0,-9.0,-5586.0,34.0,-10155.0,83.0,3380.0,161.0,-1106.0,,,,,,,,,,,,,,,,,,,,,,,,,,
73.3,97.0,7676.0,146.0,25880.0,130.0,11617.0,-9.0,-5592.0,33.0,-10165.0,83.0,3375.0,161.0,-1113.0,,,,,,,,,,,,,,,,,,,,,,,,,,
73.33333333333333,96.0,7663.0,146.0,25847.0,130.0,11593.0,-8.0,-5596.0,33.0,-10171.0,82.0,3370.0,160.0,-1122.0,,,,,,,,,,,,,,,,,,,,,,,,,,
73.36666666666666,96.0,7654.0,146.0,25819.0,130.0,11567.0,-8.0,-5597.0,33.0,-10176.0,81.0,3361.0,160.0,-1132.0,,,,,,,,,,,,,,,,,,,,,,,,,,
73.4,96.0,7646.0,145.0,25795.0,130.0,11542.0,-8.0,-5598.0,33.0,-10181.0,81.0,3350.0,159.0,-1139.0,,,,,,,,,,,,,,,,,,,,,,,,,,
73.43333333333334,96.0,7632.0,145.0,25771.0,130.0,11523.0,-9.0,-5598.0,32.0,-10184.0,81.0,3339.0,158.0,-1144.0,,,,,,,,,,,,,,,,,,,,,,,,,,
73.46666666666667,95.0,7616.0,145.0,25750.0,129.0,11509.0,-10.0,-5597.0,32.0,-10185.0,80.0,3328.0,157.0,-1147.0,,,,,,,,,,,,,,,,,,,,,,,,,,
73.5,95.0,7602.0,145.0,25729.0,129.0,11494.0,-10.0,-5598.0,32.0,-10191.0,80.0,3320.0,156.0,-1149.0,,,,,,,,,,,,,,,,,,,,,,,,,,
73.53333333333333,95.0,7584.0,144.0,25710.0,128.0,11475.0,-10.0,-5604.0,32.0,-10198.0,80.0,3315.0,156.0,-1150.0,,,,,,,,,,,,,,,,,,,,,,,,,,
73.56666666666666,95.0,7566.0,144.0,25694.0,127.0,11457.0,-10.0,-5609.0,32.0,-10205.0,80.0,3311.0,156.0,-1153.0,,,,,,,,,,,,,,,,,,,,,,,,,,
73.6,94.0,7552.0,144.0,25678.0,127.0,11437.0,-10.0,-5611.0,32.0,-10210.0,79.0,3306.0,156.0,-1156.0,,,,,,,,,,,,,,,,,,,,,,,,,,
73.63333333333334,94.0,7541.0,144.0,25663.0,126.0,11422.0,-10.0,-5614.0,32.0,-10215.0,79.0,3301.0,156.0,-1160.0,,,,,,,,,,,,,,,,,,,,,,,,,,
73.66666666666667,94.0,7533.0,144.0,25648.0,126.0,11407.0,-10.0,-5613.0,32.0,-10217.0,79.0,3293.0,156.0,-1166.0,,,,,,,,,,,,,,,,,,,,,,,,,,
73.7,94.0,7526.0,144.0,25633.0,127.0,11391.0,-11.0,-5615.0,32.0,-10220.0,80.0,3284.0,155.0,-1172.0,,,,,,,,,,,,,,,,,,,,,,,,,,
73.73333333333333,93.0,7514.0,144.0,25614.0,127.0,11374.0,-10.0,-5617.0,32.0,-10223.0,79.0,3278.0,155.0,-1177.0,,,,,,,,,,,,,,,,,,,,,,,,,,
73.76666666666667,94.0,7500.0,144.0,25590.0,127.0,11354.0,-11.0,-5619.0,32.0,-10228.0,80.0,3278.0,154.0,-1180.0,,,,,,,,,,,,,,,,,,,,,,,,,,
73.8,94.0,7490.0,143.0,25569.0,128.0,11333.0,-11.0,-5624.0,32.0,-10231.0,80.0,3275.0,154.0,-1186.0,,,,,,,,,,,,,,,,,,,,,,,,,,
73.83333333333333,94.0,7482.0,142.0,25549.0,128.0,11313.0,-10.0,-5629.0,32.0,-10234.0,80.0,3271.0,154.0,-1195.0,,,,,,,,,,,,,,,,,,,,,,,,,,
73.86666666666666,94.0,7472.0,142.0,25531.0,128.0,11296.0,-10.0,-5632.0,32.0,-10237.0,80.0,3267.0,154.0,-1202.0,,,,,,,,,,,,,,,,,,,,,,,,,,
73.9,94.0,7464.0,141.0,25511.0,128.0,11280.0,-10.0,-5635.0,32.0,-10238.0,79.0,3260.0,153.0,-1207.0,,,,,,,,,,,,,,,,,,,,,,,,,,
73.93333333333334,94.0,7455.0,140.0,25492.0,127.0,11260.0,-10.0,-5639.0,32.0,-10242.0,79.0,3257.0,153.0,-1210.0,,,,,,,,,,,,,,,,,,,,,,,,,,
73.96666666666667,94.0,7449.0,140.0,25477.0,127.0,11243.0,-10.0,-5641.0,32.0,-10247.0,79.0,3254.0,152.0,-1209.0,,,,,,,,,,,,,,,,,,,,,,,,,,
74.0,94.0,7441.0,139.0,25461.0,126.0,11227.0,-10.0,-5641.0,31.0,-10247.0,79.0,3248.0,151.0,-1209.0,,,,,,,,,,,,,,,,,,,,,,,,,,
74.03333333333333,94.0,7430.0,138.0,25445.0,127.0,11208.0,-11.0,-5639.0,31.0,-10251.0,78.0,3241.0,151.0,-1213.0,,,,,,,,,,,,,,,,,,,,,,,,,,
74.06666666666666,93.0,7418.0,137.0,25432.0,127.0,11189.0,-11.0,-5641.0,31.0,-10255.0,78.0,3238.0,151.0,-1219.0,,,,,,,,,,,,,,,,,,,,,,,,,,
74.1,93.0,7404.0,137.0,25423.0,127.0,11172.0,-11.0,-5642.0,31.0,-10259.0,79.0,3232.0,150.0,-1225.0,,,,,,,,,,,,,,,,,,,,,,,,,,
74.13333333333334,94.0,7394.0,137.0,25407.0,126.0,11159.0,-11.0,-5644.0,31.0,-10259.0,79.0,3225.0,149.0,-1229.0,,,,,,,,,,,,,,,,,,,,,,,,,,
74.16666666666667,93.0,7386.0,137.0,25389.0,126.0,11144.0,-11.0,-5649.0,31.0,-10258.0,80.0,3219.0,149.0,-1232.0,,,,,,,,,,,,,,,,,,,,,,,,,,
74.2,93.0,7376.0,137.0,25368.0,126.0,11131.0,-11.0,-5654.0,32.0,-10257.0,80.0,3209.0,148.0,-1231.0,,,,,,,,,,,,,,,,,,,,,,,,,,
74.23333333333333,92.0,7366.0,136.0,25348.0,127.0,11121.0,-11.0,-5657.0,32.0,-10253.0,80.0,3202.0,148.0,-1227.0,,,,,,,,,,,,,,,,,,,,,,,,,,
74.26666666666667,92.0,7357.0,136.0,25328.0,127.0,11107.0,-11.0,-5659.0,32.0,-10251.0,80.0,3199.0,148.0,-1227.0,,,,,,,,,,,,,,,,,,,,,,,,,,
74.3,92.0,7349.0,136.0,25314.0,127.0,11092.0,-12.0,-5659.0,32.0,-10253.0,79.0,3197.0,148.0,-1230.0,,,,,,,,,,,,,,,,,,,,,,,,,,
74.33333333333333,92.0,7343.0,136.0,25301.0,126.0,11078.0,-12.0,-5660.0,32.0,-10255.0,79.0,3196.0,148.0,-1231.0,,,,,,,,,,,,,,,,,,,,,,,,,,
74.36666666666666,92.0,7338.0,135.0,25283.0,125.0,11065.0,-12.0,-5664.0,31.0,-10258.0,79.0,3193.0,148.0,-1236.0,,,,,,,,,,,,,,,,,,,,,,,,,,
74.4,91.0,7332.0,135.0,25269.0,124.0,11052.0,-12.0,-5664.0,31.0,-10269.0,79.0,3190.0,147.0,-1241.0,,,,,,,,,,,,,,,,,,,,,,,,,,
74.43333333333334,91.0,7325.0,134.0,25259.0,123.0,11039.0,-11.0,-5659.0,30.0,-10278.0,79.0,3184.0,146.0,-1243.0,,,,,,,,,,,,,,,,,,,,,,,,,,
74.46666666666667,90.0,7317.0,134.0,25253.0,123.0,11021.0,-11.0,-5658.0,30.0,-10282.0,79.0,3177.0,146.0,-1245.0,,,,,,,,,,,,,,,,,,,,,,,,,,
74.5,89.0,7310.0,134.0,25247.0,123.0,11002.0,-11.0,-5660.0,30.0,-10284.0,78.0,3169.0,145.0,-1250.0,,,,,,,,,,,,,,,,,,,,,,,,,,
74.53333333333333,89.0,7304.0,134.0,25237.0,123.0,10979.0,-11.0,-5660.0,30.0,-10289.0,78.0,3165.0,145.0,-1255.0,,,,,,,,,,,,,,,,,,,,,,,,,,
74.56666666666666,89.0,7298.0,134.0,25230.0,123.0,10960.0,-12.0,-5661.0,29.0,-10294.0,77.0,3160.0,145.0,-1259.0,,,,,,,,,,,,,,,,,,,,,,,,,,
74.6,89.0,7288.0,133.0,25219.0,123.0,10943.0,-12.0,-5665.0,29.0,-10297.0,76.0,3156.0,144.0,-1259.0,,,,,,,,,,,,,,,,,,,,,,,,,,
74.63333333333334,90.0,7277.0,132.0,25209.0,123.0,10927.0,-12.0,-5669.0,28.0,-10301.0,75.0,3152.0,144.0,-1261.0,,,,,,,,,,,,,,,,,,,,,,,,,,
74.66666666666667,90.0,7264.0,132.0,25203.0,123.0,10913.0,-13.0,-5670.0,28.0,-10306.0,75.0,3149.0,144.0,-1266.0,,,,,,,,,,,,,,,,,,,,,,,,,,
74.7,90.0,7252.0,133.0,25190.0,123.0,10899.0,-12.0,-5671.0,28.0,-10306.0,75.0,3150.0,144.0,-1271.0,,,,,,,,,,,,,,,,,,,,,,,,,,
74.73333333333333,90.0,7242.0,133.0,25176.0,122.0,10886.0,-12.0,-5672.0,28.0,-10306.0,75.0,3154.0,144.0,-1274.0,,,,,,,,,,,,,,,,,,,,,,,,,,
74.76666666666667,89.0,7233.0,132.0,25164.0,122.0,10874.0,-11.0,-5673.0,28.0,-10306.0,75.0,3156.0,143.0,-1276.0,,,,,,,,,,,,,,,,,,,,,,,,,,
74.8,89.0,7224.0,131.0,25154.0,123.0,10866.0,-10.0,-5672.0,29.0,-10306.0,75.0,3151.0,143.0,-1281.0,,,,,,,,,,,,,,,,,,,,,,,,,,
74.83333333333333,89.0,7214.0,131.0,25149.0,123.0,10856.0,-10.0,-5673.0,29.0,-10307.0,75.0,3142.0,143.0,-1285.0,,,,,,,,,,,,,,,,,,,,,,,,,,
74.86666666666666,89.0,7209.0,131.0,25144.0,123.0,10847.0,-10.0,-5677.0,29.0,-10310.0,75.0,3135.0,142.0,-1288.0,,,,,,,,,,,,,,,,,,,,,,,,,,
74.9,89.0,7205.0,132.0,25138.0,123.0,10836.0,-10.0,-5682.0,29.0,-10311.0,75.0,3129.0,142.0,-1287.0,,,,,,,,,,,,,,,,,,,,,,,,,,
74.93333333333334,89.0,7199.0,131.0,25135.0,123.0,10818.0,-10.0,-5685.0,29.0,-10309.0,75.0,3120.0,142.0,-1281.0,,,,,,,,,,,,,,,,,,,,,,,,,,
74.96666666666667,88.0,7195.0,131.0,25131.0,123.0,10797.0,-10.0,-5686.0,29.0,-10312.0,75.0,3109.0,142.0,-1277.0,,,,,,,,,,,,,,,,,,,,,,,,,,
75.0,88.0,7190.0,131.0,25124.0,122.0,10777.0,-10.0,-5686.0,29.0,-10317.0,75.0,3101.0,142.0,-1278.0,,,,,,,,,,,,,,,,,,,,,,,,,,
75.03333333333333,88.0,7186.0,130.0,25118.0,121.0,10762.0,-11.0,-5683.0,29.0,-10321.0,76.0,3095.0,142.0,-1282.0,,,,,,,,,,,,,,,,,,,,,,,,,,
75.06666666666666,88.0,7180.0,130.0,25111.0,121.0,10749.0,-11.0,-5681.0,29.0,-10322.0,75.0,3090.0,142.0,-1287.0,,,,,,,,,,,,,,,,,,,,,,,,,,
75.1,88.0,7174.0,129.0,25106.0,121.0,10735.0,-10.0,-5680.0,29.0,-10323.0,75.0,3085.0,142.0,-1295.0,,,,,,,,,,,,,,,,,,,,,,,,,,
75.13333333333334,87.0,7168.0,129.0,25100.0,120.0,10723.0,-10.0,-5680.0,28.0,-10322.0,74.0,3085.0,142.0,-1303.0,,,,,,,,,,,,,,,,,,,,,,,,,,
75.16666666666667,87.0,7162.0,129.0,25091.0,120.0,10710.0,-10.0,-5685.0,29.0,-10321.0,73.0,3083.0,141.0,-1313.0,,,,,,,,,,,,,,,,,,,,,,,,,,
75.2,86.0,7156.0,128.0,25086.0,120.0,10694.0,-10.0,-5688.0,29.0,-10321.0,72.0,3079.0,141.0,-1321.0,,,,,,,,,,,,,,,,,,,,,,,,,,
75.23333333333333,85.0,7151.0,127.0,25080.0,119.0,10681.0,-10.0,-5690.0,28.0,-10324.0,72.0,3077.0,141.0,-1326.0,,,,,,,,,,,,,,,,,,,,,,,,,,
75.26666666666667,85.0,7144.0,127.0,25077.0,119.0,10670.0,-10.0,-5692.0,28.0,-10324.0,72.0,3074.0,141.0,-1327.0,,,,,,,,,,,,,,,,,,,,,,,,,,
75.3,86.0,7138.0,126.0,25078.0,118.0,10661.0,-10.0,-5696.0,27.0,-10325.0,72.0,3069.0,141.0,-1328.0,,,,,,,,,,,,,,,,,,,,,,,,,,
75.33333333333333,86.0,7133.0,126.0,25077.0,118.0,10651.0,-10.0,-5700.0,27.0,-10325.0,71.0,3062.0,141.0,-1325.0,,,,,,,,,,,,,,,,,,,,,,,,,,
75.36666666666666,86.0,7126.0,126.0,25075.0,118.0,10637.0,-11.0,-5701.0,26.0,-10321.0,71.0,3052.0,141.0,-1321.0,,,,,,,,,,,,,,,,,,,,,,,,,,
75.4,86.0,7117.0,126.0,25079.0,118.0,10625.0,-11.0,-5700.0,26.0,-10322.0,71.0,3042.0,140.0,-1317.0,,,,,,,,,,,,,,,,,,,,,,,,,,
75.43333333333334,86.0,7111.0,125.0,25085.0,118.0,10619.0,-12.0,-5699.0,26.0,-10329.0,71.0,3035.0,139.0,-1316.0,,,,,,,,,,,,,,,,,,,,,,,,,,
75.46666666666667,86.0,7108.0,124.0,25087.0,118.0,10616.0,-12.0,-5696.0,27.0,-10336.0,71.0,3030.0,139.0,-1321.0,,,,,,,,,,,,,,,,,,,,,,,,,,
75.5,87.0,7103.0,124.0,25086.0,118.0,10608.0,-12.0,-5693.0,27.0,-10342.0,72.0,3025.0,138.0,-1327.0,,,,,,,,,,,,,,,,,,,,,,,,,,
75.53333333333333,86.0,7098.0,124.0,25080.0,118.0,10599.0,-11.0,-5694.0,27.0,-10342.0,72.0,3019.0,138.0,-1330.0,,,,,,,,,,,,,,,,,,,,,,,,,,
75.56666666666666,86.0,7096.0,123.0,25079.0,118.0,10588.0,-11.0,-5695.0,27.0,-10343.0,73.0,3015.0,138.0,-1325.0,,,,,,,,,,,,,,,,,,,,,,,,,,
75.6,86.0,7097.0,123.0,25081.0,118.0,10574.0,-12.0,-5695.0,27.0,-10351.0,73.0,3010.0,138.0,-1322.0,,,,,,,,,,,,,,,,,,,,,,,,,,
75.63333333333334,86.0,7098.0,123.0,25078.0,118.0,10563.0,-11.0,-5698.0,27.0,-10361.0,72.0,3005.0,138.0,-1321.0,,,,,,,,,,,,,,,,,,,,,,,,,,
75.66666666666667,85.0,7094.0,123.0,25071.0,118.0,10547.0,-11.0,-5705.0,27.0,-10371.0,72.0,3000.0,137.0,-1324.0,,,,,,,,,,,,,,,,,,,,,,,,,,
75.7,85.0,7089.0,123.0,25064.0,118.0,10530.0,-10.0,-5710.0,26.0,-10377.0,73.0,2996.0,136.0,-1334.0,,,,,,,,,,,,,,,,,,,,,,,,,,
75.73333333333333,85.0,7083.0,123.0,25057.0,118.0,10513.0,-9.0,-5712.0,26.0,-10379.0,73.0,2994.0,135.0,-1344.0,,,,,,,,,,,,,,,,,,,,,,,,,,
75.76666666666667,85.0,7075.0,122.0,25049.0,117.0,10497.0,-10.0,-5709.0,26.0,-10382.0,73.0,2993.0,135.0,-1352.0,,,,,,,,,,,,,,,,,,,,,,,,,,
75.8,84.0,7069.0,122.0,25045.0,117.0,10490.0,-10.0,-5708.0,25.0,-10382.0,73.0,2989.0,134.0,-1357.0,,,,,,,,,,,,,,,,,,,,,,,,,,
75.83333333333333,84.0,7065.0,122.0,25047.0,118.0,10485.0,-11.0,-5708.0,26.0,-10386.0,72.0,2985.0,134.0,-1359.0,,,,,,,,,,,,,,,,,,,,,,,,,,
75.86666666666666,84.0,7064.0,122.0,25053.0,117.0,10477.0,-12.0,-5710.0,26.0,-10391.0,71.0,2981.0,133.0,-1357.0,,,,,,,,,,,,,,,,,,,,,,,,,,
75.9,84.0,7065.0,122.0,25059.0,116.0,10473.0,-12.0,-5713.0,27.0,-10390.0,70.0,2977.0,133.0,-1355.0,,,,,,,,,,,,,,,,,,,,,,,,,,
75.93333333333334,84.0,7068.0,122.0,25062.0,116.0,10468.0,-12.0,-5717.0,27.0,-10384.0,71.0,2973.0,133.0,-1351.0,,,,,,,,,,,,,,,,,,,,,,,,,,
75.96666666666667,84.0,7068.0,122.0,25067.0,115.0,10457.0,-12.0,-5720.0,27.0,-10383.0,71.0,2965.0,133.0,-1353.0,,,,,,,,,,,,,,,,,,,,,,,,,,
76.0,84.0,7061.0,122.0,25072.0,114.0,10445.0,-12.0,-5724.0,27.0,-10384.0,71.0,2956.0,133.0,-1359.0,,,,,,,,,,,,,,,,,,,,,,,,,,
76.03333333333333,84.0,7050.0,121.0,25072.0,114.0,10431.0,-12.0,-5727.0,26.0,-10384.0,71.0,2949.0,133.0,-1361.0,,,,,,,,,,,,,,,,,,,,,,,,,,
76.06666666666666,83.0,7042.0,121.0,25073.0,114.0,10418.0,-12.0,-5732.0,26.0,-10386.0,71.0,2945.0,133.0,-1362.0,,,,,,,,,,,,,,,,,,,,,,,,,,
76.1,84.0,7033.0,120.0,25072.0,115.0,10405.0,-12.0,-5732.0,26.0,-10389.0,71.0,2944.0,133.0,-1361.0,,,,,,,,,,,,,,,,,,,,,,,,,,
76.13333333333334,84.0,7027.0,120.0,25074.0,115.0,10396.0,-13.0,-5733.0,25.0,-10391.0,70.0,2943.0,132.0,-1361.0,,,,,,,,,,,,,,,,,,,,,,,,,,
76.16666666666667,84.0,7020.0,119.0,25079.0,114.0,10385.0,-13.0,-5736.0,25.0,-10395.0,70.0,2940.0,132.0,-1362.0,,,,,,,,,,,,,,,,,,,,,,,,,,
76.2,85.0,7013.0,119.0,25083.0,114.0,10375.0,-12.0,-5741.0,25.0,-10402.0,71.0,2936.0,132.0,-1364.0,,,,,,,,,,,,,,,,,,,,,,,,,,
76.23333333333333,84.0,7005.0,119.0,25086.0,114.0,10369.0,-12.0,-5744.0,25.0,-10410.0,72.0,2930.0,131.0,-1368.0,,,,,,,,,,,,,,,,,,,,,,,,,,
76.26666666666667,84.0,6998.0,119.0,25090.0,114.0,10364.0,-12.0,-5742.0,25.0,-10415.0,72.0,2923.0,131.0,-1373.0,,,,,,,,,,,,,,,,,,,,,,,,,,
76.3,83.0,6995.0,118.0,25097.0,114.0,10357.0,-12.0,-5741.0,26.0,-10416.0,71.0,2920.0,131.0,-1379.0,,,,,,,,,,,,,,,,,,,,,,,,,,
76.33333333333333,83.0,6993.0,118.0,25101.0,114.0,10347.0,-12.0,-5742.0,26.0,-10411.0,71.0,2918.0,131.0,-1382.0,,,,,,,,,,,,,,,,,,,,,,,,,,
76.36666666666666,82.0,6995.0,118.0,25104.0,114.0,10338.0,-13.0,-5744.0,26.0,-10408.0,71.0,2917.0,130.0,-1388.0,,,,,,,,,,,,,,,,,,,,,,,,,,
76.4,82.0,6996.0,117.0,25109.0,113.0,10325.0,-12.0,-5748.0,26.0,-10409.0,70.0,2914.0,130.0,-1399.0,,,,,,,,,,,,,,,,,,,,,,,,,,
76.43333333333334,82.0,6993.0,116.0,25119.0,112.0,10312.0,-12.0,-5751.0,26.0,-10408.0,70.0,2912.0,129.0,-1408.0,,,,,,,,,,,,,,,,,,,,,,,,,,
76.46666666666667,82.0,6990.0,116.0,25127.0,111.0,10300.0,-12.0,-5752.0,26.0,-10408.0,70.0,2912.0,129.0,-1414.0,,,,,,,,,,,,,,,,,,,,,,,,,,
76.5,82.0,6986.0,115.0,25130.0,111.0,10291.0,-12.0,-5751.0,26.0,-10411.0,70.0,2910.0,128.0,-1418.0,,,,,,,,,,,,,,,,,,,,,,,,,,
76.53333333333333,82.0,6983.0,114.0,25132.0,112.0,10283.0,-11.0,-5749.0,25.0,-10415.0,70.0,2907.0,128.0,-1417.0,,,,,,,,,,,,,,,,,,,,,,,,,,
76.56666666666666,82.0,6981.0,114.0,25133.0,112.0,10274.0,-11.0,-5747.0,25.0,-10417.0,71.0,2902.0,128.0,-1417.0,,,,,,,,,,,,,,,,,,,,,,,,,,
76.6,82.0,6980.0,114.0,25137.0,112.0,10265.0,-12.0,-5747.0,25.0,-10414.0,71.0,2897.0,129.0,-1415.0,,,,,,,,,,,,,,,,,,,,,,,,,,
76.63333333333334,81.0,6978.0,115.0,25144.0,112.0,10260.0,-12.0,-5749.0,25.0,-10414.0,70.0,2894.0,128.0,-1410.0,,,,,,,,,,,,,,,,,,,,,,,,,,
76.66666666666667,81.0,6976.0,115.0,25157.0,112.0,10256.0,-12.0,-5750.0,25.0,-10415.0,70.0,2892.0,128.0,-1409.0,,,,,,,,,,,,,,,,,,,,,,,,,,
76.7,81.0,6974.0,115.0,25165.0,112.0,10251.0,-13.0,-5750.0,25.0,-10418.0,70.0,2889.0,128.0,-1409.0,,,,,,,,,,,,,,,,,,,,,,,,,,
76.73333333333333,81.0,6974.0,115.0,25170.0,112.0,10242.0,-13.0,-5751.0,24.0,-10421.0,70.0,2887.0,127.0,-1409.0,,,,,,,,,,,,,,,,,,,,,,,,,,
76.76666666666667,81.0,6975.0,114.0,25174.0,112.0,10234.0,-13.0,-5754.0,24.0,-10422.0,70.0,2880.0,127.0,-1408.0,,,,,,,,,,,,,,,,,,,,,,,,,,
76.8,81.0,6975.0,113.0,25179.0,112.0,10229.0,-12.0,-5760.0,24.0,-10425.0,69.0,2872.0,126.0,-1407.0,,,,,,,,,,,,,,,,,,,,,,,,,,
76.83333333333333,80.0,6976.0,113.0,25182.0,112.0,10223.0,-12.0,-5766.0,24.0,-10430.0,69.0,2867.0,126.0,-1409.0,,,,,,,,,,,,,,,,,,,,,,,,,,
76.86666666666666,80.0,6977.0,113.0,25181.0,112.0,10213.0,-12.0,-5769.0,23.0,-10434.0,69.0,2862.0,125.0,-1412.0,,,,,,,,,,,,,,,,,,,,,,,,,,
76.9,80.0,6978.0,113.0,25182.0,111.0,10203.0,-12.0,-5770.0,24.0,-10435.0,69.0,2859.0,125.0,-1415.0,,,,,,,,,,,,,,,,,,,,,,,,,,
76.93333333333334,80.0,6979.0,112.0,25188.0,110.0,10199.0,-12.0,-5769.0,24.0,-10435.0,68.0,2855.0,124.0,-1418.0,,,,,,,,,,,,,,,,,,,,,,,,,,
76.96666666666667,80.0,6978.0,112.0,25199.0,110.0,10195.0,-12.0,-5764.0,24.0,-10435.0,67.0,2853.0,124.0,-1424.0,,,,,,,,,,,,,,,,,,,,,,,,,,
77.0,80.0,6976.0,112.0,25212.0,109.0,10186.0,-12.0,-5760.0,24.0,-10435.0,67.0,2852.0,124.0,-1429.0,,,,,,,,,,,,,,,,,,,,,,,,,,
77.03333333333333,80.0,6977.0,113.0,25225.0,110.0,10181.0,-13.0,-5756.0,24.0,-10437.0,67.0,2847.0,124.0,-1429.0,,,,,,,,,,,,,,,,,,,,,,,,,,
77.06666666666666,80.0,6978.0,113.0,25235.0,110.0,10176.0,-13.0,-5756.0,24.0,-10440.0,66.0,2844.0,124.0,-1430.0,,,,,,,,,,,,,,,,,,,,,,,,,,
77.1,81.0,6977.0,112.0,25242.0,109.0,10167.0,-12.0,-5758.0,25.0,-10447.0,66.0,2841.0,124.0,-1430.0,,,,,,,,,,,,,,,,,,,,,,,,,,
77.13333333333334,81.0,6972.0,111.0,25252.0,109.0,10158.0,-12.0,-5761.0,25.0,-10453.0,65.0,2837.0,124.0,-1432.0,,,,,,,,,,,,,,,,,,,,,,,,,,
77.16666666666667,80.0,6971.0,112.0,25262.0,110.0,10153.0,-12.0,-5764.0,25.0,-10455.0,65.0,2833.0,124.0,-1436.0,,,,,,,,,,,,,,,,,,,,,,,,,,
77.2,80.0,6974.0,113.0,25274.0,109.0,10148.0,-13.0,-5768.0,24.0,-10453.0,65.0,2832.0,123.0,-1438.0,,,,,,,,,,,,,,,,,,,,,,,,,,
77.23333333333333,80.0,6973.0,113.0,25287.0,109.0,10142.0,-13.0,-5771.0,24.0,-10454.0,65.0,2828.0,123.0,-1441.0,,,,,,,,,,,,,,,,,,,,,,,,,,
77.26666666666667,79.0,6969.0,112.0,25299.0,109.0,10133.0,-13.0,-5774.0,23.0,-10459.0,65.0,2822.0,123.0,-1441.0,,,,,,,,,,,,,,,,,,,,,,,,,,
77.3,79.0,6966.0,112.0,25307.0,108.0,10125.0,-13.0,-5778.0,23.0,-10465.0,66.0,2814.0,124.0,-1437.0,,,,,,,,,,,,,,,,,,,,,,,,,,
77.33333333333333,78.0,6962.0,111.0,25317.0,107.0,10116.0,-13.0,-5781.0,23.0,-10472.0,67.0,2808.0,124.0,-1435.0,,,,,,,,,,,,,,,,,,,,,,,,,,
77.36666666666666,78.0,6958.0,111.0,25325.0,107.0,10110.0,-13.0,-5784.0,23.0,-10477.0,67.0,2808.0,124.0,-1434.0,,,,,,,,,,,,,,,,,,,,,,,,,,
77.4,78.0,6954.0,111.0,25333.0,108.0,10105.0,-13.0,-5784.0,23.0,-10478.0,67.0,2808.0,124.0,-1430.0,,,,,,,,,,,,,,,,,,,,,,,,,,
77.43333333333334,78.0,6950.0,111.0,25343.0,108.0,10100.0,-13.0,-5783.0,23.0,-10479.0,66.0,2807.0,124.0,-1424.0,,,,,,,,,,,,,,,,,,,,,,,,,,
77.46666666666667,78.0,6945.0,112.0,25353.0,108.0,10091.0,-13.0,-5783.0,23.0,-10479.0,66.0,2803.0,123.0,-1422.0,,,,,,,,,,,,,,,,,,,,,,,,,,
77.5,79.0,6946.0,112.0,25361.0,108.0,10082.0,-13.0,-5783.0,23.0,-10479.0,65.0,2798.0,123.0,-1424.0,,,,,,,,,,,,,,,,,,,,,,,,,,
77.53333333333333,79.0,6951.0,111.0,25367.0,108.0,10075.0,-13.0,-5784.0,23.0,-10478.0,65.0,2793.0,122.0,-1426.0,,,,,,,,,,,,,,,,,,,,,,,,,,
77.56666666666666,79.0,6955.0,111.0,25374.0,109.0,10070.0,-13.0,-5785.0,22.0,-10478.0,64.0,2787.0,121.0,-1428.0,,,,,,,,,,,,,,,,,,,,,,,,,,
77.6,79.0,6959.0,111.0,25383.0,109.0,10067.0,-13.0,-5785.0,22.0,-10478.0,64.0,2781.0,121.0,-1429.0,,,,,,,,,,,,,,,,,,,,,,,,,,
77.63333333333334,78.0,6967.0,111.0,25392.0,108.0,10066.0,-12.0,-5784.0,21.0,-10479.0,64.0,2776.0,121.0,-1433.0,,,,,,,,,,,,,,,,,,,,,,,,,,
77.66666666666667,78.0,6972.0,111.0,25403.0,108.0,10061.0,-12.0,-5783.0,21.0,-10481.0,65.0,2771.0,121.0,-1439.0,,,,,,,,,,,,,,,,,,,,,,,,,,
77.7,78.0,6972.0,110.0,25414.0,107.0,10055.0,-12.0,-5780.0,21.0,-10486.0,65.0,2766.0,121.0,-1444.0,,,,,,,,,,,,,,,,,,,,,,,,,,
77.73333333333333,78.0,6972.0,110.0,25425.0,107.0,10053.0,-12.0,-5778.0,21.0,-10488.0,64.0,2760.0,121.0,-1448.0,,,,,,,,,,,,,,,,,,,,,,,,,,
77.76666666666667,77.0,6970.0,109.0,25435.0,107.0,10048.0,-12.0,-5780.0,21.0,-10489.0,64.0,2760.0,121.0,-1454.0,,,,,,,,,,,,,,,,,,,,,,,,,,
77.8,77.0,6971.0,108.0,25444.0,106.0,10044.0,-12.0,-5779.0,21.0,-10489.0,64.0,2763.0,121.0,-1455.0,,,,,,,,,,,,,,,,,,,,,,,,,,
77.83333333333333,76.0,6968.0,107.0,25454.0,106.0,10044.0,-12.0,-5779.0,22.0,-10492.0,65.0,2761.0,120.0,-1456.0,,,,,,,,,,,,,,,,,,,,,,,,,,
77.86666666666666,76.0,6966.0,107.0,25467.0,106.0,10040.0,-11.0,-5777.0,22.0,-10494.0,65.0,2756.0,120.0,-1457.0,,,,,,,,,,,,,,,,,,,,,,,,,,
77.9,76.0,6966.0,106.0,25479.0,106.0,10035.0,-11.0,-5777.0,22.0,-10493.0,65.0,2754.0,119.0,-1461.0,,,,,,,,,,,,,,,,,,,,,,,,,,
77.93333333333334,76.0,6966.0,106.0,25488.0,106.0,10029.0,-10.0,-5778.0,22.0,-10492.0,65.0,2755.0,119.0,-1462.0,,,,,,,,,,,,,,,,,,,,,,,,,,
77.96666666666667,76.0,6966.0,106.0,25503.0,106.0,10023.0,-10.0,-5780.0,21.0,-10492.0,64.0,2753.0,119.0,-1463.0,,,,,,,,,,,,,,,,,,,,,,,,,,
78.0,76.0,6966.0,106.0,25520.0,106.0,10019.0,-11.0,-5784.0,22.0,-10493.0,64.0,2750.0,119.0,-1463.0,,,,,,,,,,,,,,,,,,,,,,,,,,
78.03333333333333,76.0,6967.0,106.0,25534.0,105.0,10018.0,-12.0,-5787.0,22.0,-10496.0,64.0,2747.0,118.0,-1460.0,,,,,,,,,,,,,,,,,,,,,,,,,,
78.06666666666666,76.0,6966.0,106.0,25542.0,105.0,10013.0,-12.0,-5788.0,22.0,-10500.0,64.0,2742.0,118.0,-1456.0,,,,,,,,,,,,,,,,,,,,,,,,,,
78.1,76.0,6957.0,106.0,25547.0,105.0,10004.0,-12.0,-5787.0,23.0,-10505.0,64.0,2737.0,118.0,-1455.0,,,,,,,,,,,,,,,,,,,,,,,,,,
78.13333333333334,76.0,6950.0,106.0,25553.0,106.0,9996.0,-11.0,-5787.0,23.0,-10511.0,64.0,2737.0,118.0,-1453.0,,,,,,,,,,,,,,,,,,,,,,,,,,
78.16666666666667,75.0,6951.0,105.0,25565.0,106.0,9987.0,-11.0,-5787.0,23.0,-10516.0,64.0,2739.0,118.0,-1451.0,,,,,,,,,,,,,,,,,,,,,,,,,,
78.2,76.0,6956.0,105.0,25574.0,106.0,9980.0,-11.0,-5790.0,23.0,-10524.0,64.0,2741.0,118.0,-1450.0,,,,,,,,,,,,,,,,,,,,,,,,,,
78.23333333333333,76.0,6967.0,104.0,25581.0,105.0,9976.0,-12.0,-5795.0,23.0,-10529.0,64.0,2738.0,118.0,-1448.0,,,,,,,,,,,,,,,,,,,,,,,,,,
78.26666666666667,75.0,6976.0,105.0,25596.0,105.0,9970.0,-12.0,-5799.0,22.0,-10530.0,64.0,2732.0,118.0,-1447.0,,,,,,,,,,,,,,,,,,,,,,,,,,
78.3,75.0,6985.0,105.0,25613.0,105.0,9963.0,-12.0,-5798.0,22.0,-10532.0,63.0,2728.0,117.0,-1448.0,,,,,,,,,,,,,,,,,,,,,,,,,,
78.33333333333333,76.0,6988.0,104.0,25631.0,105.0,9959.0,-12.0,-5799.0,22.0,-10532.0,64.0,2726.0,118.0,-1454.0,,,,,,,,,,,,,,,,,,,,,,,,,,
78.36666666666666,76.0,6991.0,103.0,25651.0,105.0,9953.0,-12.0,-5799.0,22.0,-10534.0,63.0,2721.0,117.0,-1459.0,,,,,,,,,,,,,,,,,,,,,,,,,,
78.4,76.0,6993.0,103.0,25663.0,105.0,9948.0,-11.0,-5798.0,23.0,-10531.0,63.0,2718.0,117.0,-1461.0,,,,,,,,,,,,,,,,,,,,,,,,,,
78.43333333333334,75.0,6996.0,102.0,25674.0,105.0,9944.0,-11.0,-5800.0,24.0,-10529.0,63.0,2717.0,116.0,-1460.0,,,,,,,,,,,,,,,,,,,,,,,,,,
78.46666666666667,75.0,6998.0,102.0,25686.0,106.0,9943.0,-10.0,-5802.0,24.0,-10527.0,63.0,2714.0,117.0,-1459.0,,,,,,,,,,,,,,,,,,,,,,,,,,
78.5,75.0,6999.0,102.0,25698.0,106.0,9942.0,-10.0,-5803.0,24.0,-10526.0,63.0,2708.0,116.0,-1460.0,,,,,,,,,,,,,,,,,,,,,,,,,,
78.53333333333333,75.0,7000.0,102.0,25710.0,106.0,9936.0,-10.0,-5803.0,24.0,-10529.0,63.0,2703.0,116.0,-1463.0,,,,,,,,,,,,,,,,,,,,,,,,,,
78.56666666666666,74.0,6996.0,103.0,25723.0,106.0,9930.0,-9.0,-5808.0,23.0,-10533.0,63.0,2701.0,117.0,-1464.0,,,,,,,,,,,,,,,,,,,,,,,,,,
78.6,74.0,6994.0,103.0,25730.0,106.0,9927.0,-9.0,-5813.0,23.0,-10536.0,63.0,2698.0,117.0,-1468.0,,,,,,,,,,,,,,,,,,,,,,,,,,
78.63333333333334,74.0,6995.0,103.0,25742.0,106.0,9925.0,-9.0,-5817.0,22.0,-10537.0,63.0,2695.0,117.0,-1473.0,,,,,,,,,,,,,,,,,,,,,,,,,,
78.66666666666667,74.0,7001.0,103.0,25758.0,106.0,9929.0,-10.0,-5817.0,22.0,-10538.0,63.0,2691.0,116.0,-1479.0,,,,,,,,,,,,,,,,,,,,,,,,,,
78.7,75.0,7008.0,104.0,25771.0,106.0,9932.0,-9.0,-5817.0,22.0,-10538.0,63.0,2686.0,116.0,-1482.0,,,,,,,,,,,,,,,,,,,,,,,,,,
78.73333333333333,75.0,7010.0,104.0,25790.0,106.0,9931.0,-10.0,-5821.0,22.0,-10537.0,63.0,2682.0,116.0,-1482.0,,,,,,,,,,,,,,,,,,,,,,,,,,
78.76666666666667,75.0,7016.0,104.0,25808.0,105.0,9932.0,-10.0,-5825.0,22.0,-10535.0,63.0,2677.0,115.0,-1482.0,,,,,,,,,,,,,,,,,,,,,,,,,,
78.8,75.0,7023.0,104.0,25829.0,105.0,9931.0,-11.0,-5827.0,22.0,-10534.0,63.0,2675.0,114.0,-1483.0,,,,,,,,,,,,,,,,,,,,,,,,,,
78.83333333333333,75.0,7030.0,103.0,25848.0,104.0,9930.0,-11.0,-5827.0,22.0,-10535.0,63.0,2677.0,113.0,-1481.0,,,,,,,,,,,,,,,,,,,,,,,,,,
78.86666666666666,75.0,7035.0,103.0,25863.0,104.0,9925.0,-11.0,-5826.0,22.0,-10539.0,63.0,2678.0,113.0,-1483.0,,,,,,,,,,,,,,,,,,,,,,,,,,
78.9,75.0,7036.0,103.0,25876.0,104.0,9919.0,-12.0,-5828.0,21.0,-10545.0,63.0,2679.0,113.0,-1487.0,,,,,,,,,,,,,,,,,,,,,,,,,,
78.93333333333334,76.0,7037.0,102.0,25889.0,104.0,9913.0,-12.0,-5829.0,21.0,-10550.0,63.0,2682.0,113.0,-1488.0,,,,,,,,,,,,,,,,,,,,,,,,,,
78.96666666666667,76.0,7041.0,102.0,25898.0,103.0,9907.0,-13.0,-5832.0,21.0,-10550.0,63.0,2683.0,113.0,-1486.0,,,,,,,,,,,,,,,,,,,,,,,,,,
79.0,76.0,7046.0,102.0,25911.0,102.0,9902.0,-13.0,-5833.0,20.0,-10553.0,64.0,2681.0,112.0,-1487.0,,,,,,,,,,,,,,,,,,,,,,,,,,
79.03333333333333,76.0,7048.0,102.0,25924.0,102.0,9898.0,-13.0,-5832.0,21.0,-10559.0,64.0,2677.0,112.0,-1484.0,,,,,,,,,,,,,,,,,,,,,,,,,,
79.06666666666666,75.0,7050.0,102.0,25935.0,102.0,9893.0,-13.0,-5835.0,21.0,-10563.0,64.0,2673.0,111.0,-1482.0,,,,,,,,,,,,,,,,,,,,,,,,,,
79.1,75.0,7054.0,102.0,25952.0,102.0,9889.0,-13.0,-5838.0,20.0,-10564.0,64.0,2666.0,111.0,-1486.0,,,,,,,,,,,,,,,,,,,,,,,,,,
79.13333333333334,74.0,7057.0,102.0,25970.0,102.0,9884.0,-12.0,-5843.0,20.0,-10562.0,64.0,2660.0,111.0,-1489.0,,,,,,,,,,,,,,,,,,,,,,,,,,
79.16666666666667,73.0,7060.0,102.0,25984.0,102.0,9880.0,-12.0,-5847.0,20.0,-10564.0,63.0,2653.0,112.0,-1488.0,,,,,,,,,,,,,,,,,,,,,,,,,,
79.2,73.0,7062.0,102.0,25996.0,102.0,9882.0,-11.0,-5849.0,20.0,-10567.0,63.0,2646.0,112.0,-1486.0,,,,,,,,,,,,,,,,,,,,,,,,,,
79.23333333333333,73.0,7061.0,102.0,26009.0,102.0,9887.0,-11.0,-5846.0,20.0,-10568.0,63.0,2636.0,112.0,-1489.0,,,,,,,,,,,,,,,,,,,,,,,,,,
79.26666666666667,73.0,7060.0,101.0,26019.0,102.0,9887.0,-11.0,-5840.0,20.0,-10570.0,63.0,2624.0,112.0,-1490.0,,,,,,,,,,,,,,,,,,,,,,,,,,
79.3,73.0,7057.0,101.0,26032.0,102.0,9885.0,-11.0,-5836.0,21.0,-10570.0,63.0,2613.0,112.0,-1487.0,,,,,,,,,,,,,,,,,,,,,,,,,,
79.33333333333333,72.0,7056.0,100.0,26043.0,102.0,9882.0,-11.0,-5832.0,21.0,-10565.0,63.0,2608.0,111.0,-1483.0,,,,,,,,,,,,,,,,,,,,,,,,,,
79.36666666666666,73.0,7058.0,100.0,26054.0,102.0,9880.0,-11.0,-5830.0,21.0,-10563.0,63.0,2609.0,111.0,-1484.0,,,,,,,,,,,,,,,,,,,,,,,,,,
79.4,72.0,7061.0,99.0,26069.0,102.0,9876.0,-11.0,-5832.0,21.0,-10564.0,63.0,2609.0,111.0,-1488.0,,,,,,,,,,,,,,,,,,,,,,,,,,
79.43333333333334,72.0,7067.0,98.0,26085.0,102.0,9873.0,-10.0,-5838.0,21.0,-10566.0,63.0,2607.0,111.0,-1491.0,,,,,,,,,,,,,,,,,,,,,,,,,,
79.46666666666667,73.0,7075.0,98.0,26099.0,102.0,9872.0,-10.0,-5848.0,21.0,-10567.0,63.0,2606.0,112.0,-1490.0,,,,,,,,,,,,,,,,,,,,,,,,,,
79.5,73.0,7085.0,97.0,26111.0,102.0,9872.0,-10.0,-5855.0,21.0,-10567.0,62.0,2611.0,112.0,-1489.0,,,,,,,,,,,,,,,,,,,,,,,,,,
79.53333333333333,73.0,7096.0,97.0,26122.0,102.0,9870.0,-10.0,-5858.0,21.0,-10568.0,62.0,2617.0,112.0,-1485.0,,,,,,,,,,,,,,,,,,,,,,,,,,
79.56666666666666,73.0,7104.0,97.0,26131.0,101.0,9871.0,-11.0,-5859.0,21.0,-10574.0,62.0,2619.0,112.0,-1481.0,,,,,,,,,,,,,,,,,,,,,,,,,,
79.6,73.0,7107.0,98.0,26142.0,101.0,9878.0,-11.0,-5858.0,21.0,-10581.0,62.0,2615.0,111.0,-1481.0,,,,,,,,,,,,,,,,,,,,,,,,,,
79.63333333333334,73.0,7108.0,98.0,26151.0,100.0,9883.0,-11.0,-5860.0,21.0,-10583.0,62.0,2612.0,110.0,-1482.0,,,,,,,,,,,,,,,,,,,,,,,,,,
79.66666666666667,72.0,7110.0,98.0,26165.0,101.0,9887.0,-10.0,-5862.0,21.0,-10585.0,61.0,2608.0,109.0,-1486.0,,,,,,,,,,,,,,,,,,,,,,,,,,
79.7,71.0,7114.0,98.0,26178.0,102.0,9889.0,-10.0,-5865.0,21.0,-10583.0,61.0,2608.0,110.0,-1490.0,,,,,,,,,,,,,,,,,,,,,,,,,,
79.73333333333333,71.0,7117.0,98.0,26192.0,102.0,9889.0,-10.0,-5867.0,21.0,-10575.0,61.0,2604.0,110.0,-1493.0,,,,,,,,,,,,,,,,,,,,,,,,,,
79.76666666666667,71.0,7117.0,97.0,26209.0,102.0,9883.0,-10.0,-5867.0,21.0,-10565.0,61.0,2599.0,110.0,-1499.0,,,,,,,,,,,,,,,,,,,,,,,,,,
79.8,71.0,7115.0,97.0,26227.0,102.0,9878.0,-10.0,-5868.0,21.0,-10565.0,61.0,2594.0,110.0,-1502.0,,,,,,,,,,,,,,,,,,,,,,,,,,
79.83333333333333,71.0,7115.0,97.0,26244.0,102.0,9877.0,-11.0,-5869.0,21.0,-10569.0,61.0,2589.0,109.0,-1503.0,,,,,,,,,,,,,,,,,,,,,,,,,,
79.86666666666666,72.0,7117.0,97.0,26263.0,102.0,9878.0,-11.0,-5869.0,21.0,-10573.0,61.0,2588.0,108.0,-1502.0,,,,,,,,,,,,,,,,,,,,,,,,,,
79.9,72.0,7119.0,97.0,26279.0,102.0,9878.0,-12.0,-5868.0,21.0,-10579.0,60.0,2586.0,108.0,-1502.0,,,,,,,,,,,,,,,,,,,,,,,,,,
79.93333333333334,72.0,7119.0,97.0,26291.0,102.0,9879.0,-12.0,-5867.0,20.0,-10588.0,60.0,2581.0,108.0,-1508.0,,,,,,,,,,,,,,,,,,,,,,,,,,
79.96666666666667,72.0,7124.0,98.0,26299.0,102.0,9882.0,-12.0,-5868.0,20.0,-10598.0,60.0,2578.0,108.0,-1515.0,,,,,,,,,,,,,,,,,,,,,,,,,,
80.0,71.0,7130.0,98.0,26304.0,102.0,9887.0,-13.0,-5872.0,21.0,-10607.0,60.0,2574.0,108.0,-1517.0,,,,,,,,,,,,,,,,,,,,,,,,,,
80.03333333333333,70.0,7135.0,98.0,26309.0,101.0,9889.0,-13.0,-5873.0,21.0,-10612.0,60.0,2572.0,108.0,-1517.0,,,,,,,,,,,,,,,,,,,,,,,,,,
80.06666666666666,70.0,7138.0,97.0,26317.0,101.0,9887.0,-14.0,-5872.0,21.0,-10618.0,60.0,2574.0,107.0,-1516.0,,,,,,,,,,,,,,,,,,,,,,,,,,
80.1,69.0,7144.0,97.0,26326.0,101.0,9886.0,-14.0,-5877.0,21.0,-10625.0,60.0,2572.0,107.0,-1521.0,,,,,,,,,,,,,,,,,,,,,,,,,,
80.13333333333334,68.0,7149.0,97.0,26334.0,100.0,9887.0,-14.0,-5881.0,21.0,-10627.0,61.0,2571.0,106.0,-1525.0,,,,,,,,,,,,,,,,,,,,,,,,,,
80.16666666666667,69.0,7152.0,97.0,26347.0,100.0,9883.0,-14.0,-5879.0,21.0,-10627.0,61.0,2568.0,105.0,-1526.0,,,,,,,,,,,,,,,,,,,,,,,,,,
80.2,70.0,7152.0,97.0,26362.0,100.0,9882.0,-14.0,-5876.0,21.0,-10622.0,61.0,2566.0,105.0,-1525.0,,,,,,,,,,,,,,,,,,,,,,,,,,
80.23333333333333,70.0,7157.0,97.0,26378.0,99.0,9884.0,-14.0,-5874.0,22.0,-10614.0,61.0,2565.0,105.0,-1524.0,,,,,,,,,,,,,,,,,,,,,,,,,,
80.26666666666667,70.0,7166.0,97.0,26397.0,99.0,9889.0,-14.0,-5874.0,21.0,-10608.0,61.0,2563.0,105.0,-1529.0,,,,,,,,,,,,,,,,,,,,,,,,,,
80.3,70.0,7176.0,97.0,26412.0,99.0,9888.0,-13.0,-5875.0,21.0,-10606.0,61.0,2558.0,105.0,-1535.0,,,,,,,,,,,,,,,,,,,,,,,,,,
80.33333333333333,71.0,7184.0,97.0,26425.0,98.0,9884.0,-13.0,-5878.0,21.0,-10609.0,61.0,2554.0,104.0,-1541.0,,,,,,,,,,,,,,,,,,,,,,,,,,
80.36666666666666,71.0,7186.0,96.0,26433.0,98.0,9883.0,-12.0,-5882.0,20.0,-10609.0,60.0,2554.0,104.0,-1547.0,,,,,,,,,,,,,,,,,,,,,,,,,,
80.4,71.0,7189.0,96.0,26443.0,98.0,9884.0,-12.0,-5884.0,19.0,-10610.0,60.0,2552.0,104.0,-1552.0,,,,,,,,,,,,,,,,,,,,,,,,,,
80.43333333333334,71.0,7199.0,95.0,26457.0,99.0,9882.0,-11.0,-5884.0,19.0,-10610.0,60.0,2551.0,105.0,-1555.0,,,,,,,,,,,,,,,,,,,,,,,,,,
80.46666666666667,71.0,7207.0,95.0,26472.0,99.0,9882.0,-11.0,-5884.0,19.0,-10612.0,59.0,2547.0,105.0,-1553.0,,,,,,,,,,,,,,,,,,,,,,,,,,
80.5,71.0,7211.0,94.0,26485.0,99.0,9886.0,-12.0,-5885.0,19.0,-10615.0,59.0,2543.0,105.0,-1552.0,,,,,,,,,,,,,,,,,,,,,,,,,,
80.53333333333333,71.0,7214.0,93.0,26496.0,98.0,9893.0,-12.0,-5886.0,19.0,-10618.0,59.0,2538.0,105.0,-1549.0,,,,,,,,,,,,,,,,,,,,,,,,,,
80.56666666666666,71.0,7218.0,93.0,26504.0,98.0,9901.0,-12.0,-5885.0,19.0,-10626.0,59.0,2535.0,105.0,-1551.0,,,,,,,,,,,,,,,,,,,,,,,,,,
80.6,71.0,7221.0,93.0,26512.0,99.0,9905.0,-13.0,-5882.0,20.0,-10629.0,60.0,2531.0,105.0,-1553.0,,,,,,,,,,,,,,,,,,,,,,,,,,
80.63333333333334,71.0,7224.0,92.0,26525.0,98.0,9902.0,-13.0,-5884.0,20.0,-10626.0,60.0,2527.0,104.0,-1552.0,,,,,,,,,,,,,,,,,,,,,,,,,,
80.66666666666667,71.0,7228.0,92.0,26542.0,98.0,9895.0,-13.0,-5891.0,20.0,-10621.0,59.0,2522.0,105.0,-1549.0,,,,,,,,,,,,,,,,,,,,,,,,,,
80.7,70.0,7232.0,93.0,26554.0,99.0,9892.0,-13.0,-5895.0,19.0,-10616.0,58.0,2517.0,105.0,-1547.0,,,,,,,,,,,,,,,,,,,,,,,,,,
80.73333333333333,69.0,7237.0,92.0,26560.0,98.0,9894.0,-13.0,-5897.0,18.0,-10616.0,58.0,2511.0,104.0,-1545.0,,,,,,,,,,,,,,,,,,,,,,,,,,
80.76666666666667,69.0,7240.0,92.0,26564.0,98.0,9894.0,-13.0,-5898.0,18.0,-10622.0,57.0,2511.0,103.0,-1543.0,,,,,,,,,,,,,,,,,,,,,,,,,,
80.8,69.0,7240.0,92.0,26574.0,98.0,9893.0,-13.0,-5899.0,18.0,-10631.0,57.0,2513.0,103.0,-1541.0,,,,,,,,,,,,,,,,,,,,,,,,,,
80.83333333333333,68.0,7244.0,91.0,26588.0,98.0,9895.0,-13.0,-5897.0,17.0,-10639.0,57.0,2515.0,103.0,-1540.0,,,,,,,,,,,,,,,,,,,,,,,,,,
80.86666666666666,68.0,7251.0,90.0,26601.0,98.0,9898.0,-13.0,-5895.0,18.0,-10645.0,58.0,2513.0,103.0,-1538.0,,,,,,,,,,,,,,,,,,,,,,,,,,
80.9,68.0,7258.0,90.0,26610.0,97.0,9903.0,-13.0,-5897.0,18.0,-10645.0,58.0,2506.0,103.0,-1539.0,,,,,,,,,,,,,,,,,,,,,,,,,,
80.93333333333334,68.0,7265.0,90.0,26615.0,97.0,9907.0,-12.0,-5897.0,18.0,-10642.0,58.0,2504.0,103.0,-1543.0,,,,,,,,,,,,,,,,,,,,,,,,,,
80.96666666666667,68.0,7273.0,90.0,26621.0,97.0,9907.0,-12.0,-5895.0,18.0,-10644.0,58.0,2503.0,102.0,-1548.0,,,,,,,,,,,,,,,,,,,,,,,,,,
81.0,68.0,7283.0,90.0,26626.0,97.0,9912.0,-12.0,-5891.0,18.0,-10648.0,58.0,2502.0,103.0,-1550.0,,,,,,,,,,,,,,,,,,,,,,,,,,
81.03333333333333,68.0,7295.0,90.0,26625.0,97.0,9914.0,-12.0,-5888.0,17.0,-10652.0,57.0,2502.0,103.0,-1549.0,,,,,,,,,,,,,,,,,,,,,,,,,,
81.06666666666666,68.0,7305.0,91.0,26630.0,98.0,9913.0,-12.0,-5889.0,17.0,-10654.0,57.0,2496.0,103.0,-1548.0,,,,,,,,,,,,,,,,,,,,,,,,,,
81.1,67.0,7310.0,92.0,26641.0,98.0,9909.0,-12.0,-5892.0,18.0,-10656.0,57.0,2491.0,102.0,-1549.0,,,,,,,,,,,,,,,,,,,,,,,,,,
81.13333333333334,67.0,7314.0,92.0,26649.0,98.0,9910.0,-12.0,-5893.0,19.0,-10658.0,57.0,2490.0,102.0,-1552.0,,,,,,,,,,,,,,,,,,,,,,,,,,
81.16666666666667,68.0,7314.0,91.0,26658.0,97.0,9917.0,-12.0,-5892.0,20.0,-10656.0,56.0,2489.0,102.0,-1554.0,,,,,,,,,,,,,,,,,,,,,,,,,,
81.2,68.0,7314.0,91.0,26670.0,98.0,9925.0,-12.0,-5894.0,19.0,-10653.0,57.0,2487.0,101.0,-1557.0,,,,,,,,,,,,,,,,,,,,,,,,,,
81.23333333333333,68.0,7316.0,90.0,26683.0,98.0,9927.0,-13.0,-5900.0,19.0,-10655.0,57.0,2484.0,101.0,-1559.0,,,,,,,,,,,,,,,,,,,,,,,,,,
81.26666666666667,68.0,7325.0,89.0,26692.0,98.0,9926.0,-13.0,-5904.0,18.0,-10657.0,57.0,2483.0,102.0,-1559.0,,,,,,,,,,,,,,,,,,,,,,,,,,
81.3,68.0,7334.0,88.0,26700.0,98.0,9931.0,-13.0,-5905.0,18.0,-10661.0,58.0,2484.0,102.0,-1562.0,,,,,,,,,,,,,,,,,,,,,,,,,,
81.33333333333333,67.0,7340.0,88.0,26709.0,97.0,9938.0,-13.0,-5909.0,18.0,-10662.0,57.0,2485.0,102.0,-1564.0,,,,,,,,,,,,,,,,,,,,,,,,,,
81.36666666666666,67.0,7345.0,88.0,26712.0,96.0,9941.0,-13.0,-5913.0,18.0,-10667.0,57.0,2486.0,102.0,-1563.0,,,,,,,,,,,,,,,,,,,,,,,,,,
81.4,67.0,7352.0,87.0,26714.0,96.0,9940.0,-13.0,-5916.0,18.0,-10671.0,57.0,2486.0,102.0,-1564.0,,,,,,,,,,,,,,,,,,,,,,,,,,
81.43333333333334,67.0,7360.0,87.0,26719.0,97.0,9942.0,-12.0,-5913.0,18.0,-10669.0,57.0,2485.0,102.0,-1565.0,,,,,,,,,,,,,,,,,,,,,,,,,,
81.46666666666667,68.0,7367.0,87.0,26726.0,96.0,9950.0,-12.0,-5910.0,18.0,-10665.0,56.0,2482.0,102.0,-1564.0,,,,,,,,,,,,,,,,,,,,,,,,,,
81.5,68.0,7375.0,88.0,26732.0,96.0,9960.0,-12.0,-5910.0,18.0,-10663.0,56.0,2477.0,102.0,-1562.0,,,,,,,,,,,,,,,,,,,,,,,,,,
81.53333333333333,68.0,7385.0,88.0,26739.0,96.0,9971.0,-12.0,-5910.0,18.0,-10664.0,55.0,2474.0,102.0,-1564.0,,,,,,,,,,,,,,,,,,,,,,,,,,
81.56666666666666,68.0,7398.0,86.0,26747.0,96.0,9981.0,-12.0,-5908.0,19.0,-10662.0,55.0,2472.0,102.0,-1567.0,,,,,,,,,,,,,,,,,,,,,,,,,,
81.6,68.0,7408.0,86.0,26756.0,96.0,9985.0,-12.0,-5907.0,19.0,-10663.0,55.0,2472.0,102.0,-1570.0,,,,,,,,,,,,,,,,,,,,,,,,,,
81.63333333333334,69.0,7415.0,86.0,26765.0,96.0,9986.0,-13.0,-5905.0,19.0,-10666.0,55.0,2468.0,102.0,-1570.0,,,,,,,,,,,,,,,,,,,,,,,,,,
81.66666666666667,69.0,7420.0,87.0,26777.0,96.0,9985.0,-13.0,-5903.0,19.0,-10671.0,55.0,2463.0,101.0,-1572.0,,,,,,,,,,,,,,,,,,,,,,,,,,
81.7,69.0,7422.0,87.0,26786.0,95.0,9986.0,-13.0,-5902.0,19.0,-10674.0,55.0,2459.0,100.0,-1568.0,,,,,,,,,,,,,,,,,,,,,,,,,,
81.73333333333333,70.0,7427.0,86.0,26798.0,94.0,9994.0,-12.0,-5904.0,19.0,-10672.0,55.0,2458.0,100.0,-1563.0,,,,,,,,,,,,,,,,,,,,,,,,,,
81.76666666666667,70.0,7439.0,86.0,26808.0,94.0,10004.0,-12.0,-5905.0,19.0,-10669.0,55.0,2459.0,99.0,-1561.0,,,,,,,,,,,,,,,,,,,,,,,,,,
81.8,70.0,7452.0,86.0,26819.0,94.0,10009.0,-12.0,-5903.0,19.0,-10670.0,55.0,2458.0,99.0,-1559.0,,,,,,,,,,,,,,,,,,,,,,,,,,
81.83333333333333,70.0,7458.0,85.0,26827.0,94.0,10010.0,-13.0,-5903.0,19.0,-10671.0,55.0,2455.0,99.0,-1558.0,,,,,,,,,,,,,,,,,,,,,,,,,,
81.86666666666666,70.0,7461.0,86.0,26834.0,94.0,10009.0,-13.0,-5905.0,19.0,-10673.0,55.0,2455.0,100.0,-1560.0,,,,,,,,,,,,,,,,,,,,,,,,,,
81.9,70.0,7464.0,86.0,26843.0,95.0,10007.0,-12.0,-5909.0,18.0,-10676.0,55.0,2454.0,99.0,-1564.0,,,,,,,,,,,,,,,,,,,,,,,,,,
81.93333333333334,70.0,7467.0,87.0,26855.0,95.0,10003.0,-12.0,-5911.0,18.0,-10680.0,56.0,2454.0,100.0,-1567.0,,,,,,,,,,,,,,,,,,,,,,,,,,
81.96666666666667,69.0,7473.0,86.0,26864.0,95.0,10003.0,-12.0,-5912.0,18.0,-10684.0,56.0,2456.0,100.0,-1574.0,,,,,,,,,,,,,,,,,,,,,,,,,,
82.0,69.0,7480.0,85.0,26869.0,96.0,10006.0,-11.0,-5911.0,18.0,-10682.0,57.0,2460.0,100.0,-1583.0,,,,,,,,,,,,,,,,,,,,,,,,,,
82.03333333333333,69.0,7486.0,84.0,26872.0,96.0,10012.0,-11.0,-5910.0,19.0,-10680.0,57.0,2464.0,100.0,-1590.0,,,,,,,,,,,,,,,,,,,,,,,,,,
82.06666666666666,69.0,7491.0,85.0,26870.0,96.0,10019.0,-11.0,-5908.0,19.0,-10678.0,56.0,2462.0,100.0,-1592.0,,,,,,,,,,,,,,,,,,,,,,,,,,
82.1,69.0,7495.0,85.0,26871.0,96.0,10026.0,-11.0,-5905.0,18.0,-10677.0,56.0,2455.0,99.0,-1591.0,,,,,,,,,,,,,,,,,,,,,,,,,,
82.13333333333334,69.0,7499.0,85.0,26871.0,96.0,10036.0,-12.0,-5903.0,18.0,-10678.0,56.0,2451.0,98.0,-1593.0,,,,,,,,,,,,,,,,,,,,,,,,,,
82.16666666666667,69.0,7505.0,84.0,26868.0,96.0,10043.0,-12.0,-5907.0,18.0,-10682.0,55.0,2447.0,98.0,-1596.0,,,,,,,,,,,,,,,,,,,,,,,,,,
82.2,69.0,7512.0,83.0,26864.0,96.0,10047.0,-12.0,-5914.0,17.0,-10686.0,55.0,2443.0,99.0,-1593.0,,,,,,,,,,,,,,,,,,,,,,,,,,
82.23333333333333,68.0,7517.0,83.0,26862.0,95.0,10048.0,-12.0,-5917.0,17.0,-10685.0,56.0,2443.0,99.0,-1593.0,,,,,,,,,,,,,,,,,,,,,,,,,,
82.26666666666667,68.0,7523.0,84.0,26866.0,94.0,10049.0,-11.0,-5922.0,17.0,-10686.0,57.0,2445.0,99.0,-1594.0,,,,,,,,,,,,,,,,,,,,,,,,,,
82.3,68.0,7527.0,84.0,26869.0,94.0,10053.0,-11.0,-5925.0,17.0,-10691.0,56.0,2448.0,99.0,-1589.0,,,,,,,,,,,,,,,,,,,,,,,,,,
82.33333333333333,68.0,7533.0,84.0,26873.0,94.0,10061.0,-11.0,-5924.0,17.0,-10694.0,56.0,2450.0,99.0,-1580.0,,,,,,,,,,,,,,,,,,,,,,,,,,
82.36666666666666,67.0,7538.0,84.0,26880.0,94.0,10068.0,-11.0,-5920.0,18.0,-10699.0,56.0,2451.0,98.0,-1574.0,,,,,,,,,,,,,,,,,,,,,,,,,,
82.4,67.0,7538.0,84.0,26886.0,94.0,10074.0,-12.0,-5918.0,17.0,-10702.0,55.0,2450.0,97.0,-1572.0,,,,,,,,,,,,,,,,,,,,,,,,,,
82.43333333333334,67.0,7540.0,84.0,26889.0,94.0,10078.0,-13.0,-5921.0,17.0,-10701.0,55.0,2449.0,97.0,-1576.0,,,,,,,,,,,,,,,,,,,,,,,,,,
82.46666666666667,66.0,7548.0,84.0,26892.0,93.0,10084.0,-13.0,-5924.0,17.0,-10699.0,55.0,2449.0,97.0,-1584.0,,,,,,,,,,,,,,,,,,,,,,,,,,
82.5,66.0,7558.0,83.0,26894.0,93.0,10091.0,-13.0,-5925.0,17.0,-10699.0,55.0,2452.0,97.0,-1591.0,,,,,,,,,,,,,,,,,,,,,,,,,,
82.53333333333333,65.0,7569.0,83.0,26897.0,94.0,10093.0,-13.0,-5926.0,17.0,-10702.0,54.0,2454.0,97.0,-1598.0,,,,,,,,,,,,,,,,,,,,,,,,,,
82.56666666666666,65.0,7580.0,82.0,26905.0,94.0,10091.0,-13.0,-5926.0,17.0,-10706.0,54.0,2450.0,97.0,-1604.0,,,,,,,,,,,,,,,,,,,,,,,,,,
82.6,65.0,7588.0,82.0,26912.0,94.0,10093.0,-12.0,-5924.0,17.0,-10709.0,54.0,2442.0,96.0,-1605.0,,,,,,,,,,,,,,,,,,,,,,,,,,
82.63333333333334,65.0,7594.0,82.0,26911.0,94.0,10097.0,-12.0,-5924.0,17.0,-10708.0,54.0,2434.0,95.0,-1605.0,,,,,,,,,,,,,,,,,,,,,,,,,,
82.66666666666667,64.0,7601.0,81.0,26912.0,94.0,10101.0,-12.0,-5926.0,17.0,-10702.0,54.0,2425.0,95.0,-1605.0,,,,,,,,,,,,,,,,,,,,,,,,,,
82.7,64.0,7608.0,81.0,26918.0,94.0,10107.0,-12.0,-5928.0,17.0,-10696.0,54.0,2417.0,94.0,-1604.0,,,,,,,,,,,,,,,,,,,,,,,,,,
82.73333333333333,64.0,7617.0,80.0,26924.0,94.0,10117.0,-12.0,-5933.0,17.0,-10694.0,54.0,2411.0,94.0,-1601.0,,,,,,,,,,,,,,,,,,,,,,,,,,
82.76666666666667,65.0,7628.0,81.0,26930.0,94.0,10128.0,-11.0,-5933.0,17.0,-10695.0,54.0,2412.0,94.0,-1601.0,,,,,,,,,,,,,,,,,,,,,,,,,,
82.8,65.0,7636.0,81.0,26935.0,94.0,10137.0,-11.0,-5928.0,17.0,-10698.0,54.0,2414.0,94.0,-1605.0,,,,,,,,,,,,,,,,,,,,,,,,,,
82.83333333333333,65.0,7642.0,81.0,26935.0,94.0,10140.0,-11.0,-5923.0,17.0,-10700.0,54.0,2411.0,94.0,-1610.0,,,,,,,,,,,,,,,,,,,,,,,,,,
82.86666666666666,65.0,7646.0,81.0,26935.0,94.0,10149.0,-11.0,-5923.0,17.0,-10704.0,54.0,2406.0,94.0,-1611.0,,,,,,,,,,,,,,,,,,,,,,,,,,
82.9,65.0,7650.0,81.0,26943.0,94.0,10162.0,-11.0,-5926.0,18.0,-10709.0,54.0,2401.0,94.0,-1612.0,,,,,,,,,,,,,,,,,,,,,,,,,,
82.93333333333334,65.0,7657.0,81.0,26948.0,94.0,10173.0,-12.0,-5929.0,18.0,-10712.0,53.0,2394.0,93.0,-1613.0,,,,,,,,,,,,,,,,,,,,,,,,,,
82.96666666666667,65.0,7665.0,81.0,26948.0,94.0,10183.0,-12.0,-5933.0,17.0,-10713.0,53.0,2387.0,93.0,-1619.0,,,,,,,,,,,,,,,,,,,,,,,,,,
83.0,65.0,7674.0,81.0,26951.0,94.0,10193.0,-13.0,-5935.0,17.0,-10717.0,53.0,2386.0,94.0,-1625.0,,,,,,,,,,,,,,,,,,,,,,,,,,
83.03333333333333,65.0,7682.0,81.0,26957.0,94.0,10205.0,-13.0,-5935.0,16.0,-10718.0,53.0,2388.0,94.0,-1627.0,,,,,,,,,,,,,,,,,,,,,,,,,,
83.06666666666666,64.0,7696.0,81.0,26964.0,93.0,10216.0,-13.0,-5937.0,16.0,-10714.0,53.0,2387.0,94.0,-1630.0,,,,,,,,,,,,,,,,,,,,,,,,,,
83.1,64.0,7705.0,80.0,26969.0,93.0,10225.0,-13.0,-5940.0,16.0,-10710.0,53.0,2388.0,95.0,-1633.0,,,,,,,,,,,,,,,,,,,,,,,,,,
83.13333333333334,64.0,7712.0,79.0,26967.0,93.0,10232.0,-13.0,-5939.0,17.0,-10708.0,53.0,2388.0,95.0,-1635.0,,,,,,,,,,,,,,,,,,,,,,,,,,
83.16666666666667,64.0,7718.0,78.0,26963.0,93.0,10240.0,-13.0,-5938.0,17.0,-10709.0,52.0,2388.0,96.0,-1635.0,,,,,,,,,,,,,,,,,,,,,,,,,,
83.2,64.0,7722.0,78.0,26962.0,93.0,10249.0,-14.0,-5937.0,17.0,-10709.0,52.0,2393.0,95.0,-1636.0,,,,,,,,,,,,,,,,,,,,,,,,,,
83.23333333333333,64.0,7726.0,77.0,26960.0,93.0,10250.0,-13.0,-5939.0,17.0,-10709.0,51.0,2397.0,95.0,-1635.0,,,,,,,,,,,,,,,,,,,,,,,,,,
83.26666666666667,64.0,7729.0,77.0,26956.0,93.0,10250.0,-13.0,-5939.0,17.0,-10710.0,51.0,2399.0,95.0,-1636.0,,,,,,,,,,,,,,,,,,,,,,,,,,
83.3,64.0,7733.0,77.0,26951.0,93.0,10255.0,-14.0,-5940.0,18.0,-10710.0,50.0,2402.0,94.0,-1634.0,,,,,,,,,,,,,,,,,,,,,,,,,,
83.33333333333333,64.0,7741.0,77.0,26945.0,94.0,10262.0,-14.0,-5939.0,17.0,-10707.0,50.0,2400.0,94.0,-1636.0,,,,,,,,,,,,,,,,,,,,,,,,,,
83.36666666666666,65.0,7747.0,77.0,26939.0,94.0,10266.0,-14.0,-5938.0,17.0,-10702.0,50.0,2395.0,94.0,-1638.0,,,,,,,,,,,,,,,,,,,,,,,,,,
83.4,65.0,7752.0,78.0,26938.0,94.0,10270.0,-14.0,-5934.0,17.0,-10702.0,51.0,2389.0,94.0,-1638.0,,,,,,,,,,,,,,,,,,,,,,,,,,
83.43333333333334,64.0,7757.0,78.0,26936.0,94.0,10275.0,-14.0,-5930.0,17.0,-10705.0,51.0,2383.0,94.0,-1642.0,,,,,,,,,,,,,,,,,,,,,,,,,,
83.46666666666667,64.0,7764.0,78.0,26932.0,94.0,10280.0,-14.0,-5924.0,16.0,-10707.0,51.0,2381.0,94.0,-1647.0,,,,,,,,,,,,,,,,,,,,,,,,,,
83.5,63.0,7771.0,78.0,26930.0,94.0,10283.0,-14.0,-5923.0,16.0,-10711.0,51.0,2378.0,94.0,-1650.0,,,,,,,,,,,,,,,,,,,,,,,,,,
83.53333333333333,63.0,7777.0,78.0,26929.0,94.0,10287.0,-14.0,-5925.0,16.0,-10718.0,51.0,2379.0,95.0,-1650.0,,,,,,,,,,,,,,,,,,,,,,,,,,
83.56666666666666,63.0,7781.0,77.0,26931.0,94.0,10293.0,-14.0,-5926.0,16.0,-10721.0,51.0,2374.0,95.0,-1645.0,,,,,,,,,,,,,,,,,,,,,,,,,,
83.6,63.0,7783.0,77.0,26933.0,94.0,10302.0,-14.0,-5923.0,16.0,-10725.0,52.0,2371.0,94.0,-1645.0,,,,,,,,,,,,,,,,,,,,,,,,,,
83.63333333333334,63.0,7789.0,77.0,26931.0,93.0,10313.0,-13.0,-5921.0,16.0,-10730.0,51.0,2373.0,93.0,-1646.0,,,,,,,,,,,,,,,,,,,,,,,,,,
83.66666666666667,63.0,7794.0,77.0,26927.0,93.0,10323.0,-12.0,-5914.0,17.0,-10730.0,52.0,2375.0,93.0,-1644.0,,,,,,,,,,,,,,,,,,,,,,,,,,
83.7,63.0,7802.0,77.0,26921.0,93.0,10334.0,-13.0,-5907.0,17.0,-10729.0,51.0,2375.0,92.0,-1644.0,,,,,,,,,,,,,,,,,,,,,,,,,,
83.73333333333333,63.0,7813.0,77.0,26920.0,92.0,10345.0,-13.0,-5906.0,17.0,-10724.0,51.0,2374.0,92.0,-1647.0,,,,,,,,,,,,,,,,,,,,,,,,,,
83.76666666666667,64.0,7824.0,77.0,26922.0,92.0,10353.0,-14.0,-5907.0,17.0,-10716.0,51.0,2370.0,92.0,-1652.0,,,,,,,,,,,,,,,,,,,,,,,,,,
83.8,64.0,7833.0,77.0,26928.0,91.0,10363.0,-14.0,-5911.0,16.0,-10709.0,51.0,2364.0,92.0,-1658.0,,,,,,,,,,,,,,,,,,,,,,,,,,
83.83333333333333,65.0,7840.0,77.0,26931.0,91.0,10375.0,-14.0,-5911.0,16.0,-10704.0,51.0,2360.0,92.0,-1665.0,,,,,,,,,,,,,,,,,,,,,,,,,,
83.86666666666666,65.0,7848.0,77.0,26929.0,91.0,10384.0,-15.0,-5910.0,16.0,-10703.0,51.0,2356.0,91.0,-1671.0,,,,,,,,,,,,,,,,,,,,,,,,,,
83.9,66.0,7856.0,76.0,26924.0,92.0,10391.0,-15.0,-5914.0,16.0,-10704.0,52.0,2353.0,92.0,-1676.0,,,,,,,,,,,,,,,,,,,,,,,,,,
83.93333333333334,67.0,7859.0,76.0,26921.0,92.0,10396.0,-15.0,-5918.0,16.0,-10706.0,52.0,2349.0,92.0,-1678.0,,,,,,,,,,,,,,,,,,,,,,,,,,
83.96666666666667,66.0,7866.0,76.0,26914.0,92.0,10403.0,-15.0,-5920.0,16.0,-10706.0,52.0,2348.0,92.0,-1676.0,,,,,,,,,,,,,,,,,,,,,,,,,,
84.0,66.0,7878.0,76.0,26905.0,92.0,10413.0,-15.0,-5921.0,17.0,-10704.0,52.0,2352.0,91.0,-1674.0,,,,,,,,,,,,,,,,,,,,,,,,,,
84.03333333333333,65.0,7889.0,76.0,26894.0,92.0,10424.0,-15.0,-5921.0,17.0,-10704.0,52.0,2352.0,91.0,-1674.0,,,,,,,,,,,,,,,,,,,,,,,,,,
84.06666666666666,65.0,7897.0,76.0,26884.0,92.0,10437.0,-15.0,-5922.0,17.0,-10704.0,52.0,2350.0,91.0,-1674.0,,,,,,,,,,,,,,,,,,,,,,,,,,
84.1,65.0,7903.0,75.0,26872.0,91.0,10454.0,-15.0,-5923.0,18.0,-10704.0,52.0,2347.0,91.0,-1677.0,,,,,,,,,,,,,,,,,,,,,,,,,,
84.13333333333334,65.0,7906.0,75.0,26864.0,90.0,10465.0,-14.0,-5925.0,17.0,-10705.0,51.0,2346.0,91.0,-1680.0,,,,,,,,,,,,,,,,,,,,,,,,,,
84.16666666666667,64.0,7909.0,74.0,26862.0,90.0,10471.0,-14.0,-5927.0,16.0,-10708.0,51.0,2342.0,91.0,-1679.0,,,,,,,,,,,,,,,,,,,,,,,,,,
84.2,64.0,7910.0,74.0,26865.0,90.0,10475.0,-14.0,-5929.0,16.0,-10709.0,51.0,2339.0,92.0,-1678.0,,,,,,,,,,,,,,,,,,,,,,,,,,
84.23333333333333,63.0,7912.0,73.0,26866.0,90.0,10479.0,-14.0,-5931.0,16.0,-10706.0,51.0,2338.0,92.0,-1677.0,,,,,,,,,,,,,,,,,,,,,,,,,,
84.26666666666667,62.0,7917.0,73.0,26866.0,91.0,10486.0,-14.0,-5933.0,16.0,-10706.0,51.0,2332.0,92.0,-1672.0,,,,,,,,,,,,,,,,,,,,,,,,,,
84.3,62.0,7926.0,73.0,26866.0,91.0,10495.0,-15.0,-5933.0,15.0,-10710.0,51.0,2326.0,92.0,-1671.0,,,,,,,,,,,,,,,,,,,,,,,,,,
84.33333333333333,62.0,7939.0,72.0,26865.0,91.0,10501.0,-15.0,-5931.0,15.0,-10708.0,51.0,2325.0,92.0,-1672.0,,,,,,,,,,,,,,,,,,,,,,,,,,
84.36666666666666,62.0,7951.0,71.0,26860.0,90.0,10503.0,-15.0,-5929.0,15.0,-10707.0,51.0,2324.0,91.0,-1673.0,,,,,,,,,,,,,,,,,,,,,,,,,,
84.4,62.0,7961.0,71.0,26854.0,91.0,10508.0,-14.0,-5924.0,15.0,-10707.0,52.0,2326.0,91.0,-1677.0,,,,,,,,,,,,,,,,,,,,,,,,,,
84.43333333333334,62.0,7969.0,72.0,26844.0,90.0,10514.0,-14.0,-5920.0,15.0,-10709.0,52.0,2329.0,91.0,-1682.0,,,,,,,,,,,,,,,,,,,,,,,,,,
84.46666666666667,63.0,7979.0,73.0,26835.0,90.0,10521.0,-14.0,-5917.0,14.0,-10710.0,52.0,2329.0,91.0,-1686.0,,,,,,,,,,,,,,,,,,,,,,,,,,
84.5,64.0,7992.0,73.0,26830.0,91.0,10532.0,-14.0,-5917.0,14.0,-10710.0,51.0,2328.0,91.0,-1683.0,,,,,,,,,,,,,,,,,,,,,,,,,,
84.53333333333333,64.0,8002.0,73.0,26825.0,92.0,10545.0,-13.0,-5917.0,14.0,-10711.0,51.0,2327.0,90.0,-1676.0,,,,,,,,,,,,,,,,,,,,,,,,,,
84.56666666666666,64.0,8007.0,72.0,26816.0,92.0,10556.0,-13.0,-5918.0,14.0,-10709.0,50.0,2323.0,90.0,-1669.0,,,,,,,,,,,,,,,,,,,,,,,,,,
84.6,64.0,8014.0,72.0,26808.0,92.0,10565.0,-14.0,-5917.0,14.0,-10706.0,50.0,2318.0,89.0,-1668.0,,,,,,,,,,,,,,,,,,,,,,,,,,
84.63333333333334,65.0,8021.0,72.0,26797.0,91.0,10577.0,-14.0,-5917.0,14.0,-10709.0,50.0,2315.0,89.0,-1670.0,,,,,,,,,,,,,,,,,,,,,,,,,,
84.66666666666667,65.0,8028.0,72.0,26787.0,91.0,10589.0,-14.0,-5918.0,14.0,-10710.0,51.0,2315.0,90.0,-1674.0,,,,,,,,,,,,,,,,,,,,,,,,,,
84.7,65.0,8038.0,72.0,26777.0,92.0,10602.0,-14.0,-5918.0,15.0,-10711.0,51.0,2313.0,89.0,-1679.0,,,,,,,,,,,,,,,,,,,,,,,,,,
84.73333333333333,65.0,8050.0,72.0,26769.0,91.0,10612.0,-14.0,-5918.0,15.0,-10712.0,50.0,2310.0,89.0,-1684.0,,,,,,,,,,,,,,,,,,,,,,,,,,
84.76666666666667,64.0,8060.0,72.0,26763.0,91.0,10620.0,-13.0,-5916.0,15.0,-10713.0,50.0,2309.0,89.0,-1688.0,,,,,,,,,,,,,,,,,,,,,,,,,,
84.8,64.0,8069.0,71.0,26757.0,91.0,10626.0,-13.0,-5915.0,15.0,-10714.0,49.0,2307.0,89.0,-1691.0,,,,,,,,,,,,,,,,,,,,,,,,,,
84.83333333333333,63.0,8076.0,71.0,26747.0,91.0,10630.0,-13.0,-5913.0,14.0,-10718.0,49.0,2306.0,89.0,-1691.0,,,,,,,,,,,,,,,,,,,,,,,,,,
84.86666666666666,63.0,8084.0,70.0,26733.0,91.0,10633.0,-13.0,-5910.0,15.0,-10720.0,49.0,2311.0,89.0,-1690.0,,,,,,,,,,,,,,,,,,,,,,,,,,
84.9,63.0,8093.0,70.0,26721.0,91.0,10639.0,-14.0,-5908.0,15.0,-10721.0,49.0,2319.0,89.0,-1692.0,,,,,,,,,,,,,,,,,,,,,,,,,,
84.93333333333334,64.0,8102.0,70.0,26704.0,91.0,10647.0,-14.0,-5908.0,15.0,-10721.0,49.0,2322.0,90.0,-1694.0,,,,,,,,,,,,,,,,,,,,,,,,,,
84.96666666666667,64.0,8113.0,69.0,26686.0,90.0,10658.0,-14.0,-5909.0,15.0,-10721.0,49.0,2322.0,90.0,-1697.0,,,,,,,,,,,,,,,,,,,,,,,,,,
85.0,63.0,8124.0,68.0,26675.0,89.0,10671.0,-14.0,-5908.0,15.0,-10716.0,49.0,2320.0,90.0,-1695.0,,,,,,,,,,,,,,,,,,,,,,,,,,
85.03333333333333,63.0,8134.0,68.0,26673.0,88.0,10686.0,-15.0,-5907.0,15.0,-10708.0,49.0,2316.0,90.0,-1693.0,,,,,,,,,,,,,,,,,,,,,,,,,,
85.06666666666666,63.0,8142.0,67.0,26674.0,88.0,10697.0,-15.0,-5909.0,15.0,-10705.0,48.0,2312.0,89.0,-1693.0,,,,,,,,,,,,,,,,,,,,,,,,,,
85.1,62.0,8150.0,67.0,26675.0,88.0,10706.0,-14.0,-5914.0,15.0,-10704.0,48.0,2316.0,89.0,-1693.0,,,,,,,,,,,,,,,,,,,,,,,,,,
85.13333333333334,62.0,8159.0,67.0,26670.0,89.0,10718.0,-14.0,-5918.0,16.0,-10703.0,48.0,2316.0,88.0,-1696.0,,,,,,,,,,,,,,,,,,,,,,,,,,
85.16666666666667,62.0,8164.0,67.0,26656.0,89.0,10730.0,-14.0,-5917.0,16.0,-10706.0,48.0,2316.0,88.0,-1696.0,,,,,,,,,,,,,,,,,,,,,,,,,,
85.2,62.0,8168.0,67.0,26636.0,89.0,10737.0,-14.0,-5913.0,16.0,-10710.0,48.0,2317.0,87.0,-1697.0,,,,,,,,,,,,,,,,,,,,,,,,,,
85.23333333333333,62.0,8171.0,68.0,26623.0,89.0,10746.0,-14.0,-5911.0,16.0,-10713.0,49.0,2315.0,87.0,-1698.0,,,,,,,,,,,,,,,,,,,,,,,,,,
85.26666666666667,62.0,8175.0,67.0,26613.0,89.0,10755.0,-14.0,-5910.0,15.0,-10712.0,49.0,2313.0,88.0,-1698.0,,,,,,,,,,,,,,,,,,,,,,,,,,
85.3,62.0,8182.0,67.0,26602.0,89.0,10763.0,-14.0,-5908.0,15.0,-10712.0,49.0,2312.0,87.0,-1697.0,,,,,,,,,,,,,,,,,,,,,,,,,,
85.33333333333333,62.0,8192.0,67.0,26596.0,89.0,10769.0,-14.0,-5907.0,15.0,-10710.0,49.0,2312.0,87.0,-1699.0,,,,,,,,,,,,,,,,,,,,,,,,,,
85.36666666666666,62.0,8203.0,66.0,26589.0,89.0,10775.0,-14.0,-5907.0,15.0,-10708.0,49.0,2312.0,87.0,-1705.0,,,,,,,,,,,,,,,,,,,,,,,,,,
85.4,61.0,8215.0,66.0,26579.0,89.0,10780.0,-14.0,-5908.0,15.0,-10712.0,49.0,2315.0,86.0,-1712.0,,,,,,,,,,,,,,,,,,,,,,,,,,
85.43333333333334,62.0,8228.0,66.0,26569.0,89.0,10787.0,-14.0,-5910.0,15.0,-10713.0,49.0,2318.0,86.0,-1716.0,,,,,,,,,,,,,,,,,,,,,,,,,,
85.46666666666667,62.0,8238.0,66.0,26556.0,89.0,10796.0,-14.0,-5908.0,16.0,-10712.0,49.0,2319.0,85.0,-1717.0,,,,,,,,,,,,,,,,,,,,,,,,,,
85.5,62.0,8246.0,66.0,26545.0,89.0,10806.0,-14.0,-5904.0,16.0,-10711.0,48.0,2319.0,85.0,-1715.0,,,,,,,,,,,,,,,,,,,,,,,,,,
85.53333333333333,63.0,8255.0,66.0,26536.0,89.0,10814.0,-14.0,-5900.0,16.0,-10707.0,48.0,2319.0,85.0,-1713.0,,,,,,,,,,,,,,,,,,,,,,,,,,
85.56666666666666,63.0,8261.0,65.0,26525.0,89.0,10824.0,-14.0,-5896.0,16.0,-10701.0,48.0,2320.0,86.0,-1711.0,,,,,,,,,,,,,,,,,,,,,,,,,,
85.6,62.0,8267.0,65.0,26515.0,88.0,10833.0,-14.0,-5891.0,16.0,-10693.0,48.0,2320.0,86.0,-1713.0,,,,,,,,,,,,,,,,,,,,,,,,,,
85.63333333333334,62.0,8274.0,65.0,26503.0,89.0,10842.0,-14.0,-5888.0,15.0,-10686.0,47.0,2319.0,86.0,-1716.0,,,,,,,,,,,,,,,,,,,,,,,,,,
85.66666666666667,63.0,8283.0,65.0,26485.0,89.0,10851.0,-14.0,-5886.0,15.0,-10683.0,48.0,2315.0,86.0,-1720.0,,,,,,,,,,,,,,,,,,,,,,,,,,
85.7,63.0,8289.0,66.0,26465.0,90.0,10862.0,-14.0,-5882.0,14.0,-10685.0,48.0,2309.0,86.0,-1724.0,,,,,,,,,,,,,,,,,,,,,,,,,,
85.73333333333333,63.0,8296.0,66.0,26450.0,90.0,10872.0,-14.0,-5879.0,15.0,-10688.0,48.0,2307.0,85.0,-1729.0,,,,,,,,,,,,,,,,,,,,,,,,,,
85.76666666666667,63.0,8304.0,66.0,26441.0,90.0,10879.0,-14.0,-5879.0,15.0,-10689.0,48.0,2310.0,84.0,-1730.0,,,,,,,,,,,,,,,,,,,,,,,,,,
85.8,63.0,8311.0,66.0,26433.0,90.0,10887.0,-14.0,-5882.0,15.0,-10690.0,48.0,2313.0,84.0,-1727.0,,,,,,,,,,,,,,,,,,,,,,,,,,
85.83333333333333,62.0,8317.0,67.0,26425.0,90.0,10896.0,-15.0,-5884.0,15.0,-10689.0,48.0,2317.0,84.0,-1722.0,,,,,,,,,,,,,,,,,,,,,,,,,,
85.86666666666666,61.0,8325.0,66.0,26412.0,90.0,10907.0,-15.0,-5888.0,14.0,-10689.0,48.0,2319.0,83.0,-1718.0,,,,,,,,,,,,,,,,,,,,,,,,,,
85.9,61.0,8333.0,66.0,26400.0,90.0,10918.0,-15.0,-5890.0,14.0,-10690.0,47.0,2319.0,83.0,-1715.0,,,,,,,,,,,,,,,,,,,,,,,,,,
85.93333333333334,62.0,8340.0,65.0,26389.0,90.0,10925.0,-14.0,-5887.0,14.0,-10691.0,47.0,2318.0,83.0,-1714.0,,,,,,,,,,,,,,,,,,,,,,,,,,
85.96666666666667,62.0,8349.0,65.0,26373.0,90.0,10933.0,-13.0,-5886.0,13.0,-10691.0,47.0,2316.0,84.0,-1712.0,,,,,,,,,,,,,,,,,,,,,,,,,,
86.0,62.0,8356.0,65.0,26359.0,90.0,10941.0,-12.0,-5886.0,13.0,-10693.0,46.0,2313.0,84.0,-1717.0,,,,,,,,,,,,,,,,,,,,,,,,,,
86.03333333333333,62.0,8362.0,65.0,26345.0,90.0,10948.0,-11.0,-5884.0,13.0,-10696.0,46.0,2311.0,84.0,-1722.0,,,,,,,,,,,,,,,,,,,,,,,,,,
86.06666666666666,62.0,8373.0,66.0,26328.0,89.0,10961.0,-11.0,-5882.0,13.0,-10698.0,46.0,2308.0,84.0,-1725.0,,,,,,,,,,,,,,,,,,,,,,,,,,
86.1,61.0,8385.0,65.0,26315.0,88.0,10974.0,-11.0,-5878.0,13.0,-10697.0,46.0,2305.0,83.0,-1733.0,,,,,,,,,,,,,,,,,,,,,,,,,,
86.13333333333334,61.0,8398.0,65.0,26307.0,88.0,10983.0,-12.0,-5876.0,14.0,-10696.0,46.0,2304.0,83.0,-1740.0,,,,,,,,,,,,,,,,,,,,,,,,,,
86.16666666666667,61.0,8408.0,65.0,26297.0,87.0,10987.0,-12.0,-5878.0,14.0,-10693.0,45.0,2304.0,83.0,-1741.0,,,,,,,,,,,,,,,,,,,,,,,,,,
86.2,61.0,8420.0,65.0,26292.0,86.0,10990.0,-13.0,-5880.0,14.0,-10690.0,45.0,2304.0,83.0,-1738.0,,,,,,,,,,,,,,,,,,,,,,,,,,
86.23333333333333,61.0,8433.0,65.0,26286.0,86.0,10995.0,-14.0,-5884.0,14.0,-10688.0,45.0,2306.0,83.0,-1734.0,,,,,,,,,,,,,,,,,,,,,,,,,,
86.26666666666667,61.0,8440.0,65.0,26279.0,86.0,11001.0,-14.0,-5887.0,14.0,-10684.0,45.0,2308.0,82.0,-1734.0,,,,,,,,,,,,,,,,,,,,,,,,,,
86.3,62.0,8446.0,65.0,26269.0,87.0,11012.0,-14.0,-5885.0,14.0,-10684.0,46.0,2308.0,82.0,-1739.0,,,,,,,,,,,,,,,,,,,,,,,,,,
86.33333333333333,62.0,8453.0,64.0,26258.0,87.0,11025.0,-14.0,-5883.0,14.0,-10685.0,46.0,2307.0,82.0,-1743.0,,,,,,,,,,,,,,,,,,,,,,,,,,
86.36666666666666,62.0,8459.0,63.0,26238.0,87.0,11034.0,-14.0,-5883.0,14.0,-10686.0,46.0,2302.0,83.0,-1741.0,,,,,,,,,,,,,,,,,,,,,,,,,,
86.4,63.0,8465.0,64.0,26219.0,88.0,11044.0,-13.0,-5883.0,14.0,-10683.0,46.0,2296.0,83.0,-1738.0,,,,,,,,,,,,,,,,,,,,,,,,,,
86.43333333333334,62.0,8472.0,63.0,26203.0,88.0,11052.0,-13.0,-5882.0,14.0,-10677.0,46.0,2291.0,84.0,-1739.0,,,,,,,,,,,,,,,,,,,,,,,,,,
86.46666666666667,62.0,8480.0,63.0,26189.0,88.0,11059.0,-13.0,-5881.0,13.0,-10677.0,46.0,2290.0,84.0,-1743.0,,,,,,,,,,,,,,,,,,,,,,,,,,
86.5,62.0,8491.0,62.0,26172.0,89.0,11067.0,-13.0,-5881.0,13.0,-10679.0,46.0,2294.0,83.0,-1748.0,,,,,,,,,,,,,,,,,,,,,,,,,,
86.53333333333333,62.0,8501.0,62.0,26156.0,89.0,11074.0,-13.0,-5880.0,14.0,-10682.0,46.0,2295.0,83.0,-1749.0,,,,,,,,,,,,,,,,,,,,,,,,,,
86.56666666666666,62.0,8509.0,63.0,26143.0,89.0,11082.0,-13.0,-5880.0,14.0,-10682.0,46.0,2290.0,83.0,-1750.0,,,,,,,,,,,,,,,,,,,,,,,,,,
86.6,62.0,8515.0,63.0,26128.0,89.0,11090.0,-13.0,-5880.0,13.0,-10679.0,46.0,2285.0,82.0,-1747.0,,,,,,,,,,,,,,,,,,,,,,,,,,
86.63333333333334,61.0,8520.0,63.0,26111.0,90.0,11096.0,-13.0,-5877.0,14.0,-10674.0,46.0,2284.0,82.0,-1741.0,,,,,,,,,,,,,,,,,,,,,,,,,,
86.66666666666667,61.0,8527.0,63.0,26095.0,90.0,11106.0,-12.0,-5872.0,14.0,-10669.0,46.0,2283.0,82.0,-1738.0,,,,,,,,,,,,,,,,,,,,,,,,,,
86.7,62.0,8538.0,62.0,26077.0,90.0,11118.0,-12.0,-5867.0,14.0,-10666.0,47.0,2282.0,82.0,-1737.0,,,,,,,,,,,,,,,,,,,,,,,,,,
86.73333333333333,62.0,8552.0,61.0,26060.0,89.0,11127.0,-12.0,-5862.0,14.0,-10664.0,47.0,2284.0,83.0,-1739.0,,,,,,,,,,,,,,,,,,,,,,,,,,
86.76666666666667,62.0,8562.0,61.0,26050.0,89.0,11132.0,-12.0,-5862.0,13.0,-10663.0,47.0,2286.0,84.0,-1744.0,,,,,,,,,,,,,,,,,,,,,,,,,,
86.8,62.0,8575.0,61.0,26037.0,89.0,11134.0,-12.0,-5868.0,13.0,-10664.0,47.0,2289.0,84.0,-1745.0,,,,,,,,,,,,,,,,,,,,,,,,,,
86.83333333333333,62.0,8587.0,61.0,26023.0,88.0,11135.0,-12.0,-5870.0,12.0,-10665.0,46.0,2291.0,84.0,-1749.0,,,,,,,,,,,,,,,,,,,,,,,,,,
86.86666666666666,62.0,8595.0,61.0,26007.0,88.0,11141.0,-12.0,-5870.0,12.0,-10665.0,46.0,2292.0,83.0,-1752.0,,,,,,,,,,,,,,,,,,,,,,,,,,
86.9,62.0,8602.0,61.0,25994.0,88.0,11146.0,-11.0,-5867.0,12.0,-10664.0,46.0,2291.0,82.0,-1752.0,,,,,,,,,,,,,,,,,,,,,,,,,,
86.93333333333334,61.0,8610.0,61.0,25981.0,89.0,11151.0,-12.0,-5862.0,12.0,-10665.0,46.0,2289.0,82.0,-1753.0,,,,,,,,,,,,,,,,,,,,,,,,,,
86.96666666666667,61.0,8615.0,61.0,25967.0,89.0,11159.0,-12.0,-5857.0,13.0,-10669.0,46.0,2288.0,83.0,-1756.0,,,,,,,,,,,,,,,,,,,,,,,,,,
87.0,60.0,8621.0,60.0,25953.0,89.0,11169.0,-12.0,-5858.0,13.0,-10674.0,46.0,2288.0,83.0,-1755.0,,,,,,,,,,,,,,,,,,,,,,,,,,
87.03333333333333,59.0,8628.0,60.0,25940.0,89.0,11181.0,-13.0,-5863.0,13.0,-10677.0,46.0,2289.0,83.0,-1752.0,,,,,,,,,,,,,,,,,,,,,,,,,,
87.06666666666666,60.0,8636.0,60.0,25929.0,89.0,11192.0,-13.0,-5864.0,13.0,-10683.0,46.0,2285.0,83.0,-1751.0,,,,,,,,,,,,,,,,,,,,,,,,,,
87.1,60.0,8644.0,60.0,25915.0,89.0,11203.0,-13.0,-5862.0,13.0,-10691.0,45.0,2281.0,82.0,-1751.0,,,,,,,,,,,,,,,,,,,,,,,,,,
87.13333333333334,60.0,8653.0,59.0,25893.0,89.0,11211.0,-13.0,-5859.0,14.0,-10694.0,45.0,2278.0,82.0,-1750.0,,,,,,,,,,,,,,,,,,,,,,,,,,
87.16666666666667,61.0,8661.0,59.0,25869.0,88.0,11219.0,-14.0,-5857.0,13.0,-10692.0,45.0,2276.0,81.0,-1752.0,,,,,,,,,,,,,,,,,,,,,,,,,,
87.2,61.0,8670.0,59.0,25846.0,88.0,11226.0,-13.0,-5856.0,13.0,-10688.0,45.0,2276.0,81.0,-1752.0,,,,,,,,,,,,,,,,,,,,,,,,,,
87.23333333333333,61.0,8680.0,59.0,25824.0,88.0,11231.0,-13.0,-5855.0,13.0,-10685.0,45.0,2276.0,81.0,-1751.0,,,,,,,,,,,,,,,,,,,,,,,,,,
87.26666666666667,61.0,8691.0,58.0,25810.0,87.0,11234.0,-13.0,-5860.0,13.0,-10684.0,44.0,2277.0,81.0,-1752.0,,,,,,,,,,,,,,,,,,,,,,,,,,
87.3,61.0,8700.0,58.0,25801.0,87.0,11239.0,-14.0,-5861.0,13.0,-10684.0,44.0,2276.0,81.0,-1753.0,,,,,,,,,,,,,,,,,,,,,,,,,,
87.33333333333333,60.0,8713.0,58.0,25790.0,86.0,11245.0,-15.0,-5858.0,13.0,-10684.0,44.0,2274.0,81.0,-1752.0,,,,,,,,,,,,,,,,,,,,,,,,,,
87.36666666666666,60.0,8724.0,58.0,25781.0,86.0,11253.0,-15.0,-5855.0,12.0,-10684.0,43.0,2272.0,81.0,-1751.0,,,,,,,,,,,,,,,,,,,,,,,,,,
87.4,59.0,8732.0,58.0,25772.0,86.0,11259.0,-15.0,-5854.0,12.0,-10682.0,43.0,2268.0,81.0,-1755.0,,,,,,,,,,,,,,,,,,,,,,,,,,
87.43333333333334,59.0,8740.0,58.0,25759.0,85.0,11267.0,-15.0,-5852.0,13.0,-10683.0,43.0,2264.0,81.0,-1759.0,,,,,,,,,,,,,,,,,,,,,,,,,,
87.46666666666667,59.0,8750.0,59.0,25744.0,85.0,11274.0,-15.0,-5853.0,13.0,-10684.0,43.0,2263.0,82.0,-1760.0,,,,,,,,,,,,,,,,,,,,,,,,,,
87.5,59.0,8758.0,59.0,25728.0,85.0,11281.0,-15.0,-5855.0,13.0,-10684.0,43.0,2266.0,82.0,-1762.0,,,,,,,,,,,,,,,,,,,,,,,,,,
87.53333333333333,59.0,8764.0,58.0,25711.0,85.0,11289.0,-15.0,-5856.0,14.0,-10684.0,44.0,2271.0,83.0,-1765.0,,,,,,,,,,,,,,,,,,,,,,,,,,
87.56666666666666,59.0,8774.0,58.0,25693.0,86.0,11297.0,-14.0,-5855.0,14.0,-10687.0,44.0,2275.0,83.0,-1764.0,,,,,,,,,,,,,,,,,,,,,,,,,,
87.6,59.0,8785.0,57.0,25674.0,86.0,11303.0,-14.0,-5853.0,14.0,-10690.0,44.0,2279.0,82.0,-1762.0,,,,,,,,,,,,,,,,,,,,,,,,,,
87.63333333333334,59.0,8793.0,57.0,25657.0,87.0,11309.0,-14.0,-5849.0,14.0,-10693.0,45.0,2283.0,82.0,-1757.0,,,,,,,,,,,,,,,,,,,,,,,,,,
87.66666666666667,59.0,8800.0,56.0,25638.0,87.0,11316.0,-15.0,-5845.0,14.0,-10693.0,45.0,2285.0,82.0,-1750.0,,,,,,,,,,,,,,,,,,,,,,,,,,
87.7,59.0,8805.0,56.0,25616.0,87.0,11327.0,-15.0,-5843.0,14.0,-10688.0,44.0,2281.0,81.0,-1746.0,,,,,,,,,,,,,,,,,,,,,,,,,,
87.73333333333333,59.0,8813.0,55.0,25595.0,87.0,11339.0,-15.0,-5843.0,13.0,-10683.0,44.0,2274.0,81.0,-1744.0,,,,,,,,,,,,,,,,,,,,,,,,,,
87.76666666666667,59.0,8824.0,55.0,25579.0,87.0,11350.0,-15.0,-5846.0,14.0,-10682.0,45.0,2269.0,80.0,-1746.0,,,,,,,,,,,,,,,,,,,,,,,,,,
87.8,59.0,8833.0,56.0,25568.0,87.0,11356.0,-16.0,-5850.0,14.0,-10685.0,45.0,2266.0,80.0,-1751.0,,,,,,,,,,,,,,,,,,,,,,,,,,
87.83333333333333,60.0,8842.0,56.0,25556.0,86.0,11358.0,-15.0,-5851.0,13.0,-10690.0,45.0,2263.0,81.0,-1754.0,,,,,,,,,,,,,,,,,,,,,,,,,,
87.86666666666666,60.0,8849.0,56.0,25541.0,86.0,11362.0,-15.0,-5851.0,13.0,-10691.0,45.0,2259.0,81.0,-1756.0,,,,,,,,,,,,,,,,,,,,,,,,,,
87.9,61.0,8853.0,55.0,25530.0,85.0,11369.0,-15.0,-5849.0,12.0,-10688.0,45.0,2257.0,82.0,-1762.0,,,,,,,,,,,,,,,,,,,,,,,,,,
87.93333333333334,61.0,8855.0,55.0,25514.0,85.0,11369.0,-15.0,-5845.0,12.0,-10684.0,45.0,2261.0,81.0,-1768.0,,,,,,,,,,,,,,,,,,,,,,,,,,
87.96666666666667,61.0,8860.0,55.0,25490.0,85.0,11365.0,-14.0,-5836.0,12.0,-10681.0,45.0,2270.0,81.0,-1771.0,,,,,,,,,,,,,,,,,,,,,,,,,,
88.0,60.0,8866.0,54.0,25470.0,85.0,11366.0,-14.0,-5829.0,12.0,-10680.0,45.0,2281.0,80.0,-1773.0,,,,,,,,,,,,,,,,,,,,,,,,,,
88.03333333333333,60.0,8874.0,54.0,25453.0,86.0,11363.0,-14.0,-5828.0,12.0,-10681.0,45.0,2288.0,80.0,-1780.0,,,,,,,,,,,,,,,,,,,,,,,,,,
88.06666666666666,59.0,8883.0,54.0,25440.0,86.0,11361.0,-14.0,-5829.0,12.0,-10681.0,45.0,2290.0,80.0,-1785.0,,,,,,,,,,,,,,,,,,,,,,,,,,
88.1,59.0,8898.0,54.0,25428.0,85.0,11366.0,-14.0,-5832.0,12.0,-10678.0,45.0,2288.0,80.0,-1788.0,,,,,,,,,,,,,,,,,,,,,,,,,,
88.13333333333334,59.0,8913.0,53.0,25412.0,85.0,11376.0,-15.0,-5833.0,13.0,-10678.0,46.0,2287.0,79.0,-1789.0,,,,,,,,,,,,,,,,,,,,,,,,,,
88.16666666666667,59.0,8926.0,53.0,25389.0,85.0,11385.0,-15.0,-5834.0,13.0,-10682.0,46.0,2289.0,78.0,-1789.0,,,,,,,,,,,,,,,,,,,,,,,,,,
88.2,59.0,8939.0,53.0,25367.0,85.0,11391.0,-15.0,-5834.0,13.0,-10689.0,45.0,2289.0,78.0,-1792.0,,,,,,,,,,,,,,,,,,,,,,,,,,
88.23333333333333,59.0,8953.0,52.0,25350.0,84.0,11398.0,-16.0,-5835.0,13.0,-10692.0,45.0,2288.0,78.0,-1792.0,,,,,,,,,,,,,,,,,,,,,,,,,,
88.26666666666667,59.0,8965.0,52.0,25333.0,84.0,11404.0,-16.0,-5840.0,13.0,-10694.0,45.0,2286.0,78.0,-1788.0,,,,,,,,,,,,,,,,,,,,,,,,,,
88.3,59.0,8977.0,52.0,25315.0,84.0,11410.0,-15.0,-5846.0,12.0,-10693.0,45.0,2286.0,78.0,-1784.0,,,,,,,,,,,,,,,,,,,,,,,,,,
88.33333333333333,59.0,8990.0,52.0,25300.0,84.0,11417.0,-15.0,-5851.0,12.0,-10692.0,45.0,2288.0,78.0,-1783.0,,,,,,,,,,,,,,,,,,,,,,,,,,
88.36666666666666,59.0,9000.0,52.0,25284.0,84.0,11419.0,-15.0,-5854.0,12.0,-10692.0,44.0,2289.0,78.0,-1788.0,,,,,,,,,,,,,,,,,,,,,,,,,,
88.4,58.0,9010.0,52.0,25263.0,84.0,11417.0,-16.0,-5852.0,12.0,-10695.0,44.0,2289.0,78.0,-1795.0,,,,,,,,,,,,,,,,,,,,,,,,,,
88.43333333333334,58.0,9022.0,53.0,25244.0,84.0,11422.0,-15.0,-5850.0,11.0,-10699.0,44.0,2289.0,78.0,-1803.0,,,,,,,,,,,,,,,,,,,,,,,,,,
88.46666666666667,58.0,9033.0,53.0,25230.0,84.0,11426.0,-15.0,-5848.0,11.0,-10703.0,44.0,2289.0,79.0,-1804.0,,,,,,,,,,,,,,,,,,,,,,,,,,
88.5,59.0,9043.0,53.0,25214.0,84.0,11431.0,-15.0,-5847.0,11.0,-10705.0,44.0,2289.0,79.0,-1802.0,,,,,,,,,,,,,,,,,,,,,,,,,,
88.53333333333333,59.0,9050.0,52.0,25197.0,83.0,11434.0,-15.0,-5848.0,11.0,-10706.0,44.0,2283.0,80.0,-1801.0,,,,,,,,,,,,,,,,,,,,,,,,,,
88.56666666666666,59.0,9058.0,52.0,25179.0,83.0,11435.0,-15.0,-5849.0,11.0,-10708.0,45.0,2278.0,79.0,-1797.0,,,,,,,,,,,,,,,,,,,,,,,,,,
88.6,59.0,9068.0,51.0,25161.0,83.0,11437.0,-15.0,-5845.0,11.0,-10710.0,45.0,2274.0,78.0,-1794.0,,,,,,,,,,,,,,,,,,,,,,,,,,
88.63333333333334,58.0,9080.0,50.0,25142.0,83.0,11440.0,-15.0,-5836.0,11.0,-10711.0,44.0,2270.0,78.0,-1795.0,,,,,,,,,,,,,,,,,,,,,,,,,,
88.66666666666667,58.0,9090.0,49.0,25122.0,84.0,11445.0,-16.0,-5830.0,11.0,-10710.0,44.0,2269.0,77.0,-1795.0,,,,,,,,,,,,,,,,,,,,,,,,,,
88.7,58.0,9097.0,49.0,25106.0,85.0,11445.0,-15.0,-5830.0,12.0,-10704.0,44.0,2269.0,77.0,-1792.0,,,,,,,,,,,,,,,,,,,,,,,,,,
88.73333333333333,58.0,9102.0,49.0,25090.0,85.0,11444.0,-15.0,-5835.0,12.0,-10697.0,44.0,2272.0,76.0,-1794.0,,,,,,,,,,,,,,,,,,,,,,,,,,
88.76666666666667,58.0,9108.0,49.0,25073.0,84.0,11446.0,-15.0,-5839.0,11.0,-10693.0,43.0,2273.0,76.0,-1794.0,,,,,,,,,,,,,,,,,,,,,,,,,,
88.8,59.0,9116.0,49.0,25063.0,84.0,11449.0,-14.0,-5844.0,11.0,-10693.0,43.0,2274.0,76.0,-1793.0,,,,,,,,,,,,,,,,,,,,,,,,,,
88.83333333333333,59.0,9124.0,49.0,25049.0,84.0,11449.0,-14.0,-5845.0,11.0,-10695.0,44.0,2274.0,75.0,-1797.0,,,,,,,,,,,,,,,,,,,,,,,,,,
88.86666666666666,59.0,9131.0,49.0,25035.0,84.0,11449.0,-14.0,-5841.0,10.0,-10698.0,44.0,2274.0,75.0,-1801.0,,,,,,,,,,,,,,,,,,,,,,,,,,
88.9,59.0,9137.0,49.0,25020.0,85.0,11450.0,-15.0,-5838.0,10.0,-10701.0,44.0,2275.0,74.0,-1802.0,,,,,,,,,,,,,,,,,,,,,,,,,,
88.93333333333334,59.0,9147.0,49.0,25002.0,85.0,11451.0,-14.0,-5840.0,11.0,-10704.0,43.0,2277.0,74.0,-1804.0,,,,,,,,,,,,,,,,,,,,,,,,,,
88.96666666666667,58.0,9162.0,49.0,24984.0,84.0,11451.0,-14.0,-5842.0,11.0,-10707.0,43.0,2278.0,75.0,-1805.0,,,,,,,,,,,,,,,,,,,,,,,,,,
89.0,57.0,9181.0,49.0,24965.0,84.0,11452.0,-14.0,-5844.0,11.0,-10706.0,44.0,2276.0,75.0,-1807.0,,,,,,,,,,,,,,,,,,,,,,,,,,
89.03333333333333,57.0,9194.0,49.0,24944.0,84.0,11453.0,-14.0,-5846.0,11.0,-10704.0,44.0,2276.0,75.0,-1809.0,,,,,,,,,,,,,,,,,,,,,,,,,,
89.06666666666666,57.0,9202.0,48.0,24918.0,83.0,11458.0,-15.0,-5852.0,11.0,-10706.0,45.0,2277.0,76.0,-1814.0,,,,,,,,,,,,,,,,,,,,,,,,,,
89.1,57.0,9210.0,48.0,24888.0,83.0,11462.0,-15.0,-5856.0,11.0,-10710.0,45.0,2278.0,76.0,-1816.0,,,,,,,,,,,,,,,,,,,,,,,,,,
89.13333333333334,58.0,9216.0,48.0,24867.0,83.0,11467.0,-15.0,-5856.0,11.0,-10713.0,45.0,2280.0,76.0,-1813.0,,,,,,,,,,,,,,,,,,,,,,,,,,
89.16666666666667,58.0,9225.0,47.0,24860.0,82.0,11470.0,-15.0,-5854.0,11.0,-10715.0,45.0,2284.0,76.0,-1806.0,,,,,,,,,,,,,,,,,,,,,,,,,,
89.2,58.0,9234.0,47.0,24854.0,82.0,11474.0,-14.0,-5854.0,11.0,-10713.0,44.0,2286.0,76.0,-1800.0,,,,,,,,,,,,,,,,,,,,,,,,,,
89.23333333333333,58.0,9244.0,48.0,24843.0,82.0,11475.0,-14.0,-5854.0,11.0,-10709.0,43.0,2287.0,76.0,-1803.0,,,,,,,,,,,,,,,,,,,,,,,,,,
89.26666666666667,58.0,9253.0,47.0,24827.0,82.0,11475.0,-13.0,-5851.0,12.0,-10709.0,43.0,2287.0,75.0,-1803.0,,,,,,,,,,,,,,,,,,,,,,,,,,
89.3,57.0,9263.0,47.0,24807.0,82.0,11474.0,-13.0,-5850.0,12.0,-10713.0,43.0,2286.0,74.0,-1799.0,,,,,,,,,,,,,,,,,,,,,,,,,,
89.33333333333333,57.0,9271.0,46.0,24786.0,82.0,11473.0,-12.0,-5853.0,13.0,-10720.0,44.0,2290.0,74.0,-1796.0,,,,,,,,,,,,,,,,,,,,,,,,,,
89.36666666666666,57.0,9281.0,47.0,24766.0,82.0,11474.0,-12.0,-5854.0,13.0,-10729.0,44.0,2294.0,74.0,-1795.0,,,,,,,,,,,,,,,,,,,,,,,,,,
89.4,57.0,9291.0,48.0,24748.0,82.0,11476.0,-13.0,-5857.0,12.0,-10733.0,44.0,2297.0,74.0,-1794.0,,,,,,,,,,,,,,,,,,,,,,,,,,
89.43333333333334,56.0,9303.0,48.0,24729.0,82.0,11473.0,-13.0,-5859.0,11.0,-10736.0,44.0,2296.0,74.0,-1795.0,,,,,,,,,,,,,,,,,,,,,,,,,,
89.46666666666667,55.0,9312.0,48.0,24711.0,82.0,11467.0,-13.0,-5859.0,11.0,-10733.0,44.0,2291.0,74.0,-1802.0,,,,,,,,,,,,,,,,,,,,,,,,,,
89.5,55.0,9323.0,47.0,24692.0,82.0,11464.0,-14.0,-5859.0,11.0,-10729.0,44.0,2284.0,74.0,-1809.0,,,,,,,,,,,,,,,,,,,,,,,,,,
89.53333333333333,55.0,9334.0,46.0,24673.0,82.0,11463.0,-14.0,-5859.0,12.0,-10729.0,44.0,2282.0,73.0,-1813.0,,,,,,,,,,,,,,,,,,,,,,,,,,
89.56666666666666,55.0,9345.0,46.0,24651.0,82.0,11461.0,-14.0,-5866.0,12.0,-10731.0,44.0,2284.0,73.0,-1812.0,,,,,,,,,,,,,,,,,,,,,,,,,,
89.6,56.0,9355.0,45.0,24634.0,82.0,11459.0,-14.0,-5872.0,12.0,-10731.0,44.0,2288.0,74.0,-1812.0,,,,,,,,,,,,,,,,,,,,,,,,,,
89.63333333333334,57.0,9364.0,45.0,24623.0,82.0,11460.0,-14.0,-5873.0,11.0,-10733.0,43.0,2291.0,74.0,-1813.0,,,,,,,,,,,,,,,,,,,,,,,,,,
89.66666666666667,57.0,9374.0,44.0,24617.0,82.0,11457.0,-15.0,-5871.0,11.0,-10738.0,42.0,2294.0,74.0,-1816.0,,,,,,,,,,,,,,,,,,,,,,,,,,
89.7,57.0,9382.0,44.0,24604.0,82.0,11455.0,-15.0,-5868.0,11.0,-10741.0,42.0,2295.0,74.0,-1822.0,,,,,,,,,,,,,,,,,,,,,,,,,,
89.73333333333333,57.0,9392.0,44.0,24589.0,82.0,11455.0,-15.0,-5868.0,11.0,-10739.0,42.0,2296.0,74.0,-1827.0,,,,,,,,,,,,,,,,,,,,,,,,,,
89.76666666666667,56.0,9402.0,44.0,24566.0,82.0,11454.0,-14.0,-5868.0,11.0,-10740.0,42.0,2295.0,74.0,-1834.0,,,,,,,,,,,,,,,,,,,,,,,,,,
89.8,57.0,9409.0,45.0,24540.0,82.0,11453.0,-14.0,-5867.0,11.0,-10745.0,43.0,2291.0,74.0,-1841.0,,,,,,,,,,,,,,,,,,,,,,,,,,
89.83333333333333,56.0,9419.0,45.0,24518.0,82.0,11450.0,-14.0,-5867.0,11.0,-10751.0,43.0,2287.0,73.0,-1841.0,,,,,,,,,,,,,,,,,,,,,,,,,,
89.86666666666666,56.0,9432.0,44.0,24497.0,82.0,11448.0,-14.0,-5867.0,11.0,-10755.0,43.0,2283.0,73.0,-1837.0,,,,,,,,,,,,,,,,,,,,,,,,,,
89.9,56.0,9448.0,43.0,24471.0,82.0,11443.0,-14.0,-5867.0,12.0,-10753.0,42.0,2281.0,74.0,-1833.0,,,,,,,,,,,,,,,,,,,,,,,,,,
89.93333333333334,56.0,9463.0,43.0,24444.0,82.0,11439.0,-15.0,-5865.0,12.0,-10748.0,42.0,2282.0,74.0,-1832.0,,,,,,,,,,,,,,,,,,,,,,,,,,
89.96666666666667,57.0,9473.0,42.0,24423.0,82.0,11435.0,-15.0,-5863.0,12.0,-10743.0,42.0,2287.0,74.0,-1832.0,,,,,,,,,,,,,,,,,,,,,,,,,,
90.0,57.0,9480.0,42.0,24405.0,82.0,11433.0,-15.0,-5867.0,13.0,-10744.0,42.0,2292.0,73.0,-1831.0,,,,,,,,,,,,,,,,,,,,,,,,,,
90.03333333333333,57.0,9486.0,42.0,24396.0,82.0,11433.0,-15.0,-5872.0,13.0,-10750.0,42.0,2296.0,73.0,-1826.0,,,,,,,,,,,,,,,,,,,,,,,,,,
90.06666666666666,57.0,9495.0,42.0,24382.0,82.0,11429.0,-16.0,-5877.0,12.0,-10758.0,42.0,2299.0,73.0,-1822.0,,,,,,,,,,,,,,,,,,,,,,,,,,
90.1,57.0,9507.0,43.0,24361.0,82.0,11424.0,-15.0,-5880.0,12.0,-10764.0,42.0,2302.0,73.0,-1821.0,,,,,,,,,,,,,,,,,,,,,,,,,,
90.13333333333334,57.0,9521.0,43.0,24337.0,82.0,11426.0,-15.0,-5881.0,11.0,-10768.0,42.0,2303.0,73.0,-1818.0,,,,,,,,,,,,,,,,,,,,,,,,,,
90.16666666666667,57.0,9533.0,43.0,24318.0,82.0,11428.0,-15.0,-5881.0,11.0,-10771.0,42.0,2301.0,73.0,-1817.0,,,,,,,,,,,,,,,,,,,,,,,,,,
90.2,58.0,9545.0,43.0,24304.0,82.0,11427.0,-14.0,-5880.0,11.0,-10776.0,42.0,2298.0,72.0,-1817.0,,,,,,,,,,,,,,,,,,,,,,,,,,
90.23333333333333,58.0,9557.0,42.0,24289.0,81.0,11425.0,-14.0,-5879.0,11.0,-10777.0,42.0,2295.0,72.0,-1818.0,,,,,,,,,,,,,,,,,,,,,,,,,,
90.26666666666667,58.0,9563.0,43.0,24273.0,81.0,11419.0,-14.0,-5879.0,12.0,-10777.0,42.0,2294.0,72.0,-1820.0,,,,,,,,,,,,,,,,,,,,,,,,,,
90.3,58.0,9571.0,43.0,24258.0,81.0,11417.0,-14.0,-5878.0,12.0,-10775.0,42.0,2293.0,72.0,-1822.0,,,,,,,,,,,,,,,,,,,,,,,,,,
90.33333333333333,57.0,9580.0,43.0,24242.0,80.0,11415.0,-14.0,-5875.0,12.0,-10777.0,42.0,2293.0,72.0,-1822.0,,,,,,,,,,,,,,,,,,,,,,,,,,
90.36666666666666,57.0,9591.0,43.0,24222.0,80.0,11411.0,-14.0,-5875.0,12.0,-10782.0,42.0,2291.0,72.0,-1823.0,,,,,,,,,,,,,,,,,,,,,,,,,,
90.4,57.0,9602.0,42.0,24206.0,80.0,11405.0,-14.0,-5876.0,11.0,-10783.0,42.0,2291.0,72.0,-1826.0,,,,,,,,,,,,,,,,,,,,,,,,,,
90.43333333333334,56.0,9614.0,41.0,24188.0,80.0,11402.0,-13.0,-5876.0,11.0,-10782.0,42.0,2294.0,72.0,-1829.0,,,,,,,,,,,,,,,,,,,,,,,,,,
90.46666666666667,56.0,9627.0,41.0,24171.0,80.0,11400.0,-13.0,-5877.0,10.0,-10783.0,42.0,2299.0,72.0,-1830.0,,,,,,,,,,,,,,,,,,,,,,,,,,
90.5,56.0,9641.0,41.0,24159.0,80.0,11396.0,-14.0,-5880.0,10.0,-10787.0,41.0,2302.0,72.0,-1831.0,,,,,,,,,,,,,,,,,,,,,,,,,,
90.53333333333333,56.0,9653.0,41.0,24144.0,80.0,11392.0,-14.0,-5879.0,10.0,-10791.0,42.0,2304.0,72.0,-1835.0,,,,,,,,,,,,,,,,,,,,,,,,,,
90.56666666666666,56.0,9658.0,41.0,24127.0,80.0,11388.0,-14.0,-5876.0,10.0,-10793.0,41.0,2304.0,72.0,-1837.0,,,,,,,,,,,,,,,,,,,,,,,,,,
90.6,56.0,9660.0,41.0,24108.0,80.0,11382.0,-15.0,-5876.0,9.0,-10796.0,41.0,2305.0,73.0,-1839.0,,,,,,,,,,,,,,,,,,,,,,,,,,
90.63333333333334,56.0,9668.0,41.0,24089.0,80.0,11376.0,-15.0,-5874.0,9.0,-10801.0,41.0,2306.0,73.0,-1840.0,,,,,,,,,,,,,,,,,,,,,,,,,,
90.66666666666667,56.0,9679.0,41.0,24065.0,80.0,11370.0,-16.0,-5873.0,8.0,-10807.0,41.0,2308.0,73.0,-1840.0,,,,,,,,,,,,,,,,,,,,,,,,,,
90.7,56.0,9691.0,40.0,24040.0,80.0,11365.0,-16.0,-5874.0,8.0,-10812.0,42.0,2310.0,73.0,-1839.0,,,,,,,,,,,,,,,,,,,,,,,,,,
90.73333333333333,55.0,9705.0,40.0,24021.0,81.0,11360.0,-15.0,-5879.0,8.0,-10811.0,42.0,2311.0,73.0,-1836.0,,,,,,,,,,,,,,,,,,,,,,,,,,
90.76666666666667,55.0,9715.0,40.0,24001.0,80.0,11357.0,-15.0,-5885.0,8.0,-10808.0,43.0,2310.0,73.0,-1833.0,,,,,,,,,,,,,,,,,,,,,,,,,,
90.8,55.0,9723.0,40.0,23983.0,79.0,11352.0,-15.0,-5891.0,8.0,-10807.0,43.0,2311.0,73.0,-1836.0,,,,,,,,,,,,,,,,,,,,,,,,,,
90.83333333333333,55.0,9732.0,39.0,23968.0,79.0,11346.0,-15.0,-5892.0,8.0,-10807.0,43.0,2315.0,72.0,-1843.0,,,,,,,,,,,,,,,,,,,,,,,,,,
90.86666666666666,55.0,9741.0,39.0,23953.0,79.0,11338.0,-15.0,-5889.0,8.0,-10807.0,43.0,2320.0,72.0,-1846.0,,,,,,,,,,,,,,,,,,,,,,,,,,
90.9,55.0,9751.0,38.0,23934.0,80.0,11333.0,-15.0,-5887.0,9.0,-10810.0,42.0,2324.0,71.0,-1848.0,,,,,,,,,,,,,,,,,,,,,,,,,,
90.93333333333334,54.0,9760.0,38.0,23912.0,80.0,11330.0,-15.0,-5887.0,9.0,-10818.0,42.0,2325.0,71.0,-1851.0,,,,,,,,,,,,,,,,,,,,,,,,,,
90.96666666666667,53.0,9770.0,38.0,23891.0,80.0,11328.0,-15.0,-5890.0,10.0,-10818.0,41.0,2324.0,71.0,-1850.0,,,,,,,,,,,,,,,,,,,,,,,,,,
91.0,53.0,9781.0,38.0,23874.0,79.0,11325.0,-15.0,-5897.0,10.0,-10816.0,41.0,2323.0,71.0,-1851.0,,,,,,,,,,,,,,,,,,,,,,,,,,
91.03333333333333,53.0,9789.0,38.0,23858.0,79.0,11322.0,-15.0,-5908.0,11.0,-10814.0,41.0,2320.0,72.0,-1854.0,,,,,,,,,,,,,,,,,,,,,,,,,,
91.06666666666666,54.0,9798.0,38.0,23837.0,79.0,11315.0,-14.0,-5915.0,11.0,-10810.0,41.0,2316.0,72.0,-1857.0,,,,,,,,,,,,,,,,,,,,,,,,,,
91.1,55.0,9810.0,39.0,23813.0,78.0,11303.0,-14.0,-5917.0,11.0,-10811.0,40.0,2312.0,72.0,-1859.0,,,,,,,,,,,,,,,,,,,,,,,,,,
91.13333333333334,55.0,9816.0,39.0,23792.0,78.0,11292.0,-13.0,-5922.0,11.0,-10817.0,40.0,2308.0,72.0,-1862.0,,,,,,,,,,,,,,,,,,,,,,,,,,
91.16666666666667,56.0,9824.0,38.0,23777.0,78.0,11283.0,-13.0,-5931.0,11.0,-10822.0,39.0,2307.0,71.0,-1869.0,,,,,,,,,,,,,,,,,,,,,,,,,,
91.2,56.0,9834.0,37.0,23762.0,78.0,11274.0,-14.0,-5934.0,11.0,-10824.0,39.0,2309.0,71.0,-1877.0,,,,,,,,,,,,,,,,,,,,,,,,,,
91.23333333333333,55.0,9845.0,36.0,23748.0,78.0,11264.0,-15.0,-5933.0,11.0,-10826.0,39.0,2310.0,70.0,-1884.0,,,,,,,,,,,,,,,,,,,,,,,,,,
91.26666666666667,55.0,9857.0,36.0,23732.0,77.0,11257.0,-16.0,-5933.0,10.0,-10830.0,39.0,2309.0,70.0,-1889.0,,,,,,,,,,,,,,,,,,,,,,,,,,
91.3,55.0,9865.0,36.0,23715.0,77.0,11252.0,-16.0,-5934.0,10.0,-10834.0,40.0,2311.0,70.0,-1890.0,,,,,,,,,,,,,,,,,,,,,,,,,,
91.33333333333333,55.0,9873.0,36.0,23698.0,77.0,11249.0,-16.0,-5935.0,9.0,-10838.0,40.0,2316.0,70.0,-1888.0,,,,,,,,,,,,,,,,,,,,,,,,,,
91.36666666666666,54.0,9884.0,36.0,23685.0,77.0,11248.0,-16.0,-5936.0,8.0,-10840.0,40.0,2320.0,70.0,-1886.0,,,,,,,,,,,,,,,,,,,,,,,,,,
91.4,55.0,9899.0,36.0,23670.0,76.0,11242.0,-15.0,-5935.0,9.0,-10846.0,41.0,2321.0,70.0,-1882.0,,,,,,,,,,,,,,,,,,,,,,,,,,
91.43333333333334,55.0,9914.0,36.0,23651.0,76.0,11238.0,-16.0,-5934.0,9.0,-10851.0,41.0,2321.0,70.0,-1876.0,,,,,,,,,,,,,,,,,,,,,,,,,,
91.46666666666667,55.0,9927.0,37.0,23629.0,77.0,11229.0,-16.0,-5935.0,10.0,-10855.0,41.0,2322.0,70.0,-1870.0,,,,,,,,,,,,,,,,,,,,,,,,,,
91.5,55.0,9935.0,37.0,23607.0,77.0,11216.0,-15.0,-5932.0,10.0,-10859.0,41.0,2324.0,70.0,-1866.0,,,,,,,,,,,,,,,,,,,,,,,,,,
91.53333333333333,55.0,9944.0,37.0,23585.0,77.0,11203.0,-15.0,-5932.0,9.0,-10859.0,41.0,2326.0,71.0,-1868.0,,,,,,,,,,,,,,,,,,,,,,,,,,
91.56666666666666,55.0,9954.0,37.0,23561.0,77.0,11192.0,-15.0,-5935.0,9.0,-10858.0,41.0,2329.0,70.0,-1870.0,,,,,,,,,,,,,,,,,,,,,,,,,,
91.6,55.0,9960.0,36.0,23540.0,77.0,11180.0,-16.0,-5939.0,9.0,-10855.0,41.0,2331.0,70.0,-1876.0,,,,,,,,,,,,,,,,,,,,,,,,,,
91.63333333333334,55.0,9965.0,35.0,23524.0,77.0,11166.0,-16.0,-5944.0,9.0,-10849.0,41.0,2331.0,70.0,-1877.0,,,,,,,,,,,,,,,,,,,,,,,,,,
91.66666666666667,55.0,9971.0,36.0,23507.0,77.0,11148.0,-16.0,-5948.0,9.0,-10845.0,41.0,2332.0,70.0,-1874.0,,,,,,,,,,,,,,,,,,,,,,,,,,
91.7,56.0,9980.0,35.0,23492.0,77.0,11135.0,-15.0,-5948.0,9.0,-10846.0,41.0,2336.0,70.0,-1873.0,,,,,,,,,,,,,,,,,,,,,,,,,,
91.73333333333333,56.0,9988.0,35.0,23477.0,77.0,11129.0,-15.0,-5950.0,10.0,-10848.0,41.0,2342.0,70.0,-1870.0,,,,,,,,,,,,,,,,,,,,,,,,,,
91.76666666666667,57.0,9997.0,35.0,23463.0,77.0,11129.0,-16.0,-5953.0,9.0,-10851.0,41.0,2346.0,71.0,-1868.0,,,,,,,,,,,,,,,,,,,,,,,,,,
91.8,57.0,10008.0,34.0,23450.0,77.0,11125.0,-16.0,-5954.0,9.0,-10858.0,40.0,2352.0,71.0,-1865.0,,,,,,,,,,,,,,,,,,,,,,,,,,
91.83333333333333,57.0,10019.0,34.0,23438.0,77.0,11118.0,-16.0,-5957.0,8.0,-10864.0,40.0,2362.0,71.0,-1867.0,,,,,,,,,,,,,,,,,,,,,,,,,,
91.86666666666666,56.0,10026.0,34.0,23422.0,76.0,11115.0,-16.0,-5959.0,8.0,-10867.0,40.0,2368.0,71.0,-1873.0,,,,,,,,,,,,,,,,,,,,,,,,,,
91.9,56.0,10031.0,34.0,23403.0,76.0,11112.0,-16.0,-5959.0,8.0,-10874.0,41.0,2371.0,71.0,-1878.0,,,,,,,,,,,,,,,,,,,,,,,,,,
91.93333333333334,55.0,10037.0,34.0,23381.0,75.0,11106.0,-16.0,-5960.0,7.0,-10885.0,41.0,2374.0,72.0,-1879.0,,,,,,,,,,,,,,,,,,,,,,,,,,
91.96666666666667,55.0,10043.0,34.0,23360.0,75.0,11096.0,-16.0,-5963.0,7.0,-10893.0,40.0,2378.0,72.0,-1881.0,,,,,,,,,,,,,,,,,,,,,,,,,,
92.0,55.0,10050.0,34.0,23341.0,75.0,11086.0,-16.0,-5969.0,7.0,-10900.0,40.0,2378.0,72.0,-1883.0,,,,,,,,,,,,,,,,,,,,,,,,,,
92.03333333333333,54.0,10053.0,34.0,23320.0,76.0,11075.0,-16.0,-5970.0,8.0,-10909.0,41.0,2376.0,72.0,-1886.0,,,,,,,,,,,,,,,,,,,,,,,,,,
92.06666666666666,54.0,10056.0,34.0,23300.0,76.0,11067.0,-16.0,-5970.0,8.0,-10918.0,41.0,2377.0,72.0,-1889.0,,,,,,,,,,,,,,,,,,,,,,,,,,
92.1,54.0,10064.0,34.0,23282.0,76.0,11057.0,-16.0,-5972.0,9.0,-10925.0,40.0,2376.0,71.0,-1892.0,,,,,,,,,,,,,,,,,,,,,,,,,,
92.13333333333334,53.0,10073.0,35.0,23268.0,76.0,11044.0,-15.0,-5972.0,9.0,-10927.0,40.0,2372.0,70.0,-1892.0,,,,,,,,,,,,,,,,,,,,,,,,,,
92.16666666666667,53.0,10083.0,35.0,23256.0,76.0,11034.0,-15.0,-5971.0,8.0,-10927.0,39.0,2370.0,69.0,-1893.0,,,,,,,,,,,,,,,,,,,,,,,,,,
92.2,53.0,10094.0,35.0,23241.0,76.0,11023.0,-15.0,-5969.0,9.0,-10921.0,39.0,2369.0,69.0,-1892.0,,,,,,,,,,,,,,,,,,,,,,,,,,
92.23333333333333,53.0,10106.0,34.0,23220.0,76.0,11010.0,-14.0,-5967.0,9.0,-10918.0,38.0,2370.0,69.0,-1888.0,,,,,,,,,,,,,,,,,,,,,,,,,,
92.26666666666667,53.0,10117.0,33.0,23198.0,77.0,11000.0,-14.0,-5967.0,9.0,-10917.0,39.0,2374.0,70.0,-1888.0,,,,,,,,,,,,,,,,,,,,,,,,,,
92.3,54.0,10131.0,32.0,23179.0,77.0,10991.0,-14.0,-5969.0,9.0,-10922.0,39.0,2379.0,70.0,-1888.0,,,,,,,,,,,,,,,,,,,,,,,,,,
92.33333333333333,55.0,10147.0,32.0,23157.0,76.0,10980.0,-15.0,-5974.0,8.0,-10922.0,39.0,2386.0,70.0,-1886.0,,,,,,,,,,,,,,,,,,,,,,,,,,
92.36666666666666,55.0,10158.0,32.0,23133.0,76.0,10966.0,-14.0,-5978.0,8.0,-10920.0,39.0,2391.0,70.0,-1882.0,,,,,,,,,,,,,,,,,,,,,,,,,,
92.4,55.0,10165.0,32.0,23107.0,76.0,10957.0,-14.0,-5984.0,8.0,-10920.0,39.0,2398.0,70.0,-1876.0,,,,,,,,,,,,,,,,,,,,,,,,,,
92.43333333333334,55.0,10170.0,31.0,23085.0,76.0,10947.0,-14.0,-5991.0,8.0,-10922.0,40.0,2403.0,69.0,-1868.0,,,,,,,,,,,,,,,,,,,,,,,,,,
92.46666666666667,54.0,10176.0,31.0,23066.0,76.0,10937.0,-14.0,-5998.0,8.0,-10925.0,40.0,2404.0,70.0,-1866.0,,,,,,,,,,,,,,,,,,,,,,,,,,
92.5,54.0,10185.0,31.0,23046.0,76.0,10931.0,-15.0,-6002.0,8.0,-10924.0,39.0,2400.0,70.0,-1869.0,,,,,,,,,,,,,,,,,,,,,,,,,,
92.53333333333333,53.0,10195.0,31.0,23028.0,76.0,10927.0,-16.0,-6003.0,8.0,-10919.0,40.0,2397.0,69.0,-1872.0,,,,,,,,,,,,,,,,,,,,,,,,,,
92.56666666666666,53.0,10203.0,31.0,23010.0,75.0,10917.0,-17.0,-6001.0,9.0,-10916.0,40.0,2398.0,69.0,-1873.0,,,,,,,,,,,,,,,,,,,,,,,,,,
92.6,52.0,10215.0,31.0,22989.0,75.0,10903.0,-17.0,-5997.0,9.0,-10915.0,40.0,2397.0,69.0,-1873.0,,,,,,,,,,,,,,,,,,,,,,,,,,
92.63333333333334,53.0,10226.0,31.0,22972.0,75.0,10887.0,-17.0,-5996.0,9.0,-10915.0,40.0,2397.0,69.0,-1876.0,,,,,,,,,,,,,,,,,,,,,,,,,,
92.66666666666667,53.0,10236.0,30.0,22961.0,76.0,10872.0,-16.0,-5997.0,8.0,-10915.0,40.0,2402.0,69.0,-1879.0,,,,,,,,,,,,,,,,,,,,,,,,,,
92.7,53.0,10245.0,30.0,22948.0,75.0,10858.0,-16.0,-5999.0,8.0,-10914.0,40.0,2407.0,68.0,-1880.0,,,,,,,,,,,,,,,,,,,,,,,,,,
92.73333333333333,52.0,10254.0,30.0,22933.0,75.0,10840.0,-16.0,-6000.0,8.0,-10919.0,40.0,2411.0,67.0,-1880.0,,,,,,,,,,,,,,,,,,,,,,,,,,
92.76666666666667,52.0,10262.0,30.0,22920.0,75.0,10824.0,-16.0,-6003.0,8.0,-10927.0,40.0,2411.0,67.0,-1882.0,,,,,,,,,,,,,,,,,,,,,,,,,,
92.8,52.0,10269.0,30.0,22905.0,75.0,10813.0,-16.0,-6009.0,8.0,-10934.0,40.0,2410.0,68.0,-1884.0,,,,,,,,,,,,,,,,,,,,,,,,,,
92.83333333333333,53.0,10277.0,30.0,22889.0,75.0,10803.0,-17.0,-6016.0,8.0,-10942.0,40.0,2409.0,68.0,-1885.0,,,,,,,,,,,,,,,,,,,,,,,,,,
92.86666666666666,53.0,10290.0,30.0,22869.0,76.0,10793.0,-17.0,-6023.0,8.0,-10947.0,40.0,2412.0,67.0,-1886.0,,,,,,,,,,,,,,,,,,,,,,,,,,
92.9,53.0,10301.0,30.0,22847.0,76.0,10784.0,-16.0,-6027.0,8.0,-10952.0,39.0,2416.0,67.0,-1881.0,,,,,,,,,,,,,,,,,,,,,,,,,,
92.93333333333334,54.0,10305.0,29.0,22826.0,76.0,10776.0,-15.0,-6028.0,9.0,-10957.0,39.0,2421.0,67.0,-1879.0,,,,,,,,,,,,,,,,,,,,,,,,,,
92.96666666666667,55.0,10304.0,28.0,22802.0,77.0,10766.0,-15.0,-6028.0,9.0,-10961.0,39.0,2428.0,67.0,-1881.0,,,,,,,,,,,,,,,,,,,,,,,,,,
93.0,56.0,10306.0,28.0,22778.0,77.0,10750.0,-15.0,-6031.0,10.0,-10962.0,40.0,2432.0,67.0,-1885.0,,,,,,,,,,,,,,,,,,,,,,,,,,
93.03333333333333,56.0,10314.0,29.0,22760.0,77.0,10734.0,-16.0,-6032.0,10.0,-10965.0,40.0,2430.0,67.0,-1888.0,,,,,,,,,,,,,,,,,,,,,,,,,,
93.06666666666666,56.0,10325.0,29.0,22744.0,77.0,10715.0,-16.0,-6033.0,10.0,-10967.0,39.0,2426.0,67.0,-1890.0,,,,,,,,,,,,,,,,,,,,,,,,,,
93.1,56.0,10335.0,29.0,22727.0,77.0,10701.0,-15.0,-6035.0,10.0,-10970.0,39.0,2421.0,69.0,-1886.0,,,,,,,,,,,,,,,,,,,,,,,,,,
93.13333333333334,55.0,10346.0,29.0,22709.0,77.0,10693.0,-15.0,-6039.0,11.0,-10969.0,39.0,2420.0,70.0,-1882.0,,,,,,,,,,,,,,,,,,,,,,,,,,
93.16666666666667,55.0,10353.0,29.0,22693.0,76.0,10680.0,-15.0,-6041.0,11.0,-10969.0,39.0,2425.0,70.0,-1878.0,,,,,,,,,,,,,,,,,,,,,,,,,,
93.2,54.0,10357.0,30.0,22676.0,75.0,10666.0,-14.0,-6040.0,11.0,-10969.0,38.0,2435.0,70.0,-1881.0,,,,,,,,,,,,,,,,,,,,,,,,,,
93.23333333333333,53.0,10361.0,29.0,22655.0,75.0,10654.0,-14.0,-6040.0,10.0,-10970.0,38.0,2446.0,70.0,-1889.0,,,,,,,,,,,,,,,,,,,,,,,,,,
93.26666666666667,53.0,10368.0,29.0,22629.0,74.0,10645.0,-13.0,-6043.0,10.0,-10968.0,38.0,2455.0,70.0,-1892.0,,,,,,,,,,,,,,,,,,,,,,,,,,
93.3,53.0,10376.0,28.0,22607.0,74.0,10635.0,-13.0,-6043.0,10.0,-10970.0,38.0,2458.0,69.0,-1892.0,,,,,,,,,,,,,,,,,,,,,,,,,,
93.33333333333333,53.0,10382.0,28.0,22586.0,74.0,10622.0,-13.0,-6043.0,10.0,-10969.0,38.0,2455.0,69.0,-1892.0,,,,,,,,,,,,,,,,,,,,,,,,,,
93.36666666666666,53.0,10393.0,27.0,22568.0,73.0,10611.0,-14.0,-6045.0,9.0,-10969.0,39.0,2450.0,69.0,-1888.0,,,,,,,,,,,,,,,,,,,,,,,,,,
93.4,53.0,10401.0,27.0,22546.0,73.0,10603.0,-14.0,-6047.0,10.0,-10974.0,40.0,2447.0,68.0,-1880.0,,,,,,,,,,,,,,,,,,,,,,,,,,
93.43333333333334,53.0,10405.0,27.0,22523.0,73.0,10592.0,-14.0,-6051.0,10.0,-10980.0,40.0,2447.0,68.0,-1874.0,,,,,,,,,,,,,,,,,,,,,,,,,,
93.46666666666667,52.0,10410.0,27.0,22501.0,73.0,10579.0,-15.0,-6055.0,9.0,-10986.0,40.0,2447.0,67.0,-1871.0,,,,,,,,,,,,,,,,,,,,,,,,,,
93.5,52.0,10416.0,27.0,22482.0,73.0,10566.0,-15.0,-6057.0,9.0,-10991.0,39.0,2448.0,67.0,-1867.0,,,,,,,,,,,,,,,,,,,,,,,,,,
93.53333333333333,51.0,10425.0,27.0,22466.0,74.0,10552.0,-15.0,-6061.0,9.0,-10994.0,38.0,2451.0,67.0,-1864.0,,,,,,,,,,,,,,,,,,,,,,,,,,
93.56666666666666,51.0,10432.0,27.0,22449.0,74.0,10534.0,-15.0,-6064.0,9.0,-10998.0,38.0,2456.0,66.0,-1864.0,,,,,,,,,,,,,,,,,,,,,,,,,,
93.6,51.0,10432.0,27.0,22435.0,74.0,10512.0,-14.0,-6062.0,9.0,-11001.0,38.0,2458.0,66.0,-1865.0,,,,,,,,,,,,,,,,,,,,,,,,,,
93.63333333333334,52.0,10430.0,27.0,22420.0,73.0,10491.0,-14.0,-6059.0,9.0,-10997.0,39.0,2458.0,66.0,-1866.0,,,,,,,,,,,,,,,,,,,,,,,,,,
93.66666666666667,51.0,10432.0,27.0,22404.0,72.0,10477.0,-14.0,-6060.0,10.0,-10993.0,40.0,2460.0,65.0,-1866.0,,,,,,,,,,,,,,,,,,,,,,,,,,
93.7,52.0,10438.0,26.0,22388.0,72.0,10468.0,-14.0,-6063.0,10.0,-10992.0,40.0,2465.0,66.0,-1865.0,,,,,,,,,,,,,,,,,,,,,,,,,,
93.73333333333333,52.0,10445.0,26.0,22367.0,72.0,10458.0,-14.0,-6062.0,10.0,-10994.0,39.0,2473.0,66.0,-1863.0,,,,,,,,,,,,,,,,,,,,,,,,,,
93.76666666666667,52.0,10456.0,25.0,22344.0,72.0,10448.0,-14.0,-6063.0,10.0,-10994.0,39.0,2480.0,66.0,-1864.0,,,,,,,,,,,,,,,,,,,,,,,,,,
93.8,53.0,10465.0,25.0,22320.0,72.0,10438.0,-14.0,-6067.0,10.0,-10994.0,38.0,2484.0,66.0,-1864.0,,,,,,,,,,,,,,,,,,,,,,,,,,
93.83333333333333,53.0,10472.0,26.0,22301.0,72.0,10422.0,-14.0,-6074.0,9.0,-10998.0,37.0,2483.0,65.0,-1859.0,,,,,,,,,,,,,,,,,,,,,,,,,,
93.86666666666666,52.0,10478.0,26.0,22287.0,72.0,10409.0,-15.0,-6079.0,8.0,-11002.0,37.0,2481.0,65.0,-1856.0,,,,,,,,,,,,,,,,,,,,,,,,,,
93.9,52.0,10489.0,25.0,22275.0,71.0,10399.0,-15.0,-6084.0,8.0,-11003.0,37.0,2480.0,65.0,-1854.0,,,,,,,,,,,,,,,,,,,,,,,,,,
93.93333333333334,52.0,10496.0,25.0,22261.0,71.0,10389.0,-15.0,-6090.0,8.0,-11004.0,36.0,2483.0,66.0,-1856.0,,,,,,,,,,,,,,,,,,,,,,,,,,
93.96666666666667,51.0,10501.0,25.0,22243.0,71.0,10377.0,-16.0,-6092.0,7.0,-11005.0,36.0,2489.0,66.0,-1859.0,,,,,,,,,,,,,,,,,,,,,,,,,,
94.0,51.0,10505.0,25.0,22220.0,71.0,10361.0,-16.0,-6091.0,7.0,-11008.0,36.0,2494.0,67.0,-1862.0,,,,,,,,,,,,,,,,,,,,,,,,,,
94.03333333333333,51.0,10509.0,26.0,22200.0,71.0,10342.0,-15.0,-6090.0,8.0,-11011.0,36.0,2499.0,67.0,-1862.0,,,,,,,,,,,,,,,,,,,,,,,,,,
94.06666666666666,51.0,10514.0,26.0,22183.0,71.0,10322.0,-15.0,-6089.0,8.0,-11013.0,36.0,2503.0,67.0,-1863.0,,,,,,,,,,,,,,,,,,,,,,,,,,
94.1,51.0,10518.0,25.0,22161.0,71.0,10302.0,-15.0,-6093.0,8.0,-11015.0,36.0,2505.0,67.0,-1864.0,,,,,,,,,,,,,,,,,,,,,,,,,,
94.13333333333334,51.0,10521.0,25.0,22140.0,71.0,10288.0,-15.0,-6094.0,9.0,-11014.0,37.0,2508.0,67.0,-1865.0,,,,,,,,,,,,,,,,,,,,,,,,,,
94.16666666666667,51.0,10522.0,24.0,22122.0,71.0,10276.0,-14.0,-6094.0,10.0,-11015.0,37.0,2508.0,66.0,-1867.0,,,,,,,,,,,,,,,,,,,,,,,,,,
94.2,51.0,10522.0,24.0,22105.0,71.0,10266.0,-14.0,-6094.0,10.0,-11012.0,38.0,2511.0,66.0,-1871.0,,,,,,,,,,,,,,,,,,,,,,,,,,
94.23333333333333,51.0,10525.0,24.0,22084.0,70.0,10253.0,-14.0,-6094.0,10.0,-11012.0,38.0,2511.0,65.0,-1873.0,,,,,,,,,,,,,,,,,,,,,,,,,,
94.26666666666667,52.0,10528.0,24.0,22062.0,70.0,10238.0,-15.0,-6096.0,10.0,-11017.0,39.0,2512.0,65.0,-1870.0,,,,,,,,,,,,,,,,,,,,,,,,,,
94.3,52.0,10531.0,24.0,22044.0,70.0,10223.0,-15.0,-6099.0,9.0,-11023.0,39.0,2515.0,65.0,-1866.0,,,,,,,,,,,,,,,,,,,,,,,,,,
94.33333333333333,52.0,10536.0,23.0,22026.0,70.0,10208.0,-15.0,-6100.0,9.0,-11027.0,40.0,2520.0,65.0,-1861.0,,,,,,,,,,,,,,,,,,,,,,,,,,
94.36666666666666,51.0,10540.0,23.0,22009.0,70.0,10190.0,-16.0,-6103.0,9.0,-11031.0,40.0,2529.0,66.0,-1856.0,,,,,,,,,,,,,,,,,,,,,,,,,,
94.4,51.0,10550.0,22.0,21992.0,70.0,10172.0,-16.0,-6104.0,9.0,-11035.0,39.0,2536.0,66.0,-1851.0,,,,,,,,,,,,,,,,,,,,,,,,,,
94.43333333333334,51.0,10559.0,22.0,21974.0,70.0,10154.0,-16.0,-6102.0,10.0,-11036.0,39.0,2540.0,65.0,-1849.0,,,,,,,,,,,,,,,,,,,,,,,,,,
94.46666666666667,50.0,10563.0,22.0,21953.0,70.0,10140.0,-16.0,-6099.0,10.0,-11034.0,39.0,2543.0,65.0,-1850.0,,,,,,,,,,,,,,,,,,,,,,,,,,
94.5,50.0,10564.0,21.0,21938.0,71.0,10123.0,-15.0,-6101.0,11.0,-11031.0,39.0,2545.0,65.0,-1857.0,,,,,,,,,,,,,,,,,,,,,,,,,,
94.53333333333333,51.0,10569.0,21.0,21920.0,71.0,10106.0,-16.0,-6105.0,11.0,-11028.0,39.0,2550.0,65.0,-1864.0,,,,,,,,,,,,,,,,,,,,,,,,,,
94.56666666666666,51.0,10576.0,21.0,21897.0,71.0,10091.0,-16.0,-6109.0,10.0,-11026.0,38.0,2553.0,65.0,-1862.0,,,,,,,,,,,,,,,,,,,,,,,,,,
94.6,51.0,10579.0,21.0,21876.0,70.0,10080.0,-16.0,-6112.0,10.0,-11026.0,37.0,2555.0,64.0,-1862.0,,,,,,,,,,,,,,,,,,,,,,,,,,
94.63333333333334,51.0,10583.0,20.0,21856.0,70.0,10070.0,-16.0,-6114.0,10.0,-11029.0,37.0,2558.0,64.0,-1862.0,,,,,,,,,,,,,,,,,,,,,,,,,,
94.66666666666667,51.0,10588.0,20.0,21836.0,71.0,10060.0,-16.0,-6116.0,10.0,-11032.0,37.0,2559.0,64.0,-1860.0,,,,,,,,,,,,,,,,,,,,,,,,,,
94.7,51.0,10590.0,20.0,21817.0,71.0,10050.0,-16.0,-6116.0,10.0,-11033.0,38.0,2563.0,65.0,-1858.0,,,,,,,,,,,,,,,,,,,,,,,,,,
94.73333333333333,51.0,10592.0,20.0,21796.0,71.0,10036.0,-17.0,-6116.0,10.0,-11034.0,38.0,2566.0,65.0,-1857.0,,,,,,,,,,,,,,,,,,,,,,,,,,
94.76666666666667,51.0,10597.0,21.0,21777.0,71.0,10023.0,-17.0,-6119.0,10.0,-11031.0,38.0,2573.0,65.0,-1855.0,,,,,,,,,,,,,,,,,,,,,,,,,,
94.8,52.0,10604.0,21.0,21761.0,70.0,10005.0,-17.0,-6123.0,9.0,-11029.0,38.0,2581.0,64.0,-1854.0,,,,,,,,,,,,,,,,,,,,,,,,,,
94.83333333333333,52.0,10610.0,21.0,21740.0,70.0,9983.0,-17.0,-6126.0,8.0,-11026.0,38.0,2589.0,64.0,-1852.0,,,,,,,,,,,,,,,,,,,,,,,,,,
94.86666666666666,52.0,10615.0,20.0,21719.0,70.0,9962.0,-18.0,-6126.0,7.0,-11020.0,38.0,2595.0,65.0,-1848.0,,,,,,,,,,,,,,,,,,,,,,,,,,
94.9,51.0,10619.0,20.0,21704.0,70.0,9947.0,-18.0,-6126.0,7.0,-11017.0,37.0,2599.0,65.0,-1843.0,,,,,,,,,,,,,,,,,,,,,,,,,,
94.93333333333334,51.0,10621.0,20.0,21689.0,69.0,9933.0,-18.0,-6127.0,6.0,-11017.0,37.0,2601.0,66.0,-1841.0,,,,,,,,,,,,,,,,,,,,,,,,,,
94.96666666666667,51.0,10621.0,20.0,21671.0,69.0,9918.0,-17.0,-6128.0,7.0,-11019.0,37.0,2599.0,66.0,-1842.0,,,,,,,,,,,,,,,,,,,,,,,,,,
95.0,51.0,10623.0,20.0,21653.0,70.0,9902.0,-16.0,-6127.0,7.0,-11023.0,37.0,2595.0,65.0,-1849.0,,,,,,,,,,,,,,,,,,,,,,,,,,
95.03333333333333,51.0,10624.0,20.0,21634.0,70.0,9884.0,-15.0,-6131.0,7.0,-11026.0,37.0,2595.0,65.0,-1852.0,,,,,,,,,,,,,,,,,,,,,,,,,,
95.06666666666666,51.0,10627.0,20.0,21618.0,70.0,9866.0,-15.0,-6138.0,8.0,-11029.0,37.0,2600.0,65.0,-1852.0,,,,,,,,,,,,,,,,,,,,,,,,,,
95.1,51.0,10635.0,20.0,21601.0,70.0,9847.0,-15.0,-6143.0,9.0,-11036.0,37.0,2607.0,65.0,-1853.0,,,,,,,,,,,,,,,,,,,,,,,,,,
95.13333333333334,51.0,10643.0,20.0,21582.0,70.0,9829.0,-15.0,-6145.0,9.0,-11041.0,37.0,2615.0,65.0,-1850.0,,,,,,,,,,,,,,,,,,,,,,,,,,
95.16666666666667,51.0,10646.0,20.0,21563.0,69.0,9810.0,-15.0,-6148.0,10.0,-11046.0,38.0,2622.0,65.0,-1847.0,,,,,,,,,,,,,,,,,,,,,,,,,,
95.2,50.0,10648.0,20.0,21542.0,68.0,9794.0,-14.0,-6153.0,10.0,-11053.0,38.0,2630.0,65.0,-1844.0,,,,,,,,,,,,,,,,,,,,,,,,,,
95.23333333333333,50.0,10646.0,20.0,21519.0,69.0,9780.0,-14.0,-6156.0,10.0,-11057.0,38.0,2635.0,65.0,-1841.0,,,,,,,,,,,,,,,,,,,,,,,,,,
95.26666666666667,50.0,10642.0,20.0,21501.0,69.0,9764.0,-15.0,-6157.0,10.0,-11054.0,37.0,2638.0,65.0,-1841.0,,,,,,,,,,,,,,,,,,,,,,,,,,
95.3,51.0,10640.0,20.0,21482.0,70.0,9751.0,-15.0,-6156.0,10.0,-11050.0,37.0,2642.0,64.0,-1841.0,,,,,,,,,,,,,,,,,,,,,,,,,,
95.33333333333333,51.0,10644.0,20.0,21459.0,71.0,9740.0,-16.0,-6151.0,10.0,-11047.0,37.0,2649.0,64.0,-1842.0,,,,,,,,,,,,,,,,,,,,,,,,,,
95.36666666666666,51.0,10650.0,19.0,21439.0,71.0,9728.0,-16.0,-6147.0,10.0,-11043.0,37.0,2654.0,65.0,-1846.0,,,,,,,,,,,,,,,,,,,,,,,,,,
95.4,52.0,10655.0,19.0,21425.0,71.0,9711.0,-15.0,-6143.0,10.0,-11041.0,37.0,2657.0,65.0,-1848.0,,,,,,,,,,,,,,,,,,,,,,,,,,
95.43333333333334,51.0,10657.0,19.0,21409.0,70.0,9692.0,-15.0,-6141.0,10.0,-11040.0,37.0,2659.0,65.0,-1850.0,,,,,,,,,,,,,,,,,,,,,,,,,,
95.46666666666667,51.0,10658.0,19.0,21394.0,70.0,9671.0,-15.0,-6141.0,9.0,-11040.0,37.0,2658.0,65.0,-1852.0,,,,,,,,,,,,,,,,,,,,,,,,,,
95.5,51.0,10659.0,19.0,21378.0,69.0,9654.0,-15.0,-6141.0,9.0,-11041.0,37.0,2655.0,64.0,-1854.0,,,,,,,,,,,,,,,,,,,,,,,,,,
95.53333333333333,51.0,10663.0,20.0,21367.0,69.0,9641.0,-15.0,-6145.0,9.0,-11043.0,36.0,2655.0,64.0,-1856.0,,,,,,,,,,,,,,,,,,,,,,,,,,
95.56666666666666,51.0,10669.0,20.0,21352.0,69.0,9627.0,-15.0,-6151.0,9.0,-11045.0,36.0,2661.0,64.0,-1855.0,,,,,,,,,,,,,,,,,,,,,,,,,,
95.6,51.0,10675.0,20.0,21344.0,69.0,9613.0,-15.0,-6153.0,9.0,-11050.0,36.0,2667.0,64.0,-1853.0,,,,,,,,,,,,,,,,,,,,,,,,,,
95.63333333333334,50.0,10677.0,19.0,21329.0,69.0,9599.0,-15.0,-6154.0,10.0,-11057.0,36.0,2669.0,64.0,-1850.0,,,,,,,,,,,,,,,,,,,,,,,,,,
95.66666666666667,50.0,10680.0,18.0,21310.0,69.0,9587.0,-16.0,-6156.0,10.0,-11060.0,36.0,2671.0,64.0,-1846.0,,,,,,,,,,,,,,,,,,,,,,,,,,
95.7,50.0,10682.0,17.0,21291.0,69.0,9575.0,-16.0,-6157.0,10.0,-11057.0,37.0,2677.0,64.0,-1841.0,,,,,,,,,,,,,,,,,,,,,,,,,,
95.73333333333333,51.0,10679.0,17.0,21272.0,69.0,9556.0,-16.0,-6157.0,9.0,-11051.0,37.0,2686.0,65.0,-1838.0,,,,,,,,,,,,,,,,,,,,,,,,,,
95.76666666666667,51.0,10675.0,17.0,21252.0,69.0,9537.0,-16.0,-6160.0,10.0,-11046.0,37.0,2694.0,65.0,-1839.0,,,,,,,,,,,,,,,,,,,,,,,,,,
95.8,51.0,10672.0,18.0,21230.0,69.0,9522.0,-16.0,-6163.0,10.0,-11046.0,37.0,2702.0,65.0,-1837.0,,,,,,,,,,,,,,,,,,,,,,,,,,
95.83333333333333,51.0,10676.0,18.0,21205.0,68.0,9511.0,-16.0,-6163.0,10.0,-11050.0,37.0,2711.0,64.0,-1832.0,,,,,,,,,,,,,,,,,,,,,,,,,,
95.86666666666666,51.0,10683.0,17.0,21184.0,68.0,9498.0,-16.0,-6167.0,10.0,-11049.0,38.0,2720.0,63.0,-1827.0,,,,,,,,,,,,,,,,,,,,,,,,,,
95.9,51.0,10685.0,17.0,21162.0,68.0,9482.0,-16.0,-6174.0,10.0,-11049.0,38.0,2725.0,62.0,-1820.0,,,,,,,,,,,,,,,,,,,,,,,,,,
95.93333333333334,50.0,10689.0,17.0,21144.0,68.0,9465.0,-15.0,-6177.0,10.0,-11050.0,38.0,2729.0,61.0,-1810.0,,,,,,,,,,,,,,,,,,,,,,,,,,
95.96666666666667,50.0,10691.0,16.0,21126.0,68.0,9447.0,-15.0,-6175.0,11.0,-11050.0,38.0,2733.0,61.0,-1805.0,,,,,,,,,,,,,,,,,,,,,,,,,,
96.0,50.0,10692.0,16.0,21108.0,68.0,9427.0,-15.0,-6174.0,10.0,-11049.0,38.0,2737.0,62.0,-1805.0,,,,,,,,,,,,,,,,,,,,,,,,,,
96.03333333333333,49.0,10694.0,16.0,21087.0,68.0,9408.0,-15.0,-6173.0,10.0,-11051.0,39.0,2742.0,62.0,-1809.0,,,,,,,,,,,,,,,,,,,,,,,,,,
96.06666666666666,49.0,10694.0,16.0,21067.0,68.0,9387.0,-15.0,-6176.0,10.0,-11052.0,39.0,2748.0,62.0,-1809.0,,,,,,,,,,,,,,,,,,,,,,,,,,
96.1,49.0,10692.0,16.0,21050.0,68.0,9365.0,-15.0,-6177.0,9.0,-11053.0,38.0,2755.0,63.0,-1805.0,,,,,,,,,,,,,,,,,,,,,,,,,,
96.13333333333334,49.0,10690.0,17.0,21039.0,67.0,9343.0,-15.0,-6173.0,9.0,-11056.0,38.0,2761.0,63.0,-1799.0,,,,,,,,,,,,,,,,,,,,,,,,,,
96.16666666666667,49.0,10689.0,17.0,21028.0,67.0,9322.0,-15.0,-6169.0,8.0,-11059.0,37.0,2766.0,62.0,-1793.0,,,,,,,,,,,,,,,,,,,,,,,,,,
96.2,49.0,10691.0,18.0,21013.0,66.0,9302.0,-16.0,-6166.0,7.0,-11058.0,37.0,2767.0,62.0,-1791.0,,,,,,,,,,,,,,,,,,,,,,,,,,
96.23333333333333,49.0,10695.0,18.0,20999.0,67.0,9286.0,-16.0,-6164.0,7.0,-11059.0,36.0,2768.0,62.0,-1793.0,,,,,,,,,,,,,,,,,,,,,,,,,,
96.26666666666667,50.0,10701.0,18.0,20983.0,67.0,9271.0,-16.0,-6163.0,7.0,-11060.0,36.0,2773.0,62.0,-1796.0,,,,,,,,,,,,,,,,,,,,,,,,,,
96.3,49.0,10705.0,18.0,20965.0,67.0,9262.0,-16.0,-6160.0,7.0,-11061.0,35.0,2779.0,61.0,-1797.0,,,,,,,,,,,,,,,,,,,,,,,,,,
96.33333333333333,49.0,10707.0,17.0,20947.0,67.0,9251.0,-16.0,-6161.0,7.0,-11062.0,35.0,2782.0,61.0,-1798.0,,,,,,,,,,,,,,,,,,,,,,,,,,
96.36666666666666,49.0,10706.0,16.0,20927.0,67.0,9240.0,-15.0,-6162.0,7.0,-11064.0,36.0,2784.0,62.0,-1799.0,,,,,,,,,,,,,,,,,,,,,,,,,,
96.4,48.0,10704.0,16.0,20910.0,67.0,9226.0,-15.0,-6164.0,7.0,-11062.0,36.0,2788.0,61.0,-1796.0,,,,,,,,,,,,,,,,,,,,,,,,,,
96.43333333333334,48.0,10699.0,15.0,20890.0,67.0,9214.0,-15.0,-6167.0,7.0,-11062.0,36.0,2792.0,61.0,-1791.0,,,,,,,,,,,,,,,,,,,,,,,,,,
96.46666666666667,49.0,10696.0,15.0,20869.0,67.0,9204.0,-15.0,-6174.0,7.0,-11059.0,36.0,2801.0,62.0,-1785.0,,,,,,,,,,,,,,,,,,,,,,,,,,
96.5,49.0,10699.0,15.0,20846.0,68.0,9188.0,-14.0,-6181.0,7.0,-11058.0,36.0,2810.0,62.0,-1777.0,,,,,,,,,,,,,,,,,,,,,,,,,,
96.53333333333333,49.0,10702.0,15.0,20820.0,68.0,9172.0,-14.0,-6184.0,8.0,-11060.0,36.0,2820.0,62.0,-1772.0,,,,,,,,,,,,,,,,,,,,,,,,,,
96.56666666666666,49.0,10701.0,14.0,20796.0,68.0,9154.0,-14.0,-6190.0,7.0,-11061.0,36.0,2829.0,62.0,-1770.0,,,,,,,,,,,,,,,,,,,,,,,,,,
96.6,48.0,10698.0,14.0,20777.0,68.0,9138.0,-14.0,-6200.0,7.0,-11061.0,36.0,2834.0,62.0,-1770.0,,,,,,,,,,,,,,,,,,,,,,,,,,
96.63333333333334,48.0,10701.0,14.0,20758.0,68.0,9120.0,-14.0,-6207.0,8.0,-11062.0,36.0,2840.0,62.0,-1768.0,,,,,,,,,,,,,,,,,,,,,,,,,,
96.66666666666667,48.0,10707.0,14.0,20742.0,68.0,9101.0,-15.0,-6211.0,7.0,-11060.0,36.0,2846.0,62.0,-1766.0,,,,,,,,,,,,,,,,,,,,,,,,,,
96.7,48.0,10713.0,14.0,20726.0,68.0,9084.0,-15.0,-6213.0,7.0,-11060.0,36.0,2853.0,62.0,-1766.0,,,,,,,,,,,,,,,,,,,,,,,,,,
96.73333333333333,48.0,10714.0,15.0,20704.0,67.0,9066.0,-15.0,-6213.0,7.0,-11056.0,36.0,2857.0,62.0,-1766.0,,,,,,,,,,,,,,,,,,,,,,,,,,
96.76666666666667,48.0,10715.0,16.0,20684.0,67.0,9046.0,-15.0,-6213.0,7.0,-11049.0,36.0,2861.0,62.0,-1766.0,,,,,,,,,,,,,,,,,,,,,,,,,,
96.8,49.0,10716.0,16.0,20668.0,66.0,9026.0,-15.0,-6214.0,7.0,-11049.0,36.0,2866.0,62.0,-1766.0,,,,,,,,,,,,,,,,,,,,,,,,,,
96.83333333333333,49.0,10718.0,15.0,20652.0,66.0,9009.0,-16.0,-6214.0,8.0,-11047.0,36.0,2876.0,62.0,-1763.0,,,,,,,,,,,,,,,,,,,,,,,,,,
96.86666666666666,49.0,10719.0,14.0,20634.0,67.0,8996.0,-15.0,-6212.0,8.0,-11045.0,36.0,2887.0,62.0,-1755.0,,,,,,,,,,,,,,,,,,,,,,,,,,
96.9,49.0,10715.0,14.0,20618.0,67.0,8985.0,-15.0,-6208.0,8.0,-11044.0,36.0,2895.0,62.0,-1750.0,,,,,,,,,,,,,,,,,,,,,,,,,,
96.93333333333334,49.0,10711.0,14.0,20601.0,67.0,8975.0,-16.0,-6205.0,8.0,-11046.0,35.0,2905.0,62.0,-1746.0,,,,,,,,,,,,,,,,,,,,,,,,,,
96.96666666666667,49.0,10711.0,15.0,20585.0,67.0,8960.0,-15.0,-6205.0,8.0,-11045.0,34.0,2912.0,62.0,-1745.0,,,,,,,,,,,,,,,,,,,,,,,,,,
97.0,49.0,10715.0,15.0,20573.0,67.0,8943.0,-15.0,-6205.0,9.0,-11043.0,34.0,2918.0,62.0,-1744.0,,,,,,,,,,,,,,,,,,,,,,,,,,
97.03333333333333,49.0,10718.0,15.0,20560.0,66.0,8928.0,-15.0,-6207.0,9.0,-11041.0,35.0,2926.0,62.0,-1744.0,,,,,,,,,,,,,,,,,,,,,,,,,,
97.06666666666666,49.0,10717.0,15.0,20548.0,67.0,8915.0,-15.0,-6208.0,9.0,-11038.0,35.0,2932.0,62.0,-1746.0,,,,,,,,,,,,,,,,,,,,,,,,,,
97.1,49.0,10717.0,14.0,20538.0,67.0,8906.0,-15.0,-6208.0,9.0,-11038.0,36.0,2934.0,63.0,-1744.0,,,,,,,,,,,,,,,,,,,,,,,,,,
97.13333333333334,49.0,10720.0,13.0,20526.0,66.0,8898.0,-15.0,-6209.0,9.0,-11039.0,36.0,2934.0,63.0,-1743.0,,,,,,,,,,,,,,,,,,,,,,,,,,
97.16666666666667,48.0,10726.0,13.0,20516.0,66.0,8881.0,-16.0,-6213.0,9.0,-11039.0,36.0,2936.0,63.0,-1741.0,,,,,,,,,,,,,,,,,,,,,,,,,,
97.2,48.0,10726.0,12.0,20506.0,65.0,8855.0,-16.0,-6215.0,8.0,-11038.0,35.0,2936.0,63.0,-1735.0,,,,,,,,,,,,,,,,,,,,,,,,,,
97.23333333333333,48.0,10728.0,11.0,20493.0,65.0,8829.0,-16.0,-6216.0,8.0,-11038.0,35.0,2936.0,63.0,-1730.0,,,,,,,,,,,,,,,,,,,,,,,,,,
97.26666666666667,48.0,10732.0,11.0,20479.0,65.0,8806.0,-16.0,-6217.0,8.0,-11040.0,35.0,2935.0,62.0,-1727.0,,,,,,,,,,,,,,,,,,,,,,,,,,
97.3,48.0,10732.0,11.0,20463.0,65.0,8784.0,-16.0,-6220.0,8.0,-11041.0,34.0,2938.0,62.0,-1723.0,,,,,,,,,,,,,,,,,,,,,,,,,,
97.33333333333333,48.0,10730.0,12.0,20451.0,65.0,8764.0,-16.0,-6222.0,8.0,-11040.0,34.0,2941.0,62.0,-1718.0,,,,,,,,,,,,,,,,,,,,,,,,,,
97.36666666666666,48.0,10730.0,12.0,20438.0,65.0,8749.0,-16.0,-6222.0,8.0,-11038.0,34.0,2945.0,62.0,-1714.0,,,,,,,,,,,,,,,,,,,,,,,,,,
97.4,48.0,10730.0,12.0,20424.0,66.0,8732.0,-15.0,-6222.0,8.0,-11036.0,34.0,2951.0,62.0,-1715.0,,,,,,,,,,,,,,,,,,,,,,,,,,
97.43333333333334,47.0,10730.0,12.0,20408.0,66.0,8716.0,-15.0,-6224.0,8.0,-11032.0,34.0,2958.0,62.0,-1716.0,,,,,,,,,,,,,,,,,,,,,,,,,,
97.46666666666667,46.0,10728.0,12.0,20394.0,66.0,8702.0,-15.0,-6226.0,8.0,-11028.0,35.0,2967.0,61.0,-1718.0,,,,,,,,,,,,,,,,,,,,,,,,,,
97.5,46.0,10727.0,12.0,20383.0,66.0,8687.0,-15.0,-6231.0,8.0,-11025.0,35.0,2974.0,61.0,-1716.0,,,,,,,,,,,,,,,,,,,,,,,,,,
97.53333333333333,46.0,10726.0,11.0,20380.0,65.0,8672.0,-15.0,-6238.0,8.0,-11027.0,36.0,2980.0,61.0,-1710.0,,,,,,,,,,,,,,,,,,,,,,,,,,
97.56666666666666,46.0,10726.0,11.0,20372.0,65.0,8660.0,-15.0,-6244.0,8.0,-11027.0,35.0,2992.0,61.0,-1703.0,,,,,,,,,,,,,,,,,,,,,,,,,,
97.6,47.0,10726.0,10.0,20362.0,65.0,8647.0,-15.0,-6245.0,8.0,-11024.0,36.0,3005.0,61.0,-1695.0,,,,,,,,,,,,,,,,,,,,,,,,,,
97.63333333333334,47.0,10727.0,10.0,20348.0,65.0,8635.0,-15.0,-6244.0,8.0,-11025.0,35.0,3016.0,61.0,-1691.0,,,,,,,,,,,,,,,,,,,,,,,,,,
97.66666666666667,47.0,10731.0,11.0,20328.0,65.0,8620.0,-15.0,-6246.0,7.0,-11026.0,35.0,3025.0,61.0,-1690.0,,,,,,,,,,,,,,,,,,,,,,,,,,
97.7,47.0,10734.0,11.0,20305.0,65.0,8605.0,-15.0,-6247.0,7.0,-11024.0,35.0,3034.0,61.0,-1689.0,,,,,,,,,,,,,,,,,,,,,,,,,,
97.73333333333333,47.0,10736.0,11.0,20284.0,64.0,8588.0,-15.0,-6246.0,7.0,-11018.0,35.0,3045.0,61.0,-1688.0,,,,,,,,,,,,,,,,,,,,,,,,,,
97.76666666666667,47.0,10736.0,10.0,20266.0,64.0,8571.0,-16.0,-6241.0,7.0,-11014.0,34.0,3054.0,61.0,-1686.0,,,,,,,,,,,,,,,,,,,,,,,,,,
97.8,47.0,10730.0,10.0,20251.0,64.0,8554.0,-16.0,-6234.0,7.0,-11012.0,34.0,3061.0,61.0,-1687.0,,,,,,,,,,,,,,,,,,,,,,,,,,
97.83333333333333,47.0,10724.0,10.0,20237.0,64.0,8542.0,-16.0,-6231.0,7.0,-11008.0,34.0,3068.0,61.0,-1685.0,,,,,,,,,,,,,,,,,,,,,,,,,,
97.86666666666666,47.0,10722.0,9.0,20227.0,64.0,8531.0,-16.0,-6230.0,8.0,-11007.0,34.0,3077.0,61.0,-1685.0,,,,,,,,,,,,,,,,,,,,,,,,,,
97.9,46.0,10720.0,9.0,20221.0,64.0,8516.0,-16.0,-6229.0,8.0,-11002.0,34.0,3087.0,61.0,-1685.0,,,,,,,,,,,,,,,,,,,,,,,,,,
97.93333333333334,46.0,10718.0,9.0,20213.0,64.0,8501.0,-15.0,-6231.0,9.0,-11000.0,35.0,3096.0,61.0,-1684.0,,,,,,,,,,,,,,,,,,,,,,,,,,
97.96666666666667,46.0,10716.0,9.0,20205.0,63.0,8486.0,-15.0,-6235.0,9.0,-10999.0,35.0,3106.0,61.0,-1681.0,,,,,,,,,,,,,,,,,,,,,,,,,,
98.0,47.0,10715.0,8.0,20200.0,64.0,8471.0,-15.0,-6239.0,8.0,-10997.0,35.0,3117.0,61.0,-1673.0,,,,,,,,,,,,,,,,,,,,,,,,,,
98.03333333333333,48.0,10713.0,9.0,20185.0,63.0,8456.0,-15.0,-6241.0,7.0,-10994.0,35.0,3126.0,61.0,-1666.0,,,,,,,,,,,,,,,,,,,,,,,,,,
98.06666666666666,48.0,10712.0,9.0,20168.0,63.0,8441.0,-15.0,-6241.0,7.0,-10988.0,35.0,3132.0,61.0,-1659.0,,,,,,,,,,,,,,,,,,,,,,,,,,
98.1,49.0,10715.0,9.0,20157.0,62.0,8424.0,-14.0,-6244.0,7.0,-10983.0,35.0,3139.0,61.0,-1652.0,,,,,,,,,,,,,,,,,,,,,,,,,,
98.13333333333334,49.0,10720.0,10.0,20148.0,62.0,8414.0,-15.0,-6245.0,7.0,-10979.0,35.0,3150.0,61.0,-1646.0,,,,,,,,,,,,,,,,,,,,,,,,,,
98.16666666666667,48.0,10727.0,10.0,20138.0,62.0,8410.0,-15.0,-6242.0,7.0,-10982.0,34.0,3161.0,61.0,-1644.0,,,,,,,,,,,,,,,,,,,,,,,,,,
98.2,47.0,10736.0,10.0,20124.0,62.0,8403.0,-15.0,-6239.0,8.0,-10984.0,34.0,3168.0,61.0,-1644.0,,,,,,,,,,,,,,,,,,,,,,,,,,
98.23333333333333,46.0,10743.0,10.0,20112.0,63.0,8390.0,-15.0,-6239.0,8.0,-10987.0,34.0,3177.0,61.0,-1642.0,,,,,,,,,,,,,,,,,,,,,,,,,,
98.26666666666667,46.0,10745.0,10.0,20103.0,63.0,8379.0,-14.0,-6242.0,8.0,-10987.0,34.0,3188.0,61.0,-1639.0,,,,,,,,,,,,,,,,,,,,,,,,,,
98.3,46.0,10745.0,11.0,20094.0,64.0,8364.0,-14.0,-6242.0,8.0,-10980.0,33.0,3197.0,61.0,-1632.0,,,,,,,,,,,,,,,,,,,,,,,,,,
98.33333333333333,46.0,10743.0,11.0,20085.0,64.0,8344.0,-14.0,-6241.0,7.0,-10976.0,33.0,3206.0,61.0,-1623.0,,,,,,,,,,,,,,,,,,,,,,,,,,
98.36666666666666,46.0,10742.0,12.0,20076.0,64.0,8327.0,-14.0,-6241.0,7.0,-10974.0,33.0,3213.0,61.0,-1615.0,,,,,,,,,,,,,,,,,,,,,,,,,,
98.4,46.0,10741.0,11.0,20066.0,65.0,8308.0,-14.0,-6239.0,7.0,-10972.0,33.0,3220.0,61.0,-1609.0,,,,,,,,,,,,,,,,,,,,,,,,,,
98.43333333333334,47.0,10737.0,11.0,20058.0,65.0,8289.0,-14.0,-6237.0,8.0,-10971.0,33.0,3227.0,61.0,-1607.0,,,,,,,,,,,,,,,,,,,,,,,,,,
98.46666666666667,47.0,10733.0,11.0,20049.0,65.0,8271.0,-15.0,-6236.0,7.0,-10972.0,33.0,3235.0,60.0,-1607.0,,,,,,,,,,,,,,,,,,,,,,,,,,
98.5,47.0,10729.0,10.0,20038.0,65.0,8258.0,-16.0,-6236.0,7.0,-10971.0,34.0,3243.0,59.0,-1607.0,,,,,,,,,,,,,,,,,,,,,,,,,,
98.53333333333333,47.0,10724.0,9.0,20032.0,64.0,8246.0,-16.0,-6240.0,8.0,-10969.0,34.0,3255.0,59.0,-1607.0,,,,,,,,,,,,,,,,,,,,,,,,,,
98.56666666666666,47.0,10726.0,9.0,20026.0,64.0,8227.0,-16.0,-6246.0,8.0,-10970.0,35.0,3262.0,59.0,-1607.0,,,,,,,,,,,,,,,,,,,,,,,,,,
98.6,47.0,10729.0,8.0,20021.0,63.0,8211.0,-16.0,-6251.0,7.0,-10971.0,36.0,3270.0,59.0,-1607.0,,,,,,,,,,,,,,,,,,,,,,,,,,
98.63333333333334,47.0,10731.0,8.0,20013.0,63.0,8195.0,-16.0,-6253.0,7.0,-10964.0,36.0,3281.0,59.0,-1609.0,,,,,,,,,,,,,,,,,,,,,,,,,,
98.66666666666667,47.0,10735.0,7.0,20003.0,63.0,8178.0,-16.0,-6254.0,6.0,-10957.0,36.0,3294.0,59.0,-1611.0,,,,,,,,,,,,,,,,,,,,,,,,,,
98.7,47.0,10745.0,7.0,19992.0,63.0,8161.0,-16.0,-6252.0,6.0,-10955.0,37.0,3309.0,59.0,-1606.0,,,,,,,,,,,,,,,,,,,,,,,,,,
98.73333333333333,46.0,10750.0,7.0,19986.0,63.0,8146.0,-16.0,-6248.0,7.0,-10955.0,36.0,3323.0,59.0,-1595.0,,,,,,,,,,,,,,,,,,,,,,,,,,
98.76666666666667,46.0,10750.0,6.0,19980.0,64.0,8133.0,-16.0,-6243.0,7.0,-10954.0,36.0,3333.0,59.0,-1585.0,,,,,,,,,,,,,,,,,,,,,,,,,,
98.8,46.0,10754.0,7.0,19977.0,64.0,8116.0,-16.0,-6240.0,7.0,-10951.0,35.0,3343.0,58.0,-1579.0,,,,,,,,,,,,,,,,,,,,,,,,,,
98.83333333333333,46.0,10762.0,7.0,19973.0,64.0,8096.0,-16.0,-6238.0,7.0,-10949.0,35.0,3352.0,57.0,-1574.0,,,,,,,,,,,,,,,,,,,,,,,,,,
98.86666666666666,45.0,10766.0,7.0,19966.0,64.0,8079.0,-16.0,-6238.0,7.0,-10948.0,34.0,3358.0,57.0,-1568.0,,,,,,,,,,,,,,,,,,,,,,,,,,
98.9,45.0,10772.0,7.0,19959.0,63.0,8068.0,-16.0,-6241.0,7.0,-10944.0,34.0,3362.0,57.0,-1567.0,,,,,,,,,,,,,,,,,,,,,,,,,,
98.93333333333334,45.0,10782.0,7.0,19958.0,63.0,8058.0,-17.0,-6242.0,7.0,-10939.0,34.0,3368.0,57.0,-1564.0,,,,,,,,,,,,,,,,,,,,,,,,,,
98.96666666666667,45.0,10789.0,7.0,19955.0,63.0,8044.0,-17.0,-6241.0,6.0,-10932.0,34.0,3377.0,58.0,-1560.0,,,,,,,,,,,,,,,,,,,,,,,,,,
99.0,45.0,10794.0,7.0,19953.0,63.0,8031.0,-16.0,-6242.0,7.0,-10928.0,35.0,3387.0,58.0,-1559.0,,,,,,,,,,,,,,,,,,,,,,,,,,
99.03333333333333,45.0,10795.0,7.0,19952.0,62.0,8015.0,-16.0,-6245.0,6.0,-10930.0,34.0,3397.0,59.0,-1553.0,,,,,,,,,,,,,,,,,,,,,,,,,,
99.06666666666666,45.0,10796.0,7.0,19950.0,62.0,8003.0,-16.0,-6246.0,6.0,-10931.0,34.0,3408.0,58.0,-1545.0,,,,,,,,,,,,,,,,,,,,,,,,,,
99.1,45.0,10798.0,8.0,19947.0,62.0,7993.0,-16.0,-6245.0,6.0,-10930.0,35.0,3416.0,58.0,-1540.0,,,,,,,,,,,,,,,,,,,,,,,,,,
99.13333333333334,44.0,10798.0,8.0,19940.0,62.0,7981.0,-16.0,-6248.0,6.0,-10930.0,35.0,3422.0,58.0,-1536.0,,,,,,,,,,,,,,,,,,,,,,,,,,
99.16666666666667,44.0,10796.0,8.0,19930.0,62.0,7967.0,-16.0,-6251.0,6.0,-10933.0,35.0,3429.0,58.0,-1528.0,,,,,,,,,,,,,,,,,,,,,,,,,,
99.2,44.0,10794.0,7.0,19917.0,62.0,7953.0,-16.0,-6249.0,6.0,-10937.0,34.0,3437.0,58.0,-1520.0,,,,,,,,,,,,,,,,,,,,,,,,,,
99.23333333333333,43.0,10790.0,7.0,19902.0,62.0,7938.0,-17.0,-6249.0,7.0,-10937.0,34.0,3443.0,59.0,-1512.0,,,,,,,,,,,,,,,,,,,,,,,,,,
99.26666666666667,43.0,10785.0,7.0,19893.0,62.0,7922.0,-17.0,-6254.0,7.0,-10931.0,34.0,3449.0,59.0,-1508.0,,,,,,,,,,,,,,,,,,,,,,,,,,
99.3,44.0,10784.0,6.0,19890.0,63.0,7906.0,-17.0,-6259.0,8.0,-10924.0,34.0,3458.0,59.0,-1502.0,,,,,,,,,,,,,,,,,,,,,,,,,,
99.33333333333333,44.0,10783.0,6.0,19888.0,63.0,7892.0,-16.0,-6260.0,8.0,-10920.0,35.0,3470.0,59.0,-1496.0,,,,,,,,,,,,,,,,,,,,,,,,,,
99.36666666666666,45.0,10788.0,5.0,19885.0,63.0,7878.0,-16.0,-6258.0,8.0,-10920.0,35.0,3481.0,59.0,-1495.0,,,,,,,,,,,,,,,,,,,,,,,,,,
99.4,45.0,10792.0,5.0,19883.0,64.0,7862.0,-16.0,-6255.0,8.0,-10917.0,35.0,3494.0,58.0,-1491.0,,,,,,,,,,,,,,,,,,,,,,,,,,
99.43333333333334,45.0,10795.0,5.0,19889.0,63.0,7846.0,-16.0,-6253.0,8.0,-10915.0,35.0,3513.0,58.0,-1484.0,,,,,,,,,,,,,,,,,,,,,,,,,,
99.46666666666667,45.0,10801.0,5.0,19894.0,63.0,7832.0,-16.0,-6251.0,9.0,-10910.0,35.0,3531.0,58.0,-1480.0,,,,,,,,,,,,,,,,,,,,,,,,,,
99.5,45.0,10807.0,5.0,19899.0,62.0,7820.0,-15.0,-6247.0,9.0,-10908.0,35.0,3545.0,58.0,-1475.0,,,,,,,,,,,,,,,,,,,,,,,,,,
99.53333333333333,45.0,10811.0,5.0,19903.0,62.0,7805.0,-15.0,-6245.0,9.0,-10904.0,35.0,3551.0,57.0,-1470.0,,,,,,,,,,,,,,,,,,,,,,,,,,
99.56666666666666,44.0,10814.0,5.0,19903.0,62.0,7786.0,-15.0,-6245.0,8.0,-10899.0,35.0,3554.0,56.0,-1467.0,,,,,,,,,,,,,,,,,,,,,,,,,,
99.6,44.0,10818.0,5.0,19900.0,62.0,7770.0,-15.0,-6246.0,7.0,-10896.0,35.0,3563.0,56.0,-1461.0,,,,,,,,,,,,,,,,,,,,,,,,,,
99.63333333333334,44.0,10820.0,5.0,19898.0,62.0,7759.0,-15.0,-6245.0,8.0,-10891.0,36.0,3577.0,56.0,-1451.0,,,,,,,,,,,,,,,,,,,,,,,,,,
99.66666666666667,45.0,10824.0,5.0,19896.0,62.0,7751.0,-15.0,-6241.0,7.0,-10882.0,36.0,3594.0,56.0,-1444.0,,,,,,,,,,,,,,,,,,,,,,,,,,
99.7,44.0,10829.0,5.0,19895.0,62.0,7746.0,-15.0,-6242.0,7.0,-10880.0,36.0,3610.0,57.0,-1435.0,,,,,,,,,,,,,,,,,,,,,,,,,,
99.73333333333333,44.0,10833.0,5.0,19894.0,62.0,7740.0,-16.0,-6243.0,8.0,-10881.0,36.0,3622.0,58.0,-1427.0,,,,,,,,,,,,,,,,,,,,,,,,,,
99.76666666666667,44.0,10833.0,5.0,19894.0,62.0,7728.0,-16.0,-6245.0,8.0,-10881.0,36.0,3633.0,58.0,-1417.0,,,,,,,,,,,,,,,,,,,,,,,,,,
99.8,44.0,10831.0,4.0,19893.0,62.0,7713.0,-16.0,-6244.0,8.0,-10879.0,36.0,3644.0,58.0,-1409.0,,,,,,,,,,,,,,,,,,,,,,,,,,
99.83333333333333,44.0,10832.0,4.0,19891.0,62.0,7702.0,-16.0,-6245.0,8.0,-10878.0,36.0,3659.0,57.0,-1406.0,,,,,,,,,,,,,,,,,,,,,,,,,,
99.86666666666666,44.0,10837.0,4.0,19888.0,62.0,7691.0,-16.0,-6247.0,7.0,-10876.0,35.0,3672.0,56.0,-1401.0,,,,,,,,,,,,,,,,,,,,,,,,,,
99.9,45.0,10841.0,4.0,19887.0,61.0,7679.0,-15.0,-6245.0,6.0,-10872.0,35.0,3682.0,55.0,-1397.0,,,,,,,,,,,,,,,,,,,,,,,,,,
99.93333333333334,45.0,10848.0,5.0,19888.0,61.0,7663.0,-15.0,-6241.0,6.0,-10867.0,35.0,3692.0,55.0,-1396.0,,,,,,,,,,,,,,,,,,,,,,,,,,
99.96666666666667,45.0,10855.0,5.0,19889.0,60.0,7647.0,-16.0,-6238.0,6.0,-10862.0,35.0,3702.0,55.0,-1397.0,,,,,,,,,,,,,,,,,,,,,,,,,,
100.0,45.0,10857.0,6.0,19886.0,61.0,7632.0,-16.0,-6236.0,6.0,-10854.0,35.0,3709.0,56.0,-1397.0,,,,,,,,,,,,,,,,,,,,,,,,,,
100.03333333333333,45.0,10860.0,6.0,19885.0,60.0,7617.0,-16.0,-6240.0,6.0,-10846.0,35.0,3723.0,56.0,-1397.0,,,,,,,,,,,,,,,,,,,,,,,,,,
100.06666666666666,45.0,10861.0,5.0,19885.0,60.0,7607.0,-15.0,-6246.0,5.0,-10839.0,35.0,3736.0,56.0,-1396.0,,,,,,,,,,,,,,,,,,,,,,,,,,
100.1,44.0,10868.0,5.0,19885.0,60.0,7599.0,-15.0,-6252.0,5.0,-10835.0,34.0,3746.0,56.0,-1392.0,,,,,,,,,,,,,,,,,,,,,,,,,,
100.13333333333334,44.0,10876.0,5.0,19885.0,60.0,7589.0,-15.0,-6256.0,6.0,-10835.0,34.0,3758.0,56.0,-1383.0,,,,,,,,,,,,,,,,,,,,,,,,,,
100.16666666666667,43.0,10884.0,4.0,19885.0,60.0,7578.0,-15.0,-6257.0,6.0,-10831.0,34.0,3775.0,56.0,-1374.0,,,,,,,,,,,,,,,,,,,,,,,,,,
100.2,43.0,10889.0,4.0,19887.0,60.0,7569.0,-15.0,-6255.0,6.0,-10831.0,34.0,3793.0,57.0,-1363.0,,,,,,,,,,,,,,,,,,,,,,,,,,
100.23333333333333,43.0,10891.0,4.0,19884.0,60.0,7559.0,-15.0,-6250.0,6.0,-10832.0,34.0,3809.0,57.0,-1349.0,,,,,,,,,,,,,,,,,,,,,,,,,,
100.26666666666667,43.0,10891.0,5.0,19887.0,60.0,7548.0,-16.0,-6245.0,7.0,-10828.0,34.0,3822.0,57.0,-1339.0,,,,,,,,,,,,,,,,,,,,,,,,,,
100.3,43.0,10888.0,5.0,19891.0,61.0,7535.0,-17.0,-6243.0,8.0,-10825.0,33.0,3834.0,57.0,-1331.0,,,,,,,,,,,,,,,,,,,,,,,,,,
100.33333333333333,42.0,10890.0,5.0,19896.0,60.0,7523.0,-16.0,-6243.0,8.0,-10821.0,33.0,3843.0,56.0,-1325.0,,,,,,,,,,,,,,,,,,,,,,,,,,
100.36666666666666,42.0,10899.0,5.0,19903.0,60.0,7511.0,-16.0,-6244.0,7.0,-10816.0,33.0,3854.0,56.0,-1323.0,,,,,,,,,,,,,,,,,,,,,,,,,,
100.4,43.0,10908.0,5.0,19909.0,60.0,7500.0,-17.0,-6248.0,7.0,-10811.0,34.0,3867.0,56.0,-1322.0,,,,,,,,,,,,,,,,,,,,,,,,,,
100.43333333333334,43.0,10917.0,5.0,19914.0,60.0,7488.0,-17.0,-6254.0,7.0,-10807.0,34.0,3880.0,56.0,-1320.0,,,,,,,,,,,,,,,,,,,,,,,,,,
100.46666666666667,43.0,10924.0,4.0,19924.0,60.0,7471.0,-17.0,-6255.0,7.0,-10803.0,35.0,3893.0,56.0,-1314.0,,,,,,,,,,,,,,,,,,,,,,,,,,
100.5,42.0,10929.0,3.0,19934.0,60.0,7456.0,-17.0,-6254.0,6.0,-10800.0,35.0,3906.0,56.0,-1307.0,,,,,,,,,,,,,,,,,,,,,,,,,,
100.53333333333333,42.0,10929.0,3.0,19941.0,60.0,7439.0,-17.0,-6251.0,6.0,-10798.0,35.0,3921.0,56.0,-1302.0,,,,,,,,,,,,,,,,,,,,,,,,,,
100.56666666666666,42.0,10930.0,3.0,19944.0,61.0,7426.0,-17.0,-6248.0,6.0,-10795.0,35.0,3938.0,56.0,-1298.0,,,,,,,,,,,,,,,,,,,,,,,,,,
100.6,43.0,10935.0,2.0,19952.0,60.0,7415.0,-16.0,-6247.0,6.0,-10789.0,35.0,3955.0,56.0,-1297.0,,,,,,,,,,,,,,,,,,,,,,,,,,
100.63333333333334,43.0,10946.0,2.0,19962.0,60.0,7403.0,-16.0,-6246.0,5.0,-10784.0,34.0,3970.0,56.0,-1295.0,,,,,,,,,,,,,,,,,,,,,,,,,,
100.66666666666667,43.0,10956.0,1.0,19970.0,60.0,7390.0,-16.0,-6244.0,5.0,-10782.0,34.0,3982.0,56.0,-1289.0,,,,,,,,,,,,,,,,,,,,,,,,,,
100.7,43.0,10962.0,1.0,19976.0,59.0,7379.0,-16.0,-6242.0,5.0,-10781.0,34.0,3993.0,56.0,-1281.0,,,,,,,,,,,,,,,,,,,,,,,,,,
100.73333333333333,42.0,10968.0,1.0,19977.0,59.0,7367.0,-16.0,-6245.0,5.0,-10781.0,34.0,4010.0,56.0,-1273.0,,,,,,,,,,,,,,,,,,,,,,,,,,
100.76666666666667,41.0,10971.0,1.0,19978.0,60.0,7353.0,-17.0,-6249.0,6.0,-10774.0,34.0,4024.0,56.0,-1265.0,,,,,,,,,,,,,,,,,,,,,,,,,,
100.8,41.0,10975.0,1.0,19983.0,60.0,7340.0,-17.0,-6251.0,6.0,-10761.0,34.0,4037.0,56.0,-1261.0,,,,,,,,,,,,,,,,,,,,,,,,,,
100.83333333333333,41.0,10978.0,2.0,19991.0,60.0,7329.0,-18.0,-6250.0,6.0,-10748.0,33.0,4051.0,56.0,-1253.0,,,,,,,,,,,,,,,,,,,,,,,,,,
100.86666666666666,41.0,10979.0,2.0,20002.0,60.0,7322.0,-18.0,-6249.0,5.0,-10743.0,33.0,4066.0,55.0,-1243.0,,,,,,,,,,,,,,,,,,,,,,,,,,
100.9,41.0,10982.0,2.0,20011.0,60.0,7313.0,-17.0,-6249.0,5.0,-10736.0,33.0,4085.0,55.0,-1232.0,,,,,,,,,,,,,,,,,,,,,,,,,,
100.93333333333334,41.0,10992.0,1.0,20014.0,60.0,7305.0,-17.0,-6250.0,4.0,-10731.0,33.0,4104.0,55.0,-1223.0,,,,,,,,,,,,,,,,,,,,,,,,,,
100.96666666666667,41.0,11003.0,2.0,20018.0,60.0,7298.0,-17.0,-6250.0,5.0,-10726.0,33.0,4120.0,55.0,-1215.0,,,,,,,,,,,,,,,,,,,,,,,,,,
101.0,41.0,11010.0,2.0,20026.0,59.0,7290.0,-17.0,-6252.0,6.0,-10719.0,33.0,4138.0,55.0,-1205.0,,,,,,,,,,,,,,,,,,,,,,,,,,
101.03333333333333,42.0,11016.0,1.0,20036.0,59.0,7279.0,-17.0,-6254.0,7.0,-10713.0,33.0,4156.0,55.0,-1196.0,,,,,,,,,,,,,,,,,,,,,,,,,,
101.06666666666666,43.0,11021.0,1.0,20047.0,59.0,7266.0,-17.0,-6254.0,8.0,-10710.0,33.0,4170.0,55.0,-1184.0,,,,,,,,,,,,,,,,,,,,,,,,,,
101.1,43.0,11028.0,1.0,20058.0,59.0,7255.0,-17.0,-6253.0,8.0,-10709.0,34.0,4186.0,55.0,-1177.0,,,,,,,,,,,,,,,,,,,,,,,,,,
101.13333333333334,43.0,11036.0,1.0,20067.0,59.0,7242.0,-17.0,-6251.0,8.0,-10710.0,34.0,4207.0,55.0,-1172.0,,,,,,,,,,,,,,,,,,,,,,,,,,
101.16666666666667,43.0,11043.0,2.0,20075.0,59.0,7227.0,-17.0,-6249.0,7.0,-10709.0,34.0,4225.0,55.0,-1167.0,,,,,,,,,,,,,,,,,,,,,,,,,,
101.2,43.0,11050.0,2.0,20087.0,60.0,7214.0,-17.0,-6246.0,6.0,-10706.0,33.0,4239.0,55.0,-1159.0,,,,,,,,,,,,,,,,,,,,,,,,,,
101.23333333333333,42.0,11059.0,3.0,20098.0,60.0,7205.0,-17.0,-6243.0,6.0,-10699.0,33.0,4253.0,55.0,-1147.0,,,,,,,,,,,,,,,,,,,,,,,,,,
101.26666666666667,42.0,11068.0,3.0,20110.0,60.0,7196.0,-17.0,-6241.0,7.0,-10695.0,33.0,4270.0,55.0,-1136.0,,,,,,,,,,,,,,,,,,,,,,,,,,
101.3,42.0,11078.0,2.0,20125.0,59.0,7189.0,-17.0,-6241.0,7.0,-10693.0,33.0,4287.0,54.0,-1125.0,,,,,,,,,,,,,,,,,,,,,,,,,,
101.33333333333333,42.0,11088.0,1.0,20136.0,59.0,7177.0,-18.0,-6244.0,7.0,-10689.0,33.0,4303.0,54.0,-1118.0,,,,,,,,,,,,,,,,,,,,,,,,,,
101.36666666666666,41.0,11097.0,1.0,20144.0,59.0,7165.0,-18.0,-6249.0,7.0,-10680.0,33.0,4319.0,54.0,-1114.0,,,,,,,,,,,,,,,,,,,,,,,,,,
101.4,41.0,11100.0,1.0,20154.0,59.0,7153.0,-18.0,-6256.0,7.0,-10676.0,33.0,4335.0,54.0,-1108.0,,,,,,,,,,,,,,,,,,,,,,,,,,
101.43333333333334,41.0,11102.0,1.0,20164.0,59.0,7144.0,-18.0,-6255.0,7.0,-10673.0,34.0,4353.0,54.0,-1102.0,,,,,,,,,,,,,,,,,,,,,,,,,,
101.46666666666667,41.0,11107.0,1.0,20177.0,59.0,7136.0,-17.0,-6250.0,6.0,-10667.0,34.0,4372.0,54.0,-1096.0,,,,,,,,,,,,,,,,,,,,,,,,,,
101.5,42.0,11111.0,2.0,20189.0,59.0,7125.0,-17.0,-6246.0,6.0,-10658.0,34.0,4392.0,54.0,-1087.0,,,,,,,,,,,,,,,,,,,,,,,,,,
101.53333333333333,42.0,11113.0,2.0,20199.0,60.0,7113.0,-16.0,-6246.0,6.0,-10644.0,34.0,4409.0,54.0,-1078.0,,,,,,,,,,,,,,,,,,,,,,,,,,
101.56666666666666,43.0,11117.0,2.0,20209.0,60.0,7107.0,-16.0,-6250.0,5.0,-10633.0,34.0,4427.0,54.0,-1070.0,,,,,,,,,,,,,,,,,,,,,,,,,,
101.6,43.0,11126.0,2.0,20222.0,60.0,7102.0,-15.0,-6249.0,5.0,-10626.0,34.0,4444.0,54.0,-1060.0,,,,,,,,,,,,,,,,,,,,,,,,,,
101.63333333333334,43.0,11136.0,1.0,20233.0,61.0,7101.0,-15.0,-6245.0,6.0,-10621.0,33.0,4458.0,55.0,-1049.0,,,,,,,,,,,,,,,,,,,,,,,,,,
101.66666666666667,42.0,11145.0,1.0,20242.0,60.0,7099.0,-15.0,-6241.0,7.0,-10620.0,33.0,4473.0,55.0,-1039.0,,,,,,,,,,,,,,,,,,,,,,,,,,
101.7,42.0,11154.0,0.0,20254.0,60.0,7092.0,-15.0,-6237.0,8.0,-10616.0,34.0,4491.0,55.0,-1028.0,,,,,,,,,,,,,,,,,,,,,,,,,,
101.73333333333333,42.0,11162.0,0.0,20269.0,60.0,7081.0,-16.0,-6237.0,8.0,-10607.0,33.0,4509.0,55.0,-1018.0,,,,,,,,,,,,,,,,,,,,,,,,,,
101.76666666666667,42.0,11171.0,0.0,20284.0,60.0,7066.0,-16.0,-6238.0,9.0,-10600.0,34.0,4528.0,55.0,-1011.0,,,,,,,,,,,,,,,,,,,,,,,,,,
101.8,42.0,11181.0,0.0,20295.0,60.0,7053.0,-17.0,-6239.0,8.0,-10594.0,34.0,4543.0,55.0,-1006.0,,,,,,,,,,,,,,,,,,,,,,,,,,
101.83333333333333,43.0,11192.0,0.0,20306.0,60.0,7042.0,-17.0,-6241.0,7.0,-10592.0,34.0,4553.0,55.0,-1001.0,,,,,,,,,,,,,,,,,,,,,,,,,,
101.86666666666666,42.0,11201.0,0.0,20319.0,59.0,7030.0,-17.0,-6243.0,7.0,-10590.0,34.0,4568.0,55.0,-996.0,,,,,,,,,,,,,,,,,,,,,,,,,,
101.9,42.0,11210.0,0.0,20331.0,59.0,7016.0,-17.0,-6244.0,7.0,-10584.0,35.0,4587.0,55.0,-986.0,,,,,,,,,,,,,,,,,,,,,,,,,,
101.93333333333334,42.0,11218.0,0.0,20343.0,59.0,7004.0,-17.0,-6245.0,7.0,-10576.0,35.0,4606.0,55.0,-973.0,,,,,,,,,,,,,,,,,,,,,,,,,,
101.96666666666667,42.0,11226.0,0.0,20358.0,58.0,6990.0,-18.0,-6245.0,6.0,-10567.0,35.0,4625.0,54.0,-963.0,,,,,,,,,,,,,,,,,,,,,,,,,,
102.0,42.0,11234.0,0.0,20375.0,58.0,6977.0,-18.0,-6244.0,6.0,-10557.0,35.0,4645.0,54.0,-956.0,,,,,,,,,,,,,,,,,,,,,,,,,,
102.03333333333333,42.0,11245.0,0.0,20396.0,58.0,6967.0,-19.0,-6243.0,6.0,-10552.0,35.0,4663.0,54.0,-950.0,,,,,,,,,,,,,,,,,,,,,,,,,,
102.06666666666666,42.0,11254.0,0.0,20413.0,58.0,6956.0,-19.0,-6246.0,6.0,-10544.0,34.0,4684.0,55.0,-943.0,,,,,,,,,,,,,,,,,,,,,,,,,,
102.1,42.0,11262.0,0.0,20430.0,58.0,6948.0,-18.0,-6249.0,6.0,-10536.0,34.0,4706.0,55.0,-932.0,,,,,,,,,,,,,,,,,,,,,,,,,,
102.13333333333334,42.0,11267.0,0.0,20445.0,58.0,6942.0,-18.0,-6248.0,6.0,-10531.0,33.0,4726.0,55.0,-921.0,,,,,,,,,,,,,,,,,,,,,,,,,,
102.16666666666667,42.0,11272.0,0.0,20459.0,58.0,6935.0,-18.0,-6246.0,7.0,-10528.0,32.0,4751.0,55.0,-914.0,,,,,,,,,,,,,,,,,,,,,,,,,,
102.2,42.0,11277.0,0.0,20470.0,59.0,6926.0,-18.0,-6246.0,6.0,-10526.0,32.0,4777.0,55.0,-908.0,,,,,,,,,,,,,,,,,,,,,,,,,,
102.23333333333333,41.0,11285.0,0.0,20482.0,59.0,6922.0,-18.0,-6243.0,6.0,-10524.0,33.0,4802.0,55.0,-902.0,,,,,,,,,,,,,,,,,,,,,,,,,,
102.26666666666667,41.0,11293.0,-1.0,20496.0,59.0,6922.0,-18.0,-6244.0,5.0,-10518.0,33.0,4830.0,55.0,-895.0,,,,,,,,,,,,,,,,,,,,,,,,,,
102.3,41.0,11301.0,-1.0,20511.0,59.0,6920.0,-18.0,-6248.0,5.0,-10516.0,33.0,4861.0,54.0,-881.0,,,,,,,,,,,,,,,,,,,,,,,,,,
102.33333333333333,41.0,11307.0,-1.0,20525.0,59.0,6917.0,-18.0,-6250.0,6.0,-10511.0,32.0,4889.0,53.0,-869.0,,,,,,,,,,,,,,,,,,,,,,,,,,
102.36666666666666,41.0,11314.0,0.0,20540.0,59.0,6908.0,-18.0,-6248.0,6.0,-10502.0,32.0,4908.0,53.0,-857.0,,,,,,,,,,,,,,,,,,,,,,,,,,
102.4,41.0,11325.0,0.0,20554.0,58.0,6898.0,-18.0,-6243.0,7.0,-10491.0,32.0,4925.0,52.0,-846.0,,,,,,,,,,,,,,,,,,,,,,,,,,
102.43333333333334,41.0,11332.0,0.0,20575.0,58.0,6886.0,-19.0,-6239.0,7.0,-10483.0,32.0,4945.0,53.0,-833.0,,,,,,,,,,,,,,,,,,,,,,,,,,
102.46666666666667,41.0,11340.0,0.0,20598.0,57.0,6874.0,-18.0,-6238.0,7.0,-10476.0,32.0,4967.0,53.0,-817.0,,,,,,,,,,,,,,,,,,,,,,,,,,
102.5,41.0,11348.0,0.0,20616.0,57.0,6863.0,-18.0,-6240.0,6.0,-10472.0,33.0,4985.0,53.0,-802.0,,,,,,,,,,,,,,,,,,,,,,,,,,
102.53333333333333,41.0,11356.0,0.0,20631.0,57.0,6857.0,-17.0,-6243.0,6.0,-10467.0,33.0,5003.0,53.0,-789.0,,,,,,,,,,,,,,,,,,,,,,,,,,
102.56666666666666,41.0,11364.0,0.0,20646.0,57.0,6850.0,-17.0,-6242.0,6.0,-10461.0,33.0,5022.0,53.0,-777.0,,,,,,,,,,,,,,,,,,,,,,,,,,
102.6,41.0,11371.0,0.0,20660.0,57.0,6844.0,-18.0,-6242.0,7.0,-10452.0,34.0,5042.0,53.0,-767.0,,,,,,,,,,,,,,,,,,,,,,,,,,
102.63333333333334,41.0,11380.0,-1.0,20672.0,57.0,6837.0,-18.0,-6241.0,7.0,-10442.0,34.0,5063.0,52.0,-755.0,,,,,,,,,,,,,,,,,,,,,,,,,,
102.66666666666667,41.0,11389.0,-1.0,20688.0,57.0,6826.0,-19.0,-6237.0,7.0,-10433.0,35.0,5082.0,53.0,-744.0,,,,,,,,,,,,,,,,,,,,,,,,,,
102.7,41.0,11398.0,-1.0,20705.0,57.0,6814.0,-19.0,-6232.0,7.0,-10426.0,35.0,5101.0,53.0,-735.0,,,,,,,,,,,,,,,,,,,,,,,,,,
102.73333333333333,40.0,11405.0,-1.0,20721.0,57.0,6802.0,-19.0,-6229.0,7.0,-10420.0,35.0,5123.0,53.0,-725.0,,,,,,,,,,,,,,,,,,,,,,,,,,
102.76666666666667,40.0,11412.0,0.0,20735.0,57.0,6795.0,-19.0,-6225.0,6.0,-10415.0,35.0,5149.0,52.0,-717.0,,,,,,,,,,,,,,,,,,,,,,,,,,
102.8,40.0,11422.0,0.0,20747.0,57.0,6786.0,-18.0,-6223.0,6.0,-10408.0,34.0,5177.0,52.0,-711.0,,,,,,,,,,,,,,,,,,,,,,,,,,
102.83333333333333,39.0,11436.0,0.0,20764.0,58.0,6774.0,-18.0,-6222.0,6.0,-10400.0,34.0,5202.0,52.0,-706.0,,,,,,,,,,,,,,,,,,,,,,,,,,
102.86666666666666,39.0,11449.0,0.0,20785.0,58.0,6765.0,-17.0,-6224.0,6.0,-10392.0,34.0,5225.0,52.0,-699.0,,,,,,,,,,,,,,,,,,,,,,,,,,
102.9,40.0,11458.0,0.0,20807.0,58.0,6756.0,-17.0,-6228.0,7.0,-10382.0,34.0,5246.0,53.0,-688.0,,,,,,,,,,,,,,,,,,,,,,,,,,
102.93333333333334,41.0,11466.0,0.0,20827.0,58.0,6744.0,-17.0,-6231.0,7.0,-10371.0,34.0,5264.0,53.0,-676.0,,,,,,,,,,,,,,,,,,,,,,,,,,
102.96666666666667,41.0,11472.0,0.0,20845.0,58.0,6735.0,-17.0,-6229.0,7.0,-10361.0,34.0,5285.0,53.0,-663.0,,,,,,,,,,,,,,,,,,,,,,,,,,
103.0,41.0,11478.0,-1.0,20865.0,58.0,6726.0,-17.0,-6226.0,6.0,-10353.0,34.0,5305.0,54.0,-655.0,,,,,,,,,,,,,,,,,,,,,,,,,,
103.03333333333333,41.0,11482.0,-1.0,20884.0,57.0,6719.0,-17.0,-6226.0,6.0,-10342.0,33.0,5326.0,54.0,-651.0,,,,,,,,,,,,,,,,,,,,,,,,,,
103.06666666666666,41.0,11487.0,-1.0,20899.0,57.0,6714.0,-17.0,-6232.0,6.0,-10332.0,33.0,5351.0,54.0,-644.0,,,,,,,,,,,,,,,,,,,,,,,,,,
103.1,41.0,11494.0,-1.0,20908.0,57.0,6711.0,-17.0,-6233.0,7.0,-10323.0,33.0,5374.0,54.0,-634.0,,,,,,,,,,,,,,,,,,,,,,,,,,
103.13333333333334,41.0,11501.0,-1.0,20918.0,56.0,6706.0,-17.0,-6232.0,6.0,-10316.0,33.0,5395.0,54.0,-619.0,,,,,,,,,,,,,,,,,,,,,,,,,,
103.16666666666667,41.0,11509.0,-1.0,20928.0,55.0,6699.0,-17.0,-6232.0,6.0,-10310.0,33.0,5418.0,54.0,-605.0,,,,,,,,,,,,,,,,,,,,,,,,,,
103.2,41.0,11521.0,-1.0,20942.0,56.0,6693.0,-17.0,-6227.0,7.0,-10304.0,33.0,5442.0,55.0,-597.0,,,,,,,,,,,,,,,,,,,,,,,,,,
103.23333333333333,41.0,11535.0,-2.0,20959.0,55.0,6691.0,-17.0,-6222.0,7.0,-10296.0,33.0,5469.0,55.0,-591.0,,,,,,,,,,,,,,,,,,,,,,,,,,
103.26666666666667,41.0,11547.0,-1.0,20980.0,55.0,6687.0,-17.0,-6220.0,7.0,-10287.0,33.0,5493.0,55.0,-583.0,,,,,,,,,,,,,,,,,,,,,,,,,,
103.3,41.0,11557.0,-1.0,21001.0,55.0,6677.0,-17.0,-6223.0,8.0,-10279.0,33.0,5517.0,55.0,-570.0,,,,,,,,,,,,,,,,,,,,,,,,,,
103.33333333333333,41.0,11563.0,0.0,21022.0,55.0,6665.0,-17.0,-6225.0,8.0,-10273.0,33.0,5543.0,54.0,-559.0,,,,,,,,,,,,,,,,,,,,,,,,,,
103.36666666666666,40.0,11565.0,0.0,21041.0,55.0,6652.0,-16.0,-6223.0,9.0,-10264.0,34.0,5569.0,55.0,-546.0,,,,,,,,,,,,,,,,,,,,,,,,,,
103.4,40.0,11568.0,0.0,21061.0,55.0,6641.0,-16.0,-6222.0,9.0,-10252.0,33.0,5597.0,55.0,-532.0,,,,,,,,,,,,,,,,,,,,,,,,,,
103.43333333333334,40.0,11571.0,0.0,21085.0,55.0,6631.0,-16.0,-6221.0,8.0,-10242.0,33.0,5625.0,55.0,-522.0,,,,,,,,,,,,,,,,,,,,,,,,,,
103.46666666666667,40.0,11573.0,0.0,21109.0,55.0,6620.0,-16.0,-6222.0,7.0,-10233.0,33.0,5651.0,54.0,-511.0,,,,,,,,,,,,,,,,,,,,,,,,,,
103.5,40.0,11577.0,0.0,21130.0,55.0,6613.0,-16.0,-6222.0,7.0,-10227.0,32.0,5673.0,54.0,-501.0,,,,,,,,,,,,,,,,,,,,,,,,,,
103.53333333333333,40.0,11583.0,0.0,21144.0,55.0,6606.0,-16.0,-6223.0,8.0,-10224.0,33.0,5697.0,54.0,-490.0,,,,,,,,,,,,,,,,,,,,,,,,,,
103.56666666666666,40.0,11589.0,0.0,21157.0,55.0,6599.0,-16.0,-6224.0,8.0,-10220.0,33.0,5723.0,54.0,-479.0,,,,,,,,,,,,,,,,,,,,,,,,,,
103.6,40.0,11594.0,0.0,21174.0,54.0,6594.0,-16.0,-6227.0,7.0,-10214.0,33.0,5746.0,54.0,-470.0,,,,,,,,,,,,,,,,,,,,,,,,,,
103.63333333333334,40.0,11601.0,0.0,21203.0,54.0,6590.0,-15.0,-6229.0,8.0,-10204.0,33.0,5773.0,54.0,-455.0,,,,,,,,,,,,,,,,,,,,,,,,,,
103.66666666666667,40.0,11613.0,0.0,21235.0,54.0,6584.0,-14.0,-6231.0,8.0,-10196.0,33.0,5804.0,55.0,-439.0,,,,,,,,,,,,,,,,,,,,,,,,,,
103.7,39.0,11627.0,-1.0,21262.0,54.0,6577.0,-14.0,-6232.0,8.0,-10190.0,33.0,5836.0,55.0,-426.0,,,,,,,,,,,,,,,,,,,,,,,,,,
103.73333333333333,39.0,11642.0,-1.0,21283.0,55.0,6571.0,-14.0,-6232.0,8.0,-10185.0,33.0,5866.0,55.0,-417.0,,,,,,,,,,,,,,,,,,,,,,,,,,
103.76666666666667,39.0,11656.0,0.0,21300.0,55.0,6564.0,-14.0,-6229.0,8.0,-10176.0,33.0,5896.0,55.0,-407.0,,,,,,,,,,,,,,,,,,,,,,,,,,
103.8,39.0,11673.0,0.0,21312.0,55.0,6559.0,-15.0,-6226.0,7.0,-10163.0,33.0,5926.0,54.0,-395.0,,,,,,,,,,,,,,,,,,,,,,,,,,
103.83333333333333,39.0,11685.0,0.0,21321.0,55.0,6555.0,-15.0,-6225.0,7.0,-10152.0,33.0,5955.0,53.0,-386.0,,,,,,,,,,,,,,,,,,,,,,,,,,
103.86666666666666,39.0,11691.0,0.0,21329.0,56.0,6546.0,-15.0,-6228.0,7.0,-10138.0,33.0,5979.0,53.0,-377.0,,,,,,,,,,,,,,,,,,,,,,,,,,
103.9,40.0,11693.0,0.0,21336.0,55.0,6535.0,-15.0,-6227.0,7.0,-10127.0,33.0,6005.0,54.0,-365.0,,,,,,,,,,,,,,,,,,,,,,,,,,
103.93333333333334,40.0,11698.0,0.0,21348.0,55.0,6525.0,-15.0,-6227.0,7.0,-10121.0,32.0,6031.0,54.0,-352.0,,,,,,,,,,,,,,,,,,,,,,,,,,
103.96666666666667,40.0,11703.0,0.0,21368.0,55.0,6516.0,-15.0,-6224.0,7.0,-10114.0,33.0,6060.0,54.0,-338.0,,,,,,,,,,,,,,,,,,,,,,,,,,
104.0,40.0,11709.0,0.0,21387.0,54.0,6508.0,-15.0,-6221.0,8.0,-10110.0,33.0,6089.0,55.0,-323.0,,,,,,,,,,,,,,,,,,,,,,,,,,
104.03333333333333,40.0,11716.0,0.0,21401.0,54.0,6504.0,-15.0,-6217.0,8.0,-10100.0,33.0,6116.0,55.0,-308.0,,,,,,,,,,,,,,,,,,,,,,,,,,
104.06666666666666,40.0,11723.0,0.0,21415.0,53.0,6497.0,-15.0,-6216.0,9.0,-10087.0,33.0,6142.0,54.0,-296.0,,,,,,,,,,,,,,,,,,,,,,,,,,
104.1,40.0,11729.0,0.0,21429.0,53.0,6489.0,-15.0,-6218.0,9.0,-10076.0,33.0,6171.0,54.0,-283.0,,,,,,,,,,,,,,,,,,,,,,,,,,
104.13333333333334,40.0,11734.0,0.0,21446.0,54.0,6481.0,-15.0,-6221.0,9.0,-10064.0,32.0,6200.0,54.0,-272.0,,,,,,,,,,,,,,,,,,,,,,,,,,
104.16666666666667,40.0,11740.0,0.0,21466.0,54.0,6472.0,-15.0,-6226.0,8.0,-10052.0,31.0,6226.0,54.0,-257.0,,,,,,,,,,,,,,,,,,,,,,,,,,
104.2,41.0,11744.0,0.0,21486.0,54.0,6464.0,-15.0,-6231.0,7.0,-10043.0,31.0,6250.0,54.0,-239.0,,,,,,,,,,,,,,,,,,,,,,,,,,
104.23333333333333,41.0,11751.0,0.0,21505.0,54.0,6456.0,-15.0,-6234.0,7.0,-10037.0,32.0,6277.0,54.0,-221.0,,,,,,,,,,,,,,,,,,,,,,,,,,
104.26666666666667,41.0,11758.0,0.0,21524.0,54.0,6450.0,-16.0,-6236.0,7.0,-10032.0,32.0,6303.0,54.0,-206.0,,,,,,,,,,,,,,,,,,,,,,,,,,
104.3,40.0,11763.0,-1.0,21548.0,55.0,6443.0,-16.0,-6237.0,8.0,-10025.0,33.0,6332.0,54.0,-193.0,,,,,,,,,,,,,,,,,,,,,,,,,,
104.33333333333333,40.0,11766.0,-1.0,21569.0,55.0,6435.0,-16.0,-6238.0,8.0,-10020.0,33.0,6362.0,54.0,-181.0,,,,,,,,,,,,,,,,,,,,,,,,,,
104.36666666666666,40.0,11769.0,-2.0,21591.0,55.0,6428.0,-17.0,-6239.0,8.0,-10014.0,33.0,6394.0,54.0,-170.0,,,,,,,,,,,,,,,,,,,,,,,,,,
104.4,39.0,11771.0,-2.0,21616.0,54.0,6426.0,-17.0,-6238.0,8.0,-10005.0,33.0,6424.0,54.0,-158.0,,,,,,,,,,,,,,,,,,,,,,,,,,
104.43333333333334,39.0,11777.0,-2.0,21643.0,54.0,6423.0,-17.0,-6235.0,8.0,-9995.0,32.0,6452.0,54.0,-144.0,,,,,,,,,,,,,,,,,,,,,,,,,,
104.46666666666667,39.0,11785.0,-2.0,21673.0,54.0,6419.0,-17.0,-6229.0,8.0,-9983.0,32.0,6477.0,53.0,-125.0,,,,,,,,,,,,,,,,,,,,,,,,,,
104.5,39.0,11796.0,-2.0,21694.0,54.0,6412.0,-17.0,-6221.0,8.0,-9973.0,33.0,6505.0,53.0,-105.0,,,,,,,,,,,,,,,,,,,,,,,,,,
104.53333333333333,38.0,11806.0,-2.0,21710.0,54.0,6406.0,-17.0,-6219.0,9.0,-9966.0,32.0,6536.0,53.0,-92.0,,,,,,,,,,,,,,,,,,,,,,,,,,
104.56666666666666,38.0,11815.0,-1.0,21722.0,54.0,6401.0,-17.0,-6220.0,9.0,-9957.0,32.0,6565.0,53.0,-86.0,,,,,,,,,,,,,,,,,,,,,,,,,,
104.6,38.0,11821.0,-1.0,21736.0,54.0,6395.0,-17.0,-6221.0,9.0,-9944.0,32.0,6598.0,54.0,-80.0,,,,,,,,,,,,,,,,,,,,,,,,,,
104.63333333333334,38.0,11825.0,-1.0,21751.0,54.0,6389.0,-17.0,-6222.0,9.0,-9932.0,32.0,6634.0,54.0,-68.0,,,,,,,,,,,,,,,,,,,,,,,,,,
104.66666666666667,39.0,11829.0,-2.0,21770.0,53.0,6382.0,-17.0,-6222.0,9.0,-9919.0,32.0,6670.0,54.0,-52.0,,,,,,,,,,,,,,,,,,,,,,,,,,
104.7,39.0,11836.0,-2.0,21789.0,53.0,6371.0,-18.0,-6219.0,8.0,-9904.0,32.0,6705.0,55.0,-40.0,,,,,,,,,,,,,,,,,,,,,,,,,,
104.73333333333333,39.0,11843.0,-2.0,21802.0,53.0,6361.0,-17.0,-6217.0,8.0,-9890.0,32.0,6738.0,55.0,-30.0,,,,,,,,,,,,,,,,,,,,,,,,,,
104.76666666666667,39.0,11848.0,-2.0,21815.0,53.0,6355.0,-17.0,-6215.0,8.0,-9881.0,31.0,6769.0,55.0,-15.0,,,,,,,,,,,,,,,,,,,,,,,,,,
104.8,39.0,11853.0,-2.0,21833.0,53.0,6352.0,-17.0,-6214.0,8.0,-9872.0,32.0,6799.0,55.0,-2.0,,,,,,,,,,,,,,,,,,,,,,,,,,
104.83333333333333,40.0,11860.0,-1.0,21856.0,53.0,6348.0,-17.0,-6213.0,7.0,-9862.0,32.0,6832.0,55.0,7.0,,,,,,,,,,,,,,,,,,,,,,,,,,
104.86666666666666,40.0,11870.0,-2.0,21875.0,53.0,6340.0,-18.0,-6211.0,7.0,-9853.0,33.0,6867.0,54.0,15.0,,,,,,,,,,,,,,,,,,,,,,,,,,
104.9,40.0,11880.0,-2.0,21896.0,52.0,6332.0,-18.0,-6208.0,7.0,-9845.0,33.0,6901.0,54.0,25.0,,,,,,,,,,,,,,,,,,,,,,,,,,
104.93333333333334,40.0,11890.0,-2.0,21915.0,52.0,6322.0,-18.0,-6207.0,7.0,-9834.0,33.0,6931.0,54.0,39.0,,,,,,,,,,,,,,,,,,,,,,,,,,
104.96666666666667,40.0,11904.0,-3.0,21931.0,52.0,6314.0,-18.0,-6205.0,7.0,-9823.0,33.0,6963.0,55.0,57.0,,,,,,,,,,,,,,,,,,,,,,,,,,
105.0,40.0,11912.0,-3.0,21950.0,52.0,6306.0,-18.0,-6205.0,7.0,-9810.0,33.0,6991.0,54.0,75.0,,,,,,,,,,,,,,,,,,,,,,,,,,
105.03333333333333,40.0,11916.0,-3.0,21970.0,51.0,6297.0,-18.0,-6208.0,7.0,-9794.0,33.0,7022.0,54.0,99.0,,,,,,,,,,,,,,,,,,,,,,,,,,
105.06666666666666,40.0,11919.0,-3.0,21992.0,51.0,6289.0,-18.0,-6212.0,8.0,-9781.0,33.0,7054.0,53.0,126.0,,,,,,,,,,,,,,,,,,,,,,,,,,
105.1,40.0,11925.0,-4.0,22013.0,51.0,6281.0,-18.0,-6216.0,8.0,-9768.0,33.0,7084.0,53.0,151.0,,,,,,,,,,,,,,,,,,,,,,,,,,
105.13333333333334,39.0,11931.0,-4.0,22029.0,51.0,6276.0,-17.0,-6215.0,7.0,-9754.0,33.0,7116.0,53.0,171.0,,,,,,,,,,,,,,,,,,,,,,,,,,
105.16666666666667,38.0,11935.0,-4.0,22048.0,52.0,6275.0,-17.0,-6213.0,7.0,-9744.0,33.0,7148.0,53.0,188.0,,,,,,,,,,,,,,,,,,,,,,,,,,
105.2,38.0,11939.0,-4.0,22070.0,52.0,6274.0,-17.0,-6210.0,6.0,-9734.0,33.0,7178.0,53.0,204.0,,,,,,,,,,,,,,,,,,,,,,,,,,
105.23333333333333,38.0,11945.0,-4.0,22095.0,52.0,6273.0,-16.0,-6208.0,6.0,-9729.0,33.0,7211.0,53.0,220.0,,,,,,,,,,,,,,,,,,,,,,,,,,
105.26666666666667,38.0,11955.0,-4.0,22116.0,52.0,6272.0,-15.0,-6210.0,6.0,-9724.0,33.0,7249.0,53.0,231.0,,,,,,,,,,,,,,,,,,,,,,,,,,
105.3,38.0,11963.0,-4.0,22133.0,52.0,6270.0,-15.0,-6210.0,6.0,-9715.0,34.0,7287.0,52.0,244.0,,,,,,,,,,,,,,,,,,,,,,,,,,
105.33333333333333,38.0,11967.0,-4.0,22153.0,51.0,6265.0,-15.0,-6210.0,6.0,-9700.0,35.0,7320.0,53.0,259.0,,,,,,,,,,,,,,,,,,,,,,,,,,
105.36666666666666,39.0,11971.0,-5.0,22172.0,51.0,6257.0,-16.0,-6210.0,6.0,-9684.0,35.0,7353.0,53.0,273.0,,,,,,,,,,,,,,,,,,,,,,,,,,
105.4,39.0,11975.0,-5.0,22191.0,51.0,6247.0,-16.0,-6209.0,6.0,-9667.0,35.0,7386.0,52.0,286.0,,,,,,,,,,,,,,,,,,,,,,,,,,
105.43333333333334,39.0,11982.0,-5.0,22211.0,51.0,6237.0,-16.0,-6209.0,7.0,-9648.0,35.0,7418.0,52.0,300.0,,,,,,,,,,,,,,,,,,,,,,,,,,
105.46666666666667,39.0,11992.0,-6.0,22232.0,51.0,6227.0,-16.0,-6210.0,7.0,-9633.0,34.0,7447.0,53.0,318.0,,,,,,,,,,,,,,,,,,,,,,,,,,
105.5,39.0,12006.0,-6.0,22251.0,52.0,6217.0,-16.0,-6210.0,8.0,-9618.0,34.0,7479.0,53.0,338.0,,,,,,,,,,,,,,,,,,,,,,,,,,
105.53333333333333,39.0,12022.0,-6.0,22266.0,52.0,6207.0,-16.0,-6210.0,8.0,-9604.0,33.0,7513.0,53.0,356.0,,,,,,,,,,,,,,,,,,,,,,,,,,
105.56666666666666,39.0,12034.0,-6.0,22284.0,51.0,6200.0,-17.0,-6210.0,7.0,-9588.0,32.0,7546.0,53.0,374.0,,,,,,,,,,,,,,,,,,,,,,,,,,
105.6,39.0,12041.0,-5.0,22306.0,52.0,6197.0,-16.0,-6209.0,7.0,-9571.0,32.0,7582.0,53.0,389.0,,,,,,,,,,,,,,,,,,,,,,,,,,
105.63333333333334,38.0,12046.0,-4.0,22329.0,52.0,6192.0,-16.0,-6206.0,7.0,-9555.0,33.0,7626.0,52.0,404.0,,,,,,,,,,,,,,,,,,,,,,,,,,
105.66666666666667,38.0,12051.0,-4.0,22353.0,52.0,6188.0,-16.0,-6202.0,7.0,-9546.0,33.0,7673.0,52.0,421.0,,,,,,,,,,,,,,,,,,,,,,,,,,
105.7,38.0,12056.0,-4.0,22377.0,51.0,6181.0,-17.0,-6201.0,7.0,-9540.0,34.0,7713.0,52.0,440.0,,,,,,,,,,,,,,,,,,,,,,,,,,
105.73333333333333,37.0,12061.0,-4.0,22399.0,51.0,6176.0,-17.0,-6201.0,7.0,-9533.0,34.0,7745.0,52.0,458.0,,,,,,,,,,,,,,,,,,,,,,,,,,
105.76666666666667,37.0,12068.0,-4.0,22421.0,51.0,6167.0,-17.0,-6202.0,7.0,-9519.0,34.0,7775.0,53.0,479.0,,,,,,,,,,,,,,,,,,,,,,,,,,
105.8,37.0,12075.0,-4.0,22444.0,51.0,6161.0,-17.0,-6204.0,6.0,-9501.0,34.0,7807.0,52.0,495.0,,,,,,,,,,,,,,,,,,,,,,,,,,
105.83333333333333,37.0,12080.0,-5.0,22462.0,50.0,6156.0,-18.0,-6206.0,6.0,-9485.0,34.0,7837.0,52.0,507.0,,,,,,,,,,,,,,,,,,,,,,,,,,
105.86666666666666,37.0,12090.0,-5.0,22484.0,50.0,6147.0,-17.0,-6206.0,7.0,-9474.0,35.0,7868.0,52.0,520.0,,,,,,,,,,,,,,,,,,,,,,,,,,
105.9,37.0,12099.0,-5.0,22507.0,50.0,6141.0,-16.0,-6205.0,7.0,-9467.0,35.0,7903.0,52.0,533.0,,,,,,,,,,,,,,,,,,,,,,,,,,
105.93333333333334,37.0,12109.0,-6.0,22528.0,50.0,6138.0,-16.0,-6206.0,7.0,-9457.0,35.0,7938.0,52.0,550.0,,,,,,,,,,,,,,,,,,,,,,,,,,
105.96666666666667,37.0,12114.0,-6.0,22551.0,51.0,6131.0,-16.0,-6209.0,7.0,-9447.0,34.0,7975.0,51.0,566.0,,,,,,,,,,,,,,,,,,,,,,,,,,
106.0,37.0,12119.0,-6.0,22568.0,51.0,6121.0,-15.0,-6211.0,7.0,-9439.0,34.0,8012.0,51.0,580.0,,,,,,,,,,,,,,,,,,,,,,,,,,
106.03333333333333,36.0,12127.0,-5.0,22581.0,51.0,6115.0,-15.0,-6212.0,7.0,-9428.0,33.0,8054.0,52.0,597.0,,,,,,,,,,,,,,,,,,,,,,,,,,
106.06666666666666,36.0,12137.0,-5.0,22599.0,51.0,6109.0,-16.0,-6215.0,7.0,-9413.0,32.0,8098.0,52.0,611.0,,,,,,,,,,,,,,,,,,,,,,,,,,
106.1,36.0,12149.0,-5.0,22617.0,52.0,6101.0,-16.0,-6221.0,7.0,-9396.0,32.0,8140.0,51.0,623.0,,,,,,,,,,,,,,,,,,,,,,,,,,
106.13333333333334,37.0,12157.0,-5.0,22635.0,52.0,6095.0,-16.0,-6225.0,7.0,-9383.0,32.0,8180.0,51.0,636.0,,,,,,,,,,,,,,,,,,,,,,,,,,
106.16666666666667,37.0,12160.0,-4.0,22651.0,52.0,6093.0,-16.0,-6226.0,8.0,-9369.0,32.0,8218.0,51.0,656.0,,,,,,,,,,,,,,,,,,,,,,,,,,
106.2,37.0,12163.0,-5.0,22671.0,51.0,6089.0,-17.0,-6227.0,8.0,-9353.0,32.0,8256.0,51.0,679.0,,,,,,,,,,,,,,,,,,,,,,,,,,
106.23333333333333,37.0,12168.0,-5.0,22690.0,51.0,6082.0,-17.0,-6224.0,8.0,-9336.0,32.0,8293.0,51.0,700.0,,,,,,,,,,,,,,,,,,,,,,,,,,
106.26666666666667,37.0,12174.0,-5.0,22710.0,52.0,6075.0,-17.0,-6221.0,8.0,-9318.0,33.0,8327.0,52.0,714.0,,,,,,,,,,,,,,,,,,,,,,,,,,
106.3,37.0,12183.0,-5.0,22734.0,52.0,6071.0,-17.0,-6218.0,7.0,-9302.0,32.0,8357.0,52.0,725.0,,,,,,,,,,,,,,,,,,,,,,,,,,
106.33333333333333,36.0,12192.0,-5.0,22756.0,52.0,6068.0,-16.0,-6215.0,7.0,-9285.0,32.0,8389.0,51.0,737.0,,,,,,,,,,,,,,,,,,,,,,,,,,
106.36666666666666,37.0,12201.0,-5.0,22772.0,52.0,6064.0,-16.0,-6215.0,6.0,-9269.0,33.0,8424.0,51.0,750.0,,,,,,,,,,,,,,,,,,,,,,,,,,
106.4,36.0,12212.0,-5.0,22788.0,52.0,6059.0,-16.0,-6215.0,6.0,-9250.0,33.0,8459.0,51.0,766.0,,,,,,,,,,,,,,,,,,,,,,,,,,
106.43333333333334,36.0,12220.0,-5.0,22807.0,52.0,6051.0,-16.0,-6213.0,7.0,-9232.0,33.0,8498.0,51.0,785.0,,,,,,,,,,,,,,,,,,,,,,,,,,
106.46666666666667,36.0,12224.0,-6.0,22826.0,52.0,6043.0,-16.0,-6213.0,7.0,-9214.0,33.0,8541.0,51.0,803.0,,,,,,,,,,,,,,,,,,,,,,,,,,
106.5,36.0,12227.0,-6.0,22852.0,52.0,6035.0,-16.0,-6217.0,7.0,-9196.0,34.0,8584.0,52.0,823.0,,,,,,,,,,,,,,,,,,,,,,,,,,
106.53333333333333,36.0,12234.0,-7.0,22876.0,52.0,6029.0,-17.0,-6218.0,7.0,-9179.0,34.0,8626.0,52.0,845.0,,,,,,,,,,,,,,,,,,,,,,,,,,
106.56666666666666,36.0,12244.0,-8.0,22894.0,52.0,6024.0,-17.0,-6218.0,7.0,-9167.0,33.0,8671.0,51.0,869.0,,,,,,,,,,,,,,,,,,,,,,,,,,
106.6,37.0,12253.0,-8.0,22914.0,52.0,6018.0,-18.0,-6219.0,7.0,-9156.0,33.0,8715.0,51.0,893.0,,,,,,,,,,,,,,,,,,,,,,,,,,
106.63333333333334,37.0,12259.0,-8.0,22933.0,52.0,6013.0,-17.0,-6216.0,7.0,-9147.0,33.0,8754.0,52.0,917.0,,,,,,,,,,,,,,,,,,,,,,,,,,
106.66666666666667,38.0,12269.0,-8.0,22953.0,52.0,6006.0,-17.0,-6211.0,7.0,-9136.0,32.0,8790.0,52.0,940.0,,,,,,,,,,,,,,,,,,,,,,,,,,
106.7,38.0,12278.0,-7.0,22975.0,52.0,5997.0,-17.0,-6210.0,7.0,-9123.0,33.0,8829.0,51.0,958.0,,,,,,,,,,,,,,,,,,,,,,,,,,
106.73333333333333,38.0,12287.0,-7.0,23001.0,51.0,5988.0,-18.0,-6212.0,7.0,-9108.0,33.0,8867.0,51.0,976.0,,,,,,,,,,,,,,,,,,,,,,,,,,
106.76666666666667,39.0,12292.0,-7.0,23025.0,50.0,5983.0,-18.0,-6213.0,7.0,-9090.0,33.0,8909.0,52.0,997.0,,,,,,,,,,,,,,,,,,,,,,,,,,
106.8,39.0,12297.0,-7.0,23047.0,50.0,5979.0,-18.0,-6214.0,7.0,-9073.0,34.0,8953.0,53.0,1017.0,,,,,,,,,,,,,,,,,,,,,,,,,,
106.83333333333333,38.0,12307.0,-7.0,23072.0,50.0,5976.0,-18.0,-6214.0,7.0,-9055.0,34.0,8994.0,52.0,1039.0,,,,,,,,,,,,,,,,,,,,,,,,,,
106.86666666666666,37.0,12315.0,-7.0,23092.0,50.0,5977.0,-18.0,-6215.0,8.0,-9035.0,34.0,9036.0,52.0,1061.0,,,,,,,,,,,,,,,,,,,,,,,,,,
106.9,37.0,12322.0,-7.0,23108.0,50.0,5977.0,-18.0,-6218.0,8.0,-9011.0,33.0,9074.0,52.0,1080.0,,,,,,,,,,,,,,,,,,,,,,,,,,
106.93333333333334,36.0,12326.0,-6.0,23120.0,50.0,5974.0,-18.0,-6221.0,7.0,-8988.0,33.0,9117.0,52.0,1098.0,,,,,,,,,,,,,,,,,,,,,,,,,,
106.96666666666667,36.0,12331.0,-6.0,23131.0,50.0,5965.0,-18.0,-6221.0,7.0,-8967.0,33.0,9160.0,51.0,1115.0,,,,,,,,,,,,,,,,,,,,,,,,,,
107.0,36.0,12334.0,-6.0,23145.0,50.0,5956.0,-19.0,-6219.0,7.0,-8946.0,32.0,9207.0,51.0,1133.0,,,,,,,,,,,,,,,,,,,,,,,,,,
107.03333333333333,36.0,12340.0,-6.0,23159.0,49.0,5950.0,-19.0,-6218.0,7.0,-8925.0,32.0,9253.0,50.0,1151.0,,,,,,,,,,,,,,,,,,,,,,,,,,
107.06666666666666,36.0,12346.0,-6.0,23175.0,49.0,5944.0,-18.0,-6218.0,6.0,-8908.0,32.0,9292.0,50.0,1171.0,,,,,,,,,,,,,,,,,,,,,,,,,,
107.1,36.0,12354.0,-6.0,23195.0,49.0,5937.0,-17.0,-6214.0,6.0,-8897.0,32.0,9333.0,49.0,1191.0,,,,,,,,,,,,,,,,,,,,,,,,,,
107.13333333333334,36.0,12363.0,-6.0,23218.0,50.0,5931.0,-17.0,-6212.0,5.0,-8889.0,32.0,9378.0,49.0,1210.0,,,,,,,,,,,,,,,,,,,,,,,,,,
107.16666666666667,36.0,12373.0,-7.0,23240.0,50.0,5926.0,-17.0,-6211.0,5.0,-8874.0,32.0,9422.0,49.0,1230.0,,,,,,,,,,,,,,,,,,,,,,,,,,
107.2,36.0,12384.0,-8.0,23262.0,51.0,5922.0,-18.0,-6213.0,4.0,-8857.0,32.0,9463.0,49.0,1253.0,,,,,,,,,,,,,,,,,,,,,,,,,,
107.23333333333333,35.0,12400.0,-8.0,23281.0,51.0,5918.0,-18.0,-6218.0,5.0,-8841.0,32.0,9509.0,49.0,1276.0,,,,,,,,,,,,,,,,,,,,,,,,,,
107.26666666666667,35.0,12416.0,-8.0,23306.0,50.0,5916.0,-18.0,-6220.0,6.0,-8826.0,32.0,9557.0,50.0,1297.0,,,,,,,,,,,,,,,,,,,,,,,,,,
107.3,35.0,12431.0,-8.0,23334.0,50.0,5915.0,-18.0,-6221.0,7.0,-8811.0,32.0,9608.0,51.0,1317.0,,,,,,,,,,,,,,,,,,,,,,,,,,
107.33333333333333,36.0,12444.0,-8.0,23355.0,49.0,5911.0,-18.0,-6222.0,8.0,-8795.0,32.0,9657.0,51.0,1337.0,,,,,,,,,,,,,,,,,,,,,,,,,,
107.36666666666666,36.0,12457.0,-8.0,23375.0,50.0,5908.0,-17.0,-6224.0,8.0,-8778.0,32.0,9700.0,52.0,1357.0,,,,,,,,,,,,,,,,,,,,,,,,,,
107.4,37.0,12467.0,-8.0,23397.0,50.0,5902.0,-17.0,-6225.0,8.0,-8757.0,32.0,9738.0,52.0,1381.0,,,,,,,,,,,,,,,,,,,,,,,,,,
107.43333333333334,37.0,12473.0,-7.0,23419.0,51.0,5895.0,-17.0,-6221.0,8.0,-8737.0,33.0,9774.0,53.0,1402.0,,,,,,,,,,,,,,,,,,,,,,,,,,
107.46666666666667,37.0,12481.0,-7.0,23438.0,51.0,5888.0,-18.0,-6212.0,8.0,-8721.0,32.0,9817.0,53.0,1420.0,,,,,,,,,,,,,,,,,,,,,,,,,,
107.5,37.0,12489.0,-7.0,23454.0,51.0,5879.0,-18.0,-6207.0,8.0,-8704.0,32.0,9864.0,53.0,1442.0,,,,,,,,,,,,,,,,,,,,,,,,,,
107.53333333333333,36.0,12498.0,-8.0,23465.0,51.0,5868.0,-17.0,-6210.0,8.0,-8684.0,31.0,9909.0,53.0,1465.0,,,,,,,,,,,,,,,,,,,,,,,,,,
107.56666666666666,36.0,12505.0,-8.0,23479.0,51.0,5858.0,-17.0,-6215.0,8.0,-8661.0,31.0,9952.0,52.0,1485.0,,,,,,,,,,,,,,,,,,,,,,,,,,
107.6,36.0,12510.0,-8.0,23495.0,50.0,5852.0,-17.0,-6219.0,7.0,-8637.0,31.0,9992.0,52.0,1505.0,,,,,,,,,,,,,,,,,,,,,,,,,,
107.63333333333334,36.0,12521.0,-7.0,23511.0,49.0,5848.0,-17.0,-6222.0,7.0,-8618.0,31.0,10030.0,52.0,1528.0,,,,,,,,,,,,,,,,,,,,,,,,,,
107.66666666666667,37.0,12533.0,-8.0,23528.0,48.0,5842.0,-16.0,-6224.0,6.0,-8604.0,31.0,10072.0,53.0,1551.0,,,,,,,,,,,,,,,,,,,,,,,,,,
107.7,37.0,12545.0,-8.0,23544.0,48.0,5836.0,-16.0,-6227.0,7.0,-8589.0,31.0,10115.0,52.0,1571.0,,,,,,,,,,,,,,,,,,,,,,,,,,
107.73333333333333,37.0,12555.0,-8.0,23561.0,48.0,5832.0,-16.0,-6231.0,7.0,-8571.0,31.0,10163.0,52.0,1593.0,,,,,,,,,,,,,,,,,,,,,,,,,,
107.76666666666667,37.0,12560.0,-8.0,23576.0,48.0,5828.0,-16.0,-6233.0,7.0,-8556.0,32.0,10206.0,51.0,1617.0,,,,,,,,,,,,,,,,,,,,,,,,,,
107.8,36.0,12561.0,-9.0,23595.0,49.0,5823.0,-16.0,-6233.0,7.0,-8543.0,32.0,10245.0,51.0,1639.0,,,,,,,,,,,,,,,,,,,,,,,,,,
107.83333333333333,37.0,12560.0,-9.0,23622.0,49.0,5817.0,-16.0,-6230.0,7.0,-8525.0,32.0,10284.0,51.0,1659.0,,,,,,,,,,,,,,,,,,,,,,,,,,
107.86666666666666,37.0,12564.0,-9.0,23646.0,49.0,5812.0,-16.0,-6230.0,7.0,-8505.0,32.0,10330.0,52.0,1679.0,,,,,,,,,,,,,,,,,,,,,,,,,,
107.9,37.0,12573.0,-9.0,23662.0,49.0,5806.0,-16.0,-6232.0,7.0,-8485.0,32.0,10378.0,52.0,1700.0,,,,,,,,,,,,,,,,,,,,,,,,,,
107.93333333333334,37.0,12583.0,-10.0,23673.0,49.0,5801.0,-17.0,-6229.0,7.0,-8461.0,32.0,10426.0,52.0,1724.0,,,,,,,,,,,,,,,,,,,,,,,,,,
107.96666666666667,37.0,12593.0,-10.0,23687.0,48.0,5799.0,-17.0,-6227.0,7.0,-8435.0,32.0,10478.0,52.0,1750.0,,,,,,,,,,,,,,,,,,,,,,,,,,
108.0,37.0,12602.0,-9.0,23699.0,48.0,5798.0,-17.0,-6224.0,6.0,-8408.0,31.0,10530.0,51.0,1775.0,,,,,,,,,,,,,,,,,,,,,,,,,,
108.03333333333333,37.0,12613.0,-9.0,23716.0,48.0,5795.0,-17.0,-6224.0,6.0,-8381.0,31.0,10580.0,51.0,1803.0,,,,,,,,,,,,,,,,,,,,,,,,,,
108.06666666666666,37.0,12625.0,-9.0,23738.0,48.0,5790.0,-17.0,-6225.0,7.0,-8359.0,30.0,10627.0,52.0,1829.0,,,,,,,,,,,,,,,,,,,,,,,,,,
108.1,37.0,12641.0,-9.0,23760.0,48.0,5785.0,-17.0,-6223.0,7.0,-8341.0,30.0,10674.0,52.0,1853.0,,,,,,,,,,,,,,,,,,,,,,,,,,
108.13333333333334,37.0,12658.0,-9.0,23776.0,48.0,5782.0,-17.0,-6218.0,7.0,-8322.0,30.0,10723.0,52.0,1874.0,,,,,,,,,,,,,,,,,,,,,,,,,,
108.16666666666667,37.0,12674.0,-8.0,23791.0,49.0,5781.0,-16.0,-6210.0,7.0,-8300.0,30.0,10772.0,51.0,1897.0,,,,,,,,,,,,,,,,,,,,,,,,,,
108.2,37.0,12689.0,-8.0,23802.0,49.0,5779.0,-15.0,-6207.0,7.0,-8275.0,31.0,10820.0,51.0,1922.0,,,,,,,,,,,,,,,,,,,,,,,,,,
108.23333333333333,37.0,12702.0,-8.0,23815.0,48.0,5772.0,-15.0,-6208.0,7.0,-8250.0,32.0,10870.0,51.0,1945.0,,,,,,,,,,,,,,,,,,,,,,,,,,
108.26666666666667,36.0,12710.0,-8.0,23829.0,48.0,5763.0,-14.0,-6207.0,7.0,-8222.0,32.0,10921.0,51.0,1969.0,,,,,,,,,,,,,,,,,,,,,,,,,,
108.3,36.0,12715.0,-9.0,23846.0,48.0,5753.0,-15.0,-6207.0,7.0,-8196.0,33.0,10972.0,51.0,1993.0,,,,,,,,,,,,,,,,,,,,,,,,,,
108.33333333333333,35.0,12720.0,-9.0,23863.0,48.0,5744.0,-16.0,-6211.0,7.0,-8174.0,33.0,11025.0,52.0,2017.0,,,,,,,,,,,,,,,,,,,,,,,,,,
108.36666666666666,34.0,12727.0,-8.0,23878.0,48.0,5737.0,-16.0,-6215.0,7.0,-8152.0,33.0,11075.0,53.0,2043.0,,,,,,,,,,,,,,,,,,,,,,,,,,
108.4,35.0,12734.0,-7.0,23894.0,48.0,5734.0,-16.0,-6218.0,7.0,-8129.0,33.0,11127.0,53.0,2068.0,,,,,,,,,,,,,,,,,,,,,,,,,,
108.43333333333334,35.0,12742.0,-7.0,23907.0,48.0,5738.0,-16.0,-6219.0,7.0,-8105.0,32.0,11181.0,53.0,2093.0,,,,,,,,,,,,,,,,,,,,,,,,,,
108.46666666666667,35.0,12749.0,-8.0,23919.0,48.0,5743.0,-16.0,-6222.0,7.0,-8079.0,32.0,11230.0,53.0,2119.0,,,,,,,,,,,,,,,,,,,,,,,,,,
108.5,34.0,12754.0,-8.0,23932.0,47.0,5744.0,-15.0,-6227.0,6.0,-8053.0,31.0,11278.0,53.0,2147.0,,,,,,,,,,,,,,,,,,,,,,,,,,
108.53333333333333,34.0,12763.0,-9.0,23951.0,47.0,5738.0,-15.0,-6228.0,7.0,-8029.0,31.0,11327.0,53.0,2170.0,,,,,,,,,,,,,,,,,,,,,,,,,,
108.56666666666666,35.0,12775.0,-9.0,23970.0,47.0,5728.0,-15.0,-6227.0,7.0,-8005.0,31.0,11375.0,53.0,2192.0,,,,,,,,,,,,,,,,,,,,,,,,,,
108.6,35.0,12788.0,-10.0,23985.0,47.0,5718.0,-15.0,-6225.0,8.0,-7979.0,31.0,11424.0,52.0,2214.0,,,,,,,,,,,,,,,,,,,,,,,,,,
108.63333333333334,35.0,12800.0,-10.0,24001.0,48.0,5710.0,-15.0,-6223.0,8.0,-7956.0,31.0,11474.0,52.0,2233.0,,,,,,,,,,,,,,,,,,,,,,,,,,
108.66666666666667,35.0,12811.0,-10.0,24014.0,48.0,5707.0,-15.0,-6220.0,9.0,-7934.0,32.0,11523.0,52.0,2251.0,,,,,,,,,,,,,,,,,,,,,,,,,,
108.7,35.0,12818.0,-10.0,24022.0,48.0,5703.0,-15.0,-6214.0,9.0,-7912.0,31.0,11569.0,52.0,2271.0,,,,,,,,,,,,,,,,,,,,,,,,,,
108.73333333333333,36.0,12824.0,-11.0,24031.0,48.0,5698.0,-15.0,-6209.0,9.0,-7888.0,31.0,11614.0,52.0,2296.0,,,,,,,,,,,,,,,,,,,,,,,,,,
108.76666666666667,36.0,12833.0,-11.0,24040.0,48.0,5692.0,-14.0,-6209.0,9.0,-7870.0,31.0,11663.0,52.0,2322.0,,,,,,,,,,,,,,,,,,,,,,,,,,
108.8,36.0,12844.0,-11.0,24051.0,48.0,5686.0,-15.0,-6212.0,8.0,-7854.0,31.0,11708.0,51.0,2346.0,,,,,,,,,,,,,,,,,,,,,,,,,,
108.83333333333333,37.0,12854.0,-11.0,24066.0,48.0,5682.0,-15.0,-6213.0,8.0,-7836.0,31.0,11758.0,51.0,2374.0,,,,,,,,,,,,,,,,,,,,,,,,,,
108.86666666666666,37.0,12866.0,-11.0,24082.0,48.0,5677.0,-16.0,-6215.0,9.0,-7814.0,32.0,11808.0,52.0,2407.0,,,,,,,,,,,,,,,,,,,,,,,,,,
108.9,37.0,12881.0,-11.0,24094.0,48.0,5674.0,-16.0,-6215.0,8.0,-7790.0,32.0,11857.0,52.0,2438.0,,,,,,,,,,,,,,,,,,,,,,,,,,
108.93333333333334,37.0,12900.0,-11.0,24107.0,48.0,5674.0,-16.0,-6213.0,8.0,-7766.0,33.0,11908.0,52.0,2467.0,,,,,,,,,,,,,,,,,,,,,,,,,,
108.96666666666667,36.0,12912.0,-10.0,24120.0,48.0,5674.0,-16.0,-6210.0,8.0,-7740.0,33.0,11961.0,52.0,2491.0,,,,,,,,,,,,,,,,,,,,,,,,,,
109.0,36.0,12922.0,-10.0,24136.0,48.0,5675.0,-16.0,-6208.0,8.0,-7718.0,33.0,12012.0,51.0,2515.0,,,,,,,,,,,,,,,,,,,,,,,,,,
109.03333333333333,35.0,12929.0,-10.0,24147.0,48.0,5673.0,-16.0,-6208.0,8.0,-7697.0,32.0,12062.0,51.0,2539.0,,,,,,,,,,,,,,,,,,,,,,,,,,
109.06666666666666,35.0,12938.0,-10.0,24160.0,48.0,5671.0,-16.0,-6207.0,9.0,-7674.0,32.0,12113.0,51.0,2561.0,,,,,,,,,,,,,,,,,,,,,,,,,,
109.1,35.0,12949.0,-10.0,24172.0,47.0,5668.0,-16.0,-6206.0,9.0,-7645.0,31.0,12165.0,51.0,2586.0,,,,,,,,,,,,,,,,,,,,,,,,,,
109.13333333333334,34.0,12961.0,-10.0,24186.0,46.0,5667.0,-17.0,-6210.0,10.0,-7615.0,31.0,12215.0,52.0,2615.0,,,,,,,,,,,,,,,,,,,,,,,,,,
109.16666666666667,35.0,12971.0,-10.0,24197.0,46.0,5665.0,-17.0,-6212.0,10.0,-7588.0,31.0,12264.0,52.0,2647.0,,,,,,,,,,,,,,,,,,,,,,,,,,
109.2,36.0,12983.0,-11.0,24202.0,46.0,5658.0,-18.0,-6213.0,10.0,-7564.0,31.0,12319.0,52.0,2675.0,,,,,,,,,,,,,,,,,,,,,,,,,,
109.23333333333333,36.0,12996.0,-10.0,24211.0,46.0,5650.0,-18.0,-6215.0,10.0,-7542.0,30.0,12376.0,51.0,2699.0,,,,,,,,,,,,,,,,,,,,,,,,,,
109.26666666666667,37.0,13010.0,-11.0,24221.0,46.0,5639.0,-18.0,-6219.0,9.0,-7518.0,30.0,12429.0,51.0,2723.0,,,,,,,,,,,,,,,,,,,,,,,,,,
109.3,37.0,13023.0,-11.0,24235.0,47.0,5628.0,-17.0,-6222.0,9.0,-7494.0,31.0,12477.0,50.0,2747.0,,,,,,,,,,,,,,,,,,,,,,,,,,
109.33333333333333,37.0,13034.0,-11.0,24248.0,47.0,5619.0,-17.0,-6223.0,9.0,-7466.0,30.0,12524.0,50.0,2769.0,,,,,,,,,,,,,,,,,,,,,,,,,,
109.36666666666666,37.0,13043.0,-11.0,24262.0,47.0,5611.0,-17.0,-6221.0,8.0,-7437.0,30.0,12574.0,51.0,2790.0,,,,,,,,,,,,,,,,,,,,,,,,,,
109.4,36.0,13055.0,-11.0,24274.0,47.0,5608.0,-17.0,-6216.0,8.0,-7411.0,30.0,12625.0,51.0,2810.0,,,,,,,,,,,,,,,,,,,,,,,,,,
109.43333333333334,36.0,13066.0,-11.0,24282.0,47.0,5604.0,-17.0,-6211.0,7.0,-7384.0,31.0,12677.0,51.0,2831.0,,,,,,,,,,,,,,,,,,,,,,,,,,
109.46666666666667,35.0,13074.0,-10.0,24295.0,47.0,5600.0,-16.0,-6206.0,7.0,-7358.0,31.0,12730.0,50.0,2852.0,,,,,,,,,,,,,,,,,,,,,,,,,,
109.5,34.0,13083.0,-10.0,24310.0,47.0,5599.0,-16.0,-6200.0,6.0,-7338.0,32.0,12784.0,50.0,2878.0,,,,,,,,,,,,,,,,,,,,,,,,,,
109.53333333333333,34.0,13094.0,-11.0,24325.0,47.0,5597.0,-16.0,-6199.0,6.0,-7316.0,32.0,12836.0,50.0,2907.0,,,,,,,,,,,,,,,,,,,,,,,,,,
109.56666666666666,34.0,13099.0,-11.0,24339.0,47.0,5592.0,-16.0,-6203.0,6.0,-7291.0,32.0,12887.0,49.0,2937.0,,,,,,,,,,,,,,,,,,,,,,,,,,
109.6,34.0,13105.0,-13.0,24350.0,48.0,5584.0,-16.0,-6206.0,6.0,-7263.0,32.0,12936.0,50.0,2967.0,,,,,,,,,,,,,,,,,,,,,,,,,,
109.63333333333334,34.0,13112.0,-13.0,24356.0,47.0,5576.0,-16.0,-6208.0,6.0,-7236.0,33.0,12984.0,50.0,2995.0,,,,,,,,,,,,,,,,,,,,,,,,,,
109.66666666666667,34.0,13120.0,-13.0,24367.0,47.0,5569.0,-16.0,-6212.0,6.0,-7208.0,33.0,13034.0,50.0,3020.0,,,,,,,,,,,,,,,,,,,,,,,,,,
109.7,34.0,13135.0,-13.0,24377.0,47.0,5565.0,-16.0,-6212.0,6.0,-7183.0,33.0,13088.0,49.0,3046.0,,,,,,,,,,,,,,,,,,,,,,,,,,
109.73333333333333,34.0,13151.0,-13.0,24384.0,46.0,5564.0,-16.0,-6209.0,6.0,-7158.0,32.0,13146.0,50.0,3075.0,,,,,,,,,,,,,,,,,,,,,,,,,,
109.76666666666667,34.0,13165.0,-14.0,24394.0,46.0,5560.0,-16.0,-6203.0,7.0,-7131.0,32.0,13201.0,50.0,3106.0,,,,,,,,,,,,,,,,,,,,,,,,,,
109.8,33.0,13173.0,-13.0,24408.0,45.0,5555.0,-16.0,-6198.0,7.0,-7101.0,32.0,13249.0,50.0,3131.0,,,,,,,,,,,,,,,,,,,,,,,,,,
109.83333333333333,33.0,13181.0,-13.0,24430.0,45.0,5550.0,-16.0,-6195.0,7.0,-7069.0,32.0,13295.0,50.0,3156.0,,,,,,,,,,,,,,,,,,,,,,,,,,
109.86666666666666,33.0,13194.0,-12.0,24450.0,45.0,5551.0,-16.0,-6193.0,7.0,-7039.0,32.0,13344.0,50.0,3181.0,,,,,,,,,,,,,,,,,,,,,,,,,,
109.9,33.0,13210.0,-12.0,24468.0,46.0,5553.0,-16.0,-6193.0,7.0,-7013.0,32.0,13398.0,50.0,3204.0,,,,,,,,,,,,,,,,,,,,,,,,,,
109.93333333333334,33.0,13223.0,-13.0,24486.0,47.0,5549.0,-16.0,-6192.0,8.0,-6988.0,32.0,13454.0,50.0,3231.0,,,,,,,,,,,,,,,,,,,,,,,,,,
109.96666666666667,34.0,13232.0,-13.0,24496.0,47.0,5542.0,-16.0,-6189.0,8.0,-6964.0,32.0,13507.0,51.0,3261.0,,,,,,,,,,,,,,,,,,,,,,,,,,
110.0,33.0,13236.0,-13.0,24505.0,47.0,5537.0,-17.0,-6188.0,8.0,-6940.0,31.0,13563.0,50.0,3287.0,,,,,,,,,,,,,,,,,,,,,,,,,,
110.03333333333333,33.0,13240.0,-13.0,24513.0,47.0,5534.0,-17.0,-6193.0,8.0,-6915.0,31.0,13621.0,50.0,3312.0,,,,,,,,,,,,,,,,,,,,,,,,,,
110.06666666666666,34.0,13244.0,-13.0,24518.0,47.0,5530.0,-18.0,-6197.0,7.0,-6885.0,32.0,13676.0,50.0,3343.0,,,,,,,,,,,,,,,,,,,,,,,,,,
110.1,35.0,13250.0,-13.0,24528.0,48.0,5525.0,-18.0,-6197.0,7.0,-6852.0,32.0,13728.0,50.0,3373.0,,,,,,,,,,,,,,,,,,,,,,,,,,
110.13333333333334,35.0,13261.0,-13.0,24543.0,48.0,5521.0,-18.0,-6199.0,7.0,-6820.0,32.0,13776.0,50.0,3402.0,,,,,,,,,,,,,,,,,,,,,,,,,,
110.16666666666667,35.0,13276.0,-13.0,24556.0,47.0,5520.0,-18.0,-6205.0,7.0,-6794.0,32.0,13830.0,51.0,3432.0,,,,,,,,,,,,,,,,,,,,,,,,,,
110.2,35.0,13290.0,-13.0,24568.0,47.0,5516.0,-17.0,-6211.0,7.0,-6771.0,32.0,13883.0,51.0,3463.0,,,,,,,,,,,,,,,,,,,,,,,,,,
110.23333333333333,35.0,13299.0,-14.0,24579.0,46.0,5509.0,-17.0,-6213.0,8.0,-6747.0,32.0,13933.0,52.0,3484.0,,,,,,,,,,,,,,,,,,,,,,,,,,
110.26666666666667,35.0,13308.0,-14.0,24588.0,46.0,5500.0,-17.0,-6211.0,8.0,-6718.0,31.0,13986.0,52.0,3506.0,,,,,,,,,,,,,,,,,,,,,,,,,,
110.3,35.0,13316.0,-14.0,24598.0,47.0,5492.0,-17.0,-6209.0,7.0,-6689.0,30.0,14038.0,52.0,3534.0,,,,,,,,,,,,,,,,,,,,,,,,,,
110.33333333333333,34.0,13323.0,-14.0,24604.0,47.0,5482.0,-17.0,-6210.0,7.0,-6664.0,30.0,14087.0,51.0,3563.0,,,,,,,,,,,,,,,,,,,,,,,,,,
110.36666666666666,35.0,13329.0,-13.0,24608.0,47.0,5475.0,-17.0,-6211.0,6.0,-6639.0,30.0,14136.0,51.0,3589.0,,,,,,,,,,,,,,,,,,,,,,,,,,
110.4,35.0,13335.0,-13.0,24609.0,47.0,5470.0,-17.0,-6210.0,6.0,-6613.0,31.0,14189.0,51.0,3616.0,,,,,,,,,,,,,,,,,,,,,,,,,,
110.43333333333334,35.0,13345.0,-12.0,24607.0,48.0,5464.0,-17.0,-6211.0,6.0,-6581.0,31.0,14241.0,50.0,3642.0,,,,,,,,,,,,,,,,,,,,,,,,,,
110.46666666666667,35.0,13353.0,-12.0,24612.0,48.0,5458.0,-17.0,-6211.0,6.0,-6549.0,31.0,14292.0,49.0,3667.0,,,,,,,,,,,,,,,,,,,,,,,,,,
110.5,35.0,13355.0,-13.0,24626.0,48.0,5456.0,-17.0,-6212.0,6.0,-6520.0,31.0,14346.0,49.0,3694.0,,,,,,,,,,,,,,,,,,,,,,,,,,
110.53333333333333,35.0,13360.0,-13.0,24642.0,47.0,5454.0,-17.0,-6212.0,7.0,-6493.0,31.0,14400.0,49.0,3722.0,,,,,,,,,,,,,,,,,,,,,,,,,,
110.56666666666666,35.0,13366.0,-13.0,24655.0,47.0,5451.0,-17.0,-6213.0,8.0,-6467.0,32.0,14456.0,49.0,3752.0,,,,,,,,,,,,,,,,,,,,,,,,,,
110.6,35.0,13369.0,-14.0,24663.0,47.0,5448.0,-17.0,-6217.0,8.0,-6440.0,32.0,14513.0,48.0,3782.0,,,,,,,,,,,,,,,,,,,,,,,,,,
110.63333333333334,35.0,13375.0,-14.0,24669.0,47.0,5443.0,-17.0,-6221.0,8.0,-6416.0,33.0,14568.0,48.0,3814.0,,,,,,,,,,,,,,,,,,,,,,,,,,
110.66666666666667,35.0,13384.0,-13.0,24675.0,47.0,5440.0,-17.0,-6220.0,8.0,-6393.0,32.0,14618.0,48.0,3846.0,,,,,,,,,,,,,,,,,,,,,,,,,,
110.7,35.0,13395.0,-13.0,24688.0,46.0,5435.0,-17.0,-6216.0,8.0,-6367.0,32.0,14669.0,48.0,3874.0,,,,,,,,,,,,,,,,,,,,,,,,,,
110.73333333333333,35.0,13413.0,-14.0,24701.0,46.0,5431.0,-16.0,-6214.0,8.0,-6337.0,32.0,14726.0,49.0,3901.0,,,,,,,,,,,,,,,,,,,,,,,,,,
110.76666666666667,35.0,13426.0,-15.0,24715.0,47.0,5433.0,-16.0,-6210.0,9.0,-6305.0,31.0,14781.0,49.0,3927.0,,,,,,,,,,,,,,,,,,,,,,,,,,
110.8,35.0,13434.0,-15.0,24728.0,47.0,5438.0,-16.0,-6205.0,9.0,-6274.0,31.0,14834.0,49.0,3954.0,,,,,,,,,,,,,,,,,,,,,,,,,,
110.83333333333333,35.0,13440.0,-15.0,24743.0,47.0,5441.0,-17.0,-6201.0,10.0,-6247.0,31.0,14892.0,49.0,3979.0,,,,,,,,,,,,,,,,,,,,,,,,,,
110.86666666666666,35.0,13449.0,-15.0,24758.0,47.0,5443.0,-17.0,-6200.0,10.0,-6226.0,31.0,14948.0,49.0,4004.0,,,,,,,,,,,,,,,,,,,,,,,,,,
110.9,35.0,13456.0,-15.0,24770.0,46.0,5442.0,-17.0,-6200.0,10.0,-6205.0,30.0,15002.0,49.0,4031.0,,,,,,,,,,,,,,,,,,,,,,,,,,
110.93333333333334,35.0,13458.0,-15.0,24782.0,46.0,5439.0,-17.0,-6202.0,9.0,-6176.0,30.0,15055.0,49.0,4059.0,,,,,,,,,,,,,,,,,,,,,,,,,,
110.96666666666667,35.0,13460.0,-14.0,24793.0,45.0,5433.0,-17.0,-6203.0,8.0,-6144.0,30.0,15107.0,49.0,4085.0,,,,,,,,,,,,,,,,,,,,,,,,,,
111.0,35.0,13467.0,-14.0,24801.0,45.0,5423.0,-18.0,-6199.0,8.0,-6108.0,31.0,15160.0,49.0,4113.0,,,,,,,,,,,,,,,,,,,,,,,,,,
111.03333333333333,36.0,13474.0,-14.0,24811.0,45.0,5414.0,-18.0,-6193.0,8.0,-6071.0,32.0,15213.0,49.0,4142.0,,,,,,,,,,,,,,,,,,,,,,,,,,
111.06666666666666,35.0,13480.0,-14.0,24827.0,44.0,5405.0,-18.0,-6192.0,8.0,-6042.0,32.0,15265.0,49.0,4172.0,,,,,,,,,,,,,,,,,,,,,,,,,,
111.1,35.0,13484.0,-14.0,24843.0,44.0,5401.0,-17.0,-6192.0,7.0,-6010.0,32.0,15315.0,50.0,4202.0,,,,,,,,,,,,,,,,,,,,,,,,,,
111.13333333333334,35.0,13486.0,-13.0,24859.0,45.0,5401.0,-17.0,-6193.0,8.0,-5977.0,32.0,15368.0,50.0,4231.0,,,,,,,,,,,,,,,,,,,,,,,,,,
111.16666666666667,34.0,13492.0,-13.0,24874.0,45.0,5401.0,-16.0,-6195.0,8.0,-5942.0,32.0,15426.0,50.0,4256.0,,,,,,,,,,,,,,,,,,,,,,,,,,
111.2,34.0,13497.0,-14.0,24886.0,45.0,5397.0,-16.0,-6197.0,8.0,-5914.0,33.0,15482.0,49.0,4282.0,,,,,,,,,,,,,,,,,,,,,,,,,,
111.23333333333333,33.0,13500.0,-14.0,24898.0,45.0,5394.0,-16.0,-6202.0,8.0,-5893.0,33.0,15537.0,49.0,4311.0,,,,,,,,,,,,,,,,,,,,,,,,,,
111.26666666666667,32.0,13507.0,-15.0,24913.0,46.0,5387.0,-16.0,-6207.0,8.0,-5874.0,33.0,15595.0,49.0,4340.0,,,,,,,,,,,,,,,,,,,,,,,,,,
111.3,32.0,13515.0,-15.0,24928.0,46.0,5380.0,-16.0,-6210.0,8.0,-5852.0,33.0,15652.0,50.0,4369.0,,,,,,,,,,,,,,,,,,,,,,,,,,
111.33333333333333,32.0,13523.0,-15.0,24942.0,45.0,5373.0,-16.0,-6210.0,8.0,-5825.0,33.0,15710.0,50.0,4400.0,,,,,,,,,,,,,,,,,,,,,,,,,,
111.36666666666666,31.0,13531.0,-15.0,24953.0,45.0,5366.0,-16.0,-6208.0,8.0,-5796.0,33.0,15764.0,50.0,4427.0,,,,,,,,,,,,,,,,,,,,,,,,,,
111.4,31.0,13536.0,-15.0,24968.0,44.0,5357.0,-16.0,-6202.0,7.0,-5762.0,33.0,15812.0,50.0,4453.0,,,,,,,,,,,,,,,,,,,,,,,,,,
111.43333333333334,31.0,13543.0,-16.0,24988.0,44.0,5349.0,-16.0,-6196.0,7.0,-5729.0,33.0,15860.0,50.0,4478.0,,,,,,,,,,,,,,,,,,,,,,,,,,
111.46666666666667,32.0,13554.0,-16.0,25005.0,44.0,5344.0,-16.0,-6193.0,7.0,-5701.0,33.0,15912.0,50.0,4505.0,,,,,,,,,,,,,,,,,,,,,,,,,,
111.5,32.0,13564.0,-17.0,25018.0,44.0,5341.0,-16.0,-6188.0,7.0,-5673.0,32.0,15963.0,50.0,4534.0,,,,,,,,,,,,,,,,,,,,,,,,,,
111.53333333333333,32.0,13568.0,-17.0,25024.0,44.0,5337.0,-16.0,-6189.0,7.0,-5646.0,32.0,16016.0,50.0,4565.0,,,,,,,,,,,,,,,,,,,,,,,,,,
111.56666666666666,32.0,13569.0,-16.0,25033.0,43.0,5333.0,-16.0,-6192.0,7.0,-5622.0,32.0,16068.0,50.0,4596.0,,,,,,,,,,,,,,,,,,,,,,,,,,
111.6,32.0,13571.0,-16.0,25049.0,44.0,5331.0,-16.0,-6195.0,7.0,-5598.0,32.0,16120.0,49.0,4624.0,,,,,,,,,,,,,,,,,,,,,,,,,,
111.63333333333334,32.0,13574.0,-15.0,25066.0,44.0,5328.0,-15.0,-6198.0,7.0,-5572.0,32.0,16170.0,49.0,4651.0,,,,,,,,,,,,,,,,,,,,,,,,,,
111.66666666666667,32.0,13578.0,-15.0,25081.0,44.0,5329.0,-15.0,-6199.0,8.0,-5545.0,32.0,16221.0,49.0,4677.0,,,,,,,,,,,,,,,,,,,,,,,,,,
111.7,32.0,13578.0,-14.0,25099.0,44.0,5331.0,-14.0,-6196.0,8.0,-5519.0,32.0,16275.0,49.0,4705.0,,,,,,,,,,,,,,,,,,,,,,,,,,
111.73333333333333,32.0,13580.0,-14.0,25118.0,44.0,5328.0,-14.0,-6192.0,8.0,-5488.0,33.0,16333.0,50.0,4731.0,,,,,,,,,,,,,,,,,,,,,,,,,,
111.76666666666667,33.0,13589.0,-14.0,25138.0,44.0,5320.0,-13.0,-6186.0,8.0,-5460.0,33.0,16393.0,50.0,4757.0,,,,,,,,,,,,,,,,,,,,,,,,,,
111.8,33.0,13599.0,-14.0,25161.0,44.0,5311.0,-14.0,-6182.0,8.0,-5431.0,33.0,16450.0,50.0,4782.0,,,,,,,,,,,,,,,,,,,,,,,,,,
111.83333333333333,33.0,13605.0,-14.0,25174.0,44.0,5305.0,-14.0,-6182.0,8.0,-5403.0,33.0,16505.0,50.0,4811.0,,,,,,,,,,,,,,,,,,,,,,,,,,
111.86666666666666,33.0,13614.0,-14.0,25185.0,44.0,5306.0,-14.0,-6186.0,7.0,-5375.0,32.0,16563.0,51.0,4842.0,,,,,,,,,,,,,,,,,,,,,,,,,,
111.9,32.0,13625.0,-14.0,25197.0,44.0,5307.0,-15.0,-6186.0,7.0,-5343.0,32.0,16624.0,51.0,4872.0,,,,,,,,,,,,,,,,,,,,,,,,,,
111.93333333333334,32.0,13632.0,-15.0,25214.0,43.0,5301.0,-15.0,-6183.0,7.0,-5311.0,32.0,16685.0,51.0,4901.0,,,,,,,,,,,,,,,,,,,,,,,,,,
111.96666666666667,31.0,13638.0,-16.0,25239.0,43.0,5294.0,-15.0,-6180.0,7.0,-5280.0,32.0,16745.0,50.0,4929.0,,,,,,,,,,,,,,,,,,,,,,,,,,
112.0,32.0,13642.0,-16.0,25263.0,43.0,5289.0,-15.0,-6182.0,7.0,-5251.0,32.0,16799.0,49.0,4960.0,,,,,,,,,,,,,,,,,,,,,,,,,,
112.03333333333333,32.0,13646.0,-17.0,25280.0,42.0,5283.0,-14.0,-6188.0,7.0,-5227.0,33.0,16853.0,48.0,4995.0,,,,,,,,,,,,,,,,,,,,,,,,,,
112.06666666666666,31.0,13653.0,-17.0,25293.0,42.0,5277.0,-14.0,-6191.0,6.0,-5199.0,33.0,16907.0,49.0,5031.0,,,,,,,,,,,,,,,,,,,,,,,,,,
112.1,31.0,13660.0,-18.0,25310.0,41.0,5275.0,-14.0,-6191.0,6.0,-5171.0,33.0,16964.0,49.0,5063.0,,,,,,,,,,,,,,,,,,,,,,,,,,
112.13333333333334,31.0,13665.0,-17.0,25329.0,41.0,5274.0,-15.0,-6189.0,5.0,-5143.0,33.0,17023.0,48.0,5095.0,,,,,,,,,,,,,,,,,,,,,,,,,,
112.16666666666667,30.0,13671.0,-17.0,25354.0,42.0,5270.0,-15.0,-6188.0,5.0,-5118.0,33.0,17080.0,48.0,5124.0,,,,,,,,,,,,,,,,,,,,,,,,,,
112.2,30.0,13674.0,-17.0,25384.0,42.0,5264.0,-16.0,-6186.0,5.0,-5089.0,33.0,17136.0,49.0,5150.0,,,,,,,,,,,,,,,,,,,,,,,,,,
112.23333333333333,31.0,13676.0,-17.0,25410.0,42.0,5261.0,-16.0,-6189.0,6.0,-5059.0,32.0,17192.0,49.0,5176.0,,,,,,,,,,,,,,,,,,,,,,,,,,
112.26666666666667,31.0,13672.0,-18.0,25432.0,42.0,5259.0,-16.0,-6193.0,6.0,-5035.0,32.0,17243.0,48.0,5204.0,,,,,,,,,,,,,,,,,,,,,,,,,,
112.3,32.0,13667.0,-18.0,25447.0,42.0,5255.0,-15.0,-6198.0,6.0,-5011.0,32.0,17297.0,48.0,5232.0,,,,,,,,,,,,,,,,,,,,,,,,,,
112.33333333333333,32.0,13667.0,-18.0,25464.0,42.0,5246.0,-15.0,-6201.0,6.0,-4983.0,32.0,17347.0,48.0,5265.0,,,,,,,,,,,,,,,,,,,,,,,,,,
112.36666666666666,32.0,13669.0,-18.0,25486.0,43.0,5239.0,-15.0,-6204.0,6.0,-4955.0,32.0,17396.0,48.0,5303.0,,,,,,,,,,,,,,,,,,,,,,,,,,
112.4,32.0,13673.0,-18.0,25507.0,43.0,5237.0,-15.0,-6205.0,6.0,-4930.0,32.0,17449.0,48.0,5340.0,,,,,,,,,,,,,,,,,,,,,,,,,,
112.43333333333334,32.0,13677.0,-18.0,25524.0,44.0,5238.0,-16.0,-6204.0,6.0,-4907.0,33.0,17504.0,48.0,5372.0,,,,,,,,,,,,,,,,,,,,,,,,,,
112.46666666666667,32.0,13682.0,-18.0,25542.0,43.0,5238.0,-16.0,-6198.0,7.0,-4884.0,32.0,17560.0,48.0,5401.0,,,,,,,,,,,,,,,,,,,,,,,,,,
112.5,32.0,13689.0,-18.0,25568.0,43.0,5233.0,-16.0,-6192.0,7.0,-4864.0,32.0,17617.0,49.0,5431.0,,,,,,,,,,,,,,,,,,,,,,,,,,
112.53333333333333,32.0,13693.0,-18.0,25592.0,43.0,5226.0,-16.0,-6184.0,6.0,-4838.0,32.0,17672.0,49.0,5459.0,,,,,,,,,,,,,,,,,,,,,,,,,,
112.56666666666666,32.0,13697.0,-18.0,25611.0,43.0,5219.0,-15.0,-6176.0,6.0,-4811.0,31.0,17725.0,50.0,5489.0,,,,,,,,,,,,,,,,,,,,,,,,,,
112.6,31.0,13703.0,-18.0,25639.0,43.0,5213.0,-15.0,-6171.0,6.0,-4783.0,31.0,17782.0,51.0,5520.0,,,,,,,,,,,,,,,,,,,,,,,,,,
112.63333333333334,31.0,13704.0,-18.0,25675.0,43.0,5208.0,-15.0,-6173.0,6.0,-4759.0,31.0,17840.0,51.0,5553.0,,,,,,,,,,,,,,,,,,,,,,,,,,
112.66666666666667,30.0,13708.0,-18.0,25711.0,42.0,5201.0,-15.0,-6179.0,6.0,-4734.0,32.0,17904.0,51.0,5584.0,,,,,,,,,,,,,,,,,,,,,,,,,,
112.7,30.0,13710.0,-18.0,25743.0,42.0,5192.0,-16.0,-6184.0,6.0,-4710.0,32.0,17967.0,50.0,5612.0,,,,,,,,,,,,,,,,,,,,,,,,,,
112.73333333333333,30.0,13710.0,-18.0,25773.0,42.0,5187.0,-16.0,-6187.0,5.0,-4686.0,32.0,18028.0,50.0,5640.0,,,,,,,,,,,,,,,,,,,,,,,,,,
112.76666666666667,30.0,13711.0,-18.0,25804.0,42.0,5190.0,-16.0,-6191.0,5.0,-4656.0,32.0,18088.0,50.0,5667.0,,,,,,,,,,,,,,,,,,,,,,,,,,
112.8,30.0,13713.0,-17.0,25841.0,41.0,5191.0,-16.0,-6193.0,5.0,-4624.0,32.0,18144.0,49.0,5696.0,,,,,,,,,,,,,,,,,,,,,,,,,,
112.83333333333333,30.0,13715.0,-17.0,25869.0,42.0,5190.0,-16.0,-6191.0,6.0,-4600.0,32.0,18198.0,48.0,5730.0,,,,,,,,,,,,,,,,,,,,,,,,,,
112.86666666666666,30.0,13713.0,-16.0,25895.0,42.0,5189.0,-16.0,-6185.0,6.0,-4578.0,32.0,18253.0,47.0,5768.0,,,,,,,,,,,,,,,,,,,,,,,,,,
112.9,30.0,13709.0,-16.0,25922.0,43.0,5190.0,-17.0,-6181.0,7.0,-4553.0,32.0,18311.0,47.0,5805.0,,,,,,,,,,,,,,,,,,,,,,,,,,
112.93333333333334,30.0,13713.0,-16.0,25948.0,43.0,5189.0,-17.0,-6182.0,7.0,-4528.0,32.0,18367.0,47.0,5839.0,,,,,,,,,,,,,,,,,,,,,,,,,,
112.96666666666667,31.0,13720.0,-16.0,25974.0,43.0,5187.0,-18.0,-6183.0,7.0,-4502.0,32.0,18423.0,48.0,5870.0,,,,,,,,,,,,,,,,,,,,,,,,,,
113.0,32.0,13721.0,-16.0,26003.0,43.0,5180.0,-18.0,-6180.0,7.0,-4479.0,31.0,18481.0,49.0,5900.0,,,,,,,,,,,,,,,,,,,,,,,,,,
113.03333333333333,32.0,13722.0,-16.0,26029.0,42.0,5171.0,-17.0,-6178.0,7.0,-4455.0,31.0,18539.0,48.0,5936.0,,,,,,,,,,,,,,,,,,,,,,,,,,
113.06666666666666,32.0,13724.0,-16.0,26056.0,42.0,5165.0,-17.0,-6176.0,7.0,-4431.0,31.0,18603.0,48.0,5971.0,,,,,,,,,,,,,,,,,,,,,,,,,,
113.1,33.0,13723.0,-17.0,26084.0,42.0,5158.0,-17.0,-6179.0,7.0,-4409.0,31.0,18663.0,48.0,6004.0,,,,,,,,,,,,,,,,,,,,,,,,,,
113.13333333333334,33.0,13721.0,-17.0,26115.0,42.0,5150.0,-16.0,-6181.0,7.0,-4386.0,31.0,18725.0,48.0,6032.0,,,,,,,,,,,,,,,,,,,,,,,,,,
113.16666666666667,33.0,13716.0,-16.0,26151.0,43.0,5144.0,-16.0,-6184.0,7.0,-4362.0,31.0,18789.0,48.0,6064.0,,,,,,,,,,,,,,,,,,,,,,,,,,
113.2,34.0,13713.0,-16.0,26187.0,43.0,5136.0,-16.0,-6186.0,7.0,-4339.0,32.0,18853.0,48.0,6095.0,,,,,,,,,,,,,,,,,,,,,,,,,,
113.23333333333333,33.0,13711.0,-16.0,26219.0,43.0,5129.0,-16.0,-6188.0,7.0,-4314.0,32.0,18909.0,48.0,6127.0,,,,,,,,,,,,,,,,,,,,,,,,,,
113.26666666666667,33.0,13706.0,-17.0,26256.0,43.0,5128.0,-16.0,-6194.0,7.0,-4293.0,32.0,18965.0,48.0,6160.0,,,,,,,,,,,,,,,,,,,,,,,,,,
113.3,32.0,13699.0,-17.0,26292.0,42.0,5125.0,-15.0,-6198.0,7.0,-4273.0,31.0,19025.0,49.0,6196.0,,,,,,,,,,,,,,,,,,,,,,,,,,
113.33333333333333,32.0,13694.0,-17.0,26328.0,41.0,5122.0,-16.0,-6199.0,8.0,-4253.0,31.0,19085.0,49.0,6235.0,,,,,,,,,,,,,,,,,,,,,,,,,,
113.36666666666666,32.0,13691.0,-17.0,26368.0,41.0,5118.0,-16.0,-6197.0,8.0,-4232.0,31.0,19144.0,48.0,6274.0,,,,,,,,,,,,,,,,,,,,,,,,,,
113.4,32.0,13691.0,-17.0,26406.0,42.0,5112.0,-16.0,-6191.0,7.0,-4210.0,30.0,19211.0,48.0,6312.0,,,,,,,,,,,,,,,,,,,,,,,,,,
113.43333333333334,32.0,13697.0,-18.0,26440.0,42.0,5108.0,-16.0,-6186.0,8.0,-4187.0,30.0,19277.0,47.0,6350.0,,,,,,,,,,,,,,,,,,,,,,,,,,
113.46666666666667,33.0,13699.0,-18.0,26470.0,43.0,5106.0,-16.0,-6185.0,7.0,-4165.0,31.0,19339.0,47.0,6389.0,,,,,,,,,,,,,,,,,,,,,,,,,,
113.5,33.0,13698.0,-18.0,26506.0,43.0,5103.0,-16.0,-6186.0,7.0,-4147.0,31.0,19402.0,47.0,6426.0,,,,,,,,,,,,,,,,,,,,,,,,,,
113.53333333333333,33.0,13699.0,-16.0,26545.0,43.0,5097.0,-16.0,-6188.0,7.0,-4127.0,32.0,19465.0,47.0,6459.0,,,,,,,,,,,,,,,,,,,,,,,,,,
113.56666666666666,33.0,13697.0,-16.0,26583.0,43.0,5091.0,-16.0,-6189.0,6.0,-4104.0,32.0,19528.0,47.0,6490.0,,,,,,,,,,,,,,,,,,,,,,,,,,
113.6,33.0,13693.0,-16.0,26623.0,43.0,5085.0,-16.0,-6189.0,6.0,-4082.0,32.0,19589.0,47.0,6524.0,,,,,,,,,,,,,,,,,,,,,,,,,,
113.63333333333334,33.0,13690.0,-16.0,26662.0,43.0,5080.0,-16.0,-6189.0,5.0,-4058.0,32.0,19650.0,47.0,6560.0,,,,,,,,,,,,,,,,,,,,,,,,,,
113.66666666666667,32.0,13684.0,-17.0,26705.0,43.0,5076.0,-16.0,-6189.0,5.0,-4036.0,32.0,19715.0,46.0,6599.0,,,,,,,,,,,,,,,,,,,,,,,,,,
113.7,32.0,13683.0,-17.0,26753.0,42.0,5073.0,-16.0,-6188.0,5.0,-4017.0,32.0,19786.0,46.0,6641.0,,,,,,,,,,,,,,,,,,,,,,,,,,
113.73333333333333,32.0,13691.0,-17.0,26811.0,41.0,5070.0,-16.0,-6186.0,5.0,-3995.0,31.0,19859.0,47.0,6683.0,,,,,,,,,,,,,,,,,,,,,,,,,,
113.76666666666667,32.0,13698.0,-16.0,26868.0,41.0,5066.0,-15.0,-6183.0,6.0,-3972.0,31.0,19930.0,47.0,6722.0,,,,,,,,,,,,,,,,,,,,,,,,,,
113.8,32.0,13703.0,-16.0,26914.0,41.0,5062.0,-15.0,-6179.0,7.0,-3952.0,30.0,19994.0,47.0,6762.0,,,,,,,,,,,,,,,,,,,,,,,,,,
113.83333333333333,32.0,13705.0,-17.0,26952.0,41.0,5055.0,-15.0,-6176.0,7.0,-3935.0,30.0,20056.0,47.0,6797.0,,,,,,,,,,,,,,,,,,,,,,,,,,
113.86666666666666,32.0,13704.0,-17.0,26983.0,41.0,5047.0,-15.0,-6175.0,8.0,-3916.0,30.0,20117.0,46.0,6835.0,,,,,,,,,,,,,,,,,,,,,,,,,,
113.9,32.0,13704.0,-17.0,27019.0,41.0,5038.0,-16.0,-6179.0,8.0,-3892.0,31.0,20180.0,46.0,6879.0,,,,,,,,,,,,,,,,,,,,,,,,,,
113.93333333333334,32.0,13702.0,-17.0,27055.0,41.0,5037.0,-16.0,-6184.0,8.0,-3863.0,31.0,20245.0,46.0,6925.0,,,,,,,,,,,,,,,,,,,,,,,,,,
113.96666666666667,32.0,13703.0,-17.0,27091.0,41.0,5036.0,-16.0,-6187.0,8.0,-3833.0,32.0,20306.0,46.0,6972.0,,,,,,,,,,,,,,,,,,,,,,,,,,
114.0,31.0,13704.0,-17.0,27128.0,41.0,5033.0,-16.0,-6185.0,7.0,-3806.0,32.0,20372.0,46.0,7016.0,,,,,,,,,,,,,,,,,,,,,,,,,,
114.03333333333333,30.0,13702.0,-17.0,27164.0,41.0,5030.0,-16.0,-6183.0,7.0,-3781.0,31.0,20442.0,46.0,7056.0,,,,,,,,,,,,,,,,,,,,,,,,,,
114.06666666666666,30.0,13702.0,-17.0,27200.0,41.0,5022.0,-16.0,-6182.0,7.0,-3757.0,31.0,20516.0,47.0,7094.0,,,,,,,,,,,,,,,,,,,,,,,,,,
114.1,30.0,13702.0,-17.0,27238.0,41.0,5013.0,-16.0,-6183.0,7.0,-3738.0,30.0,20587.0,47.0,7131.0,,,,,,,,,,,,,,,,,,,,,,,,,,
114.13333333333334,31.0,13703.0,-17.0,27277.0,41.0,5007.0,-15.0,-6181.0,7.0,-3723.0,30.0,20659.0,48.0,7166.0,,,,,,,,,,,,,,,,,,,,,,,,,,
114.16666666666667,31.0,13703.0,-17.0,27315.0,40.0,5003.0,-15.0,-6177.0,6.0,-3707.0,30.0,20730.0,48.0,7200.0,,,,,,,,,,,,,,,,,,,,,,,,,,
114.2,31.0,13700.0,-16.0,27355.0,40.0,4998.0,-16.0,-6176.0,6.0,-3688.0,31.0,20803.0,48.0,7233.0,,,,,,,,,,,,,,,,,,,,,,,,,,
114.23333333333333,30.0,13695.0,-16.0,27397.0,40.0,4997.0,-16.0,-6175.0,6.0,-3668.0,31.0,20877.0,47.0,7271.0,,,,,,,,,,,,,,,,,,,,,,,,,,
114.26666666666667,30.0,13692.0,-16.0,27442.0,40.0,4998.0,-16.0,-6174.0,5.0,-3646.0,31.0,20949.0,47.0,7316.0,,,,,,,,,,,,,,,,,,,,,,,,,,
114.3,31.0,13690.0,-16.0,27491.0,41.0,5000.0,-16.0,-6174.0,5.0,-3625.0,31.0,21021.0,47.0,7366.0,,,,,,,,,,,,,,,,,,,,,,,,,,
114.33333333333333,32.0,13690.0,-16.0,27542.0,41.0,5001.0,-16.0,-6172.0,5.0,-3605.0,31.0,21091.0,47.0,7415.0,,,,,,,,,,,,,,,,,,,,,,,,,,
114.36666666666666,31.0,13690.0,-16.0,27591.0,41.0,4999.0,-16.0,-6170.0,5.0,-3584.0,31.0,21163.0,47.0,7465.0,,,,,,,,,,,,,,,,,,,,,,,,,,
114.4,31.0,13690.0,-17.0,27638.0,41.0,4995.0,-16.0,-6168.0,5.0,-3561.0,31.0,21239.0,47.0,7515.0,,,,,,,,,,,,,,,,,,,,,,,,,,
114.43333333333334,31.0,13692.0,-17.0,27687.0,41.0,4989.0,-17.0,-6169.0,5.0,-3544.0,31.0,21314.0,47.0,7562.0,,,,,,,,,,,,,,,,,,,,,,,,,,
114.46666666666667,31.0,13691.0,-17.0,27733.0,41.0,4983.0,-17.0,-6173.0,5.0,-3529.0,31.0,21388.0,47.0,7613.0,,,,,,,,,,,,,,,,,,,,,,,,,,
114.5,30.0,13685.0,-17.0,27776.0,41.0,4979.0,-18.0,-6176.0,6.0,-3510.0,31.0,21456.0,47.0,7664.0,,,,,,,,,,,,,,,,,,,,,,,,,,
114.53333333333333,30.0,13679.0,-17.0,27825.0,41.0,4976.0,-17.0,-6178.0,6.0,-3491.0,32.0,21522.0,47.0,7710.0,,,,,,,,,,,,,,,,,,,,,,,,,,
114.56666666666666,29.0,13675.0,-18.0,27877.0,41.0,4973.0,-16.0,-6176.0,6.0,-3470.0,32.0,21593.0,47.0,7755.0,,,,,,,,,,,,,,,,,,,,,,,,,,
114.6,30.0,13669.0,-18.0,27930.0,41.0,4971.0,-16.0,-6174.0,6.0,-3445.0,32.0,21667.0,47.0,7800.0,,,,,,,,,,,,,,,,,,,,,,,,,,
114.63333333333334,30.0,13665.0,-18.0,27980.0,41.0,4972.0,-15.0,-6171.0,7.0,-3423.0,31.0,21744.0,48.0,7847.0,,,,,,,,,,,,,,,,,,,,,,,,,,
114.66666666666667,30.0,13665.0,-19.0,28027.0,41.0,4967.0,-15.0,-6171.0,8.0,-3403.0,31.0,21822.0,48.0,7898.0,,,,,,,,,,,,,,,,,,,,,,,,,,
114.7,30.0,13666.0,-19.0,28074.0,41.0,4965.0,-16.0,-6171.0,8.0,-3379.0,31.0,21894.0,48.0,7953.0,,,,,,,,,,,,,,,,,,,,,,,,,,
114.73333333333333,29.0,13665.0,-19.0,28118.0,41.0,4960.0,-16.0,-6171.0,8.0,-3355.0,30.0,21967.0,48.0,8008.0,,,,,,,,,,,,,,,,,,,,,,,,,,
114.76666666666667,30.0,13665.0,-18.0,28169.0,41.0,4956.0,-16.0,-6173.0,8.0,-3334.0,31.0,22038.0,48.0,8061.0,,,,,,,,,,,,,,,,,,,,,,,,,,
114.8,30.0,13661.0,-17.0,28221.0,41.0,4952.0,-16.0,-6175.0,8.0,-3313.0,31.0,22116.0,48.0,8113.0,,,,,,,,,,,,,,,,,,,,,,,,,,
114.83333333333333,29.0,13655.0,-17.0,28275.0,41.0,4945.0,-17.0,-6176.0,7.0,-3291.0,31.0,22193.0,47.0,8166.0,,,,,,,,,,,,,,,,,,,,,,,,,,
114.86666666666666,29.0,13651.0,-17.0,28328.0,41.0,4937.0,-17.0,-6176.0,7.0,-3269.0,32.0,22269.0,46.0,8221.0,,,,,,,,,,,,,,,,,,,,,,,,,,
114.9,29.0,13649.0,-17.0,28378.0,41.0,4933.0,-17.0,-6178.0,7.0,-3253.0,32.0,22348.0,46.0,8278.0,,,,,,,,,,,,,,,,,,,,,,,,,,
114.93333333333334,29.0,13647.0,-18.0,28429.0,41.0,4929.0,-17.0,-6179.0,7.0,-3239.0,33.0,22428.0,45.0,8330.0,,,,,,,,,,,,,,,,,,,,,,,,,,
114.96666666666667,29.0,13653.0,-18.0,28482.0,41.0,4921.0,-17.0,-6180.0,7.0,-3227.0,33.0,22509.0,45.0,8383.0,,,,,,,,,,,,,,,,,,,,,,,,,,
115.0,29.0,13665.0,-19.0,28534.0,41.0,4916.0,-17.0,-6182.0,7.0,-3217.0,34.0,22591.0,45.0,8438.0,,,,,,,,,,,,,,,,,,,,,,,,,,
115.03333333333333,29.0,13668.0,-19.0,28586.0,41.0,4911.0,-16.0,-6183.0,7.0,-3202.0,34.0,22674.0,45.0,8490.0,,,,,,,,,,,,,,,,,,,,,,,,,,
115.06666666666666,30.0,13661.0,-19.0,28638.0,41.0,4907.0,-16.0,-6180.0,7.0,-3185.0,33.0,22755.0,45.0,8542.0,,,,,,,,,,,,,,,,,,,,,,,,,,
115.1,30.0,13654.0,-19.0,28691.0,40.0,4905.0,-16.0,-6178.0,7.0,-3162.0,32.0,22831.0,45.0,8601.0,,,,,,,,,,,,,,,,,,,,,,,,,,
115.13333333333334,30.0,13648.0,-18.0,28746.0,40.0,4900.0,-17.0,-6179.0,7.0,-3139.0,31.0,22909.0,46.0,8666.0,,,,,,,,,,,,,,,,,,,,,,,,,,
115.16666666666667,31.0,13644.0,-18.0,28803.0,40.0,4894.0,-17.0,-6178.0,8.0,-3118.0,31.0,22993.0,45.0,8730.0,,,,,,,,,,,,,,,,,,,,,,,,,,
115.2,31.0,13639.0,-18.0,28858.0,40.0,4889.0,-16.0,-6180.0,8.0,-3094.0,32.0,23081.0,45.0,8791.0,,,,,,,,,,,,,,,,,,,,,,,,,,
115.23333333333333,31.0,13633.0,-18.0,28909.0,40.0,4886.0,-16.0,-6184.0,8.0,-3068.0,32.0,23163.0,45.0,8847.0,,,,,,,,,,,,,,,,,,,,,,,,,,
115.26666666666667,30.0,13629.0,-18.0,28956.0,41.0,4884.0,-16.0,-6183.0,8.0,-3050.0,32.0,23241.0,45.0,8904.0,,,,,,,,,,,,,,,,,,,,,,,,,,
115.3,30.0,13624.0,-19.0,29006.0,41.0,4881.0,-16.0,-6181.0,8.0,-3029.0,33.0,23320.0,45.0,8966.0,,,,,,,,,,,,,,,,,,,,,,,,,,
115.33333333333333,30.0,13623.0,-19.0,29062.0,41.0,4879.0,-17.0,-6178.0,8.0,-3010.0,33.0,23401.0,45.0,9032.0,,,,,,,,,,,,,,,,,,,,,,,,,,
115.36666666666666,30.0,13625.0,-18.0,29123.0,41.0,4875.0,-17.0,-6174.0,8.0,-2993.0,33.0,23485.0,46.0,9099.0,,,,,,,,,,,,,,,,,,,,,,,,,,
115.4,30.0,13623.0,-18.0,29182.0,41.0,4869.0,-17.0,-6173.0,7.0,-2972.0,33.0,23567.0,47.0,9164.0,,,,,,,,,,,,,,,,,,,,,,,,,,
115.43333333333334,31.0,13623.0,-18.0,29234.0,41.0,4862.0,-18.0,-6171.0,7.0,-2951.0,32.0,23657.0,47.0,9230.0,,,,,,,,,,,,,,,,,,,,,,,,,,
115.46666666666667,31.0,13626.0,-18.0,29284.0,41.0,4854.0,-19.0,-6169.0,7.0,-2936.0,32.0,23751.0,47.0,9297.0,,,,,,,,,,,,,,,,,,,,,,,,,,
115.5,31.0,13625.0,-17.0,29335.0,41.0,4848.0,-18.0,-6166.0,7.0,-2918.0,32.0,23841.0,47.0,9362.0,,,,,,,,,,,,,,,,,,,,,,,,,,
115.53333333333333,31.0,13621.0,-17.0,29385.0,41.0,4844.0,-17.0,-6167.0,6.0,-2895.0,32.0,23931.0,47.0,9423.0,,,,,,,,,,,,,,,,,,,,,,,,,,
115.56666666666666,31.0,13619.0,-18.0,29435.0,41.0,4840.0,-17.0,-6173.0,6.0,-2874.0,33.0,24016.0,48.0,9485.0,,,,,,,,,,,,,,,,,,,,,,,,,,
115.6,30.0,13616.0,-18.0,29487.0,41.0,4836.0,-17.0,-6179.0,6.0,-2852.0,32.0,24098.0,48.0,9550.0,,,,,,,,,,,,,,,,,,,,,,,,,,
115.63333333333334,30.0,13611.0,-19.0,29544.0,41.0,4836.0,-17.0,-6183.0,6.0,-2828.0,32.0,24185.0,48.0,9615.0,,,,,,,,,,,,,,,,,,,,,,,,,,
115.66666666666667,30.0,13611.0,-19.0,29598.0,41.0,4833.0,-17.0,-6187.0,6.0,-2805.0,33.0,24271.0,48.0,9680.0,,,,,,,,,,,,,,,,,,,,,,,,,,
115.7,30.0,13609.0,-20.0,29645.0,42.0,4829.0,-17.0,-6187.0,7.0,-2782.0,33.0,24357.0,48.0,9751.0,,,,,,,,,,,,,,,,,,,,,,,,,,
115.73333333333333,31.0,13608.0,-20.0,29693.0,42.0,4822.0,-17.0,-6185.0,7.0,-2762.0,33.0,24448.0,48.0,9821.0,,,,,,,,,,,,,,,,,,,,,,,,,,
115.76666666666667,32.0,13605.0,-20.0,29748.0,42.0,4818.0,-17.0,-6183.0,7.0,-2744.0,32.0,24536.0,48.0,9892.0,,,,,,,,,,,,,,,,,,,,,,,,,,
115.8,32.0,13602.0,-20.0,29804.0,41.0,4816.0,-18.0,-6183.0,7.0,-2725.0,32.0,24622.0,47.0,9967.0,,,,,,,,,,,,,,,,,,,,,,,,,,
115.83333333333333,32.0,13597.0,-20.0,29860.0,40.0,4813.0,-17.0,-6183.0,8.0,-2703.0,32.0,24710.0,47.0,10041.0,,,,,,,,,,,,,,,,,,,,,,,,,,
115.86666666666666,33.0,13594.0,-20.0,29920.0,40.0,4809.0,-17.0,-6185.0,8.0,-2679.0,32.0,24801.0,47.0,10115.0,,,,,,,,,,,,,,,,,,,,,,,,,,
115.9,33.0,13593.0,-20.0,29983.0,40.0,4805.0,-18.0,-6183.0,8.0,-2655.0,32.0,24889.0,47.0,10193.0,,,,,,,,,,,,,,,,,,,,,,,,,,
115.93333333333334,32.0,13600.0,-20.0,30040.0,41.0,4798.0,-18.0,-6180.0,7.0,-2629.0,32.0,24978.0,47.0,10269.0,,,,,,,,,,,,,,,,,,,,,,,,,,
115.96666666666667,32.0,13609.0,-20.0,30090.0,41.0,4796.0,-18.0,-6176.0,7.0,-2609.0,33.0,25068.0,48.0,10344.0,,,,,,,,,,,,,,,,,,,,,,,,,,
116.0,32.0,13615.0,-19.0,30142.0,41.0,4790.0,-17.0,-6170.0,6.0,-2592.0,33.0,25156.0,48.0,10423.0,,,,,,,,,,,,,,,,,,,,,,,,,,
116.03333333333333,32.0,13613.0,-19.0,30195.0,40.0,4784.0,-17.0,-6164.0,6.0,-2568.0,33.0,25242.0,48.0,10502.0,,,,,,,,,,,,,,,,,,,,,,,,,,
116.06666666666666,32.0,13614.0,-19.0,30251.0,39.0,4781.0,-17.0,-6163.0,7.0,-2544.0,34.0,25330.0,48.0,10578.0,,,,,,,,,,,,,,,,,,,,,,,,,,
116.1,32.0,13611.0,-19.0,30312.0,39.0,4778.0,-17.0,-6163.0,7.0,-2520.0,34.0,25418.0,48.0,10655.0,,,,,,,,,,,,,,,,,,,,,,,,,,
116.13333333333334,32.0,13608.0,-19.0,30370.0,39.0,4775.0,-17.0,-6166.0,6.0,-2498.0,35.0,25511.0,48.0,10733.0,,,,,,,,,,,,,,,,,,,,,,,,,,
116.16666666666667,31.0,13604.0,-18.0,30427.0,39.0,4770.0,-18.0,-6172.0,6.0,-2478.0,35.0,25608.0,49.0,10811.0,,,,,,,,,,,,,,,,,,,,,,,,,,
116.2,31.0,13604.0,-18.0,30486.0,38.0,4764.0,-18.0,-6178.0,6.0,-2454.0,35.0,25704.0,49.0,10887.0,,,,,,,,,,,,,,,,,,,,,,,,,,
116.23333333333333,31.0,13599.0,-18.0,30546.0,38.0,4756.0,-18.0,-6179.0,6.0,-2427.0,35.0,25803.0,49.0,10963.0,,,,,,,,,,,,,,,,,,,,,,,,,,
116.26666666666667,31.0,13594.0,-18.0,30602.0,38.0,4747.0,-19.0,-6179.0,6.0,-2403.0,34.0,25900.0,49.0,11045.0,,,,,,,,,,,,,,,,,,,,,,,,,,
116.3,30.0,13592.0,-19.0,30652.0,38.0,4737.0,-18.0,-6181.0,7.0,-2376.0,33.0,25994.0,49.0,11124.0,,,,,,,,,,,,,,,,,,,,,,,,,,
116.33333333333333,30.0,13587.0,-20.0,30702.0,38.0,4730.0,-19.0,-6183.0,7.0,-2347.0,32.0,26090.0,48.0,11202.0,,,,,,,,,,,,,,,,,,,,,,,,,,
116.36666666666666,29.0,13582.0,-20.0,30751.0,38.0,4728.0,-18.0,-6186.0,7.0,-2324.0,32.0,26195.0,47.0,11278.0,,,,,,,,,,,,,,,,,,,,,,,,,,
116.4,29.0,13576.0,-20.0,30804.0,38.0,4729.0,-18.0,-6191.0,7.0,-2305.0,32.0,26301.0,48.0,11360.0,,,,,,,,,,,,,,,,,,,,,,,,,,
116.43333333333334,29.0,13573.0,-20.0,30855.0,38.0,4733.0,-17.0,-6191.0,7.0,-2285.0,32.0,26401.0,48.0,11446.0,,,,,,,,,,,,,,,,,,,,,,,,,,
116.46666666666667,28.0,13570.0,-20.0,30909.0,39.0,4734.0,-17.0,-6186.0,7.0,-2271.0,33.0,26493.0,48.0,11531.0,,,,,,,,,,,,,,,,,,,,,,,,,,
116.5,29.0,13566.0,-20.0,30964.0,39.0,4737.0,-16.0,-6183.0,7.0,-2254.0,33.0,26584.0,49.0,11614.0,,,,,,,,,,,,,,,,,,,,,,,,,,
116.53333333333333,29.0,13565.0,-20.0,31019.0,39.0,4735.0,-16.0,-6185.0,6.0,-2233.0,34.0,26676.0,49.0,11697.0,,,,,,,,,,,,,,,,,,,,,,,,,,
116.56666666666666,29.0,13567.0,-20.0,31071.0,39.0,4726.0,-16.0,-6187.0,6.0,-2213.0,35.0,26771.0,49.0,11778.0,,,,,,,,,,,,,,,,,,,,,,,,,,
116.6,30.0,13567.0,-19.0,31126.0,38.0,4716.0,-16.0,-6191.0,6.0,-2191.0,35.0,26868.0,49.0,11859.0,,,,,,,,,,,,,,,,,,,,,,,,,,
116.63333333333334,30.0,13564.0,-19.0,31185.0,38.0,4707.0,-17.0,-6193.0,6.0,-2167.0,35.0,26967.0,49.0,11941.0,,,,,,,,,,,,,,,,,,,,,,,,,,
116.66666666666667,29.0,13557.0,-19.0,31245.0,38.0,4702.0,-18.0,-6192.0,6.0,-2142.0,35.0,27066.0,49.0,12027.0,,,,,,,,,,,,,,,,,,,,,,,,,,
116.7,29.0,13553.0,-19.0,31306.0,38.0,4702.0,-18.0,-6192.0,6.0,-2116.0,35.0,27165.0,49.0,12117.0,,,,,,,,,,,,,,,,,,,,,,,,,,
116.73333333333333,28.0,13552.0,-20.0,31369.0,38.0,4704.0,-17.0,-6194.0,6.0,-2092.0,35.0,27263.0,49.0,12204.0,,,,,,,,,,,,,,,,,,,,,,,,,,
116.76666666666667,28.0,13555.0,-20.0,31431.0,38.0,4705.0,-16.0,-6194.0,6.0,-2070.0,36.0,27360.0,50.0,12288.0,,,,,,,,,,,,,,,,,,,,,,,,,,
116.8,28.0,13557.0,-20.0,31489.0,37.0,4701.0,-15.0,-6193.0,5.0,-2047.0,36.0,27458.0,50.0,12376.0,,,,,,,,,,,,,,,,,,,,,,,,,,
116.83333333333333,28.0,13558.0,-20.0,31544.0,37.0,4696.0,-15.0,-6193.0,5.0,-2021.0,35.0,27557.0,50.0,12470.0,,,,,,,,,,,,,,,,,,,,,,,,,,
116.86666666666666,28.0,13558.0,-20.0,31601.0,37.0,4689.0,-15.0,-6195.0,4.0,-1996.0,35.0,27653.0,50.0,12561.0,,,,,,,,,,,,,,,,,,,,,,,,,,
116.9,29.0,13554.0,-20.0,31657.0,37.0,4682.0,-16.0,-6196.0,4.0,-1969.0,34.0,27749.0,50.0,12650.0,,,,,,,,,,,,,,,,,,,,,,,,,,
116.93333333333334,29.0,13553.0,-21.0,31718.0,38.0,4677.0,-17.0,-6194.0,4.0,-1939.0,34.0,27844.0,49.0,12739.0,,,,,,,,,,,,,,,,,,,,,,,,,,
116.96666666666667,29.0,13556.0,-21.0,31776.0,38.0,4676.0,-17.0,-6189.0,5.0,-1913.0,34.0,27938.0,49.0,12830.0,,,,,,,,,,,,,,,,,,,,,,,,,,
117.0,30.0,13560.0,-21.0,31834.0,38.0,4678.0,-17.0,-6183.0,6.0,-1890.0,34.0,28031.0,49.0,12923.0,,,,,,,,,,,,,,,,,,,,,,,,,,
117.03333333333333,30.0,13563.0,-21.0,31891.0,38.0,4682.0,-16.0,-6180.0,6.0,-1868.0,34.0,28122.0,49.0,13021.0,,,,,,,,,,,,,,,,,,,,,,,,,,
117.06666666666666,31.0,13569.0,-21.0,31952.0,38.0,4685.0,-16.0,-6175.0,7.0,-1843.0,34.0,28221.0,49.0,13116.0,,,,,,,,,,,,,,,,,,,,,,,,,,
117.1,31.0,13574.0,-21.0,32013.0,38.0,4683.0,-16.0,-6172.0,7.0,-1812.0,34.0,28325.0,50.0,13208.0,,,,,,,,,,,,,,,,,,,,,,,,,,
117.13333333333334,30.0,13574.0,-21.0,32075.0,38.0,4684.0,-16.0,-6170.0,7.0,-1787.0,34.0,28429.0,49.0,13293.0,,,,,,,,,,,,,,,,,,,,,,,,,,
117.16666666666667,30.0,13571.0,-21.0,32135.0,38.0,4682.0,-16.0,-6168.0,7.0,-1763.0,33.0,28532.0,49.0,13380.0,,,,,,,,,,,,,,,,,,,,,,,,,,
117.2,29.0,13562.0,-20.0,32198.0,38.0,4677.0,-16.0,-6168.0,6.0,-1737.0,33.0,28639.0,49.0,13472.0,,,,,,,,,,,,,,,,,,,,,,,,,,
117.23333333333333,29.0,13554.0,-20.0,32262.0,39.0,4673.0,-16.0,-6168.0,6.0,-1714.0,33.0,28745.0,49.0,13564.0,,,,,,,,,,,,,,,,,,,,,,,,,,
117.26666666666667,29.0,13551.0,-19.0,32324.0,39.0,4667.0,-16.0,-6169.0,7.0,-1694.0,33.0,28844.0,49.0,13661.0,,,,,,,,,,,,,,,,,,,,,,,,,,
117.3,28.0,13545.0,-19.0,32381.0,39.0,4658.0,-16.0,-6168.0,7.0,-1672.0,33.0,28946.0,50.0,13758.0,,,,,,,,,,,,,,,,,,,,,,,,,,
117.33333333333333,28.0,13540.0,-19.0,32442.0,39.0,4651.0,-16.0,-6169.0,7.0,-1646.0,33.0,29047.0,49.0,13851.0,,,,,,,,,,,,,,,,,,,,,,,,,,
117.36666666666666,27.0,13540.0,-19.0,32507.0,40.0,4653.0,-16.0,-6173.0,7.0,-1619.0,34.0,29148.0,48.0,13940.0,,,,,,,,,,,,,,,,,,,,,,,,,,
117.4,28.0,13543.0,-19.0,32571.0,40.0,4655.0,-16.0,-6176.0,7.0,-1589.0,34.0,29247.0,48.0,14030.0,,,,,,,,,,,,,,,,,,,,,,,,,,
117.43333333333334,28.0,13546.0,-20.0,32635.0,40.0,4652.0,-16.0,-6180.0,6.0,-1557.0,34.0,29350.0,48.0,14121.0,,,,,,,,,,,,,,,,,,,,,,,,,,
117.46666666666667,29.0,13545.0,-20.0,32700.0,40.0,4648.0,-16.0,-6183.0,6.0,-1526.0,34.0,29454.0,48.0,14212.0,,,,,,,,,,,,,,,,,,,,,,,,,,
117.5,29.0,13542.0,-20.0,32765.0,39.0,4647.0,-15.0,-6186.0,6.0,-1496.0,35.0,29559.0,48.0,14303.0,,,,,,,,,,,,,,,,,,,,,,,,,,
117.53333333333333,29.0,13542.0,-20.0,32832.0,39.0,4645.0,-14.0,-6189.0,7.0,-1468.0,36.0,29663.0,49.0,14398.0,,,,,,,,,,,,,,,,,,,,,,,,,,
117.56666666666666,30.0,13538.0,-19.0,32901.0,39.0,4647.0,-15.0,-6194.0,7.0,-1442.0,36.0,29770.0,50.0,14493.0,,,,,,,,,,,,,,,,,,,,,,,,,,
117.6,30.0,13538.0,-18.0,32968.0,39.0,4647.0,-16.0,-6197.0,7.0,-1416.0,36.0,29874.0,50.0,14584.0,,,,,,,,,,,,,,,,,,,,,,,,,,
117.63333333333334,30.0,13541.0,-18.0,33033.0,39.0,4640.0,-16.0,-6198.0,6.0,-1392.0,36.0,29971.0,50.0,14677.0,,,,,,,,,,,,,,,,,,,,,,,,,,
117.66666666666667,30.0,13542.0,-18.0,33104.0,39.0,4633.0,-16.0,-6196.0,7.0,-1369.0,35.0,30069.0,50.0,14780.0,,,,,,,,,,,,,,,,,,,,,,,,,,
117.7,30.0,13540.0,-18.0,33178.0,39.0,4627.0,-16.0,-6189.0,7.0,-1338.0,35.0,30172.0,50.0,14880.0,,,,,,,,,,,,,,,,,,,,,,,,,,
117.73333333333333,30.0,13540.0,-18.0,33249.0,39.0,4622.0,-16.0,-6184.0,6.0,-1304.0,35.0,30278.0,50.0,14972.0,,,,,,,,,,,,,,,,,,,,,,,,,,
117.76666666666667,30.0,13543.0,-18.0,33326.0,39.0,4617.0,-16.0,-6181.0,6.0,-1274.0,35.0,30383.0,49.0,15063.0,,,,,,,,,,,,,,,,,,,,,,,,,,
117.8,29.0,13548.0,-18.0,33405.0,39.0,4615.0,-16.0,-6180.0,6.0,-1248.0,36.0,30492.0,49.0,15155.0,,,,,,,,,,,,,,,,,,,,,,,,,,
117.83333333333333,29.0,13555.0,-18.0,33487.0,39.0,4610.0,-17.0,-6182.0,6.0,-1223.0,36.0,30604.0,49.0,15247.0,,,,,,,,,,,,,,,,,,,,,,,,,,
117.86666666666666,29.0,13564.0,-18.0,33571.0,38.0,4603.0,-16.0,-6184.0,6.0,-1195.0,36.0,30713.0,49.0,15341.0,,,,,,,,,,,,,,,,,,,,,,,,,,
117.9,29.0,13575.0,-19.0,33652.0,38.0,4598.0,-16.0,-6187.0,6.0,-1165.0,36.0,30820.0,50.0,15434.0,,,,,,,,,,,,,,,,,,,,,,,,,,
117.93333333333334,29.0,13588.0,-20.0,33732.0,37.0,4590.0,-16.0,-6186.0,5.0,-1132.0,36.0,30930.0,50.0,15530.0,,,,,,,,,,,,,,,,,,,,,,,,,,
117.96666666666667,29.0,13598.0,-20.0,33806.0,37.0,4584.0,-17.0,-6185.0,5.0,-1101.0,35.0,31041.0,50.0,15627.0,,,,,,,,,,,,,,,,,,,,,,,,,,
118.0,29.0,13605.0,-20.0,33885.0,37.0,4581.0,-17.0,-6184.0,5.0,-1074.0,35.0,31146.0,50.0,15721.0,,,,,,,,,,,,,,,,,,,,,,,,,,
118.03333333333333,30.0,13611.0,-20.0,33970.0,38.0,4578.0,-16.0,-6183.0,5.0,-1049.0,35.0,31252.0,51.0,15813.0,,,,,,,,,,,,,,,,,,,,,,,,,,
118.06666666666666,30.0,13615.0,-20.0,34055.0,38.0,4575.0,-16.0,-6182.0,5.0,-1022.0,36.0,31357.0,51.0,15908.0,,,,,,,,,,,,,,,,,,,,,,,,,,
118.1,30.0,13617.0,-20.0,34138.0,37.0,4570.0,-16.0,-6180.0,5.0,-994.0,36.0,31464.0,51.0,16003.0,,,,,,,,,,,,,,,,,,,,,,,,,,
118.13333333333334,30.0,13620.0,-20.0,34219.0,37.0,4567.0,-16.0,-6180.0,5.0,-968.0,36.0,31571.0,50.0,16102.0,,,,,,,,,,,,,,,,,,,,,,,,,,
118.16666666666667,30.0,13623.0,-20.0,34299.0,37.0,4562.0,-17.0,-6176.0,6.0,-934.0,36.0,31677.0,49.0,16207.0,,,,,,,,,,,,,,,,,,,,,,,,,,
118.2,30.0,13628.0,-20.0,34376.0,37.0,4559.0,-17.0,-6171.0,6.0,-898.0,35.0,31783.0,48.0,16305.0,,,,,,,,,,,,,,,,,,,,,,,,,,
118.23333333333333,31.0,13633.0,-19.0,34452.0,37.0,4558.0,-17.0,-6170.0,6.0,-864.0,34.0,31891.0,48.0,16399.0,,,,,,,,,,,,,,,,,,,,,,,,,,
118.26666666666667,31.0,13638.0,-19.0,34540.0,38.0,4556.0,-17.0,-6171.0,7.0,-833.0,34.0,31997.0,48.0,16491.0,,,,,,,,,,,,,,,,,,,,,,,,,,
118.3,31.0,13644.0,-19.0,34637.0,38.0,4554.0,-17.0,-6173.0,7.0,-802.0,33.0,32103.0,48.0,16581.0,,,,,,,,,,,,,,,,,,,,,,,,,,
118.33333333333333,31.0,13648.0,-19.0,34730.0,38.0,4550.0,-17.0,-6177.0,7.0,-773.0,33.0,32213.0,48.0,16667.0,,,,,,,,,,,,,,,,,,,,,,,,,,
118.36666666666666,31.0,13655.0,-19.0,34818.0,37.0,4550.0,-17.0,-6178.0,7.0,-739.0,34.0,32325.0,49.0,16752.0,,,,,,,,,,,,,,,,,,,,,,,,,,
118.4,30.0,13670.0,-20.0,34913.0,37.0,4551.0,-17.0,-6177.0,6.0,-706.0,34.0,32438.0,49.0,16841.0,,,,,,,,,,,,,,,,,,,,,,,,,,
118.43333333333334,30.0,13683.0,-20.0,35009.0,37.0,4551.0,-17.0,-6179.0,6.0,-673.0,34.0,32557.0,50.0,16931.0,,,,,,,,,,,,,,,,,,,,,,,,,,
118.46666666666667,30.0,13700.0,-20.0,35108.0,37.0,4547.0,-17.0,-6180.0,6.0,-641.0,35.0,32670.0,49.0,17021.0,,,,,,,,,,,,,,,,,,,,,,,,,,
118.5,29.0,13719.0,-20.0,35208.0,37.0,4546.0,-17.0,-6181.0,6.0,-605.0,35.0,32782.0,49.0,17114.0,,,,,,,,,,,,,,,,,,,,,,,,,,
118.53333333333333,28.0,13738.0,-20.0,35309.0,37.0,4544.0,-17.0,-6180.0,6.0,-568.0,34.0,32901.0,49.0,17209.0,,,,,,,,,,,,,,,,,,,,,,,,,,
118.56666666666666,28.0,13755.0,-20.0,35416.0,36.0,4541.0,-17.0,-6177.0,7.0,-530.0,34.0,33017.0,49.0,17303.0,,,,,,,,,,,,,,,,,,,,,,,,,,
118.6,27.0,13769.0,-19.0,35521.0,36.0,4537.0,-17.0,-6171.0,7.0,-492.0,35.0,33134.0,49.0,17393.0,,,,,,,,,,,,,,,,,,,,,,,,,,
118.63333333333334,27.0,13780.0,-19.0,35626.0,36.0,4530.0,-18.0,-6167.0,7.0,-458.0,35.0,33257.0,50.0,17483.0,,,,,,,,,,,,,,,,,,,,,,,,,,
118.66666666666667,28.0,13791.0,-19.0,35731.0,36.0,4524.0,-19.0,-6163.0,7.0,-426.0,35.0,33377.0,50.0,17572.0,,,,,,,,,,,,,,,,,,,,,,,,,,
118.7,28.0,13804.0,-19.0,35840.0,37.0,4523.0,-18.0,-6157.0,7.0,-393.0,36.0,33495.0,50.0,17661.0,,,,,,,,,,,,,,,,,,,,,,,,,,
118.73333333333333,29.0,13817.0,-20.0,35954.0,37.0,4518.0,-18.0,-6153.0,7.0,-357.0,36.0,33611.0,50.0,17752.0,,,,,,,,,,,,,,,,,,,,,,,,,,
118.76666666666667,29.0,13833.0,-20.0,36075.0,37.0,4515.0,-18.0,-6151.0,7.0,-319.0,35.0,33726.0,51.0,17846.0,,,,,,,,,,,,,,,,,,,,,,,,,,
118.8,29.0,13851.0,-20.0,36201.0,37.0,4512.0,-17.0,-6151.0,7.0,-282.0,35.0,33841.0,50.0,17940.0,,,,,,,,,,,,,,,,,,,,,,,,,,
118.83333333333333,29.0,13872.0,-20.0,36323.0,37.0,4513.0,-17.0,-6149.0,6.0,-237.0,34.0,33959.0,50.0,18030.0,,,,,,,,,,,,,,,,,,,,,,,,,,
118.86666666666666,30.0,13890.0,-20.0,36441.0,37.0,4517.0,-17.0,-6147.0,6.0,-194.0,35.0,34084.0,50.0,18114.0,,,,,,,,,,,,,,,,,,,,,,,,,,
118.9,30.0,13911.0,-20.0,36562.0,37.0,4518.0,-17.0,-6147.0,6.0,-156.0,35.0,34210.0,50.0,18194.0,,,,,,,,,,,,,,,,,,,,,,,,,,
118.93333333333334,30.0,13932.0,-20.0,36682.0,37.0,4517.0,-16.0,-6148.0,7.0,-119.0,36.0,34339.0,50.0,18279.0,,,,,,,,,,,,,,,,,,,,,,,,,,
118.96666666666667,31.0,13951.0,-20.0,36805.0,38.0,4514.0,-16.0,-6146.0,7.0,-79.0,36.0,34468.0,50.0,18369.0,,,,,,,,,,,,,,,,,,,,,,,,,,
119.0,31.0,13970.0,-19.0,36933.0,38.0,4511.0,-17.0,-6144.0,8.0,-40.0,36.0,34598.0,50.0,18456.0,,,,,,,,,,,,,,,,,,,,,,,,,,
119.03333333333333,31.0,13994.0,-19.0,37071.0,37.0,4512.0,-17.0,-6148.0,8.0,0.0,36.0,34726.0,50.0,18545.0,,,,,,,,,,,,,,,,,,,,,,,,,,
119.06666666666666,31.0,14020.0,-19.0,37213.0,37.0,4512.0,-17.0,-6151.0,8.0,38.0,36.0,34855.0,50.0,18637.0,,,,,,,,,,,,,,,,,,,,,,,,,,
119.1,31.0,14047.0,-20.0,37360.0,37.0,4514.0,-18.0,-6153.0,9.0,78.0,37.0,34985.0,49.0,18726.0,,,,,,,,,,,,,,,,,,,,,,,,,,
119.13333333333334,31.0,14074.0,-20.0,37501.0,37.0,4519.0,-18.0,-6155.0,9.0,120.0,37.0,35112.0,49.0,18816.0,,,,,,,,,,,,,,,,,,,,,,,,,,
119.16666666666667,31.0,14104.0,-20.0,37637.0,37.0,4523.0,-18.0,-6158.0,9.0,165.0,36.0,35243.0,49.0,18909.0,,,,,,,,,,,,,,,,,,,,,,,,,,
119.2,31.0,14136.0,-20.0,37783.0,37.0,4525.0,-18.0,-6160.0,8.0,210.0,37.0,35374.0,49.0,19000.0,,,,,,,,,,,,,,,,,,,,,,,,,,
119.23333333333333,30.0,14170.0,-21.0,37934.0,36.0,4522.0,-19.0,-6157.0,8.0,256.0,37.0,35507.0,49.0,19095.0,,,,,,,,,,,,,,,,,,,,,,,,,,
119.26666666666667,30.0,14200.0,-21.0,38084.0,36.0,4518.0,-19.0,-6151.0,7.0,302.0,37.0,35646.0,49.0,19187.0,,,,,,,,,,,,,,,,,,,,,,,,,,
119.3,30.0,14227.0,-21.0,38243.0,36.0,4518.0,-19.0,-6146.0,7.0,348.0,37.0,35790.0,49.0,19275.0,,,,,,,,,,,,,,,,,,,,,,,,,,
119.33333333333333,29.0,14254.0,-20.0,38405.0,35.0,4519.0,-19.0,-6144.0,7.0,394.0,36.0,35936.0,49.0,19359.0,,,,,,,,,,,,,,,,,,,,,,,,,,
119.36666666666666,29.0,14285.0,-20.0,38574.0,35.0,4519.0,-19.0,-6140.0,7.0,435.0,36.0,36084.0,49.0,19442.0,,,,,,,,,,,,,,,,,,,,,,,,,,
119.4,28.0,14319.0,-20.0,38743.0,35.0,4515.0,-19.0,-6137.0,7.0,479.0,36.0,36231.0,50.0,19531.0,,,,,,,,,,,,,,,,,,,,,,,,,,
119.43333333333334,28.0,14358.0,-20.0,38915.0,35.0,4514.0,-19.0,-6139.0,6.0,523.0,36.0,36380.0,50.0,19621.0,,,,,,,,,,,,,,,,,,,,,,,,,,
119.46666666666667,28.0,14399.0,-20.0,39083.0,36.0,4517.0,-19.0,-6142.0,6.0,569.0,37.0,36526.0,50.0,19710.0,,,,,,,,,,,,,,,,,,,,,,,,,,
119.5,28.0,14441.0,-20.0,39255.0,36.0,4517.0,-19.0,-6145.0,5.0,618.0,37.0,36673.0,51.0,19796.0,,,,,,,,,,,,,,,,,,,,,,,,,,
119.53333333333333,28.0,14483.0,-20.0,39426.0,36.0,4515.0,-18.0,-6146.0,6.0,671.0,37.0,36819.0,51.0,19887.0,,,,,,,,,,,,,,,,,,,,,,,,,,
119.56666666666666,28.0,14525.0,-20.0,39598.0,36.0,4515.0,-18.0,-6148.0,6.0,723.0,37.0,36974.0,51.0,19978.0,,,,,,,,,,,,,,,,,,,,,,,,,,
119.6,29.0,14562.0,-20.0,39780.0,36.0,4513.0,-19.0,-6151.0,6.0,771.0,37.0,37136.0,51.0,20067.0,,,,,,,,,,,,,,,,,,,,,,,,,,
119.63333333333334,29.0,14600.0,-20.0,39968.0,36.0,4510.0,-18.0,-6152.0,7.0,818.0,37.0,37297.0,51.0,20162.0,,,,,,,,,,,,,,,,,,,,,,,,,,
119.66666666666667,29.0,14638.0,-20.0,40163.0,36.0,4511.0,-17.0,-6150.0,7.0,867.0,37.0,37453.0,51.0,20257.0,,,,,,,,,,,,,,,,,,,,,,,,,,
119.7,29.0,14678.0,-20.0,40365.0,36.0,4510.0,-17.0,-6149.0,6.0,919.0,37.0,37613.0,51.0,20351.0,,,,,,,,,,,,,,,,,,,,,,,,,,
119.73333333333333,30.0,14723.0,-19.0,40567.0,36.0,4506.0,-17.0,-6149.0,6.0,972.0,36.0,37772.0,51.0,20445.0,,,,,,,,,,,,,,,,,,,,,,,,,,
119.76666666666667,30.0,14771.0,-20.0,40773.0,36.0,4501.0,-17.0,-6151.0,6.0,1029.0,36.0,37938.0,51.0,20539.0,,,,,,,,,,,,,,,,,,,,,,,,,,
119.8,30.0,14819.0,-20.0,40982.0,36.0,4499.0,-17.0,-6151.0,6.0,1085.0,36.0,38108.0,51.0,20635.0,,,,,,,,,,,,,,,,,,,,,,,,,,
119.83333333333333,30.0,14865.0,-20.0,41192.0,36.0,4502.0,-17.0,-6148.0,6.0,1140.0,36.0,38275.0,51.0,20731.0,,,,,,,,,,,,,,,,,,,,,,,,,,
119.86666666666666,30.0,14917.0,-20.0,41405.0,37.0,4508.0,-18.0,-6141.0,6.0,1195.0,36.0,38442.0,51.0,20824.0,,,,,,,,,,,,,,,,,,,,,,,,,,
119.9,29.0,14973.0,-19.0,41624.0,36.0,4512.0,-18.0,-6134.0,6.0,1255.0,36.0,38612.0,51.0,20918.0,,,,,,,,,,,,,,,,,,,,,,,,,,
119.93333333333334,30.0,15031.0,-19.0,41848.0,36.0,4516.0,-18.0,-6132.0,6.0,1316.0,36.0,38789.0,51.0,21013.0,,,,,,,,,,,,,,,,,,,,,,,,,,
119.96666666666667,30.0,15088.0,-19.0,42077.0,35.0,4521.0,-17.0,-6132.0,6.0,1381.0,36.0,38971.0,51.0,21105.0,,,,,,,,,,,,,,,,,,,,,,,,,,
120.0,30.0,15141.0,-18.0,42311.0,35.0,4523.0,-17.0,-6134.0,6.0,1447.0,37.0,39161.0,50.0,21203.0,,,,,,,,,,,,,,,,,,,,,,,,,,
120.03333333333333,29.0,15195.0,-18.0,42545.0,35.0,4521.0,-18.0,-6136.0,6.0,1512.0,37.0,39348.0,50.0,21302.0,,,,,,,,,,,,,,,,,,,,,,,,,,
120.06666666666666,29.0,15255.0,-18.0,42778.0,36.0,4517.0,-17.0,-6134.0,6.0,1574.0,38.0,39534.0,50.0,21396.0,,,,,,,,,,,,,,,,,,,,,,,,,,
120.1,29.0,15320.0,-18.0,43016.0,37.0,4511.0,-17.0,-6129.0,7.0,1637.0,39.0,39722.0,50.0,21490.0,,,,,,,,,,,,,,,,,,,,,,,,,,
120.13333333333334,30.0,15383.0,-17.0,43258.0,36.0,4507.0,-17.0,-6125.0,7.0,1704.0,39.0,39915.0,50.0,21588.0,,,,,,,,,,,,,,,,,,,,,,,,,,
120.16666666666667,30.0,15447.0,-17.0,43508.0,36.0,4502.0,-18.0,-6121.0,8.0,1771.0,39.0,40111.0,50.0,21689.0,,,,,,,,,,,,,,,,,,,,,,,,,,
120.2,31.0,15516.0,-18.0,43764.0,36.0,4504.0,-18.0,-6120.0,8.0,1837.0,39.0,40306.0,51.0,21793.0,,,,,,,,,,,,,,,,,,,,,,,,,,
120.23333333333333,31.0,15591.0,-18.0,44018.0,36.0,4511.0,-18.0,-6118.0,8.0,1905.0,39.0,40506.0,51.0,21895.0,,,,,,,,,,,,,,,,,,,,,,,,,,
120.26666666666667,31.0,15668.0,-18.0,44274.0,35.0,4517.0,-17.0,-6116.0,8.0,1977.0,39.0,40707.0,51.0,22000.0,,,,,,,,,,,,,,,,,,,,,,,,,,
120.3,31.0,15742.0,-18.0,44530.0,36.0,4518.0,-17.0,-6115.0,9.0,2051.0,39.0,40905.0,50.0,22108.0,,,,,,,,,,,,,,,,,,,,,,,,,,
120.33333333333333,31.0,15819.0,-18.0,44791.0,36.0,4519.0,-17.0,-6119.0,9.0,2123.0,40.0,41111.0,51.0,22221.0,,,,,,,,,,,,,,,,,,,,,,,,,,
120.36666666666666,31.0,15898.0,-18.0,45058.0,36.0,4522.0,-17.0,-6124.0,9.0,2197.0,40.0,41329.0,52.0,22333.0,,,,,,,,,,,,,,,,,,,,,,,,,,
120.4,32.0,15977.0,-17.0,45331.0,37.0,4522.0,-17.0,-6127.0,9.0,2276.0,40.0,41547.0,52.0,22453.0,,,,,,,,,,,,,,,,,,,,,,,,,,
120.43333333333334,32.0,16062.0,-17.0,45619.0,37.0,4521.0,-16.0,-6125.0,8.0,2357.0,40.0,41769.0,52.0,22573.0,,,,,,,,,,,,,,,,,,,,,,,,,,
120.46666666666667,32.0,16151.0,-17.0,45914.0,37.0,4523.0,-16.0,-6123.0,8.0,2437.0,40.0,41996.0,52.0,22691.0,,,,,,,,,,,,,,,,,,,,,,,,,,
120.5,32.0,16242.0,-17.0,46206.0,38.0,4527.0,-15.0,-6126.0,8.0,2515.0,41.0,42225.0,52.0,22807.0,,,,,,,,,,,,,,,,,,,,,,,,,,
120.53333333333333,32.0,16331.0,-18.0,46500.0,38.0,4533.0,-16.0,-6122.0,8.0,2596.0,41.0,42455.0,52.0,22925.0,,,,,,,,,,,,,,,,,,,,,,,,,,
120.56666666666666,32.0,16422.0,-18.0,46799.0,38.0,4536.0,-16.0,-6115.0,9.0,2673.0,40.0,42690.0,52.0,23042.0,,,,,,,,,,,,,,,,,,,,,,,,,,
120.6,32.0,16519.0,-18.0,47097.0,37.0,4534.0,-16.0,-6109.0,9.0,2751.0,40.0,42931.0,52.0,23158.0,,,,,,,,,,,,,,,,,,,,,,,,,,
120.63333333333334,32.0,16617.0,-18.0,47396.0,37.0,4532.0,-16.0,-6108.0,9.0,2835.0,41.0,43177.0,53.0,23277.0,,,,,,,,,,,,,,,,,,,,,,,,,,
120.66666666666667,32.0,16714.0,-18.0,47705.0,36.0,4535.0,-16.0,-6111.0,10.0,2922.0,40.0,43424.0,53.0,23403.0,,,,,,,,,,,,,,,,,,,,,,,,,,
120.7,32.0,16810.0,-17.0,48021.0,36.0,4539.0,-16.0,-6112.0,10.0,3011.0,40.0,43675.0,54.0,23533.0,,,,,,,,,,,,,,,,,,,,,,,,,,
120.73333333333333,32.0,16912.0,-17.0,48340.0,36.0,4543.0,-17.0,-6108.0,10.0,3100.0,41.0,43936.0,54.0,23666.0,,,,,,,,,,,,,,,,,,,,,,,,,,
120.76666666666667,32.0,17016.0,-17.0,48662.0,36.0,4544.0,-17.0,-6104.0,10.0,3194.0,41.0,44202.0,54.0,23793.0,,,,,,,,,,,,,,,,,,,,,,,,,,
120.8,31.0,17116.0,-16.0,48988.0,35.0,4545.0,-18.0,-6100.0,11.0,3292.0,41.0,44472.0,53.0,23917.0,,,,,,,,,,,,,,,,,,,,,,,,,,
120.83333333333333,31.0,17217.0,-15.0,49318.0,35.0,4549.0,-18.0,-6097.0,11.0,3387.0,41.0,44741.0,53.0,24047.0,,,,,,,,,,,,,,,,,,,,,,,,,,
120.86666666666666,32.0,17319.0,-15.0,49653.0,35.0,4555.0,-18.0,-6095.0,11.0,3483.0,41.0,45004.0,52.0,24183.0,,,,,,,,,,,,,,,,,,,,,,,,,,
120.9,32.0,17423.0,-14.0,49993.0,35.0,4560.0,-18.0,-6089.0,11.0,3578.0,41.0,45271.0,53.0,24323.0,,,,,,,,,,,,,,,,,,,,,,,,,,
120.93333333333334,32.0,17532.0,-14.0,50339.0,35.0,4564.0,-18.0,-6084.0,11.0,3671.0,42.0,45546.0,53.0,24462.0,,,,,,,,,,,,,,,,,,,,,,,,,,
120.96666666666667,32.0,17639.0,-14.0,50684.0,35.0,4568.0,-18.0,-6082.0,11.0,3772.0,42.0,45827.0,53.0,24602.0,,,,,,,,,,,,,,,,,,,,,,,,,,
121.0,33.0,17748.0,-15.0,51031.0,34.0,4576.0,-18.0,-6081.0,10.0,3878.0,42.0,46108.0,53.0,24742.0,,,,,,,,,,,,,,,,,,,,,,,,,,
121.03333333333333,33.0,17862.0,-15.0,51380.0,34.0,4583.0,-18.0,-6079.0,10.0,3987.0,42.0,46396.0,54.0,24888.0,,,,,,,,,,,,,,,,,,,,,,,,,,
121.06666666666666,33.0,17982.0,-14.0,51733.0,35.0,4587.0,-18.0,-6077.0,9.0,4096.0,42.0,46693.0,54.0,25037.0,,,,,,,,,,,,,,,,,,,,,,,,,,
121.1,32.0,18105.0,-14.0,52091.0,36.0,4588.0,-18.0,-6074.0,9.0,4211.0,43.0,46994.0,54.0,25191.0,,,,,,,,,,,,,,,,,,,,,,,,,,
121.13333333333334,32.0,18228.0,-14.0,52455.0,36.0,4590.0,-18.0,-6067.0,9.0,4324.0,43.0,47304.0,55.0,25348.0,,,,,,,,,,,,,,,,,,,,,,,,,,
121.16666666666667,32.0,18353.0,-15.0,52826.0,36.0,4594.0,-18.0,-6063.0,9.0,4436.0,44.0,47618.0,55.0,25506.0,,,,,,,,,,,,,,,,,,,,,,,,,,
121.2,32.0,18480.0,-15.0,53193.0,36.0,4604.0,-18.0,-6060.0,10.0,4551.0,44.0,47936.0,55.0,25662.0,,,,,,,,,,,,,,,,,,,,,,,,,,
121.23333333333333,32.0,18605.0,-16.0,53560.0,37.0,4612.0,-18.0,-6054.0,10.0,4670.0,43.0,48256.0,55.0,25819.0,,,,,,,,,,,,,,,,,,,,,,,,,,
121.26666666666667,32.0,18731.0,-15.0,53931.0,36.0,4615.0,-17.0,-6053.0,10.0,4791.0,44.0,48577.0,55.0,25983.0,,,,,,,,,,,,,,,,,,,,,,,,,,
121.3,32.0,18863.0,-15.0,54307.0,35.0,4616.0,-16.0,-6055.0,10.0,4912.0,44.0,48902.0,55.0,26152.0,,,,,,,,,,,,,,,,,,,,,,,,,,
121.33333333333333,31.0,18998.0,-14.0,54691.0,34.0,4616.0,-16.0,-6056.0,10.0,5037.0,44.0,49235.0,55.0,26326.0,,,,,,,,,,,,,,,,,,,,,,,,,,
121.36666666666666,30.0,19136.0,-13.0,55076.0,33.0,4615.0,-15.0,-6059.0,10.0,5164.0,44.0,49572.0,55.0,26506.0,,,,,,,,,,,,,,,,,,,,,,,,,,
121.4,30.0,19274.0,-12.0,55460.0,33.0,4619.0,-16.0,-6062.0,10.0,5293.0,44.0,49917.0,55.0,26692.0,,,,,,,,,,,,,,,,,,,,,,,,,,
121.43333333333334,31.0,19411.0,-13.0,55849.0,33.0,4626.0,-15.0,-6061.0,10.0,5426.0,44.0,50271.0,55.0,26882.0,,,,,,,,,,,,,,,,,,,,,,,,,,
121.46666666666667,31.0,19549.0,-13.0,56246.0,34.0,4635.0,-15.0,-6061.0,10.0,5560.0,44.0,50628.0,55.0,27075.0,,,,,,,,,,,,,,,,,,,,,,,,,,
121.5,31.0,19689.0,-13.0,56649.0,34.0,4641.0,-15.0,-6056.0,10.0,5691.0,45.0,50980.0,55.0,27266.0,,,,,,,,,,,,,,,,,,,,,,,,,,
121.53333333333333,32.0,19831.0,-13.0,57055.0,34.0,4645.0,-14.0,-6053.0,10.0,5823.0,45.0,51341.0,56.0,27458.0,,,,,,,,,,,,,,,,,,,,,,,,,,
121.56666666666666,32.0,19973.0,-13.0,57457.0,35.0,4653.0,-14.0,-6052.0,10.0,5965.0,45.0,51703.0,56.0,27654.0,,,,,,,,,,,,,,,,,,,,,,,,,,
121.6,33.0,20117.0,-13.0,57864.0,35.0,4663.0,-14.0,-6054.0,11.0,6110.0,45.0,52068.0,56.0,27852.0,,,,,,,,,,,,,,,,,,,,,,,,,,
121.63333333333334,33.0,20263.0,-13.0,58278.0,35.0,4671.0,-14.0,-6056.0,11.0,6261.0,45.0,52444.0,56.0,28054.0,,,,,,,,,,,,,,,,,,,,,,,,,,
121.66666666666667,32.0,20411.0,-13.0,58697.0,35.0,4677.0,-14.0,-6055.0,11.0,6415.0,45.0,52828.0,56.0,28262.0,,,,,,,,,,,,,,,,,,,,,,,,,,
121.7,31.0,20565.0,-13.0,59117.0,35.0,4682.0,-15.0,-6051.0,11.0,6568.0,45.0,53224.0,56.0,28474.0,,,,,,,,,,,,,,,,,,,,,,,,,,
121.73333333333333,31.0,20724.0,-13.0,59542.0,35.0,4688.0,-15.0,-6045.0,11.0,6720.0,45.0,53624.0,56.0,28690.0,,,,,,,,,,,,,,,,,,,,,,,,,,
121.76666666666667,31.0,20882.0,-13.0,59970.0,35.0,4696.0,-15.0,-6040.0,11.0,6870.0,45.0,54017.0,57.0,28911.0,,,,,,,,,,,,,,,,,,,,,,,,,,
121.8,32.0,21039.0,-12.0,60400.0,36.0,4709.0,-15.0,-6033.0,10.0,7019.0,46.0,54411.0,58.0,29138.0,,,,,,,,,,,,,,,,,,,,,,,,,,
121.83333333333333,32.0,21197.0,-12.0,60825.0,36.0,4724.0,-14.0,-6028.0,10.0,7169.0,46.0,54813.0,58.0,29368.0,,,,,,,,,,,,,,,,,,,,,,,,,,
121.86666666666666,32.0,21358.0,-12.0,61248.0,36.0,4734.0,-15.0,-6025.0,10.0,7320.0,46.0,55221.0,59.0,29601.0,,,,,,,,,,,,,,,,,,,,,,,,,,
121.9,32.0,21517.0,-12.0,61673.0,36.0,4743.0,-15.0,-6023.0,10.0,7476.0,46.0,55634.0,59.0,29840.0,,,,,,,,,,,,,,,,,,,,,,,,,,
121.93333333333334,32.0,21679.0,-12.0,62097.0,36.0,4749.0,-14.0,-6023.0,11.0,7639.0,46.0,56056.0,59.0,30082.0,,,,,,,,,,,,,,,,,,,,,,,,,,
121.96666666666667,32.0,21843.0,-13.0,62521.0,35.0,4758.0,-15.0,-6019.0,11.0,7806.0,46.0,56483.0,58.0,30328.0,,,,,,,,,,,,,,,,,,,,,,,,,,
122.0,32.0,22008.0,-13.0,62952.0,35.0,4769.0,-16.0,-6011.0,11.0,7976.0,47.0,56919.0,58.0,30576.0,,,,,,,,,,,,,,,,,,,,,,,,,,
122.03333333333333,32.0,22176.0,-14.0,63388.0,35.0,4779.0,-16.0,-6002.0,12.0,8152.0,47.0,57364.0,58.0,30824.0,,,,,,,,,,,,,,,,,,,,,,,,,,
122.06666666666666,32.0,22345.0,-13.0,63830.0,35.0,4790.0,-16.0,-5997.0,12.0,8328.0,47.0,57806.0,58.0,31071.0,,,,,,,,,,,,,,,,,,,,,,,,,,
122.1,32.0,22515.0,-13.0,64270.0,35.0,4800.0,-16.0,-5998.0,12.0,8506.0,48.0,58252.0,58.0,31327.0,,,,,,,,,,,,,,,,,,,,,,,,,,
122.13333333333334,32.0,22688.0,-13.0,64709.0,35.0,4809.0,-16.0,-6001.0,12.0,8689.0,48.0,58700.0,58.0,31592.0,,,,,,,,,,,,,,,,,,,,,,,,,,
122.16666666666667,31.0,22858.0,-13.0,65149.0,35.0,4816.0,-16.0,-6000.0,12.0,8873.0,48.0,59152.0,58.0,31865.0,,,,,,,,,,,,,,,,,,,,,,,,,,
122.2,31.0,23023.0,-12.0,65586.0,34.0,4822.0,-16.0,-5994.0,12.0,9061.0,48.0,59612.0,57.0,32140.0,,,,,,,,,,,,,,,,,,,,,,,,,,
122.23333333333333,30.0,23195.0,-12.0,66027.0,33.0,4827.0,-16.0,-5988.0,12.0,9252.0,48.0,60071.0,58.0,32421.0,,,,,,,,,,,,,,,,,,,,,,,,,,
122.26666666666667,30.0,23369.0,-13.0,66467.0,33.0,4833.0,-16.0,-5985.0,12.0,9444.0,48.0,60535.0,59.0,32708.0,,,,,,,,,,,,,,,,,,,,,,,,,,
122.3,30.0,23538.0,-12.0,66905.0,33.0,4839.0,-15.0,-5981.0,12.0,9637.0,48.0,61009.0,59.0,32992.0,,,,,,,,,,,,,,,,,,,,,,,,,,
122.33333333333333,30.0,23709.0,-12.0,67339.0,33.0,4843.0,-16.0,-5977.0,12.0,9832.0,48.0,61484.0,60.0,33281.0,,,,,,,,,,,,,,,,,,,,,,,,,,
122.36666666666666,29.0,23888.0,-12.0,67779.0,33.0,4844.0,-15.0,-5974.0,13.0,10029.0,49.0,61960.0,60.0,33574.0,,,,,,,,,,,,,,,,,,,,,,,,,,
122.4,29.0,24073.0,-12.0,68224.0,33.0,4851.0,-15.0,-5971.0,12.0,10229.0,49.0,62442.0,60.0,33874.0,,,,,,,,,,,,,,,,,,,,,,,,,,
122.43333333333334,30.0,24257.0,-13.0,68667.0,33.0,4863.0,-15.0,-5970.0,12.0,10432.0,50.0,62936.0,61.0,34182.0,,,,,,,,,,,,,,,,,,,,,,,,,,
122.46666666666667,30.0,24436.0,-12.0,69106.0,33.0,4876.0,-15.0,-5971.0,12.0,10637.0,51.0,63435.0,61.0,34491.0,,,,,,,,,,,,,,,,,,,,,,,,,,
122.5,29.0,24615.0,-12.0,69548.0,34.0,4887.0,-15.0,-5971.0,12.0,10845.0,51.0,63939.0,61.0,34802.0,,,,,,,,,,,,,,,,,,,,,,,,,,
122.53333333333333,29.0,24789.0,-13.0,69993.0,34.0,4897.0,-15.0,-5967.0,11.0,11060.0,51.0,64448.0,61.0,35116.0,,,,,,,,,,,,,,,,,,,,,,,,,,
122.56666666666666,29.0,24964.0,-13.0,70437.0,34.0,4908.0,-16.0,-5961.0,12.0,11274.0,51.0,64954.0,61.0,35435.0,,,,,,,,,,,,,,,,,,,,,,,,,,
122.6,30.0,25144.0,-13.0,70880.0,34.0,4919.0,-17.0,-5955.0,12.0,11487.0,51.0,65464.0,61.0,35758.0,,,,,,,,,,,,,,,,,,,,,,,,,,
122.63333333333334,30.0,25329.0,-13.0,71315.0,34.0,4931.0,-17.0,-5950.0,11.0,11702.0,51.0,65976.0,61.0,36086.0,,,,,,,,,,,,,,,,,,,,,,,,,,
122.66666666666667,31.0,25514.0,-12.0,71747.0,34.0,4942.0,-18.0,-5947.0,11.0,11918.0,52.0,66494.0,61.0,36415.0,,,,,,,,,,,,,,,,,,,,,,,,,,
122.7,32.0,25695.0,-13.0,72183.0,34.0,4954.0,-18.0,-5945.0,12.0,12133.0,52.0,67011.0,61.0,36753.0,,,,,,,,,,,,,,,,,,,,,,,,,,
122.73333333333333,32.0,25875.0,-13.0,72621.0,34.0,4966.0,-19.0,-5941.0,11.0,12355.0,52.0,67525.0,61.0,37097.0,,,,,,,,,,,,,,,,,,,,,,,,,,
122.76666666666667,33.0,26054.0,-13.0,73051.0,34.0,4976.0,-18.0,-5937.0,11.0,12573.0,52.0,68048.0,61.0,37444.0,,,,,,,,,,,,,,,,,,,,,,,,,,
122.8,34.0,26239.0,-12.0,73471.0,34.0,4987.0,-18.0,-5929.0,12.0,12795.0,51.0,68584.0,61.0,37789.0,,,,,,,,,,,,,,,,,,,,,,,,,,
122.83333333333333,33.0,26426.0,-12.0,73893.0,34.0,5000.0,-18.0,-5923.0,13.0,13023.0,51.0,69123.0,60.0,38132.0,,,,,,,,,,,,,,,,,,,,,,,,,,
122.86666666666666,33.0,26611.0,-12.0,74317.0,35.0,5013.0,-17.0,-5918.0,13.0,13258.0,51.0,69666.0,60.0,38488.0,,,,,,,,,,,,,,,,,,,,,,,,,,
122.9,33.0,26796.0,-12.0,74742.0,35.0,5027.0,-17.0,-5913.0,14.0,13497.0,51.0,70210.0,60.0,38850.0,,,,,,,,,,,,,,,,,,,,,,,,,,
122.93333333333334,32.0,26978.0,-12.0,75163.0,36.0,5037.0,-17.0,-5913.0,15.0,13733.0,51.0,70753.0,61.0,39222.0,,,,,,,,,,,,,,,,,,,,,,,,,,
122.96666666666667,32.0,27158.0,-12.0,75576.0,35.0,5049.0,-17.0,-5916.0,15.0,13970.0,51.0,71297.0,61.0,39595.0,,,,,,,,,,,,,,,,,,,,,,,,,,
123.0,33.0,27335.0,-11.0,75978.0,35.0,5062.0,-17.0,-5919.0,16.0,14203.0,51.0,71850.0,61.0,39972.0,,,,,,,,,,,,,,,,,,,,,,,,,,
123.03333333333333,33.0,27511.0,-11.0,76372.0,35.0,5076.0,-16.0,-5922.0,16.0,14435.0,51.0,72406.0,61.0,40351.0,,,,,,,,,,,,,,,,,,,,,,,,,,
123.06666666666666,33.0,27688.0,-12.0,76773.0,35.0,5089.0,-16.0,-5924.0,16.0,14673.0,51.0,72958.0,62.0,40732.0,,,,,,,,,,,,,,,,,,,,,,,,,,
123.1,33.0,27871.0,-12.0,77180.0,34.0,5103.0,-16.0,-5923.0,15.0,14913.0,52.0,73505.0,63.0,41112.0,,,,,,,,,,,,,,,,,,,,,,,,,,
123.13333333333334,33.0,28056.0,-12.0,77583.0,34.0,5117.0,-16.0,-5921.0,15.0,15158.0,52.0,74050.0,63.0,41499.0,,,,,,,,,,,,,,,,,,,,,,,,,,
123.16666666666667,34.0,28243.0,-11.0,77983.0,34.0,5128.0,-16.0,-5920.0,16.0,15403.0,52.0,74603.0,64.0,41888.0,,,,,,,,,,,,,,,,,,,,,,,,,,
123.2,34.0,28424.0,-12.0,78382.0,34.0,5136.0,-16.0,-5918.0,16.0,15654.0,53.0,75166.0,64.0,42279.0,,,,,,,,,,,,,,,,,,,,,,,,,,
123.23333333333333,34.0,28600.0,-12.0,78780.0,34.0,5142.0,-17.0,-5916.0,16.0,15911.0,53.0,75735.0,64.0,42674.0,,,,,,,,,,,,,,,,,,,,,,,,,,
123.26666666666667,34.0,28778.0,-12.0,79171.0,34.0,5150.0,-17.0,-5913.0,16.0,16173.0,54.0,76300.0,63.0,43073.0,,,,,,,,,,,,,,,,,,,,,,,,,,
123.3,34.0,28954.0,-11.0,79550.0,34.0,5158.0,-17.0,-5909.0,15.0,16433.0,55.0,76867.0,63.0,43478.0,,,,,,,,,,,,,,,,,,,,,,,,,,
123.33333333333333,34.0,29128.0,-10.0,79914.0,34.0,5175.0,-17.0,-5902.0,15.0,16693.0,55.0,77433.0,63.0,43888.0,,,,,,,,,,,,,,,,,,,,,,,,,,
123.36666666666666,34.0,29298.0,-10.0,80276.0,34.0,5197.0,-17.0,-5895.0,15.0,16958.0,56.0,78001.0,63.0,44301.0,,,,,,,,,,,,,,,,,,,,,,,,,,
123.4,33.0,29467.0,-10.0,80642.0,34.0,5216.0,-17.0,-5890.0,15.0,17224.0,56.0,78570.0,63.0,44717.0,,,,,,,,,,,,,,,,,,,,,,,,,,
123.43333333333334,33.0,29635.0,-11.0,81002.0,34.0,5235.0,-17.0,-5884.0,16.0,17490.0,56.0,79135.0,63.0,45129.0,,,,,,,,,,,,,,,,,,,,,,,,,,
123.46666666666667,33.0,29798.0,-11.0,81359.0,34.0,5251.0,-17.0,-5881.0,16.0,17758.0,55.0,79697.0,63.0,45545.0,,,,,,,,,,,,,,,,,,,,,,,,,,
123.5,33.0,29965.0,-11.0,81716.0,34.0,5263.0,-18.0,-5881.0,15.0,18027.0,55.0,80261.0,62.0,45967.0,,,,,,,,,,,,,,,,,,,,,,,,,,
123.53333333333333,33.0,30131.0,-11.0,82071.0,34.0,5274.0,-18.0,-5882.0,15.0,18296.0,55.0,80832.0,62.0,46386.0,,,,,,,,,,,,,,,,,,,,,,,,,,
123.56666666666666,33.0,30294.0,-11.0,82422.0,34.0,5282.0,-18.0,-5880.0,15.0,18565.0,55.0,81399.0,62.0,46804.0,,,,,,,,,,,,,,,,,,,,,,,,,,
123.6,33.0,30461.0,-12.0,82766.0,34.0,5287.0,-18.0,-5874.0,15.0,18831.0,55.0,81968.0,62.0,47221.0,,,,,,,,,,,,,,,,,,,,,,,,,,
123.63333333333334,33.0,30626.0,-12.0,83099.0,34.0,5293.0,-17.0,-5868.0,16.0,19092.0,54.0,82541.0,63.0,47636.0,,,,,,,,,,,,,,,,,,,,,,,,,,
123.66666666666667,34.0,30785.0,-12.0,83420.0,35.0,5302.0,-17.0,-5862.0,16.0,19351.0,54.0,83108.0,63.0,48059.0,,,,,,,,,,,,,,,,,,,,,,,,,,
123.7,35.0,30944.0,-12.0,83730.0,35.0,5312.0,-16.0,-5855.0,17.0,19612.0,54.0,83673.0,63.0,48488.0,,,,,,,,,,,,,,,,,,,,,,,,,,
123.73333333333333,35.0,31105.0,-13.0,84040.0,35.0,5321.0,-15.0,-5846.0,17.0,19883.0,53.0,84238.0,63.0,48922.0,,,,,,,,,,,,,,,,,,,,,,,,,,
123.76666666666667,36.0,31262.0,-13.0,84349.0,36.0,5333.0,-15.0,-5843.0,16.0,20157.0,54.0,84806.0,63.0,49355.0,,,,,,,,,,,,,,,,,,,,,,,,,,
123.8,35.0,31418.0,-13.0,84655.0,36.0,5347.0,-15.0,-5844.0,16.0,20429.0,54.0,85375.0,64.0,49794.0,,,,,,,,,,,,,,,,,,,,,,,,,,
123.83333333333333,35.0,31572.0,-14.0,84960.0,36.0,5364.0,-15.0,-5847.0,16.0,20702.0,55.0,85949.0,64.0,50234.0,,,,,,,,,,,,,,,,,,,,,,,,,,
123.86666666666666,34.0,31723.0,-14.0,85260.0,36.0,5381.0,-15.0,-5850.0,16.0,20978.0,55.0,86512.0,65.0,50669.0,,,,,,,,,,,,,,,,,,,,,,,,,,
123.9,33.0,31871.0,-14.0,85543.0,36.0,5396.0,-15.0,-5847.0,16.0,21252.0,55.0,87069.0,65.0,51106.0,,,,,,,,,,,,,,,,,,,,,,,,,,
123.93333333333334,33.0,32023.0,-14.0,85823.0,36.0,5406.0,-15.0,-5844.0,16.0,21526.0,55.0,87619.0,65.0,51544.0,,,,,,,,,,,,,,,,,,,,,,,,,,
123.96666666666667,32.0,32175.0,-14.0,86097.0,36.0,5418.0,-16.0,-5843.0,16.0,21801.0,55.0,88173.0,65.0,51979.0,,,,,,,,,,,,,,,,,,,,,,,,,,
124.0,32.0,32321.0,-14.0,86359.0,35.0,5436.0,-16.0,-5843.0,16.0,22077.0,55.0,88732.0,66.0,52416.0,,,,,,,,,,,,,,,,,,,,,,,,,,
124.03333333333333,32.0,32466.0,-15.0,86614.0,35.0,5449.0,-16.0,-5841.0,16.0,22352.0,56.0,89284.0,66.0,52868.0,,,,,,,,,,,,,,,,,,,,,,,,,,
124.06666666666666,33.0,32606.0,-15.0,86865.0,35.0,5461.0,-16.0,-5840.0,16.0,22628.0,56.0,89833.0,65.0,53322.0,,,,,,,,,,,,,,,,,,,,,,,,,,
124.1,33.0,32740.0,-16.0,87118.0,34.0,5473.0,-16.0,-5840.0,16.0,22901.0,57.0,90388.0,65.0,53768.0,,,,,,,,,,,,,,,,,,,,,,,,,,
124.13333333333334,33.0,32867.0,-15.0,87366.0,34.0,5480.0,-16.0,-5836.0,16.0,23170.0,57.0,90939.0,65.0,54209.0,,,,,,,,,,,,,,,,,,,,,,,,,,
124.16666666666667,33.0,32985.0,-14.0,87598.0,34.0,5485.0,-16.0,-5831.0,17.0,23438.0,58.0,91483.0,65.0,54652.0,,,,,,,,,,,,,,,,,,,,,,,,,,
124.2,32.0,33103.0,-14.0,87818.0,34.0,5493.0,-17.0,-5829.0,18.0,23709.0,58.0,92022.0,65.0,55099.0,,,,,,,,,,,,,,,,,,,,,,,,,,
124.23333333333333,31.0,33227.0,-14.0,88027.0,34.0,5508.0,-17.0,-5829.0,19.0,23983.0,58.0,92557.0,66.0,55540.0,,,,,,,,,,,,,,,,,,,,,,,,,,
124.26666666666667,32.0,33353.0,-14.0,88232.0,34.0,5523.0,-17.0,-5830.0,19.0,24260.0,58.0,93087.0,66.0,55976.0,,,,,,,,,,,,,,,,,,,,,,,,,,
124.3,33.0,33476.0,-14.0,88433.0,34.0,5537.0,-17.0,-5830.0,19.0,24536.0,58.0,93617.0,66.0,56409.0,,,,,,,,,,,,,,,,,,,,,,,,,,
124.33333333333333,33.0,33592.0,-14.0,88628.0,33.0,5550.0,-17.0,-5827.0,18.0,24809.0,58.0,94146.0,67.0,56841.0,,,,,,,,,,,,,,,,,,,,,,,,,,
124.36666666666666,33.0,33707.0,-14.0,88823.0,33.0,5562.0,-18.0,-5823.0,18.0,25078.0,58.0,94664.0,68.0,57276.0,,,,,,,,,,,,,,,,,,,,,,,,,,
124.4,33.0,33818.0,-14.0,89011.0,34.0,5574.0,-19.0,-5818.0,18.0,25338.0,57.0,95181.0,68.0,57711.0,,,,,,,,,,,,,,,,,,,,,,,,,,
124.43333333333334,33.0,33930.0,-14.0,89187.0,34.0,5585.0,-20.0,-5814.0,18.0,25600.0,57.0,95699.0,68.0,58147.0,,,,,,,,,,,,,,,,,,,,,,,,,,
124.46666666666667,33.0,34038.0,-14.0,89356.0,34.0,5594.0,-20.0,-5807.0,18.0,25866.0,56.0,96223.0,68.0,58579.0,,,,,,,,,,,,,,,,,,,,,,,,,,
124.5,33.0,34137.0,-14.0,89529.0,34.0,5606.0,-20.0,-5801.0,18.0,26134.0,56.0,96747.0,67.0,59009.0,,,,,,,,,,,,,,,,,,,,,,,,,,
124.53333333333333,32.0,34237.0,-15.0,89691.0,34.0,5620.0,-20.0,-5798.0,18.0,26401.0,56.0,97253.0,67.0,59436.0,,,,,,,,,,,,,,,,,,,,,,,,,,
124.56666666666666,32.0,34334.0,-15.0,89839.0,34.0,5633.0,-19.0,-5794.0,18.0,26663.0,56.0,97745.0,67.0,59863.0,,,,,,,,,,,,,,,,,,,,,,,,,,
124.6,32.0,34426.0,-15.0,89978.0,34.0,5645.0,-19.0,-5789.0,19.0,26921.0,57.0,98227.0,66.0,60286.0,,,,,,,,,,,,,,,,,,,,,,,,,,
124.63333333333334,32.0,34517.0,-15.0,90110.0,34.0,5660.0,-18.0,-5784.0,19.0,27179.0,57.0,98703.0,66.0,60697.0,,,,,,,,,,,,,,,,,,,,,,,,,,
124.66666666666667,32.0,34604.0,-15.0,90239.0,35.0,5674.0,-17.0,-5776.0,18.0,27438.0,57.0,99173.0,67.0,61104.0,,,,,,,,,,,,,,,,,,,,,,,,,,
124.7,32.0,34691.0,-14.0,90355.0,35.0,5682.0,-17.0,-5772.0,18.0,27691.0,57.0,99641.0,67.0,61514.0,,,,,,,,,,,,,,,,,,,,,,,,,,
124.73333333333333,32.0,34777.0,-14.0,90462.0,35.0,5690.0,-17.0,-5774.0,18.0,27945.0,57.0,100106.0,67.0,61924.0,,,,,,,,,,,,,,,,,,,,,,,,,,
124.76666666666667,32.0,34861.0,-14.0,90562.0,36.0,5699.0,-17.0,-5779.0,18.0,28203.0,57.0,100566.0,66.0,62332.0,,,,,,,,,,,,,,,,,,,,,,,,,,
124.8,32.0,34938.0,-14.0,90651.0,36.0,5710.0,-17.0,-5782.0,17.0,28456.0,57.0,101024.0,66.0,62735.0,,,,,,,,,,,,,,,,,,,,,,,,,,
124.83333333333333,32.0,35007.0,-14.0,90743.0,35.0,5724.0,-17.0,-5787.0,17.0,28710.0,56.0,101476.0,66.0,63138.0,,,,,,,,,,,,,,,,,,,,,,,,,,
124.86666666666666,32.0,35071.0,-14.0,90827.0,35.0,5740.0,-17.0,-5790.0,17.0,28959.0,56.0,101923.0,67.0,63539.0,,,,,,,,,,,,,,,,,,,,,,,,,,
124.9,32.0,35137.0,-14.0,90895.0,35.0,5750.0,-17.0,-5790.0,17.0,29202.0,56.0,102360.0,66.0,63938.0,,,,,,,,,,,,,,,,,,,,,,,,,,
124.93333333333334,32.0,35199.0,-14.0,90963.0,35.0,5756.0,-17.0,-5784.0,17.0,29442.0,57.0,102782.0,66.0,64324.0,,,,,,,,,,,,,,,,,,,,,,,,,,
124.96666666666667,31.0,35264.0,-14.0,91029.0,35.0,5762.0,-17.0,-5779.0,17.0,29683.0,57.0,103197.0,65.0,64704.0,,,,,,,,,,,,,,,,,,,,,,,,,,
125.0,31.0,35324.0,-14.0,91087.0,35.0,5772.0,-17.0,-5776.0,17.0,29922.0,58.0,103607.0,66.0,65079.0,,,,,,,,,,,,,,,,,,,,,,,,,,
125.03333333333333,31.0,35379.0,-14.0,91141.0,35.0,5785.0,-16.0,-5770.0,17.0,30164.0,59.0,104011.0,66.0,65451.0,,,,,,,,,,,,,,,,,,,,,,,,,,
125.06666666666666,32.0,35429.0,-16.0,91183.0,35.0,5798.0,-16.0,-5761.0,17.0,30408.0,58.0,104416.0,66.0,65821.0,,,,,,,,,,,,,,,,,,,,,,,,,,
125.1,32.0,35469.0,-16.0,91208.0,34.0,5810.0,-17.0,-5757.0,18.0,30648.0,58.0,104821.0,67.0,66188.0,,,,,,,,,,,,,,,,,,,,,,,,,,
125.13333333333334,33.0,35502.0,-17.0,91231.0,33.0,5821.0,-17.0,-5758.0,19.0,30884.0,58.0,105217.0,67.0,66548.0,,,,,,,,,,,,,,,,,,,,,,,,,,
125.16666666666667,33.0,35534.0,-17.0,91243.0,33.0,5830.0,-17.0,-5757.0,19.0,31111.0,58.0,105609.0,67.0,66899.0,,,,,,,,,,,,,,,,,,,,,,,,,,
125.2,33.0,35569.0,-18.0,91249.0,34.0,5839.0,-17.0,-5756.0,18.0,31331.0,57.0,105994.0,67.0,67245.0,,,,,,,,,,,,,,,,,,,,,,,,,,
125.23333333333333,33.0,35607.0,-18.0,91258.0,35.0,5847.0,-17.0,-5752.0,18.0,31554.0,57.0,106371.0,67.0,67588.0,,,,,,,,,,,,,,,,,,,,,,,,,,
125.26666666666667,32.0,35641.0,-18.0,91260.0,36.0,5856.0,-18.0,-5750.0,18.0,31773.0,57.0,106734.0,67.0,67927.0,,,,,,,,,,,,,,,,,,,,,,,,,,
125.3,32.0,35676.0,-17.0,91256.0,35.0,5864.0,-18.0,-5751.0,17.0,31989.0,57.0,107082.0,67.0,68255.0,,,,,,,,,,,,,,,,,,,,,,,,,,
125.33333333333333,32.0,35704.0,-17.0,91244.0,35.0,5870.0,-19.0,-5751.0,18.0,32205.0,57.0,107424.0,67.0,68579.0,,,,,,,,,,,,,,,,,,,,,,,,,,
125.36666666666666,31.0,35727.0,-18.0,91217.0,35.0,5877.0,-18.0,-5756.0,18.0,32424.0,56.0,107762.0,67.0,68902.0,,,,,,,,,,,,,,,,,,,,,,,,,,
125.4,31.0,35745.0,-18.0,91179.0,36.0,5884.0,-18.0,-5757.0,19.0,32639.0,56.0,108088.0,67.0,69222.0,,,,,,,,,,,,,,,,,,,,,,,,,,
125.43333333333334,31.0,35759.0,-18.0,91140.0,36.0,5892.0,-18.0,-5756.0,20.0,32848.0,56.0,108403.0,67.0,69533.0,,,,,,,,,,,,,,,,,,,,,,,,,,
125.46666666666667,31.0,35768.0,-17.0,91101.0,35.0,5904.0,-17.0,-5756.0,20.0,33054.0,57.0,108714.0,68.0,69838.0,,,,,,,,,,,,,,,,,,,,,,,,,,
125.5,31.0,35774.0,-18.0,91067.0,35.0,5918.0,-17.0,-5757.0,20.0,33252.0,57.0,109013.0,68.0,70141.0,,,,,,,,,,,,,,,,,,,,,,,,,,
125.53333333333333,32.0,35777.0,-18.0,91029.0,35.0,5929.0,-18.0,-5759.0,20.0,33448.0,57.0,109303.0,68.0,70439.0,,,,,,,,,,,,,,,,,,,,,,,,,,
125.56666666666666,33.0,35785.0,-17.0,90975.0,34.0,5935.0,-18.0,-5762.0,20.0,33642.0,57.0,109586.0,68.0,70721.0,,,,,,,,,,,,,,,,,,,,,,,,,,
125.6,33.0,35788.0,-17.0,90906.0,34.0,5941.0,-18.0,-5760.0,19.0,33833.0,57.0,109871.0,67.0,70993.0,,,,,,,,,,,,,,,,,,,,,,,,,,
125.63333333333334,33.0,35786.0,-17.0,90830.0,34.0,5949.0,-18.0,-5755.0,19.0,34025.0,57.0,110147.0,67.0,71267.0,,,,,,,,,,,,,,,,,,,,,,,,,,
125.66666666666667,32.0,35782.0,-18.0,90748.0,34.0,5958.0,-18.0,-5753.0,19.0,34216.0,57.0,110409.0,67.0,71540.0,,,,,,,,,,,,,,,,,,,,,,,,,,
125.7,32.0,35773.0,-18.0,90661.0,34.0,5968.0,-18.0,-5751.0,19.0,34396.0,57.0,110666.0,67.0,71808.0,,,,,,,,,,,,,,,,,,,,,,,,,,
125.73333333333333,32.0,35762.0,-18.0,90573.0,33.0,5975.0,-19.0,-5751.0,18.0,34572.0,57.0,110906.0,67.0,72066.0,,,,,,,,,,,,,,,,,,,,,,,,,,
125.76666666666667,32.0,35745.0,-19.0,90476.0,33.0,5981.0,-18.0,-5748.0,18.0,34747.0,56.0,111130.0,67.0,72304.0,,,,,,,,,,,,,,,,,,,,,,,,,,
125.8,31.0,35724.0,-18.0,90377.0,33.0,5989.0,-18.0,-5744.0,18.0,34916.0,56.0,111354.0,67.0,72537.0,,,,,,,,,,,,,,,,,,,,,,,,,,
125.83333333333333,31.0,35707.0,-18.0,90268.0,33.0,6002.0,-18.0,-5739.0,18.0,35085.0,56.0,111576.0,67.0,72765.0,,,,,,,,,,,,,,,,,,,,,,,,,,
125.86666666666666,31.0,35694.0,-18.0,90160.0,33.0,6013.0,-18.0,-5732.0,18.0,35253.0,56.0,111794.0,67.0,72984.0,,,,,,,,,,,,,,,,,,,,,,,,,,
125.9,31.0,35680.0,-18.0,90052.0,33.0,6020.0,-18.0,-5732.0,18.0,35413.0,57.0,112006.0,66.0,73196.0,,,,,,,,,,,,,,,,,,,,,,,,,,
125.93333333333334,31.0,35661.0,-17.0,89939.0,33.0,6027.0,-18.0,-5736.0,18.0,35568.0,57.0,112204.0,66.0,73400.0,,,,,,,,,,,,,,,,,,,,,,,,,,
125.96666666666667,30.0,35630.0,-17.0,89816.0,34.0,6033.0,-18.0,-5741.0,18.0,35719.0,57.0,112403.0,66.0,73606.0,,,,,,,,,,,,,,,,,,,,,,,,,,
126.0,30.0,35590.0,-17.0,89686.0,34.0,6040.0,-17.0,-5747.0,18.0,35865.0,57.0,112596.0,66.0,73811.0,,,,,,,,,,,,,,,,,,,,,,,,,,
126.03333333333333,30.0,35549.0,-17.0,89554.0,34.0,6045.0,-17.0,-5750.0,18.0,36007.0,57.0,112776.0,67.0,74006.0,,,,,,,,,,,,,,,,,,,,,,,,,,
126.06666666666666,31.0,35509.0,-17.0,89420.0,34.0,6050.0,-16.0,-5748.0,19.0,36143.0,56.0,112946.0,67.0,74190.0,,,,,,,,,,,,,,,,,,,,,,,,,,
126.1,32.0,35475.0,-17.0,89279.0,34.0,6056.0,-17.0,-5743.0,20.0,36273.0,56.0,113104.0,66.0,74368.0,,,,,,,,,,,,,,,,,,,,,,,,,,
126.13333333333334,32.0,35442.0,-17.0,89132.0,35.0,6063.0,-17.0,-5739.0,20.0,36400.0,55.0,113249.0,67.0,74533.0,,,,,,,,,,,,,,,,,,,,,,,,,,
126.16666666666667,32.0,35406.0,-17.0,88987.0,36.0,6067.0,-17.0,-5737.0,20.0,36527.0,55.0,113388.0,66.0,74686.0,,,,,,,,,,,,,,,,,,,,,,,,,,
126.2,32.0,35360.0,-17.0,88841.0,36.0,6071.0,-17.0,-5733.0,20.0,36653.0,55.0,113516.0,67.0,74837.0,,,,,,,,,,,,,,,,,,,,,,,,,,
126.23333333333333,33.0,35313.0,-18.0,88687.0,36.0,6075.0,-17.0,-5731.0,20.0,36780.0,55.0,113638.0,67.0,74989.0,,,,,,,,,,,,,,,,,,,,,,,,,,
126.26666666666667,32.0,35255.0,-18.0,88529.0,36.0,6079.0,-17.0,-5730.0,20.0,36903.0,55.0,113751.0,68.0,75130.0,,,,,,,,,,,,,,,,,,,,,,,,,,
126.3,31.0,35191.0,-19.0,88367.0,36.0,6081.0,-17.0,-5728.0,20.0,37024.0,56.0,113855.0,68.0,75262.0,,,,,,,,,,,,,,,,,,,,,,,,,,
126.33333333333333,31.0,35131.0,-18.0,88199.0,35.0,6083.0,-17.0,-5726.0,20.0,37139.0,55.0,113947.0,68.0,75380.0,,,,,,,,,,,,,,,,,,,,,,,,,,
126.36666666666666,30.0,35072.0,-18.0,88027.0,34.0,6088.0,-17.0,-5723.0,19.0,37251.0,56.0,114032.0,68.0,75492.0,,,,,,,,,,,,,,,,,,,,,,,,,,
126.4,30.0,35014.0,-19.0,87849.0,33.0,6095.0,-17.0,-5724.0,18.0,37354.0,56.0,114118.0,68.0,75603.0,,,,,,,,,,,,,,,,,,,,,,,,,,
126.43333333333334,31.0,34949.0,-19.0,87665.0,32.0,6106.0,-16.0,-5724.0,18.0,37455.0,56.0,114198.0,67.0,75705.0,,,,,,,,,,,,,,,,,,,,,,,,,,
126.46666666666667,31.0,34881.0,-20.0,87478.0,32.0,6118.0,-15.0,-5725.0,18.0,37558.0,55.0,114265.0,66.0,75806.0,,,,,,,,,,,,,,,,,,,,,,,,,,
126.5,31.0,34811.0,-20.0,87295.0,32.0,6129.0,-16.0,-5726.0,19.0,37654.0,55.0,114327.0,66.0,75899.0,,,,,,,,,,,,,,,,,,,,,,,,,,
126.53333333333333,31.0,34742.0,-20.0,87113.0,32.0,6140.0,-16.0,-5727.0,19.0,37745.0,54.0,114383.0,66.0,75978.0,,,,,,,,,,,,,,,,,,,,,,,,,,
126.56666666666666,30.0,34669.0,-20.0,86921.0,33.0,6147.0,-17.0,-5726.0,19.0,37838.0,53.0,114435.0,65.0,76043.0,,,,,,,,,,,,,,,,,,,,,,,,,,
126.6,30.0,34593.0,-20.0,86727.0,33.0,6152.0,-17.0,-5726.0,19.0,37925.0,53.0,114477.0,65.0,76101.0,,,,,,,,,,,,,,,,,,,,,,,,,,
126.63333333333334,30.0,34518.0,-20.0,86528.0,33.0,6158.0,-18.0,-5726.0,19.0,38007.0,52.0,114509.0,65.0,76161.0,,,,,,,,,,,,,,,,,,,,,,,,,,
126.66666666666667,30.0,34439.0,-19.0,86325.0,33.0,6164.0,-18.0,-5727.0,19.0,38086.0,52.0,114539.0,64.0,76215.0,,,,,,,,,,,,,,,,,,,,,,,,,,
126.7,30.0,34361.0,-19.0,86121.0,33.0,6167.0,-18.0,-5727.0,18.0,38158.0,51.0,114558.0,64.0,76262.0,,,,,,,,,,,,,,,,,,,,,,,,,,
126.73333333333333,31.0,34282.0,-20.0,85913.0,32.0,6167.0,-18.0,-5724.0,18.0,38223.0,51.0,114571.0,63.0,76301.0,,,,,,,,,,,,,,,,,,,,,,,,,,
126.76666666666667,31.0,34204.0,-21.0,85695.0,32.0,6168.0,-18.0,-5720.0,18.0,38287.0,51.0,114579.0,64.0,76331.0,,,,,,,,,,,,,,,,,,,,,,,,,,
126.8,31.0,34124.0,-21.0,85476.0,32.0,6171.0,-18.0,-5717.0,19.0,38347.0,51.0,114579.0,64.0,76351.0,,,,,,,,,,,,,,,,,,,,,,,,,,
126.83333333333333,31.0,34043.0,-21.0,85258.0,32.0,6178.0,-18.0,-5718.0,19.0,38407.0,52.0,114570.0,63.0,76367.0,,,,,,,,,,,,,,,,,,,,,,,,,,
126.86666666666666,31.0,33958.0,-21.0,85043.0,33.0,6183.0,-17.0,-5719.0,19.0,38460.0,51.0,114547.0,63.0,76383.0,,,,,,,,,,,,,,,,,,,,,,,,,,
126.9,32.0,33862.0,-22.0,84827.0,34.0,6189.0,-17.0,-5720.0,18.0,38511.0,52.0,114513.0,62.0,76385.0,,,,,,,,,,,,,,,,,,,,,,,,,,
126.93333333333334,32.0,33763.0,-22.0,84617.0,34.0,6195.0,-17.0,-5722.0,18.0,38568.0,51.0,114471.0,63.0,76379.0,,,,,,,,,,,,,,,,,,,,,,,,,,
126.96666666666667,31.0,33669.0,-22.0,84406.0,34.0,6203.0,-17.0,-5724.0,18.0,38620.0,51.0,114434.0,63.0,76368.0,,,,,,,,,,,,,,,,,,,,,,,,,,
127.0,31.0,33579.0,-22.0,84194.0,34.0,6213.0,-17.0,-5727.0,18.0,38657.0,52.0,114388.0,63.0,76346.0,,,,,,,,,,,,,,,,,,,,,,,,,,
127.03333333333333,31.0,33486.0,-22.0,83973.0,34.0,6223.0,-17.0,-5728.0,18.0,38682.0,52.0,114334.0,63.0,76324.0,,,,,,,,,,,,,,,,,,,,,,,,,,
127.06666666666666,31.0,33388.0,-22.0,83747.0,34.0,6230.0,-17.0,-5729.0,18.0,38711.0,52.0,114285.0,63.0,76292.0,,,,,,,,,,,,,,,,,,,,,,,,,,
127.1,31.0,33292.0,-22.0,83525.0,34.0,6235.0,-17.0,-5729.0,19.0,38745.0,52.0,114226.0,62.0,76256.0,,,,,,,,,,,,,,,,,,,,,,,,,,
127.13333333333334,30.0,33195.0,-22.0,83299.0,33.0,6236.0,-17.0,-5729.0,19.0,38771.0,52.0,114156.0,61.0,76221.0,,,,,,,,,,,,,,,,,,,,,,,,,,
127.16666666666667,30.0,33096.0,-22.0,83072.0,32.0,6235.0,-18.0,-5726.0,18.0,38799.0,51.0,114081.0,62.0,76184.0,,,,,,,,,,,,,,,,,,,,,,,,,,
127.2,29.0,32997.0,-22.0,82842.0,32.0,6234.0,-18.0,-5724.0,18.0,38831.0,51.0,113998.0,62.0,76136.0,,,,,,,,,,,,,,,,,,,,,,,,,,
127.23333333333333,29.0,32899.0,-22.0,82613.0,32.0,6234.0,-17.0,-5720.0,18.0,38855.0,50.0,113908.0,63.0,76079.0,,,,,,,,,,,,,,,,,,,,,,,,,,
127.26666666666667,29.0,32802.0,-22.0,82385.0,32.0,6233.0,-17.0,-5717.0,18.0,38876.0,50.0,113823.0,63.0,76012.0,,,,,,,,,,,,,,,,,,,,,,,,,,
127.3,29.0,32704.0,-21.0,82157.0,32.0,6234.0,-17.0,-5712.0,19.0,38895.0,50.0,113729.0,63.0,75942.0,,,,,,,,,,,,,,,,,,,,,,,,,,
127.33333333333333,30.0,32602.0,-21.0,81940.0,32.0,6238.0,-17.0,-5709.0,19.0,38908.0,50.0,113630.0,63.0,75869.0,,,,,,,,,,,,,,,,,,,,,,,,,,
127.36666666666666,30.0,32497.0,-21.0,81727.0,32.0,6239.0,-18.0,-5710.0,20.0,38919.0,51.0,113523.0,63.0,75783.0,,,,,,,,,,,,,,,,,,,,,,,,,,
127.4,30.0,32392.0,-21.0,81512.0,32.0,6241.0,-19.0,-5709.0,20.0,38929.0,51.0,113415.0,62.0,75688.0,,,,,,,,,,,,,,,,,,,,,,,,,,
127.43333333333334,30.0,32288.0,-22.0,81287.0,31.0,6245.0,-19.0,-5705.0,20.0,38931.0,52.0,113299.0,62.0,75595.0,,,,,,,,,,,,,,,,,,,,,,,,,,
127.46666666666667,30.0,32179.0,-23.0,81060.0,31.0,6249.0,-18.0,-5700.0,20.0,38930.0,51.0,113179.0,62.0,75497.0,,,,,,,,,,,,,,,,,,,,,,,,,,
127.5,30.0,32068.0,-23.0,80833.0,31.0,6250.0,-18.0,-5695.0,20.0,38930.0,51.0,113058.0,62.0,75399.0,,,,,,,,,,,,,,,,,,,,,,,,,,
127.53333333333333,30.0,31957.0,-24.0,80603.0,31.0,6249.0,-16.0,-5692.0,20.0,38928.0,51.0,112930.0,61.0,75294.0,,,,,,,,,,,,,,,,,,,,,,,,,,
127.56666666666666,31.0,31848.0,-24.0,80376.0,31.0,6254.0,-16.0,-5690.0,20.0,38930.0,51.0,112804.0,61.0,75182.0,,,,,,,,,,,,,,,,,,,,,,,,,,
127.6,31.0,31737.0,-24.0,80151.0,31.0,6259.0,-16.0,-5690.0,20.0,38929.0,51.0,112676.0,62.0,75067.0,,,,,,,,,,,,,,,,,,,,,,,,,,
127.63333333333334,30.0,31627.0,-24.0,79932.0,31.0,6263.0,-16.0,-5690.0,20.0,38923.0,51.0,112541.0,62.0,74945.0,,,,,,,,,,,,,,,,,,,,,,,,,,
127.66666666666667,30.0,31516.0,-25.0,79712.0,32.0,6266.0,-16.0,-5692.0,20.0,38905.0,50.0,112403.0,62.0,74816.0,,,,,,,,,,,,,,,,,,,,,,,,,,
127.7,30.0,31405.0,-25.0,79495.0,32.0,6267.0,-16.0,-5689.0,20.0,38880.0,50.0,112258.0,61.0,74681.0,,,,,,,,,,,,,,,,,,,,,,,,,,
127.73333333333333,30.0,31294.0,-25.0,79281.0,32.0,6266.0,-17.0,-5682.0,19.0,38860.0,49.0,112104.0,61.0,74536.0,,,,,,,,,,,,,,,,,,,,,,,,,,
127.76666666666667,30.0,31178.0,-25.0,79065.0,32.0,6267.0,-17.0,-5674.0,19.0,38844.0,49.0,111943.0,61.0,74384.0,,,,,,,,,,,,,,,,,,,,,,,,,,
127.8,30.0,31066.0,-26.0,78847.0,32.0,6266.0,-16.0,-5667.0,18.0,38823.0,49.0,111774.0,61.0,74237.0,,,,,,,,,,,,,,,,,,,,,,,,,,
127.83333333333333,30.0,30958.0,-26.0,78621.0,32.0,6268.0,-16.0,-5660.0,18.0,38800.0,49.0,111602.0,61.0,74086.0,,,,,,,,,,,,,,,,,,,,,,,,,,
127.86666666666666,30.0,30850.0,-26.0,78394.0,32.0,6270.0,-16.0,-5662.0,18.0,38776.0,49.0,111438.0,60.0,73934.0,,,,,,,,,,,,,,,,,,,,,,,,,,
127.9,30.0,30738.0,-26.0,78170.0,32.0,6273.0,-16.0,-5668.0,18.0,38748.0,48.0,111281.0,59.0,73771.0,,,,,,,,,,,,,,,,,,,,,,,,,,
127.93333333333334,31.0,30628.0,-25.0,77952.0,31.0,6276.0,-16.0,-5672.0,18.0,38723.0,48.0,111117.0,59.0,73605.0,,,,,,,,,,,,,,,,,,,,,,,,,,
127.96666666666667,31.0,30520.0,-25.0,77743.0,31.0,6278.0,-16.0,-5673.0,17.0,38699.0,48.0,110943.0,58.0,73436.0,,,,,,,,,,,,,,,,,,,,,,,,,,
128.0,31.0,30406.0,-25.0,77533.0,32.0,6280.0,-17.0,-5670.0,17.0,38669.0,47.0,110763.0,58.0,73264.0,,,,,,,,,,,,,,,,,,,,,,,,,,
128.03333333333333,31.0,30289.0,-25.0,77319.0,32.0,6284.0,-18.0,-5667.0,16.0,38634.0,47.0,110580.0,58.0,73094.0,,,,,,,,,,,,,,,,,,,,,,,,,,
128.06666666666666,31.0,30171.0,-25.0,77103.0,32.0,6290.0,-18.0,-5664.0,16.0,38603.0,46.0,110392.0,58.0,72920.0,,,,,,,,,,,,,,,,,,,,,,,,,,
128.1,31.0,30060.0,-25.0,76893.0,32.0,6295.0,-18.0,-5662.0,16.0,38568.0,46.0,110204.0,58.0,72739.0,,,,,,,,,,,,,,,,,,,,,,,,,,
128.13333333333333,30.0,29950.0,-26.0,76695.0,31.0,6295.0,-18.0,-5659.0,16.0,38530.0,46.0,110013.0,58.0,72560.0,,,,,,,,,,,,,,,,,,,,,,,,,,
128.16666666666666,29.0,29833.0,-26.0,76503.0,31.0,6294.0,-17.0,-5656.0,17.0,38489.0,46.0,109818.0,57.0,72381.0,,,,,,,,,,,,,,,,,,,,,,,,,,
128.2,29.0,29716.0,-27.0,76310.0,31.0,6294.0,-17.0,-5652.0,18.0,38446.0,45.0,109627.0,57.0,72204.0,,,,,,,,,,,,,,,,,,,,,,,,,,
128.23333333333332,29.0,29605.0,-27.0,76116.0,31.0,6297.0,-17.0,-5649.0,19.0,38404.0,45.0,109432.0,57.0,72020.0,,,,,,,,,,,,,,,,,,,,,,,,,,
128.26666666666668,29.0,29496.0,-26.0,75919.0,31.0,6302.0,-17.0,-5648.0,19.0,38356.0,44.0,109232.0,57.0,71827.0,,,,,,,,,,,,,,,,,,,,,,,,,,
128.3,29.0,29389.0,-26.0,75723.0,31.0,6302.0,-17.0,-5644.0,18.0,38304.0,44.0,109038.0,57.0,71631.0,,,,,,,,,,,,,,,,,,,,,,,,,,
128.33333333333334,29.0,29278.0,-26.0,75527.0,31.0,6306.0,-17.0,-5637.0,18.0,38259.0,43.0,108858.0,57.0,71431.0,,,,,,,,,,,,,,,,,,,,,,,,,,
128.36666666666667,29.0,29164.0,-26.0,75335.0,31.0,6310.0,-17.0,-5632.0,18.0,38221.0,43.0,108673.0,57.0,71234.0,,,,,,,,,,,,,,,,,,,,,,,,,,
128.4,29.0,29049.0,-27.0,75154.0,32.0,6314.0,-17.0,-5630.0,17.0,38186.0,44.0,108472.0,57.0,71037.0,,,,,,,,,,,,,,,,,,,,,,,,,,
128.43333333333334,29.0,28938.0,-27.0,74978.0,32.0,6316.0,-18.0,-5627.0,17.0,38149.0,44.0,108260.0,57.0,70832.0,,,,,,,,,,,,,,,,,,,,,,,,,,
128.46666666666667,30.0,28827.0,-27.0,74799.0,32.0,6322.0,-18.0,-5626.0,17.0,38112.0,44.0,108054.0,57.0,70621.0,,,,,,,,,,,,,,,,,,,,,,,,,,
128.5,30.0,28713.0,-27.0,74619.0,32.0,6327.0,-18.0,-5626.0,18.0,38071.0,45.0,107854.0,58.0,70405.0,,,,,,,,,,,,,,,,,,,,,,,,,,
128.53333333333333,30.0,28600.0,-27.0,74445.0,32.0,6333.0,-18.0,-5629.0,18.0,38031.0,45.0,107658.0,58.0,70190.0,,,,,,,,,,,,,,,,,,,,,,,,,,
128.56666666666666,29.0,28492.0,-27.0,74271.0,32.0,6343.0,-18.0,-5635.0,17.0,37988.0,45.0,107465.0,58.0,69978.0,,,,,,,,,,,,,,,,,,,,,,,,,,
128.6,29.0,28387.0,-27.0,74100.0,32.0,6352.0,-18.0,-5637.0,17.0,37942.0,45.0,107265.0,57.0,69771.0,,,,,,,,,,,,,,,,,,,,,,,,,,
128.63333333333333,30.0,28281.0,-27.0,73926.0,31.0,6358.0,-18.0,-5636.0,17.0,37890.0,45.0,107071.0,57.0,69563.0,,,,,,,,,,,,,,,,,,,,,,,,,,
128.66666666666666,31.0,28173.0,-27.0,73757.0,31.0,6362.0,-18.0,-5637.0,17.0,37838.0,45.0,106879.0,56.0,69353.0,,,,,,,,,,,,,,,,,,,,,,,,,,
128.7,31.0,28065.0,-27.0,73591.0,31.0,6363.0,-18.0,-5637.0,17.0,37793.0,45.0,106680.0,56.0,69137.0,,,,,,,,,,,,,,,,,,,,,,,,,,
128.73333333333332,31.0,27956.0,-27.0,73424.0,30.0,6363.0,-18.0,-5633.0,17.0,37750.0,45.0,106478.0,56.0,68916.0,,,,,,,,,,,,,,,,,,,,,,,,,,
128.76666666666668,31.0,27850.0,-27.0,73257.0,31.0,6364.0,-18.0,-5629.0,18.0,37703.0,45.0,106281.0,57.0,68695.0,,,,,,,,,,,,,,,,,,,,,,,,,,
128.8,30.0,27750.0,-27.0,73095.0,31.0,6366.0,-18.0,-5628.0,18.0,37654.0,45.0,106085.0,57.0,68476.0,,,,,,,,,,,,,,,,,,,,,,,,,,
128.83333333333334,29.0,27650.0,-27.0,72940.0,31.0,6368.0,-18.0,-5629.0,18.0,37604.0,45.0,105882.0,56.0,68258.0,,,,,,,,,,,,,,,,,,,,,,,,,,
128.86666666666667,28.0,27546.0,-27.0,72790.0,30.0,6372.0,-18.0,-5632.0,17.0,37547.0,44.0,105676.0,56.0,68038.0,,,,,,,,,,,,,,,,,,,,,,,,,,
128.9,27.0,27441.0,-27.0,72640.0,30.0,6377.0,-18.0,-5634.0,17.0,37488.0,43.0,105478.0,57.0,67817.0,,,,,,,,,,,,,,,,,,,,,,,,,,
128.93333333333334,27.0,27333.0,-28.0,72493.0,31.0,6381.0,-18.0,-5633.0,16.0,37430.0,43.0,105285.0,57.0,67599.0,,,,,,,,,,,,,,,,,,,,,,,,,,
128.96666666666667,27.0,27227.0,-28.0,72355.0,31.0,6382.0,-18.0,-5631.0,16.0,37375.0,42.0,105087.0,57.0,67382.0,,,,,,,,,,,,,,,,,,,,,,,,,,
129.0,28.0,27122.0,-29.0,72215.0,31.0,6383.0,-17.0,-5630.0,16.0,37321.0,42.0,104890.0,57.0,67159.0,,,,,,,,,,,,,,,,,,,,,,,,,,
129.03333333333333,28.0,27022.0,-29.0,72076.0,31.0,6383.0,-17.0,-5630.0,16.0,37275.0,41.0,104694.0,57.0,66940.0,,,,,,,,,,,,,,,,,,,,,,,,,,
129.06666666666666,28.0,26923.0,-29.0,71939.0,30.0,6385.0,-16.0,-5627.0,16.0,37233.0,41.0,104502.0,57.0,66717.0,,,,,,,,,,,,,,,,,,,,,,,,,,
129.1,28.0,26819.0,-29.0,71810.0,30.0,6387.0,-17.0,-5624.0,16.0,37194.0,41.0,104306.0,57.0,66493.0,,,,,,,,,,,,,,,,,,,,,,,,,,
129.13333333333333,29.0,26711.0,-29.0,71689.0,30.0,6389.0,-17.0,-5621.0,17.0,37163.0,42.0,104121.0,56.0,66273.0,,,,,,,,,,,,,,,,,,,,,,,,,,
129.16666666666666,29.0,26608.0,-29.0,71565.0,29.0,6393.0,-17.0,-5622.0,17.0,37129.0,42.0,103942.0,56.0,66058.0,,,,,,,,,,,,,,,,,,,,,,,,,,
129.2,29.0,26506.0,-28.0,71440.0,29.0,6400.0,-16.0,-5619.0,17.0,37085.0,42.0,103763.0,55.0,65840.0,,,,,,,,,,,,,,,,,,,,,,,,,,
129.23333333333332,29.0,26406.0,-28.0,71315.0,30.0,6404.0,-16.0,-5618.0,17.0,37039.0,42.0,103572.0,54.0,65620.0,,,,,,,,,,,,,,,,,,,,,,,,,,
129.26666666666668,29.0,26313.0,-28.0,71195.0,31.0,6406.0,-16.0,-5618.0,17.0,36994.0,42.0,103380.0,55.0,65397.0,,,,,,,,,,,,,,,,,,,,,,,,,,
129.3,29.0,26218.0,-29.0,71077.0,32.0,6407.0,-16.0,-5620.0,16.0,36945.0,42.0,103193.0,55.0,65180.0,,,,,,,,,,,,,,,,,,,,,,,,,,
129.33333333333334,29.0,26122.0,-30.0,70962.0,32.0,6410.0,-17.0,-5618.0,16.0,36897.0,42.0,103013.0,55.0,64964.0,,,,,,,,,,,,,,,,,,,,,,,,,,
129.36666666666667,29.0,26028.0,-29.0,70857.0,32.0,6412.0,-17.0,-5616.0,16.0,36849.0,42.0,102836.0,56.0,64746.0,,,,,,,,,,,,,,,,,,,,,,,,,,
129.4,29.0,25939.0,-29.0,70758.0,32.0,6416.0,-17.0,-5612.0,16.0,36803.0,42.0,102657.0,56.0,64525.0,,,,,,,,,,,,,,,,,,,,,,,,,,
129.43333333333334,29.0,25851.0,-29.0,70652.0,32.0,6420.0,-18.0,-5608.0,16.0,36762.0,42.0,102476.0,56.0,64305.0,,,,,,,,,,,,,,,,,,,,,,,,,,
129.46666666666667,29.0,25757.0,-28.0,70546.0,31.0,6430.0,-18.0,-5608.0,16.0,36733.0,41.0,102292.0,56.0,64087.0,,,,,,,,,,,,,,,,,,,,,,,,,,
129.5,29.0,25662.0,-28.0,70446.0,31.0,6438.0,-17.0,-5610.0,16.0,36708.0,41.0,102112.0,57.0,63875.0,,,,,,,,,,,,,,,,,,,,,,,,,,
129.53333333333333,29.0,25567.0,-28.0,70349.0,31.0,6444.0,-17.0,-5612.0,16.0,36682.0,41.0,101938.0,57.0,63667.0,,,,,,,,,,,,,,,,,,,,,,,,,,
129.56666666666666,29.0,25471.0,-28.0,70247.0,31.0,6448.0,-17.0,-5613.0,16.0,36656.0,41.0,101770.0,57.0,63461.0,,,,,,,,,,,,,,,,,,,,,,,,,,
129.6,29.0,25376.0,-28.0,70146.0,31.0,6452.0,-17.0,-5610.0,16.0,36627.0,41.0,101601.0,57.0,63251.0,,,,,,,,,,,,,,,,,,,,,,,,,,
129.63333333333333,28.0,25283.0,-28.0,70055.0,31.0,6456.0,-17.0,-5608.0,15.0,36599.0,42.0,101436.0,57.0,63043.0,,,,,,,,,,,,,,,,,,,,,,,,,,
129.66666666666666,28.0,25192.0,-28.0,69978.0,31.0,6459.0,-17.0,-5609.0,15.0,36575.0,42.0,101274.0,57.0,62838.0,,,,,,,,,,,,,,,,,,,,,,,,,,
129.7,28.0,25103.0,-28.0,69903.0,31.0,6465.0,-17.0,-5609.0,14.0,36551.0,42.0,101115.0,57.0,62630.0,,,,,,,,,,,,,,,,,,,,,,,,,,
129.73333333333332,28.0,25015.0,-28.0,69825.0,32.0,6472.0,-18.0,-5603.0,15.0,36533.0,42.0,100949.0,57.0,62424.0,,,,,,,,,,,,,,,,,,,,,,,,,,
129.76666666666668,28.0,24931.0,-27.0,69746.0,32.0,6476.0,-18.0,-5596.0,15.0,36514.0,42.0,100785.0,58.0,62220.0,,,,,,,,,,,,,,,,,,,,,,,,,,
129.8,28.0,24846.0,-28.0,69669.0,32.0,6478.0,-18.0,-5590.0,15.0,36495.0,42.0,100623.0,57.0,62015.0,,,,,,,,,,,,,,,,,,,,,,,,,,
129.83333333333334,27.0,24760.0,-28.0,69597.0,32.0,6479.0,-18.0,-5586.0,15.0,36478.0,42.0,100463.0,57.0,61807.0,,,,,,,,,,,,,,,,,,,,,,,,,,
129.86666666666667,27.0,24671.0,-28.0,69533.0,33.0,6480.0,-19.0,-5581.0,15.0,36463.0,42.0,100310.0,56.0,61603.0,,,,,,,,,,,,,,,,,,,,,,,,,,
129.9,27.0,24587.0,-28.0,69469.0,32.0,6484.0,-18.0,-5578.0,16.0,36451.0,42.0,100159.0,56.0,61405.0,,,,,,,,,,,,,,,,,,,,,,,,,,
129.93333333333334,27.0,24505.0,-29.0,69406.0,32.0,6490.0,-18.0,-5579.0,16.0,36443.0,41.0,100012.0,56.0,61208.0,,,,,,,,,,,,,,,,,,,,,,,,,,
129.96666666666667,27.0,24430.0,-29.0,69346.0,32.0,6495.0,-18.0,-5581.0,16.0,36438.0,41.0,99874.0,56.0,61010.0,,,,,,,,,,,,,,,,,,,,,,,,,,
130.0,27.0,24357.0,-30.0,69288.0,32.0,6498.0,-18.0,-5580.0,16.0,36431.0,41.0,99737.0,56.0,60811.0,,,,,,,,,,,,,,,,,,,,,,,,,,
130.03333333333333,28.0,24286.0,-30.0,69235.0,31.0,6503.0,-18.0,-5579.0,16.0,36427.0,41.0,99602.0,56.0,60615.0,,,,,,,,,,,,,,,,,,,,,,,,,,
130.06666666666666,27.0,24213.0,-30.0,69184.0,32.0,6510.0,-19.0,-5581.0,17.0,36423.0,41.0,99472.0,55.0,60423.0,,,,,,,,,,,,,,,,,,,,,,,,,,
130.1,27.0,24134.0,-29.0,69132.0,32.0,6519.0,-19.0,-5585.0,16.0,36425.0,41.0,99341.0,55.0,60236.0,,,,,,,,,,,,,,,,,,,,,,,,,,
130.13333333333333,27.0,24055.0,-29.0,69074.0,32.0,6525.0,-19.0,-5590.0,17.0,36431.0,41.0,99210.0,54.0,60048.0,,,,,,,,,,,,,,,,,,,,,,,,,,
130.16666666666666,26.0,23973.0,-28.0,69019.0,31.0,6527.0,-19.0,-5590.0,17.0,36436.0,41.0,99084.0,54.0,59863.0,,,,,,,,,,,,,,,,,,,,,,,,,,
130.2,26.0,23893.0,-28.0,68962.0,30.0,6530.0,-19.0,-5592.0,17.0,36437.0,41.0,98951.0,54.0,59678.0,,,,,,,,,,,,,,,,,,,,,,,,,,
130.23333333333332,26.0,23817.0,-29.0,68914.0,29.0,6534.0,-19.0,-5595.0,17.0,36446.0,40.0,98816.0,54.0,59494.0,,,,,,,,,,,,,,,,,,,,,,,,,,
130.26666666666668,26.0,23744.0,-30.0,68876.0,29.0,6536.0,-19.0,-5594.0,17.0,36461.0,40.0,98684.0,54.0,59313.0,,,,,,,,,,,,,,,,,,,,,,,,,,
130.3,26.0,23673.0,-30.0,68845.0,29.0,6541.0,-19.0,-5590.0,16.0,36480.0,40.0,98558.0,54.0,59132.0,,,,,,,,,,,,,,,,,,,,,,,,,,
130.33333333333334,26.0,23599.0,-30.0,68819.0,29.0,6547.0,-19.0,-5590.0,16.0,36503.0,40.0,98435.0,55.0,58953.0,,,,,,,,,,,,,,,,,,,,,,,,,,
130.36666666666667,27.0,23525.0,-30.0,68790.0,30.0,6556.0,-18.0,-5587.0,16.0,36524.0,41.0,98319.0,55.0,58782.0,,,,,,,,,,,,,,,,,,,,,,,,,,
130.4,27.0,23456.0,-30.0,68757.0,30.0,6567.0,-18.0,-5585.0,16.0,36544.0,41.0,98207.0,54.0,58608.0,,,,,,,,,,,,,,,,,,,,,,,,,,
130.43333333333334,27.0,23390.0,-29.0,68720.0,30.0,6574.0,-18.0,-5582.0,17.0,36563.0,41.0,98092.0,53.0,58435.0,,,,,,,,,,,,,,,,,,,,,,,,,,
130.46666666666667,27.0,23320.0,-28.0,68687.0,30.0,6582.0,-18.0,-5577.0,17.0,36586.0,41.0,97976.0,53.0,58262.0,,,,,,,,,,,,,,,,,,,,,,,,,,
130.5,26.0,23248.0,-29.0,68662.0,30.0,6587.0,-18.0,-5573.0,17.0,36614.0,41.0,97873.0,54.0,58092.0,,,,,,,,,,,,,,,,,,,,,,,,,,
130.53333333333333,26.0,23181.0,-29.0,68643.0,30.0,6592.0,-18.0,-5571.0,17.0,36645.0,41.0,97775.0,54.0,57930.0,,,,,,,,,,,,,,,,,,,,,,,,,,
130.56666666666666,26.0,23114.0,-30.0,68623.0,30.0,6598.0,-18.0,-5571.0,17.0,36673.0,41.0,97678.0,55.0,57770.0,,,,,,,,,,,,,,,,,,,,,,,,,,
130.6,26.0,23043.0,-30.0,68603.0,31.0,6602.0,-18.0,-5571.0,18.0,36703.0,41.0,97579.0,55.0,57610.0,,,,,,,,,,,,,,,,,,,,,,,,,,
130.63333333333333,26.0,22974.0,-30.0,68589.0,31.0,6607.0,-18.0,-5578.0,17.0,36738.0,41.0,97485.0,55.0,57451.0,,,,,,,,,,,,,,,,,,,,,,,,,,
130.66666666666666,26.0,22901.0,-30.0,68573.0,31.0,6612.0,-18.0,-5584.0,17.0,36770.0,41.0,97397.0,54.0,57304.0,,,,,,,,,,,,,,,,,,,,,,,,,,
130.7,26.0,22827.0,-30.0,68552.0,31.0,6615.0,-17.0,-5586.0,17.0,36808.0,40.0,97312.0,53.0,57155.0,,,,,,,,,,,,,,,,,,,,,,,,,,
130.73333333333332,25.0,22759.0,-30.0,68536.0,32.0,6619.0,-17.0,-5583.0,17.0,36849.0,40.0,97232.0,53.0,56998.0,,,,,,,,,,,,,,,,,,,,,,,,,,
130.76666666666668,25.0,22692.0,-31.0,68525.0,32.0,6623.0,-17.0,-5576.0,17.0,36895.0,40.0,97157.0,52.0,56851.0,,,,,,,,,,,,,,,,,,,,,,,,,,
130.8,24.0,22626.0,-31.0,68522.0,32.0,6626.0,-17.0,-5570.0,17.0,36949.0,40.0,97081.0,52.0,56705.0,,,,,,,,,,,,,,,,,,,,,,,,,,
130.83333333333334,24.0,22560.0,-31.0,68522.0,32.0,6630.0,-17.0,-5570.0,16.0,37009.0,40.0,97003.0,52.0,56552.0,,,,,,,,,,,,,,,,,,,,,,,,,,
130.86666666666667,24.0,22493.0,-31.0,68520.0,32.0,6632.0,-17.0,-5570.0,16.0,37077.0,40.0,96923.0,52.0,56394.0,,,,,,,,,,,,,,,,,,,,,,,,,,
130.9,24.0,22428.0,-31.0,68516.0,31.0,6632.0,-17.0,-5570.0,16.0,37136.0,40.0,96844.0,52.0,56239.0,,,,,,,,,,,,,,,,,,,,,,,,,,
130.93333333333334,25.0,22362.0,-31.0,68512.0,31.0,6636.0,-18.0,-5571.0,16.0,37193.0,39.0,96771.0,52.0,56091.0,,,,,,,,,,,,,,,,,,,,,,,,,,
130.96666666666667,26.0,22295.0,-31.0,68505.0,32.0,6640.0,-18.0,-5568.0,17.0,37255.0,39.0,96701.0,52.0,55949.0,,,,,,,,,,,,,,,,,,,,,,,,,,
131.0,26.0,22231.0,-31.0,68494.0,32.0,6644.0,-17.0,-5562.0,17.0,37318.0,38.0,96627.0,53.0,55814.0,,,,,,,,,,,,,,,,,,,,,,,,,,
131.03333333333333,27.0,22169.0,-31.0,68485.0,32.0,6650.0,-17.0,-5553.0,17.0,37388.0,38.0,96550.0,53.0,55685.0,,,,,,,,,,,,,,,,,,,,,,,,,,
131.06666666666666,27.0,22110.0,-32.0,68483.0,32.0,6656.0,-17.0,-5547.0,18.0,37460.0,38.0,96478.0,53.0,55558.0,,,,,,,,,,,,,,,,,,,,,,,,,,
131.1,26.0,22055.0,-33.0,68487.0,31.0,6659.0,-16.0,-5546.0,18.0,37527.0,38.0,96409.0,53.0,55432.0,,,,,,,,,,,,,,,,,,,,,,,,,,
131.13333333333333,26.0,22000.0,-33.0,68491.0,31.0,6665.0,-16.0,-5548.0,18.0,37594.0,38.0,96343.0,53.0,55306.0,,,,,,,,,,,,,,,,,,,,,,,,,,
131.16666666666666,26.0,21944.0,-32.0,68494.0,31.0,6672.0,-16.0,-5551.0,18.0,37662.0,39.0,96283.0,53.0,55182.0,,,,,,,,,,,,,,,,,,,,,,,,,,
131.2,25.0,21883.0,-32.0,68502.0,30.0,6677.0,-16.0,-5556.0,18.0,37733.0,39.0,96230.0,53.0,55060.0,,,,,,,,,,,,,,,,,,,,,,,,,,
131.23333333333332,25.0,21820.0,-31.0,68508.0,30.0,6679.0,-17.0,-5557.0,18.0,37807.0,39.0,96185.0,53.0,54941.0,,,,,,,,,,,,,,,,,,,,,,,,,,
131.26666666666668,25.0,21757.0,-31.0,68512.0,30.0,6680.0,-17.0,-5555.0,18.0,37888.0,38.0,96141.0,53.0,54823.0,,,,,,,,,,,,,,,,,,,,,,,,,,
131.3,24.0,21696.0,-32.0,68516.0,31.0,6685.0,-18.0,-5558.0,18.0,37973.0,38.0,96093.0,53.0,54706.0,,,,,,,,,,,,,,,,,,,,,,,,,,
131.33333333333334,24.0,21634.0,-32.0,68520.0,31.0,6691.0,-18.0,-5566.0,18.0,38063.0,38.0,96044.0,52.0,54594.0,,,,,,,,,,,,,,,,,,,,,,,,,,
131.36666666666667,24.0,21578.0,-32.0,68529.0,31.0,6696.0,-19.0,-5575.0,18.0,38163.0,38.0,96004.0,52.0,54479.0,,,,,,,,,,,,,,,,,,,,,,,,,,
131.4,25.0,21524.0,-32.0,68539.0,30.0,6700.0,-19.0,-5577.0,18.0,38263.0,38.0,95970.0,51.0,54362.0,,,,,,,,,,,,,,,,,,,,,,,,,,
131.43333333333334,25.0,21473.0,-32.0,68551.0,30.0,6697.0,-19.0,-5578.0,19.0,38360.0,38.0,95933.0,51.0,54250.0,,,,,,,,,,,,,,,,,,,,,,,,,,
131.46666666666667,24.0,21424.0,-32.0,68570.0,29.0,6692.0,-19.0,-5578.0,18.0,38460.0,39.0,95900.0,51.0,54145.0,,,,,,,,,,,,,,,,,,,,,,,,,,
131.5,24.0,21376.0,-32.0,68587.0,29.0,6690.0,-19.0,-5575.0,18.0,38559.0,39.0,95862.0,51.0,54041.0,,,,,,,,,,,,,,,,,,,,,,,,,,
131.53333333333333,24.0,21325.0,-32.0,68605.0,29.0,6691.0,-19.0,-5572.0,18.0,38664.0,39.0,95819.0,52.0,53937.0,,,,,,,,,,,,,,,,,,,,,,,,,,
131.56666666666666,24.0,21273.0,-32.0,68623.0,30.0,6691.0,-18.0,-5571.0,17.0,38772.0,39.0,95780.0,52.0,53832.0,,,,,,,,,,,,,,,,,,,,,,,,,,
131.6,24.0,21222.0,-33.0,68633.0,29.0,6693.0,-17.0,-5570.0,17.0,38882.0,38.0,95748.0,52.0,53729.0,,,,,,,,,,,,,,,,,,,,,,,,,,
131.63333333333333,25.0,21175.0,-33.0,68642.0,30.0,6696.0,-17.0,-5566.0,17.0,38996.0,38.0,95720.0,52.0,53630.0,,,,,,,,,,,,,,,,,,,,,,,,,,
131.66666666666666,25.0,21121.0,-33.0,68658.0,30.0,6702.0,-17.0,-5564.0,17.0,39112.0,38.0,95691.0,52.0,53529.0,,,,,,,,,,,,,,,,,,,,,,,,,,
131.7,25.0,21066.0,-33.0,68674.0,30.0,6710.0,-17.0,-5562.0,18.0,39229.0,38.0,95665.0,53.0,53426.0,,,,,,,,,,,,,,,,,,,,,,,,,,
131.73333333333332,26.0,21013.0,-33.0,68689.0,30.0,6715.0,-18.0,-5564.0,18.0,39345.0,38.0,95642.0,53.0,53325.0,,,,,,,,,,,,,,,,,,,,,,,,,,
131.76666666666668,26.0,20957.0,-33.0,68708.0,30.0,6716.0,-18.0,-5569.0,17.0,39470.0,38.0,95622.0,53.0,53227.0,,,,,,,,,,,,,,,,,,,,,,,,,,
131.8,26.0,20904.0,-33.0,68726.0,29.0,6717.0,-19.0,-5575.0,17.0,39589.0,39.0,95604.0,53.0,53137.0,,,,,,,,,,,,,,,,,,,,,,,,,,
131.83333333333334,25.0,20852.0,-33.0,68741.0,29.0,6718.0,-19.0,-5580.0,18.0,39702.0,39.0,95587.0,52.0,53055.0,,,,,,,,,,,,,,,,,,,,,,,,,,
131.86666666666667,26.0,20803.0,-33.0,68750.0,29.0,6720.0,-18.0,-5580.0,18.0,39814.0,38.0,95571.0,52.0,52979.0,,,,,,,,,,,,,,,,,,,,,,,,,,
131.9,26.0,20752.0,-33.0,68761.0,30.0,6719.0,-18.0,-5579.0,19.0,39931.0,38.0,95548.0,52.0,52904.0,,,,,,,,,,,,,,,,,,,,,,,,,,
131.93333333333334,25.0,20696.0,-33.0,68771.0,30.0,6714.0,-17.0,-5578.0,19.0,40057.0,38.0,95522.0,52.0,52823.0,,,,,,,,,,,,,,,,,,,,,,,,,,
131.96666666666667,25.0,20648.0,-33.0,68781.0,29.0,6709.0,-17.0,-5580.0,19.0,40183.0,38.0,95495.0,52.0,52740.0,,,,,,,,,,,,,,,,,,,,,,,,,,
132.0,25.0,20601.0,-33.0,68796.0,30.0,6709.0,-17.0,-5583.0,18.0,40310.0,37.0,95473.0,51.0,52655.0,,,,,,,,,,,,,,,,,,,,,,,,,,
132.03333333333333,25.0,20546.0,-33.0,68811.0,30.0,6712.0,-17.0,-5585.0,18.0,40437.0,38.0,95461.0,52.0,52576.0,,,,,,,,,,,,,,,,,,,,,,,,,,
132.06666666666666,25.0,20489.0,-33.0,68817.0,29.0,6720.0,-17.0,-5583.0,17.0,40567.0,38.0,95451.0,51.0,52498.0,,,,,,,,,,,,,,,,,,,,,,,,,,
132.1,26.0,20432.0,-34.0,68830.0,29.0,6729.0,-17.0,-5579.0,17.0,40699.0,38.0,95453.0,51.0,52418.0,,,,,,,,,,,,,,,,,,,,,,,,,,
132.13333333333333,26.0,20380.0,-34.0,68846.0,28.0,6737.0,-18.0,-5577.0,16.0,40837.0,38.0,95460.0,50.0,52341.0,,,,,,,,,,,,,,,,,,,,,,,,,,
132.16666666666666,25.0,20335.0,-34.0,68860.0,28.0,6742.0,-18.0,-5576.0,16.0,40974.0,37.0,95456.0,50.0,52267.0,,,,,,,,,,,,,,,,,,,,,,,,,,
132.2,25.0,20293.0,-34.0,68870.0,28.0,6742.0,-19.0,-5575.0,15.0,41109.0,37.0,95452.0,50.0,52199.0,,,,,,,,,,,,,,,,,,,,,,,,,,
132.23333333333332,26.0,20245.0,-34.0,68882.0,28.0,6736.0,-19.0,-5578.0,16.0,41236.0,37.0,95455.0,51.0,52129.0,,,,,,,,,,,,,,,,,,,,,,,,,,
132.26666666666668,26.0,20196.0,-34.0,68896.0,29.0,6728.0,-18.0,-5582.0,16.0,41361.0,38.0,95459.0,51.0,52066.0,,,,,,,,,,,,,,,,,,,,,,,,,,
132.3,26.0,20149.0,-34.0,68909.0,29.0,6721.0,-17.0,-5585.0,17.0,41489.0,37.0,95458.0,51.0,52006.0,,,,,,,,,,,,,,,,,,,,,,,,,,
132.33333333333334,26.0,20105.0,-34.0,68923.0,29.0,6721.0,-17.0,-5588.0,17.0,41621.0,37.0,95455.0,51.0,51947.0,,,,,,,,,,,,,,,,,,,,,,,,,,
132.36666666666667,26.0,20056.0,-34.0,68933.0,29.0,6725.0,-17.0,-5592.0,17.0,41752.0,37.0,95452.0,51.0,51885.0,,,,,,,,,,,,,,,,,,,,,,,,,,
132.4,25.0,20008.0,-34.0,68947.0,29.0,6728.0,-17.0,-5594.0,17.0,41881.0,37.0,95452.0,50.0,51820.0,,,,,,,,,,,,,,,,,,,,,,,,,,
132.43333333333334,25.0,19962.0,-34.0,68961.0,28.0,6728.0,-18.0,-5599.0,18.0,42011.0,37.0,95454.0,50.0,51755.0,,,,,,,,,,,,,,,,,,,,,,,,,,
132.46666666666667,24.0,19917.0,-34.0,68974.0,28.0,6724.0,-18.0,-5604.0,19.0,42144.0,37.0,95454.0,50.0,51694.0,,,,,,,,,,,,,,,,,,,,,,,,,,
132.5,23.0,19873.0,-35.0,68989.0,27.0,6716.0,-19.0,-5608.0,19.0,42282.0,37.0,95456.0,50.0,51634.0,,,,,,,,,,,,,,,,,,,,,,,,,,
132.53333333333333,22.0,19829.0,-35.0,69000.0,27.0,6710.0,-19.0,-5609.0,19.0,42425.0,37.0,95464.0,51.0,51577.0,,,,,,,,,,,,,,,,,,,,,,,,,,
132.56666666666666,22.0,19780.0,-36.0,69018.0,27.0,6708.0,-19.0,-5609.0,19.0,42573.0,37.0,95482.0,51.0,51515.0,,,,,,,,,,,,,,,,,,,,,,,,,,
132.6,22.0,19727.0,-36.0,69038.0,27.0,6705.0,-19.0,-5611.0,18.0,42716.0,36.0,95502.0,51.0,51454.0,,,,,,,,,,,,,,,,,,,,,,,,,,
132.63333333333333,22.0,19675.0,-36.0,69052.0,27.0,6699.0,-19.0,-5614.0,18.0,42856.0,36.0,95515.0,51.0,51394.0,,,,,,,,,,,,,,,,,,,,,,,,,,
132.66666666666666,23.0,19621.0,-35.0,69064.0,28.0,6695.0,-19.0,-5615.0,19.0,42993.0,36.0,95518.0,51.0,51338.0,,,,,,,,,,,,,,,,,,,,,,,,,,
132.7,23.0,19574.0,-35.0,69073.0,28.0,6693.0,-19.0,-5613.0,18.0,43130.0,35.0,95522.0,51.0,51287.0,,,,,,,,,,,,,,,,,,,,,,,,,,
132.73333333333332,23.0,19529.0,-34.0,69080.0,28.0,6694.0,-19.0,-5612.0,18.0,43264.0,35.0,95533.0,51.0,51233.0,,,,,,,,,,,,,,,,,,,,,,,,,,
132.76666666666668,23.0,19480.0,-34.0,69085.0,27.0,6695.0,-18.0,-5614.0,18.0,43393.0,35.0,95550.0,50.0,51175.0,,,,,,,,,,,,,,,,,,,,,,,,,,
132.8,23.0,19432.0,-34.0,69083.0,27.0,6695.0,-18.0,-5619.0,18.0,43521.0,35.0,95576.0,50.0,51120.0,,,,,,,,,,,,,,,,,,,,,,,,,,
132.83333333333334,23.0,19386.0,-34.0,69088.0,27.0,6692.0,-18.0,-5622.0,18.0,43651.0,36.0,95611.0,49.0,51065.0,,,,,,,,,,,,,,,,,,,,,,,,,,
132.86666666666667,23.0,19339.0,-34.0,69097.0,27.0,6686.0,-18.0,-5624.0,18.0,43779.0,36.0,95648.0,49.0,51007.0,,,,,,,,,,,,,,,,,,,,,,,,,,
132.9,24.0,19290.0,-34.0,69106.0,27.0,6677.0,-18.0,-5629.0,17.0,43911.0,37.0,95672.0,49.0,50956.0,,,,,,,,,,,,,,,,,,,,,,,,,,
132.93333333333334,24.0,19241.0,-34.0,69113.0,27.0,6671.0,-19.0,-5632.0,17.0,44050.0,37.0,95692.0,49.0,50905.0,,,,,,,,,,,,,,,,,,,,,,,,,,
132.96666666666667,24.0,19195.0,-34.0,69121.0,27.0,6665.0,-19.0,-5633.0,17.0,44191.0,37.0,95719.0,49.0,50855.0,,,,,,,,,,,,,,,,,,,,,,,,,,
133.0,25.0,19146.0,-34.0,69134.0,26.0,6660.0,-19.0,-5633.0,18.0,44325.0,37.0,95752.0,49.0,50810.0,,,,,,,,,,,,,,,,,,,,,,,,,,
133.03333333333333,25.0,19097.0,-34.0,69147.0,26.0,6657.0,-19.0,-5634.0,18.0,44454.0,37.0,95785.0,49.0,50767.0,,,,,,,,,,,,,,,,,,,,,,,,,,
133.06666666666666,25.0,19049.0,-34.0,69159.0,27.0,6656.0,-20.0,-5640.0,18.0,44580.0,36.0,95821.0,49.0,50720.0,,,,,,,,,,,,,,,,,,,,,,,,,,
133.1,25.0,19006.0,-34.0,69173.0,27.0,6658.0,-20.0,-5649.0,18.0,44707.0,36.0,95855.0,49.0,50670.0,,,,,,,,,,,,,,,,,,,,,,,,,,
133.13333333333333,24.0,18958.0,-33.0,69183.0,28.0,6657.0,-19.0,-5654.0,17.0,44833.0,36.0,95878.0,50.0,50622.0,,,,,,,,,,,,,,,,,,,,,,,,,,
133.16666666666666,23.0,18909.0,-33.0,69194.0,28.0,6650.0,-19.0,-5656.0,17.0,44949.0,36.0,95896.0,50.0,50579.0,,,,,,,,,,,,,,,,,,,,,,,,,,
133.2,22.0,18868.0,-33.0,69207.0,28.0,6645.0,-19.0,-5658.0,18.0,45066.0,37.0,95915.0,50.0,50535.0,,,,,,,,,,,,,,,,,,,,,,,,,,
133.23333333333332,22.0,18826.0,-33.0,69212.0,29.0,6641.0,-19.0,-5659.0,18.0,45189.0,37.0,95938.0,49.0,50488.0,,,,,,,,,,,,,,,,,,,,,,,,,,
133.26666666666668,22.0,18782.0,-33.0,69217.0,28.0,6636.0,-20.0,-5658.0,18.0,45307.0,37.0,95968.0,49.0,50438.0,,,,,,,,,,,,,,,,,,,,,,,,,,
133.3,22.0,18741.0,-33.0,69225.0,28.0,6632.0,-20.0,-5660.0,17.0,45424.0,37.0,95995.0,48.0,50395.0,,,,,,,,,,,,,,,,,,,,,,,,,,
133.33333333333334,23.0,18698.0,-33.0,69232.0,28.0,6625.0,-20.0,-5661.0,17.0,45530.0,37.0,96026.0,49.0,50354.0,,,,,,,,,,,,,,,,,,,,,,,,,,
133.36666666666667,23.0,18655.0,-33.0,69235.0,28.0,6619.0,-20.0,-5663.0,16.0,45629.0,37.0,96061.0,49.0,50307.0,,,,,,,,,,,,,,,,,,,,,,,,,,
133.4,23.0,18615.0,-33.0,69242.0,28.0,6609.0,-19.0,-5662.0,15.0,45733.0,36.0,96097.0,50.0,50264.0,,,,,,,,,,,,,,,,,,,,,,,,,,
133.43333333333334,23.0,18578.0,-33.0,69251.0,28.0,6597.0,-19.0,-5661.0,15.0,45843.0,36.0,96136.0,50.0,50220.0,,,,,,,,,,,,,,,,,,,,,,,,,,
133.46666666666667,24.0,18539.0,-33.0,69265.0,28.0,6588.0,-19.0,-5661.0,16.0,45951.0,36.0,96172.0,51.0,50173.0,,,,,,,,,,,,,,,,,,,,,,,,,,
133.5,24.0,18498.0,-33.0,69281.0,29.0,6580.0,-19.0,-5659.0,16.0,46057.0,35.0,96208.0,51.0,50129.0,,,,,,,,,,,,,,,,,,,,,,,,,,
133.53333333333333,24.0,18451.0,-33.0,69297.0,29.0,6574.0,-19.0,-5659.0,16.0,46164.0,35.0,96249.0,51.0,50087.0,,,,,,,,,,,,,,,,,,,,,,,,,,
133.56666666666666,23.0,18404.0,-33.0,69315.0,30.0,6565.0,-19.0,-5658.0,16.0,46263.0,35.0,96293.0,50.0,50047.0,,,,,,,,,,,,,,,,,,,,,,,,,,
133.6,23.0,18355.0,-33.0,69334.0,30.0,6555.0,-19.0,-5655.0,17.0,46359.0,35.0,96328.0,50.0,50008.0,,,,,,,,,,,,,,,,,,,,,,,,,,
133.63333333333333,23.0,18308.0,-33.0,69356.0,30.0,6547.0,-20.0,-5656.0,18.0,46457.0,35.0,96367.0,50.0,49963.0,,,,,,,,,,,,,,,,,,,,,,,,,,
133.66666666666666,23.0,18260.0,-33.0,69381.0,29.0,6539.0,-20.0,-5658.0,18.0,46552.0,35.0,96413.0,50.0,49921.0,,,,,,,,,,,,,,,,,,,,,,,,,,
133.7,23.0,18217.0,-33.0,69405.0,28.0,6529.0,-20.0,-5660.0,18.0,46638.0,35.0,96463.0,50.0,49887.0,,,,,,,,,,,,,,,,,,,,,,,,,,
133.73333333333332,23.0,18178.0,-33.0,69428.0,28.0,6518.0,-20.0,-5661.0,17.0,46720.0,35.0,96518.0,50.0,49854.0,,,,,,,,,,,,,,,,,,,,,,,,,,
133.76666666666668,23.0,18141.0,-33.0,69456.0,28.0,6506.0,-20.0,-5665.0,17.0,46801.0,35.0,96572.0,50.0,49817.0,,,,,,,,,,,,,,,,,,,,,,,,,,
133.8,23.0,18099.0,-33.0,69479.0,28.0,6495.0,-20.0,-5667.0,17.0,46883.0,35.0,96627.0,50.0,49777.0,,,,,,,,,,,,,,,,,,,,,,,,,,
133.83333333333334,23.0,18056.0,-33.0,69501.0,28.0,6483.0,-20.0,-5668.0,17.0,46960.0,36.0,96682.0,50.0,49733.0,,,,,,,,,,,,,,,,,,,,,,,,,,
133.86666666666667,23.0,18009.0,-33.0,69532.0,28.0,6473.0,-20.0,-5668.0,17.0,47039.0,36.0,96740.0,51.0,49685.0,,,,,,,,,,,,,,,,,,,,,,,,,,
133.9,23.0,17964.0,-33.0,69567.0,28.0,6462.0,-20.0,-5668.0,17.0,47120.0,35.0,96799.0,51.0,49639.0,,,,,,,,,,,,,,,,,,,,,,,,,,
133.93333333333334,23.0,17919.0,-33.0,69600.0,28.0,6451.0,-20.0,-5671.0,17.0,47189.0,36.0,96855.0,51.0,49598.0,,,,,,,,,,,,,,,,,,,,,,,,,,
133.96666666666667,23.0,17875.0,-33.0,69640.0,28.0,6443.0,-20.0,-5673.0,17.0,47254.0,36.0,96912.0,51.0,49562.0,,,,,,,,,,,,,,,,,,,,,,,,,,
134.0,23.0,17835.0,-33.0,69681.0,28.0,6437.0,-19.0,-5672.0,17.0,47320.0,36.0,96971.0,50.0,49527.0,,,,,,,,,,,,,,,,,,,,,,,,,,
134.03333333333333,23.0,17792.0,-33.0,69711.0,27.0,6431.0,-19.0,-5673.0,17.0,47379.0,36.0,97040.0,51.0,49488.0,,,,,,,,,,,,,,,,,,,,,,,,,,
134.06666666666666,23.0,17750.0,-33.0,69746.0,26.0,6422.0,-19.0,-5675.0,17.0,47430.0,36.0,97113.0,51.0,49452.0,,,,,,,,,,,,,,,,,,,,,,,,,,
134.1,23.0,17715.0,-33.0,69781.0,26.0,6416.0,-18.0,-5674.0,17.0,47481.0,36.0,97187.0,50.0,49412.0,,,,,,,,,,,,,,,,,,,,,,,,,,
134.13333333333333,23.0,17683.0,-33.0,69824.0,26.0,6413.0,-18.0,-5675.0,17.0,47530.0,36.0,97259.0,50.0,49366.0,,,,,,,,,,,,,,,,,,,,,,,,,,
134.16666666666666,23.0,17648.0,-33.0,69870.0,27.0,6409.0,-18.0,-5672.0,16.0,47578.0,36.0,97332.0,49.0,49320.0,,,,,,,,,,,,,,,,,,,,,,,,,,
134.2,24.0,17607.0,-32.0,69919.0,28.0,6399.0,-18.0,-5669.0,16.0,47627.0,36.0,97404.0,49.0,49278.0,,,,,,,,,,,,,,,,,,,,,,,,,,
134.23333333333332,24.0,17567.0,-32.0,69971.0,29.0,6384.0,-19.0,-5668.0,16.0,47674.0,35.0,97481.0,49.0,49243.0,,,,,,,,,,,,,,,,,,,,,,,,,,
134.26666666666668,23.0,17527.0,-32.0,70020.0,29.0,6370.0,-19.0,-5667.0,16.0,47716.0,35.0,97568.0,49.0,49210.0,,,,,,,,,,,,,,,,,,,,,,,,,,
134.3,23.0,17484.0,-32.0,70067.0,29.0,6360.0,-20.0,-5665.0,15.0,47751.0,35.0,97646.0,50.0,49170.0,,,,,,,,,,,,,,,,,,,,,,,,,,
134.33333333333334,23.0,17442.0,-32.0,70122.0,29.0,6353.0,-20.0,-5663.0,15.0,47781.0,35.0,97720.0,49.0,49124.0,,,,,,,,,,,,,,,,,,,,,,,,,,
134.36666666666667,23.0,17402.0,-32.0,70184.0,28.0,6343.0,-20.0,-5664.0,15.0,47809.0,34.0,97798.0,49.0,49080.0,,,,,,,,,,,,,,,,,,,,,,,,,,
134.4,23.0,17363.0,-32.0,70252.0,28.0,6327.0,-19.0,-5662.0,15.0,47833.0,34.0,97874.0,49.0,49034.0,,,,,,,,,,,,,,,,,,,,,,,,,,
134.43333333333334,23.0,17324.0,-32.0,70328.0,27.0,6312.0,-19.0,-5658.0,15.0,47859.0,35.0,97962.0,49.0,48988.0,,,,,,,,,,,,,,,,,,,,,,,,,,
134.46666666666667,22.0,17286.0,-32.0,70412.0,27.0,6303.0,-20.0,-5655.0,15.0,47880.0,35.0,98056.0,49.0,48946.0,,,,,,,,,,,,,,,,,,,,,,,,,,
134.5,23.0,17248.0,-32.0,70496.0,27.0,6298.0,-19.0,-5653.0,15.0,47898.0,35.0,98145.0,50.0,48905.0,,,,,,,,,,,,,,,,,,,,,,,,,,
134.53333333333333,23.0,17210.0,-32.0,70582.0,26.0,6291.0,-19.0,-5655.0,16.0,47913.0,36.0,98238.0,50.0,48867.0,,,,,,,,,,,,,,,,,,,,,,,,,,
134.56666666666666,23.0,17174.0,-32.0,70663.0,27.0,6287.0,-19.0,-5653.0,16.0,47926.0,35.0,98331.0,50.0,48830.0,,,,,,,,,,,,,,,,,,,,,,,,,,
134.6,24.0,17139.0,-33.0,70747.0,27.0,6281.0,-19.0,-5651.0,16.0,47931.0,35.0,98431.0,49.0,48794.0,,,,,,,,,,,,,,,,,,,,,,,,,,
134.63333333333333,24.0,17102.0,-33.0,70840.0,26.0,6269.0,-19.0,-5650.0,17.0,47921.0,36.0,98529.0,49.0,48760.0,,,,,,,,,,,,,,,,,,,,,,,,,,
134.66666666666666,24.0,17065.0,-34.0,70940.0,26.0,6258.0,-20.0,-5648.0,16.0,47910.0,36.0,98639.0,49.0,48718.0,,,,,,,,,,,,,,,,,,,,,,,,,,
134.7,24.0,17031.0,-34.0,71045.0,26.0,6249.0,-20.0,-5643.0,16.0,47905.0,36.0,98763.0,49.0,48676.0,,,,,,,,,,,,,,,,,,,,,,,,,,
134.73333333333332,24.0,16999.0,-34.0,71153.0,26.0,6242.0,-20.0,-5641.0,15.0,47907.0,37.0,98887.0,49.0,48640.0,,,,,,,,,,,,,,,,,,,,,,,,,,
134.76666666666668,23.0,16972.0,-34.0,71273.0,27.0,6234.0,-19.0,-5643.0,14.0,47904.0,36.0,99009.0,49.0,48605.0,,,,,,,,,,,,,,,,,,,,,,,,,,
134.8,23.0,16941.0,-34.0,71398.0,27.0,6228.0,-19.0,-5641.0,14.0,47893.0,36.0,99130.0,48.0,48572.0,,,,,,,,,,,,,,,,,,,,,,,,,,
134.83333333333334,23.0,16908.0,-33.0,71522.0,27.0,6217.0,-19.0,-5637.0,14.0,47877.0,37.0,99247.0,48.0,48530.0,,,,,,,,,,,,,,,,,,,,,,,,,,
134.86666666666667,23.0,16874.0,-33.0,71650.0,27.0,6203.0,-20.0,-5635.0,14.0,47857.0,37.0,99372.0,48.0,48484.0,,,,,,,,,,,,,,,,,,,,,,,,,,
134.9,22.0,16839.0,-32.0,71782.0,26.0,6193.0,-19.0,-5635.0,13.0,47830.0,37.0,99510.0,48.0,48439.0,,,,,,,,,,,,,,,,,,,,,,,,,,
134.93333333333334,22.0,16809.0,-32.0,71926.0,25.0,6183.0,-19.0,-5634.0,13.0,47803.0,36.0,99649.0,48.0,48398.0,,,,,,,,,,,,,,,,,,,,,,,,,,
134.96666666666667,22.0,16778.0,-32.0,72077.0,26.0,6175.0,-19.0,-5634.0,12.0,47769.0,37.0,99782.0,48.0,48356.0,,,,,,,,,,,,,,,,,,,,,,,,,,
135.0,22.0,16742.0,-33.0,72225.0,26.0,6167.0,-18.0,-5630.0,12.0,47728.0,36.0,99916.0,48.0,48314.0,,,,,,,,,,,,,,,,,,,,,,,,,,
135.03333333333333,22.0,16700.0,-34.0,72383.0,26.0,6160.0,-18.0,-5624.0,11.0,47690.0,36.0,100060.0,48.0,48268.0,,,,,,,,,,,,,,,,,,,,,,,,,,
135.06666666666666,22.0,16661.0,-34.0,72547.0,26.0,6152.0,-18.0,-5620.0,11.0,47655.0,36.0,100201.0,47.0,48221.0,,,,,,,,,,,,,,,,,,,,,,,,,,
135.1,22.0,16629.0,-35.0,72714.0,26.0,6142.0,-18.0,-5616.0,12.0,47617.0,37.0,100353.0,47.0,48180.0,,,,,,,,,,,,,,,,,,,,,,,,,,
135.13333333333333,22.0,16598.0,-35.0,72889.0,27.0,6135.0,-18.0,-5608.0,12.0,47568.0,37.0,100512.0,47.0,48144.0,,,,,,,,,,,,,,,,,,,,,,,,,,
135.16666666666666,22.0,16567.0,-34.0,73078.0,27.0,6127.0,-18.0,-5602.0,12.0,47517.0,38.0,100667.0,47.0,48111.0,,,,,,,,,,,,,,,,,,,,,,,,,,
135.2,23.0,16535.0,-33.0,73270.0,27.0,6119.0,-18.0,-5597.0,12.0,47460.0,38.0,100822.0,46.0,48076.0,,,,,,,,,,,,,,,,,,,,,,,,,,
135.23333333333332,23.0,16505.0,-33.0,73468.0,27.0,6112.0,-18.0,-5593.0,13.0,47399.0,38.0,100989.0,46.0,48042.0,,,,,,,,,,,,,,,,,,,,,,,,,,
135.26666666666668,23.0,16477.0,-33.0,73676.0,27.0,6104.0,-19.0,-5592.0,13.0,47341.0,38.0,101161.0,46.0,48004.0,,,,,,,,,,,,,,,,,,,,,,,,,,
135.3,23.0,16449.0,-32.0,73889.0,27.0,6093.0,-19.0,-5588.0,13.0,47280.0,38.0,101339.0,46.0,47965.0,,,,,,,,,,,,,,,,,,,,,,,,,,
135.33333333333334,23.0,16423.0,-32.0,74113.0,27.0,6085.0,-19.0,-5579.0,13.0,47220.0,37.0,101516.0,46.0,47928.0,,,,,,,,,,,,,,,,,,,,,,,,,,
135.36666666666667,23.0,16397.0,-31.0,74344.0,26.0,6077.0,-19.0,-5570.0,13.0,47164.0,37.0,101700.0,46.0,47895.0,,,,,,,,,,,,,,,,,,,,,,,,,,
135.4,23.0,16377.0,-31.0,74582.0,26.0,6067.0,-20.0,-5562.0,14.0,47100.0,37.0,101899.0,46.0,47863.0,,,,,,,,,,,,,,,,,,,,,,,,,,
135.43333333333334,23.0,16356.0,-31.0,74829.0,26.0,6058.0,-20.0,-5556.0,14.0,47035.0,37.0,102105.0,46.0,47830.0,,,,,,,,,,,,,,,,,,,,,,,,,,
135.46666666666667,23.0,16333.0,-32.0,75084.0,26.0,6049.0,-20.0,-5549.0,14.0,46964.0,37.0,102324.0,46.0,47796.0,,,,,,,,,,,,,,,,,,,,,,,,,,
135.5,22.0,16313.0,-32.0,75343.0,25.0,6041.0,-21.0,-5538.0,13.0,46884.0,37.0,102548.0,46.0,47764.0,,,,,,,,,,,,,,,,,,,,,,,,,,
135.53333333333333,22.0,16291.0,-32.0,75617.0,25.0,6035.0,-21.0,-5532.0,13.0,46807.0,37.0,102778.0,47.0,47734.0,,,,,,,,,,,,,,,,,,,,,,,,,,
135.56666666666666,22.0,16269.0,-32.0,75896.0,25.0,6030.0,-21.0,-5524.0,13.0,46734.0,38.0,103008.0,48.0,47704.0,,,,,,,,,,,,,,,,,,,,,,,,,,
135.6,22.0,16246.0,-32.0,76185.0,26.0,6026.0,-19.0,-5513.0,12.0,46659.0,38.0,103232.0,48.0,47667.0,,,,,,,,,,,,,,,,,,,,,,,,,,
135.63333333333333,22.0,16224.0,-32.0,76483.0,26.0,6019.0,-18.0,-5501.0,13.0,46580.0,37.0,103460.0,48.0,47633.0,,,,,,,,,,,,,,,,,,,,,,,,,,
135.66666666666666,22.0,16204.0,-32.0,76785.0,27.0,6013.0,-17.0,-5493.0,14.0,46495.0,36.0,103701.0,47.0,47599.0,,,,,,,,,,,,,,,,,,,,,,,,,,
135.7,21.0,16188.0,-32.0,77092.0,27.0,6007.0,-18.0,-5486.0,14.0,46408.0,36.0,103945.0,46.0,47568.0,,,,,,,,,,,,,,,,,,,,,,,,,,
135.73333333333332,21.0,16170.0,-32.0,77411.0,27.0,6002.0,-18.0,-5478.0,15.0,46328.0,35.0,104201.0,46.0,47540.0,,,,,,,,,,,,,,,,,,,,,,,,,,
135.76666666666668,21.0,16148.0,-31.0,77742.0,26.0,5998.0,-18.0,-5468.0,15.0,46247.0,35.0,104462.0,46.0,47514.0,,,,,,,,,,,,,,,,,,,,,,,,,,
135.8,20.0,16128.0,-31.0,78084.0,26.0,5993.0,-18.0,-5458.0,15.0,46157.0,36.0,104728.0,46.0,47489.0,,,,,,,,,,,,,,,,,,,,,,,,,,
135.83333333333334,20.0,16107.0,-31.0,78437.0,26.0,5990.0,-19.0,-5448.0,15.0,46070.0,37.0,105011.0,46.0,47462.0,,,,,,,,,,,,,,,,,,,,,,,,,,
135.86666666666667,20.0,16090.0,-31.0,78799.0,25.0,5986.0,-19.0,-5440.0,14.0,45979.0,37.0,105305.0,45.0,47438.0,,,,,,,,,,,,,,,,,,,,,,,,,,
135.9,20.0,16075.0,-32.0,79179.0,25.0,5984.0,-19.0,-5434.0,14.0,45879.0,37.0,105597.0,46.0,47420.0,,,,,,,,,,,,,,,,,,,,,,,,,,
135.93333333333334,20.0,16061.0,-31.0,79575.0,26.0,5980.0,-19.0,-5428.0,13.0,45772.0,38.0,105899.0,46.0,47398.0,,,,,,,,,,,,,,,,,,,,,,,,,,
135.96666666666667,21.0,16047.0,-31.0,79982.0,26.0,5974.0,-20.0,-5418.0,13.0,45670.0,38.0,106200.0,46.0,47377.0,,,,,,,,,,,,,,,,,,,,,,,,,,
136.0,22.0,16033.0,-31.0,80393.0,26.0,5965.0,-20.0,-5407.0,12.0,45572.0,38.0,106514.0,46.0,47360.0,,,,,,,,,,,,,,,,,,,,,,,,,,
136.03333333333333,22.0,16022.0,-32.0,80811.0,26.0,5955.0,-20.0,-5391.0,12.0,45478.0,38.0,106841.0,46.0,47347.0,,,,,,,,,,,,,,,,,,,,,,,,,,
136.06666666666666,22.0,16015.0,-32.0,81241.0,27.0,5951.0,-20.0,-5377.0,11.0,45383.0,38.0,107184.0,46.0,47335.0,,,,,,,,,,,,,,,,,,,,,,,,,,
136.1,22.0,16013.0,-33.0,81679.0,27.0,5949.0,-19.0,-5363.0,11.0,45282.0,38.0,107532.0,46.0,47321.0,,,,,,,,,,,,,,,,,,,,,,,,,,
136.13333333333333,22.0,16013.0,-33.0,82130.0,26.0,5943.0,-19.0,-5350.0,11.0,45172.0,39.0,107880.0,46.0,47315.0,,,,,,,,,,,,,,,,,,,,,,,,,,
136.16666666666666,22.0,16009.0,-33.0,82598.0,26.0,5934.0,-19.0,-5336.0,11.0,45056.0,39.0,108237.0,45.0,47307.0,,,,,,,,,,,,,,,,,,,,,,,,,,
136.2,22.0,16003.0,-32.0,83079.0,27.0,5930.0,-19.0,-5323.0,11.0,44941.0,40.0,108606.0,46.0,47304.0,,,,,,,,,,,,,,,,,,,,,,,,,,
136.23333333333332,23.0,15999.0,-32.0,83577.0,27.0,5929.0,-19.0,-5309.0,11.0,44833.0,40.0,108982.0,46.0,47304.0,,,,,,,,,,,,,,,,,,,,,,,,,,
136.26666666666668,23.0,15997.0,-32.0,84089.0,27.0,5933.0,-18.0,-5293.0,11.0,44728.0,39.0,109365.0,47.0,47305.0,,,,,,,,,,,,,,,,,,,,,,,,,,
136.3,22.0,15994.0,-32.0,84612.0,27.0,5942.0,-18.0,-5275.0,11.0,44624.0,39.0,109759.0,47.0,47305.0,,,,,,,,,,,,,,,,,,,,,,,,,,
136.33333333333334,23.0,15988.0,-32.0,85144.0,27.0,5947.0,-18.0,-5258.0,12.0,44519.0,38.0,110162.0,47.0,47307.0,,,,,,,,,,,,,,,,,,,,,,,,,,
136.36666666666667,23.0,15986.0,-32.0,85684.0,27.0,5949.0,-18.0,-5242.0,12.0,44411.0,38.0,110577.0,47.0,47310.0,,,,,,,,,,,,,,,,,,,,,,,,,,
136.4,24.0,15985.0,-32.0,86242.0,27.0,5951.0,-18.0,-5226.0,12.0,44302.0,38.0,110995.0,46.0,47315.0,,,,,,,,,,,,,,,,,,,,,,,,,,
136.43333333333334,24.0,15990.0,-32.0,86817.0,26.0,5956.0,-18.0,-5209.0,12.0,44192.0,38.0,111421.0,46.0,47326.0,,,,,,,,,,,,,,,,,,,,,,,,,,
136.46666666666667,23.0,16001.0,-32.0,87403.0,26.0,5964.0,-18.0,-5197.0,12.0,44078.0,38.0,111858.0,45.0,47342.0,,,,,,,,,,,,,,,,,,,,,,,,,,
136.5,23.0,16011.0,-32.0,88001.0,26.0,5970.0,-18.0,-5184.0,12.0,43965.0,38.0,112314.0,45.0,47355.0,,,,,,,,,,,,,,,,,,,,,,,,,,
136.53333333333333,22.0,16020.0,-32.0,88613.0,26.0,5978.0,-18.0,-5169.0,12.0,43851.0,39.0,112786.0,45.0,47371.0,,,,,,,,,,,,,,,,,,,,,,,,,,
136.56666666666666,22.0,16025.0,-31.0,89238.0,26.0,5985.0,-18.0,-5154.0,12.0,43738.0,39.0,113267.0,45.0,47392.0,,,,,,,,,,,,,,,,,,,,,,,,,,
136.6,21.0,16029.0,-31.0,89877.0,25.0,5994.0,-18.0,-5138.0,12.0,43631.0,39.0,113756.0,45.0,47417.0,,,,,,,,,,,,,,,,,,,,,,,,,,
136.63333333333333,21.0,16036.0,-31.0,90531.0,25.0,6002.0,-19.0,-5118.0,12.0,43528.0,39.0,114262.0,45.0,47444.0,,,,,,,,,,,,,,,,,,,,,,,,,,
136.66666666666666,21.0,16049.0,-31.0,91199.0,25.0,6006.0,-19.0,-5100.0,12.0,43419.0,39.0,114779.0,45.0,47475.0,,,,,,,,,,,,,,,,,,,,,,,,,,
136.7,21.0,16065.0,-30.0,91878.0,26.0,6011.0,-19.0,-5078.0,12.0,43311.0,39.0,115309.0,45.0,47511.0,,,,,,,,,,,,,,,,,,,,,,,,,,
136.73333333333332,21.0,16084.0,-30.0,92567.0,26.0,6016.0,-19.0,-5054.0,11.0,43206.0,39.0,115856.0,45.0,47556.0,,,,,,,,,,,,,,,,,,,,,,,,,,
136.76666666666668,21.0,16101.0,-30.0,93275.0,26.0,6025.0,-19.0,-5032.0,11.0,43098.0,39.0,116415.0,44.0,47601.0,,,,,,,,,,,,,,,,,,,,,,,,,,
136.8,20.0,16123.0,-30.0,94006.0,26.0,6034.0,-19.0,-5014.0,11.0,42989.0,39.0,116985.0,44.0,47650.0,,,,,,,,,,,,,,,,,,,,,,,,,,
136.83333333333334,20.0,16148.0,-31.0,94757.0,26.0,6043.0,-19.0,-4997.0,11.0,42881.0,39.0,117566.0,44.0,47708.0,,,,,,,,,,,,,,,,,,,,,,,,,,
136.86666666666667,20.0,16170.0,-31.0,95527.0,26.0,6052.0,-19.0,-4980.0,11.0,42775.0,40.0,118161.0,44.0,47771.0,,,,,,,,,,,,,,,,,,,,,,,,,,
136.9,21.0,16191.0,-30.0,96316.0,26.0,6059.0,-19.0,-4959.0,10.0,42673.0,40.0,118766.0,44.0,47842.0,,,,,,,,,,,,,,,,,,,,,,,,,,
136.93333333333334,21.0,16215.0,-30.0,97124.0,26.0,6069.0,-19.0,-4938.0,10.0,42572.0,40.0,119391.0,43.0,47919.0,,,,,,,,,,,,,,,,,,,,,,,,,,
136.96666666666667,22.0,16244.0,-29.0,97949.0,26.0,6079.0,-19.0,-4923.0,11.0,42469.0,41.0,120038.0,43.0,47995.0,,,,,,,,,,,,,,,,,,,,,,,,,,
137.0,22.0,16273.0,-30.0,98787.0,26.0,6092.0,-19.0,-4905.0,11.0,42370.0,41.0,120703.0,43.0,48076.0,,,,,,,,,,,,,,,,,,,,,,,,,,
137.03333333333333,22.0,16300.0,-30.0,99634.0,26.0,6109.0,-19.0,-4882.0,12.0,42271.0,41.0,121384.0,44.0,48159.0,,,,,,,,,,,,,,,,,,,,,,,,,,
137.06666666666666,22.0,16325.0,-31.0,100496.0,26.0,6129.0,-19.0,-4860.0,11.0,42177.0,41.0,122078.0,44.0,48251.0,,,,,,,,,,,,,,,,,,,,,,,,,,
137.1,22.0,16355.0,-31.0,101374.0,26.0,6146.0,-19.0,-4841.0,11.0,42079.0,42.0,122785.0,44.0,48349.0,,,,,,,,,,,,,,,,,,,,,,,,,,
137.13333333333333,22.0,16392.0,-31.0,102271.0,26.0,6161.0,-19.0,-4823.0,10.0,41981.0,42.0,123507.0,44.0,48452.0,,,,,,,,,,,,,,,,,,,,,,,,,,
137.16666666666666,22.0,16427.0,-31.0,103195.0,26.0,6175.0,-19.0,-4806.0,10.0,41887.0,41.0,124241.0,44.0,48557.0,,,,,,,,,,,,,,,,,,,,,,,,,,
137.2,22.0,16462.0,-31.0,104151.0,26.0,6190.0,-20.0,-4785.0,10.0,41797.0,41.0,124985.0,44.0,48661.0,,,,,,,,,,,,,,,,,,,,,,,,,,
137.23333333333332,22.0,16503.0,-31.0,105121.0,26.0,6206.0,-19.0,-4760.0,9.0,41706.0,41.0,125746.0,44.0,48773.0,,,,,,,,,,,,,,,,,,,,,,,,,,
137.26666666666668,23.0,16545.0,-31.0,106108.0,26.0,6223.0,-18.0,-4734.0,9.0,41614.0,41.0,126530.0,44.0,48894.0,,,,,,,,,,,,,,,,,,,,,,,,,,
137.3,23.0,16586.0,-30.0,107113.0,26.0,6239.0,-18.0,-4707.0,9.0,41529.0,41.0,127336.0,44.0,49019.0,,,,,,,,,,,,,,,,,,,,,,,,,,
137.33333333333334,23.0,16626.0,-30.0,108125.0,25.0,6255.0,-18.0,-4682.0,10.0,41449.0,41.0,128167.0,44.0,49149.0,,,,,,,,,,,,,,,,,,,,,,,,,,
137.36666666666667,23.0,16665.0,-29.0,109156.0,25.0,6275.0,-18.0,-4661.0,9.0,41375.0,41.0,129019.0,44.0,49293.0,,,,,,,,,,,,,,,,,,,,,,,,,,
137.4,22.0,16706.0,-29.0,110208.0,26.0,6297.0,-17.0,-4641.0,9.0,41301.0,41.0,129888.0,43.0,49447.0,,,,,,,,,,,,,,,,,,,,,,,,,,
137.43333333333334,21.0,16759.0,-30.0,111283.0,26.0,6320.0,-17.0,-4620.0,8.0,41226.0,41.0,130773.0,43.0,49610.0,,,,,,,,,,,,,,,,,,,,,,,,,,
137.46666666666667,21.0,16816.0,-30.0,112376.0,26.0,6348.0,-18.0,-4597.0,7.0,41151.0,41.0,131672.0,43.0,49776.0,,,,,,,,,,,,,,,,,,,,,,,,,,
137.5,21.0,16872.0,-29.0,113493.0,26.0,6374.0,-18.0,-4574.0,7.0,41075.0,41.0,132588.0,44.0,49944.0,,,,,,,,,,,,,,,,,,,,,,,,,,
137.53333333333333,21.0,16926.0,-30.0,114634.0,26.0,6399.0,-19.0,-4550.0,7.0,41006.0,42.0,133523.0,44.0,50118.0,,,,,,,,,,,,,,,,,,,,,,,,,,
137.56666666666666,21.0,16985.0,-30.0,115790.0,27.0,6425.0,-19.0,-4522.0,7.0,40944.0,43.0,134485.0,44.0,50305.0,,,,,,,,,,,,,,,,,,,,,,,,,,
137.6,20.0,17039.0,-30.0,116968.0,26.0,6456.0,-18.0,-4491.0,6.0,40885.0,43.0,135474.0,44.0,50497.0,,,,,,,,,,,,,,,,,,,,,,,,,,
137.63333333333333,20.0,17095.0,-29.0,118173.0,26.0,6487.0,-18.0,-4458.0,7.0,40834.0,43.0,136485.0,44.0,50697.0,,,,,,,,,,,,,,,,,,,,,,,,,,
137.66666666666666,20.0,17157.0,-29.0,119391.0,26.0,6517.0,-17.0,-4425.0,7.0,40788.0,43.0,137513.0,43.0,50903.0,,,,,,,,,,,,,,,,,,,,,,,,,,
137.7,20.0,17223.0,-28.0,120619.0,25.0,6550.0,-17.0,-4395.0,7.0,40737.0,43.0,138562.0,43.0,51111.0,,,,,,,,,,,,,,,,,,,,,,,,,,
137.73333333333332,20.0,17293.0,-28.0,121869.0,26.0,6580.0,-17.0,-4371.0,7.0,40684.0,43.0,139620.0,44.0,51326.0,,,,,,,,,,,,,,,,,,,,,,,,,,
137.76666666666668,20.0,17363.0,-28.0,123145.0,26.0,6609.0,-17.0,-4345.0,8.0,40636.0,43.0,140704.0,44.0,51554.0,,,,,,,,,,,,,,,,,,,,,,,,,,
137.8,20.0,17433.0,-29.0,124434.0,26.0,6641.0,-17.0,-4319.0,8.0,40593.0,43.0,141816.0,45.0,51800.0,,,,,,,,,,,,,,,,,,,,,,,,,,
137.83333333333334,20.0,17508.0,-29.0,125743.0,26.0,6678.0,-17.0,-4294.0,8.0,40556.0,42.0,142952.0,45.0,52052.0,,,,,,,,,,,,,,,,,,,,,,,,,,
137.86666666666667,20.0,17582.0,-28.0,127075.0,26.0,6714.0,-18.0,-4269.0,7.0,40525.0,43.0,144097.0,45.0,52313.0,,,,,,,,,,,,,,,,,,,,,,,,,,
137.9,20.0,17655.0,-28.0,128430.0,26.0,6749.0,-18.0,-4241.0,6.0,40495.0,43.0,145267.0,45.0,52588.0,,,,,,,,,,,,,,,,,,,,,,,,,,
137.93333333333334,20.0,17734.0,-28.0,129804.0,26.0,6786.0,-19.0,-4211.0,6.0,40467.0,43.0,146472.0,45.0,52870.0,,,,,,,,,,,,,,,,,,,,,,,,,,
137.96666666666667,20.0,17818.0,-28.0,131208.0,26.0,6823.0,-18.0,-4183.0,7.0,40442.0,44.0,147700.0,46.0,53164.0,,,,,,,,,,,,,,,,,,,,,,,,,,
138.0,20.0,17902.0,-29.0,132632.0,26.0,6862.0,-18.0,-4153.0,7.0,40422.0,44.0,148954.0,46.0,53470.0,,,,,,,,,,,,,,,,,,,,,,,,,,
138.03333333333333,21.0,17988.0,-29.0,134078.0,26.0,6902.0,-18.0,-4125.0,6.0,40406.0,45.0,150236.0,46.0,53787.0,,,,,,,,,,,,,,,,,,,,,,,,,,
138.06666666666666,21.0,18076.0,-29.0,135532.0,25.0,6941.0,-18.0,-4097.0,6.0,40390.0,45.0,151538.0,46.0,54112.0,,,,,,,,,,,,,,,,,,,,,,,,,,
138.1,21.0,18166.0,-29.0,137008.0,25.0,6982.0,-19.0,-4070.0,6.0,40379.0,45.0,152853.0,46.0,54445.0,,,,,,,,,,,,,,,,,,,,,,,,,,
138.13333333333333,21.0,18254.0,-29.0,138505.0,25.0,7027.0,-19.0,-4043.0,6.0,40371.0,44.0,154192.0,46.0,54794.0,,,,,,,,,,,,,,,,,,,,,,,,,,
138.16666666666666,21.0,18348.0,-28.0,140018.0,25.0,7073.0,-19.0,-4010.0,6.0,40368.0,44.0,155561.0,46.0,55158.0,,,,,,,,,,,,,,,,,,,,,,,,,,
138.2,21.0,18443.0,-28.0,141552.0,25.0,7119.0,-19.0,-3976.0,7.0,40372.0,44.0,156956.0,46.0,55537.0,,,,,,,,,,,,,,,,,,,,,,,,,,
138.23333333333332,21.0,18537.0,-27.0,143104.0,25.0,7165.0,-20.0,-3944.0,8.0,40381.0,44.0,158374.0,45.0,55923.0,,,,,,,,,,,,,,,,,,,,,,,,,,
138.26666666666668,21.0,18638.0,-27.0,144675.0,25.0,7211.0,-19.0,-3915.0,8.0,40396.0,45.0,159818.0,45.0,56318.0,,,,,,,,,,,,,,,,,,,,,,,,,,
138.3,20.0,18743.0,-27.0,146271.0,25.0,7260.0,-19.0,-3886.0,8.0,40418.0,45.0,161291.0,46.0,56712.0,,,,,,,,,,,,,,,,,,,,,,,,,,
138.33333333333334,20.0,18852.0,-26.0,147894.0,24.0,7308.0,-19.0,-3854.0,8.0,40441.0,46.0,162795.0,46.0,57114.0,,,,,,,,,,,,,,,,,,,,,,,,,,
138.36666666666667,20.0,18961.0,-26.0,149542.0,23.0,7356.0,-20.0,-3822.0,8.0,40467.0,46.0,164314.0,46.0,57531.0,,,,,,,,,,,,,,,,,,,,,,,,,,
138.4,21.0,19069.0,-25.0,151215.0,23.0,7403.0,-20.0,-3796.0,8.0,40500.0,46.0,165857.0,46.0,57971.0,,,,,,,,,,,,,,,,,,,,,,,,,,
138.43333333333334,20.0,19178.0,-25.0,152904.0,23.0,7453.0,-20.0,-3771.0,8.0,40537.0,47.0,167428.0,46.0,58425.0,,,,,,,,,,,,,,,,,,,,,,,,,,
138.46666666666667,21.0,19291.0,-25.0,154605.0,23.0,7504.0,-20.0,-3743.0,8.0,40576.0,47.0,169022.0,46.0,58882.0,,,,,,,,,,,,,,,,,,,,,,,,,,
138.5,21.0,19402.0,-24.0,156321.0,23.0,7555.0,-20.0,-3714.0,8.0,40617.0,47.0,170640.0,46.0,59352.0,,,,,,,,,,,,,,,,,,,,,,,,,,
138.53333333333333,21.0,19513.0,-25.0,158045.0,23.0,7610.0,-19.0,-3685.0,8.0,40663.0,47.0,172282.0,46.0,59831.0,,,,,,,,,,,,,,,,,,,,,,,,,,
138.56666666666666,20.0,19624.0,-25.0,159788.0,23.0,7667.0,-18.0,-3658.0,7.0,40711.0,47.0,173947.0,46.0,60329.0,,,,,,,,,,,,,,,,,,,,,,,,,,
138.6,21.0,19738.0,-25.0,161549.0,23.0,7726.0,-18.0,-3630.0,7.0,40762.0,47.0,175636.0,45.0,60838.0,,,,,,,,,,,,,,,,,,,,,,,,,,
138.63333333333333,21.0,19858.0,-26.0,163329.0,24.0,7783.0,-18.0,-3601.0,7.0,40825.0,48.0,177358.0,45.0,61357.0,,,,,,,,,,,,,,,,,,,,,,,,,,
138.66666666666666,21.0,19981.0,-26.0,165133.0,24.0,7843.0,-18.0,-3569.0,7.0,40895.0,48.0,179107.0,45.0,61889.0,,,,,,,,,,,,,,,,,,,,,,,,,,
138.7,21.0,20104.0,-26.0,166953.0,24.0,7906.0,-18.0,-3536.0,7.0,40971.0,49.0,180884.0,44.0,62436.0,,,,,,,,,,,,,,,,,,,,,,,,,,
138.73333333333332,20.0,20225.0,-26.0,168790.0,24.0,7969.0,-18.0,-3503.0,6.0,41049.0,49.0,182682.0,44.0,62999.0,,,,,,,,,,,,,,,,,,,,,,,,,,
138.76666666666668,20.0,20344.0,-25.0,170641.0,24.0,8034.0,-18.0,-3470.0,7.0,41137.0,50.0,184505.0,45.0,63576.0,,,,,,,,,,,,,,,,,,,,,,,,,,
138.8,20.0,20464.0,-25.0,172504.0,24.0,8100.0,-18.0,-3436.0,7.0,41227.0,51.0,186351.0,45.0,64166.0,,,,,,,,,,,,,,,,,,,,,,,,,,
138.83333333333334,20.0,20592.0,-24.0,174374.0,24.0,8168.0,-19.0,-3400.0,7.0,41317.0,52.0,188217.0,45.0,64769.0,,,,,,,,,,,,,,,,,,,,,,,,,,
138.86666666666667,20.0,20726.0,-24.0,176259.0,24.0,8234.0,-20.0,-3368.0,7.0,41421.0,52.0,190107.0,45.0,65383.0,,,,,,,,,,,,,,,,,,,,,,,,,,
138.9,20.0,20861.0,-24.0,178158.0,25.0,8301.0,-20.0,-3339.0,7.0,41533.0,52.0,192028.0,46.0,66014.0,,,,,,,,,,,,,,,,,,,,,,,,,,
138.93333333333334,20.0,20996.0,-24.0,180063.0,25.0,8367.0,-20.0,-3306.0,7.0,41650.0,52.0,193983.0,46.0,66653.0,,,,,,,,,,,,,,,,,,,,,,,,,,
138.96666666666667,20.0,21131.0,-23.0,181993.0,25.0,8438.0,-19.0,-3267.0,7.0,41772.0,52.0,195955.0,47.0,67299.0,,,,,,,,,,,,,,,,,,,,,,,,,,
139.0,20.0,21266.0,-24.0,183943.0,25.0,8509.0,-19.0,-3231.0,8.0,41897.0,53.0,197938.0,47.0,67951.0,,,,,,,,,,,,,,,,,,,,,,,,,,
139.03333333333333,20.0,21402.0,-24.0,185910.0,25.0,8581.0,-19.0,-3199.0,8.0,42022.0,52.0,199947.0,47.0,68622.0,,,,,,,,,,,,,,,,,,,,,,,,,,
139.06666666666666,20.0,21545.0,-23.0,187895.0,24.0,8653.0,-19.0,-3170.0,8.0,42148.0,52.0,201987.0,46.0,69304.0,,,,,,,,,,,,,,,,,,,,,,,,,,
139.1,20.0,21694.0,-23.0,189887.0,24.0,8720.0,-19.0,-3145.0,8.0,42272.0,52.0,204046.0,46.0,69997.0,,,,,,,,,,,,,,,,,,,,,,,,,,
139.13333333333333,20.0,21845.0,-23.0,191885.0,24.0,8784.0,-19.0,-3117.0,7.0,42405.0,51.0,206134.0,46.0,70708.0,,,,,,,,,,,,,,,,,,,,,,,,,,
139.16666666666666,20.0,21993.0,-23.0,193889.0,24.0,8846.0,-19.0,-3090.0,7.0,42547.0,51.0,208242.0,47.0,71432.0,,,,,,,,,,,,,,,,,,,,,,,,,,
139.2,20.0,22145.0,-23.0,195903.0,24.0,8911.0,-19.0,-3060.0,7.0,42697.0,52.0,210368.0,46.0,72172.0,,,,,,,,,,,,,,,,,,,,,,,,,,
139.23333333333332,20.0,22304.0,-23.0,197935.0,24.0,8980.0,-19.0,-3025.0,7.0,42843.0,52.0,212508.0,46.0,72922.0,,,,,,,,,,,,,,,,,,,,,,,,,,
139.26666666666668,20.0,22458.0,-23.0,199974.0,24.0,9051.0,-19.0,-2989.0,7.0,42994.0,52.0,214675.0,45.0,73673.0,,,,,,,,,,,,,,,,,,,,,,,,,,
139.3,20.0,22607.0,-24.0,202004.0,23.0,9122.0,-19.0,-2956.0,8.0,43153.0,53.0,216863.0,45.0,74436.0,,,,,,,,,,,,,,,,,,,,,,,,,,
139.33333333333334,20.0,22752.0,-24.0,204034.0,23.0,9191.0,-18.0,-2929.0,7.0,43319.0,53.0,219065.0,45.0,75211.0,,,,,,,,,,,,,,,,,,,,,,,,,,
139.36666666666667,20.0,22896.0,-24.0,206074.0,23.0,9261.0,-18.0,-2902.0,7.0,43489.0,54.0,221292.0,44.0,75998.0,,,,,,,,,,,,,,,,,,,,,,,,,,
139.4,20.0,23044.0,-24.0,208120.0,23.0,9331.0,-19.0,-2877.0,8.0,43666.0,54.0,223539.0,44.0,76803.0,,,,,,,,,,,,,,,,,,,,,,,,,,
139.43333333333334,20.0,23193.0,-24.0,210170.0,23.0,9404.0,-18.0,-2854.0,7.0,43848.0,54.0,225806.0,44.0,77619.0,,,,,,,,,,,,,,,,,,,,,,,,,,
139.46666666666667,20.0,23343.0,-24.0,212228.0,23.0,9483.0,-18.0,-2829.0,7.0,44032.0,54.0,228090.0,44.0,78445.0,,,,,,,,,,,,,,,,,,,,,,,,,,
139.5,20.0,23493.0,-24.0,214276.0,23.0,9564.0,-18.0,-2801.0,7.0,44223.0,54.0,230381.0,45.0,79286.0,,,,,,,,,,,,,,,,,,,,,,,,,,
139.53333333333333,21.0,23641.0,-23.0,216321.0,23.0,9643.0,-18.0,-2777.0,7.0,44422.0,55.0,232688.0,45.0,80140.0,,,,,,,,,,,,,,,,,,,,,,,,,,
139.56666666666666,22.0,23792.0,-22.0,218365.0,23.0,9724.0,-18.0,-2751.0,6.0,44624.0,55.0,235012.0,46.0,80998.0,,,,,,,,,,,,,,,,,,,,,,,,,,
139.6,22.0,23940.0,-22.0,220418.0,24.0,9802.0,-19.0,-2724.0,6.0,44827.0,55.0,237344.0,46.0,81863.0,,,,,,,,,,,,,,,,,,,,,,,,,,
139.63333333333333,22.0,24092.0,-22.0,222467.0,24.0,9880.0,-20.0,-2697.0,6.0,45029.0,55.0,239684.0,46.0,82742.0,,,,,,,,,,,,,,,,,,,,,,,,,,
139.66666666666666,21.0,24247.0,-22.0,224520.0,24.0,9956.0,-20.0,-2669.0,6.0,45236.0,55.0,242026.0,46.0,83630.0,,,,,,,,,,,,,,,,,,,,,,,,,,
139.7,21.0,24403.0,-23.0,226581.0,23.0,10034.0,-20.0,-2635.0,6.0,45442.0,55.0,244390.0,45.0,84528.0,,,,,,,,,,,,,,,,,,,,,,,,,,
139.73333333333332,21.0,24557.0,-23.0,228640.0,23.0,10108.0,-20.0,-2604.0,5.0,45651.0,55.0,246770.0,46.0,85440.0,,,,,,,,,,,,,,,,,,,,,,,,,,
139.76666666666668,21.0,24713.0,-23.0,230693.0,22.0,10180.0,-19.0,-2579.0,5.0,45863.0,55.0,249158.0,47.0,86365.0,,,,,,,,,,,,,,,,,,,,,,,,,,
139.8,20.0,24867.0,-22.0,232733.0,23.0,10252.0,-19.0,-2558.0,5.0,46082.0,55.0,251552.0,47.0,87295.0,,,,,,,,,,,,,,,,,,,,,,,,,,
139.83333333333334,20.0,25015.0,-22.0,234766.0,23.0,10324.0,-19.0,-2537.0,5.0,46302.0,56.0,253952.0,47.0,88228.0,,,,,,,,,,,,,,,,,,,,,,,,,,
139.86666666666667,20.0,25167.0,-21.0,236796.0,23.0,10396.0,-19.0,-2517.0,6.0,46522.0,57.0,256371.0,46.0,89173.0,,,,,,,,,,,,,,,,,,,,,,,,,,
139.9,20.0,25317.0,-20.0,238823.0,23.0,10468.0,-19.0,-2490.0,6.0,46747.0,57.0,258795.0,46.0,90128.0,,,,,,,,,,,,,,,,,,,,,,,,,,
139.93333333333334,20.0,25467.0,-20.0,240840.0,24.0,10542.0,-19.0,-2461.0,6.0,46975.0,57.0,261215.0,45.0,91088.0,,,,,,,,,,,,,,,,,,,,,,,,,,
139.96666666666667,20.0,25617.0,-20.0,242833.0,24.0,10616.0,-20.0,-2434.0,6.0,47206.0,57.0,263639.0,45.0,92046.0,,,,,,,,,,,,,,,,,,,,,,,,,,
140.0,20.0,25766.0,-20.0,244809.0,24.0,10686.0,-20.0,-2413.0,6.0,47437.0,56.0,266071.0,45.0,93003.0,,,,,,,,,,,,,,,,,,,,,,,,,,
140.03333333333333,20.0,25915.0,-20.0,246771.0,24.0,10759.0,-19.0,-2389.0,6.0,47666.0,57.0,268515.0,44.0,93969.0,,,,,,,,,,,,,,,,,,,,,,,,,,
140.06666666666666,20.0,26068.0,-20.0,248727.0,24.0,10836.0,-19.0,-2365.0,6.0,47899.0,57.0,270962.0,44.0,94948.0,,,,,,,,,,,,,,,,,,,,,,,,,,
140.1,20.0,26224.0,-21.0,250671.0,24.0,10913.0,-19.0,-2342.0,6.0,48141.0,58.0,273399.0,44.0,95926.0,,,,,,,,,,,,,,,,,,,,,,,,,,
140.13333333333333,20.0,26375.0,-21.0,252603.0,24.0,10988.0,-19.0,-2321.0,5.0,48387.0,58.0,275837.0,44.0,96906.0,,,,,,,,,,,,,,,,,,,,,,,,,,
140.16666666666666,20.0,26520.0,-21.0,254516.0,24.0,11059.0,-19.0,-2300.0,5.0,48639.0,58.0,278277.0,44.0,97890.0,,,,,,,,,,,,,,,,,,,,,,,,,,
140.2,20.0,26656.0,-21.0,256403.0,24.0,11129.0,-18.0,-2275.0,5.0,48883.0,58.0,280706.0,45.0,98875.0,,,,,,,,,,,,,,,,,,,,,,,,,,
140.23333333333332,20.0,26790.0,-21.0,258270.0,24.0,11199.0,-18.0,-2253.0,4.0,49128.0,58.0,283142.0,45.0,99860.0,,,,,,,,,,,,,,,,,,,,,,,,,,
140.26666666666668,20.0,26925.0,-21.0,260125.0,24.0,11267.0,-17.0,-2236.0,4.0,49377.0,58.0,285571.0,45.0,100849.0,,,,,,,,,,,,,,,,,,,,,,,,,,
140.3,21.0,27059.0,-20.0,261956.0,23.0,11333.0,-17.0,-2224.0,5.0,49628.0,58.0,287991.0,46.0,101848.0,,,,,,,,,,,,,,,,,,,,,,,,,,
140.33333333333334,21.0,27201.0,-20.0,263764.0,23.0,11395.0,-17.0,-2209.0,5.0,49882.0,59.0,290403.0,46.0,102853.0,,,,,,,,,,,,,,,,,,,,,,,,,,
140.36666666666667,21.0,27339.0,-20.0,265550.0,22.0,11453.0,-17.0,-2194.0,5.0,50136.0,59.0,292797.0,46.0,103865.0,,,,,,,,,,,,,,,,,,,,,,,,,,
140.4,21.0,27472.0,-20.0,267324.0,22.0,11511.0,-18.0,-2179.0,5.0,50382.0,59.0,295196.0,46.0,104868.0,,,,,,,,,,,,,,,,,,,,,,,,,,
140.43333333333334,20.0,27604.0,-20.0,269074.0,22.0,11573.0,-18.0,-2166.0,5.0,50623.0,59.0,297582.0,46.0,105866.0,,,,,,,,,,,,,,,,,,,,,,,,,,
140.46666666666667,20.0,27734.0,-20.0,270794.0,22.0,11640.0,-18.0,-2154.0,5.0,50859.0,59.0,299948.0,46.0,106866.0,,,,,,,,,,,,,,,,,,,,,,,,,,
140.5,20.0,27862.0,-20.0,272492.0,22.0,11705.0,-19.0,-2135.0,5.0,51100.0,59.0,302300.0,46.0,107860.0,,,,,,,,,,,,,,,,,,,,,,,,,,
140.53333333333333,19.0,27987.0,-20.0,274164.0,23.0,11768.0,-19.0,-2113.0,5.0,51351.0,59.0,304645.0,46.0,108858.0,,,,,,,,,,,,,,,,,,,,,,,,,,
140.56666666666666,19.0,28109.0,-20.0,275805.0,23.0,11832.0,-19.0,-2091.0,5.0,51597.0,60.0,306970.0,46.0,109847.0,,,,,,,,,,,,,,,,,,,,,,,,,,
140.6,18.0,28230.0,-20.0,277408.0,22.0,11896.0,-20.0,-2071.0,5.0,51839.0,60.0,309272.0,46.0,110829.0,,,,,,,,,,,,,,,,,,,,,,,,,,
140.63333333333333,18.0,28350.0,-21.0,278979.0,22.0,11956.0,-20.0,-2056.0,5.0,52084.0,61.0,311554.0,46.0,111816.0,,,,,,,,,,,,,,,,,,,,,,,,,,
140.66666666666666,18.0,28470.0,-21.0,280517.0,22.0,12015.0,-20.0,-2044.0,5.0,52322.0,61.0,313815.0,46.0,112806.0,,,,,,,,,,,,,,,,,,,,,,,,,,
140.7,19.0,28591.0,-21.0,282026.0,22.0,12069.0,-20.0,-2034.0,5.0,52561.0,60.0,316074.0,46.0,113782.0,,,,,,,,,,,,,,,,,,,,,,,,,,
140.73333333333332,20.0,28706.0,-21.0,283498.0,22.0,12122.0,-20.0,-2021.0,6.0,52812.0,60.0,318320.0,46.0,114738.0,,,,,,,,,,,,,,,,,,,,,,,,,,
140.76666666666668,20.0,28812.0,-21.0,284932.0,22.0,12173.0,-20.0,-2012.0,6.0,53063.0,60.0,320536.0,46.0,115695.0,,,,,,,,,,,,,,,,,,,,,,,,,,
140.8,20.0,28916.0,-22.0,286339.0,23.0,12227.0,-19.0,-2008.0,6.0,53306.0,60.0,322721.0,45.0,116648.0,,,,,,,,,,,,,,,,,,,,,,,,,,
140.83333333333334,20.0,29016.0,-22.0,287724.0,23.0,12280.0,-18.0,-2003.0,6.0,53543.0,60.0,324885.0,45.0,117598.0,,,,,,,,,,,,,,,,,,,,,,,,,,
140.86666666666667,20.0,29111.0,-22.0,289068.0,23.0,12334.0,-18.0,-1995.0,6.0,53778.0,60.0,327045.0,45.0,118542.0,,,,,,,,,,,,,,,,,,,,,,,,,,
140.9,20.0,29208.0,-22.0,290374.0,24.0,12385.0,-17.0,-1985.0,6.0,54002.0,60.0,329167.0,45.0,119474.0,,,,,,,,,,,,,,,,,,,,,,,,,,
140.93333333333334,20.0,29307.0,-21.0,291633.0,24.0,12434.0,-18.0,-1976.0,5.0,54224.0,60.0,331254.0,45.0,120407.0,,,,,,,,,,,,,,,,,,,,,,,,,,
140.96666666666667,20.0,29406.0,-21.0,292852.0,24.0,12478.0,-18.0,-1967.0,5.0,54438.0,60.0,333316.0,45.0,121334.0,,,,,,,,,,,,,,,,,,,,,,,,,,
141.0,20.0,29497.0,-21.0,294038.0,24.0,12518.0,-18.0,-1956.0,5.0,54651.0,61.0,335356.0,45.0,122246.0,,,,,,,,,,,,,,,,,,,,,,,,,,
141.03333333333333,20.0,29585.0,-22.0,295180.0,24.0,12556.0,-17.0,-1946.0,5.0,54865.0,61.0,337364.0,45.0,123143.0,,,,,,,,,,,,,,,,,,,,,,,,,,
141.06666666666666,20.0,29668.0,-22.0,296279.0,25.0,12592.0,-18.0,-1941.0,5.0,55078.0,61.0,339322.0,46.0,124032.0,,,,,,,,,,,,,,,,,,,,,,,,,,
141.1,20.0,29746.0,-23.0,297348.0,25.0,12626.0,-17.0,-1939.0,4.0,55292.0,61.0,341244.0,46.0,124910.0,,,,,,,,,,,,,,,,,,,,,,,,,,
141.13333333333333,20.0,29824.0,-23.0,298392.0,25.0,12663.0,-17.0,-1936.0,4.0,55501.0,61.0,343135.0,46.0,125772.0,,,,,,,,,,,,,,,,,,,,,,,,,,
141.16666666666666,20.0,29900.0,-23.0,299395.0,25.0,12697.0,-17.0,-1932.0,5.0,55702.0,61.0,344995.0,46.0,126621.0,,,,,,,,,,,,,,,,,,,,,,,,,,
141.2,20.0,29972.0,-23.0,300350.0,25.0,12729.0,-18.0,-1927.0,5.0,55893.0,61.0,346834.0,46.0,127453.0,,,,,,,,,,,,,,,,,,,,,,,,,,
141.23333333333332,20.0,30039.0,-22.0,301270.0,25.0,12765.0,-18.0,-1920.0,5.0,56076.0,61.0,348646.0,45.0,128275.0,,,,,,,,,,,,,,,,,,,,,,,,,,
141.26666666666668,20.0,30105.0,-22.0,302153.0,25.0,12800.0,-18.0,-1917.0,5.0,56254.0,61.0,350409.0,45.0,129092.0,,,,,,,,,,,,,,,,,,,,,,,,,,
141.3,19.0,30164.0,-21.0,302989.0,24.0,12832.0,-18.0,-1917.0,5.0,56433.0,61.0,352114.0,45.0,129902.0,,,,,,,,,,,,,,,,,,,,,,,,,,
141.33333333333334,19.0,30215.0,-21.0,303772.0,24.0,12861.0,-18.0,-1919.0,4.0,56614.0,61.0,353788.0,46.0,130703.0,,,,,,,,,,,,,,,,,,,,,,,,,,
141.36666666666667,19.0,30267.0,-21.0,304509.0,24.0,12890.0,-17.0,-1919.0,4.0,56793.0,60.0,355439.0,46.0,131485.0,,,,,,,,,,,,,,,,,,,,,,,,,,
141.4,19.0,30320.0,-21.0,305182.0,24.0,12917.0,-17.0,-1915.0,4.0,56963.0,60.0,357045.0,46.0,132255.0,,,,,,,,,,,,,,,,,,,,,,,,,,
141.43333333333334,19.0,30370.0,-21.0,305819.0,24.0,12944.0,-18.0,-1915.0,4.0,57130.0,60.0,358602.0,47.0,133009.0,,,,,,,,,,,,,,,,,,,,,,,,,,
141.46666666666667,19.0,30416.0,-21.0,306414.0,25.0,12973.0,-19.0,-1917.0,3.0,57293.0,60.0,360120.0,46.0,133740.0,,,,,,,,,,,,,,,,,,,,,,,,,,
141.5,19.0,30456.0,-21.0,306967.0,25.0,12997.0,-19.0,-1919.0,3.0,57451.0,60.0,361599.0,46.0,134449.0,,,,,,,,,,,,,,,,,,,,,,,,,,
141.53333333333333,21.0,30485.0,-21.0,307484.0,25.0,13013.0,-19.0,-1923.0,3.0,57607.0,60.0,363044.0,46.0,135141.0,,,,,,,,,,,,,,,,,,,,,,,,,,
141.56666666666666,21.0,30509.0,-21.0,307946.0,25.0,13029.0,-18.0,-1926.0,2.0,57755.0,60.0,364438.0,46.0,135814.0,,,,,,,,,,,,,,,,,,,,,,,,,,
141.6,22.0,30532.0,-21.0,308365.0,24.0,13043.0,-17.0,-1928.0,3.0,57898.0,61.0,365786.0,46.0,136477.0,,,,,,,,,,,,,,,,,,,,,,,,,,
141.63333333333333,22.0,30551.0,-21.0,308749.0,23.0,13054.0,-17.0,-1928.0,3.0,58034.0,61.0,367090.0,46.0,137123.0,,,,,,,,,,,,,,,,,,,,,,,,,,
141.66666666666666,22.0,30568.0,-21.0,309089.0,23.0,13064.0,-16.0,-1931.0,4.0,58157.0,61.0,368352.0,46.0,137755.0,,,,,,,,,,,,,,,,,,,,,,,,,,
141.7,21.0,30579.0,-21.0,309385.0,23.0,13074.0,-16.0,-1935.0,3.0,58269.0,61.0,369587.0,46.0,138369.0,,,,,,,,,,,,,,,,,,,,,,,,,,
141.73333333333332,20.0,30592.0,-21.0,309631.0,23.0,13086.0,-17.0,-1936.0,3.0,58388.0,61.0,370769.0,46.0,138964.0,,,,,,,,,,,,,,,,,,,,,,,,,,
141.76666666666668,20.0,30607.0,-21.0,309824.0,23.0,13094.0,-17.0,-1940.0,3.0,58503.0,62.0,371894.0,46.0,139540.0,,,,,,,,,,,,,,,,,,,,,,,,,,
141.8,21.0,30617.0,-21.0,309974.0,23.0,13099.0,-17.0,-1945.0,3.0,58609.0,61.0,372959.0,46.0,140093.0,,,,,,,,,,,,,,,,,,,,,,,,,,
141.83333333333334,20.0,30622.0,-21.0,310084.0,22.0,13103.0,-17.0,-1953.0,3.0,58703.0,61.0,373975.0,45.0,140631.0,,,,,,,,,,,,,,,,,,,,,,,,,,
141.86666666666667,20.0,30622.0,-21.0,310147.0,22.0,13103.0,-17.0,-1957.0,3.0,58787.0,61.0,374957.0,45.0,141156.0,,,,,,,,,,,,,,,,,,,,,,,,,,
141.9,20.0,30617.0,-21.0,310164.0,22.0,13099.0,-17.0,-1959.0,3.0,58865.0,61.0,375889.0,45.0,141668.0,,,,,,,,,,,,,,,,,,,,,,,,,,
141.93333333333334,20.0,30607.0,-21.0,310136.0,21.0,13097.0,-17.0,-1963.0,3.0,58940.0,60.0,376771.0,45.0,142156.0,,,,,,,,,,,,,,,,,,,,,,,,,,
141.96666666666667,19.0,30595.0,-21.0,310069.0,21.0,13092.0,-17.0,-1968.0,4.0,59010.0,60.0,377616.0,45.0,142616.0,,,,,,,,,,,,,,,,,,,,,,,,,,
142.0,18.0,30578.0,-21.0,309959.0,22.0,13087.0,-17.0,-1975.0,4.0,59071.0,60.0,378418.0,45.0,143047.0,,,,,,,,,,,,,,,,,,,,,,,,,,
142.03333333333333,18.0,30557.0,-21.0,309821.0,22.0,13082.0,-17.0,-1984.0,4.0,59126.0,60.0,379167.0,44.0,143458.0,,,,,,,,,,,,,,,,,,,,,,,,,,
142.06666666666666,18.0,30533.0,-21.0,309642.0,23.0,13077.0,-17.0,-1994.0,4.0,59177.0,60.0,379871.0,44.0,143845.0,,,,,,,,,,,,,,,,,,,,,,,,,,
142.1,18.0,30512.0,-21.0,309402.0,24.0,13065.0,-18.0,-2004.0,4.0,59221.0,60.0,380533.0,44.0,144206.0,,,,,,,,,,,,,,,,,,,,,,,,,,
142.13333333333333,18.0,30495.0,-21.0,309122.0,24.0,13056.0,-18.0,-2017.0,4.0,59250.0,61.0,381152.0,44.0,144552.0,,,,,,,,,,,,,,,,,,,,,,,,,,
142.16666666666666,18.0,30474.0,-21.0,308801.0,24.0,13048.0,-18.0,-2031.0,4.0,59272.0,61.0,381718.0,44.0,144876.0,,,,,,,,,,,,,,,,,,,,,,,,,,
142.2,18.0,30445.0,-21.0,308430.0,23.0,13035.0,-18.0,-2044.0,5.0,59296.0,60.0,382220.0,44.0,145171.0,,,,,,,,,,,,,,,,,,,,,,,,,,
142.23333333333332,18.0,30408.0,-21.0,308015.0,22.0,13022.0,-18.0,-2055.0,5.0,59320.0,60.0,382675.0,44.0,145459.0,,,,,,,,,,,,,,,,,,,,,,,,,,
142.26666666666668,18.0,30362.0,-21.0,307563.0,22.0,13006.0,-17.0,-2063.0,5.0,59342.0,60.0,383090.0,44.0,145726.0,,,,,,,,,,,,,,,,,,,,,,,,,,
142.3,18.0,30310.0,-22.0,307075.0,23.0,12992.0,-17.0,-2070.0,4.0,59349.0,60.0,383453.0,44.0,145971.0,,,,,,,,,,,,,,,,,,,,,,,,,,
142.33333333333334,18.0,30253.0,-22.0,306542.0,23.0,12978.0,-17.0,-2079.0,3.0,59340.0,60.0,383761.0,45.0,146198.0,,,,,,,,,,,,,,,,,,,,,,,,,,
142.36666666666667,19.0,30199.0,-22.0,305972.0,23.0,12958.0,-17.0,-2093.0,4.0,59326.0,60.0,384024.0,45.0,146405.0,,,,,,,,,,,,,,,,,,,,,,,,,,
142.4,19.0,30146.0,-22.0,305357.0,23.0,12935.0,-17.0,-2108.0,4.0,59304.0,60.0,384238.0,45.0,146595.0,,,,,,,,,,,,,,,,,,,,,,,,,,
142.43333333333334,19.0,30090.0,-22.0,304698.0,23.0,12912.0,-17.0,-2123.0,4.0,59273.0,60.0,384393.0,45.0,146756.0,,,,,,,,,,,,,,,,,,,,,,,,,,
142.46666666666667,19.0,30031.0,-21.0,304007.0,24.0,12886.0,-17.0,-2139.0,4.0,59236.0,59.0,384510.0,45.0,146903.0,,,,,,,,,,,,,,,,,,,,,,,,,,
142.5,19.0,29973.0,-21.0,303283.0,23.0,12857.0,-18.0,-2153.0,4.0,59198.0,59.0,384596.0,45.0,147023.0,,,,,,,,,,,,,,,,,,,,,,,,,,
142.53333333333333,19.0,29913.0,-22.0,302522.0,23.0,12829.0,-18.0,-2168.0,5.0,59157.0,59.0,384648.0,45.0,147112.0,,,,,,,,,,,,,,,,,,,,,,,,,,
142.56666666666666,19.0,29845.0,-23.0,301730.0,23.0,12799.0,-18.0,-2182.0,5.0,59109.0,59.0,384633.0,45.0,147187.0,,,,,,,,,,,,,,,,,,,,,,,,,,
142.6,20.0,29775.0,-23.0,300909.0,23.0,12770.0,-19.0,-2196.0,5.0,59046.0,59.0,384568.0,44.0,147242.0,,,,,,,,,,,,,,,,,,,,,,,,,,
142.63333333333333,20.0,29704.0,-23.0,300070.0,23.0,12738.0,-19.0,-2211.0,5.0,58978.0,59.0,384461.0,45.0,147275.0,,,,,,,,,,,,,,,,,,,,,,,,,,
142.66666666666666,20.0,29634.0,-23.0,299193.0,22.0,12703.0,-19.0,-2224.0,5.0,58907.0,59.0,384311.0,44.0,147288.0,,,,,,,,,,,,,,,,,,,,,,,,,,
142.7,19.0,29560.0,-23.0,298275.0,21.0,12668.0,-19.0,-2238.0,4.0,58830.0,59.0,384105.0,44.0,147287.0,,,,,,,,,,,,,,,,,,,,,,,,,,
142.73333333333332,19.0,29481.0,-23.0,297328.0,21.0,12634.0,-19.0,-2251.0,4.0,58748.0,59.0,383849.0,43.0,147271.0,,,,,,,,,,,,,,,,,,,,,,,,,,
142.76666666666668,19.0,29395.0,-24.0,296342.0,21.0,12598.0,-19.0,-2260.0,5.0,58659.0,58.0,383570.0,43.0,147229.0,,,,,,,,,,,,,,,,,,,,,,,,,,
142.8,19.0,29306.0,-24.0,295323.0,21.0,12558.0,-19.0,-2270.0,5.0,58562.0,57.0,383254.0,43.0,147160.0,,,,,,,,,,,,,,,,,,,,,,,,,,
142.83333333333334,19.0,29216.0,-24.0,294280.0,22.0,12519.0,-19.0,-2285.0,5.0,58465.0,56.0,382911.0,44.0,147068.0,,,,,,,,,,,,,,,,,,,,,,,,,,
142.86666666666667,20.0,29121.0,-24.0,293212.0,22.0,12481.0,-19.0,-2305.0,5.0,58353.0,56.0,382527.0,44.0,146964.0,,,,,,,,,,,,,,,,,,,,,,,,,,
142.9,20.0,29026.0,-24.0,292118.0,22.0,12446.0,-19.0,-2322.0,6.0,58232.0,56.0,382088.0,44.0,146852.0,,,,,,,,,,,,,,,,,,,,,,,,,,
142.93333333333334,20.0,28931.0,-24.0,290977.0,22.0,12404.0,-18.0,-2340.0,6.0,58105.0,56.0,381603.0,44.0,146723.0,,,,,,,,,,,,,,,,,,,,,,,,,,
142.96666666666667,19.0,28841.0,-25.0,289805.0,21.0,12359.0,-18.0,-2358.0,5.0,57969.0,55.0,381062.0,44.0,146579.0,,,,,,,,,,,,,,,,,,,,,,,,,,
143.0,19.0,28752.0,-25.0,288623.0,21.0,12312.0,-18.0,-2375.0,4.0,57831.0,55.0,380482.0,44.0,146411.0,,,,,,,,,,,,,,,,,,,,,,,,,,
143.03333333333333,19.0,28662.0,-25.0,287425.0,21.0,12264.0,-18.0,-2390.0,4.0,57690.0,54.0,379871.0,44.0,146222.0,,,,,,,,,,,,,,,,,,,,,,,,,,
143.06666666666666,19.0,28570.0,-25.0,286204.0,20.0,12220.0,-18.0,-2405.0,3.0,57555.0,54.0,379228.0,44.0,146012.0,,,,,,,,,,,,,,,,,,,,,,,,,,
143.1,19.0,28476.0,-25.0,284958.0,20.0,12178.0,-18.0,-2422.0,3.0,57418.0,54.0,378548.0,44.0,145781.0,,,,,,,,,,,,,,,,,,,,,,,,,,
143.13333333333333,19.0,28376.0,-25.0,283690.0,21.0,12138.0,-17.0,-2439.0,3.0,57280.0,53.0,377832.0,45.0,145530.0,,,,,,,,,,,,,,,,,,,,,,,,,,
143.16666666666666,19.0,28275.0,-25.0,282391.0,21.0,12095.0,-18.0,-2453.0,3.0,57136.0,53.0,377098.0,45.0,145264.0,,,,,,,,,,,,,,,,,,,,,,,,,,
143.2,19.0,28172.0,-25.0,281071.0,21.0,12046.0,-18.0,-2463.0,2.0,56973.0,52.0,376331.0,45.0,144985.0,,,,,,,,,,,,,,,,,,,,,,,,,,
143.23333333333332,18.0,28060.0,-25.0,279726.0,21.0,11996.0,-18.0,-2479.0,2.0,56803.0,53.0,375542.0,45.0,144683.0,,,,,,,,,,,,,,,,,,,,,,,,,,
143.26666666666668,18.0,27943.0,-25.0,278360.0,22.0,11944.0,-19.0,-2498.0,1.0,56633.0,53.0,374713.0,45.0,144371.0,,,,,,,,,,,,,,,,,,,,,,,,,,
143.3,18.0,27828.0,-25.0,276980.0,22.0,11889.0,-19.0,-2517.0,1.0,56462.0,53.0,373836.0,45.0,144047.0,,,,,,,,,,,,,,,,,,,,,,,,,,
143.33333333333334,18.0,27712.0,-25.0,275587.0,22.0,11831.0,-20.0,-2536.0,1.0,56290.0,53.0,372925.0,45.0,143711.0,,,,,,,,,,,,,,,,,,,,,,,,,,
143.36666666666667,18.0,27595.0,-25.0,274177.0,22.0,11776.0,-20.0,-2554.0,1.0,56107.0,52.0,371985.0,44.0,143363.0,,,,,,,,,,,,,,,,,,,,,,,,,,
143.4,17.0,27479.0,-25.0,272756.0,23.0,11725.0,-20.0,-2572.0,1.0,55909.0,52.0,371012.0,44.0,143000.0,,,,,,,,,,,,,,,,,,,,,,,,,,
143.43333333333334,17.0,27363.0,-25.0,271330.0,22.0,11677.0,-19.0,-2590.0,1.0,55711.0,52.0,370021.0,44.0,142629.0,,,,,,,,,,,,,,,,,,,,,,,,,,
143.46666666666667,17.0,27248.0,-25.0,269881.0,22.0,11626.0,-19.0,-2605.0,2.0,55515.0,52.0,368996.0,44.0,142240.0,,,,,,,,,,,,,,,,,,,,,,,,,,
143.5,17.0,27129.0,-25.0,268403.0,22.0,11572.0,-19.0,-2618.0,3.0,55318.0,52.0,367933.0,43.0,141824.0,,,,,,,,,,,,,,,,,,,,,,,,,,
143.53333333333333,17.0,27004.0,-26.0,266913.0,22.0,11518.0,-19.0,-2634.0,3.0,55110.0,52.0,366842.0,43.0,141399.0,,,,,,,,,,,,,,,,,,,,,,,,,,
143.56666666666666,18.0,26878.0,-27.0,265404.0,21.0,11468.0,-19.0,-2651.0,4.0,54897.0,52.0,365730.0,43.0,140963.0,,,,,,,,,,,,,,,,,,,,,,,,,,
143.6,18.0,26753.0,-27.0,263890.0,21.0,11417.0,-18.0,-2671.0,4.0,54681.0,52.0,364590.0,43.0,140514.0,,,,,,,,,,,,,,,,,,,,,,,,,,
143.63333333333333,18.0,26631.0,-27.0,262371.0,21.0,11365.0,-18.0,-2687.0,4.0,54462.0,52.0,363437.0,42.0,140060.0,,,,,,,,,,,,,,,,,,,,,,,,,,
143.66666666666666,18.0,26511.0,-27.0,260831.0,21.0,11308.0,-18.0,-2703.0,4.0,54242.0,52.0,362276.0,42.0,139597.0,,,,,,,,,,,,,,,,,,,,,,,,,,
143.7,18.0,26394.0,-27.0,259277.0,21.0,11251.0,-18.0,-2720.0,3.0,54014.0,51.0,361093.0,43.0,139121.0,,,,,,,,,,,,,,,,,,,,,,,,,,
143.73333333333332,18.0,26271.0,-27.0,257718.0,21.0,11197.0,-19.0,-2736.0,3.0,53779.0,51.0,359886.0,43.0,138632.0,,,,,,,,,,,,,,,,,,,,,,,,,,
143.76666666666668,18.0,26146.0,-26.0,256152.0,22.0,11140.0,-19.0,-2756.0,2.0,53538.0,50.0,358658.0,43.0,138138.0,,,,,,,,,,,,,,,,,,,,,,,,,,
143.8,19.0,26026.0,-27.0,254587.0,22.0,11086.0,-19.0,-2776.0,2.0,53294.0,49.0,357390.0,43.0,137632.0,,,,,,,,,,,,,,,,,,,,,,,,,,
143.83333333333334,19.0,25907.0,-27.0,253020.0,23.0,11030.0,-19.0,-2795.0,3.0,53059.0,49.0,356099.0,43.0,137118.0,,,,,,,,,,,,,,,,,,,,,,,,,,
143.86666666666667,19.0,25785.0,-27.0,251437.0,23.0,10972.0,-18.0,-2812.0,3.0,52822.0,49.0,354795.0,42.0,136593.0,,,,,,,,,,,,,,,,,,,,,,,,,,
143.9,19.0,25663.0,-27.0,249844.0,22.0,10914.0,-18.0,-2825.0,3.0,52576.0,48.0,353478.0,42.0,136051.0,,,,,,,,,,,,,,,,,,,,,,,,,,
143.93333333333334,19.0,25538.0,-27.0,248250.0,23.0,10862.0,-18.0,-2834.0,2.0,52329.0,49.0,352134.0,42.0,135506.0,,,,,,,,,,,,,,,,,,,,,,,,,,
143.96666666666667,19.0,25410.0,-27.0,246653.0,23.0,10811.0,-18.0,-2851.0,2.0,52085.0,49.0,350763.0,42.0,134954.0,,,,,,,,,,,,,,,,,,,,,,,,,,
144.0,19.0,25285.0,-28.0,245041.0,22.0,10756.0,-19.0,-2869.0,2.0,51837.0,49.0,349370.0,42.0,134391.0,,,,,,,,,,,,,,,,,,,,,,,,,,
144.03333333333333,19.0,25160.0,-28.0,243431.0,22.0,10699.0,-19.0,-2886.0,2.0,51587.0,49.0,347990.0,42.0,133824.0,,,,,,,,,,,,,,,,,,,,,,,,,,
144.06666666666666,20.0,25036.0,-28.0,241823.0,22.0,10643.0,-18.0,-2905.0,2.0,51328.0,49.0,346595.0,42.0,133248.0,,,,,,,,,,,,,,,,,,,,,,,,,,
144.1,20.0,24914.0,-29.0,240218.0,22.0,10585.0,-18.0,-2927.0,2.0,51065.0,49.0,345176.0,43.0,132656.0,,,,,,,,,,,,,,,,,,,,,,,,,,
144.13333333333333,20.0,24789.0,-29.0,238615.0,22.0,10527.0,-18.0,-2947.0,1.0,50807.0,49.0,343735.0,42.0,132066.0,,,,,,,,,,,,,,,,,,,,,,,,,,
144.16666666666666,20.0,24660.0,-28.0,237023.0,21.0,10472.0,-18.0,-2964.0,2.0,50548.0,48.0,342278.0,42.0,131472.0,,,,,,,,,,,,,,,,,,,,,,,,,,
144.2,20.0,24534.0,-28.0,235430.0,21.0,10415.0,-19.0,-2984.0,2.0,50292.0,48.0,340815.0,42.0,130873.0,,,,,,,,,,,,,,,,,,,,,,,,,,
144.23333333333332,19.0,24405.0,-28.0,233818.0,21.0,10358.0,-19.0,-3004.0,2.0,50027.0,48.0,339354.0,42.0,130264.0,,,,,,,,,,,,,,,,,,,,,,,,,,
144.26666666666668,19.0,24272.0,-28.0,232202.0,21.0,10302.0,-19.0,-3023.0,2.0,49756.0,48.0,337886.0,42.0,129657.0,,,,,,,,,,,,,,,,,,,,,,,,,,
144.3,18.0,24142.0,-28.0,230597.0,22.0,10246.0,-19.0,-3042.0,2.0,49492.0,47.0,336401.0,42.0,129049.0,,,,,,,,,,,,,,,,,,,,,,,,,,
144.33333333333334,18.0,24016.0,-29.0,228993.0,22.0,10189.0,-19.0,-3061.0,2.0,49234.0,46.0,334914.0,41.0,128447.0,,,,,,,,,,,,,,,,,,,,,,,,,,
144.36666666666667,18.0,23892.0,-29.0,227375.0,21.0,10134.0,-18.0,-3080.0,2.0,48974.0,45.0,333425.0,41.0,127843.0,,,,,,,,,,,,,,,,,,,,,,,,,,
144.4,18.0,23769.0,-28.0,225767.0,21.0,10077.0,-18.0,-3099.0,3.0,48715.0,45.0,331927.0,41.0,127218.0,,,,,,,,,,,,,,,,,,,,,,,,,,
144.43333333333334,18.0,23647.0,-29.0,224167.0,22.0,10016.0,-17.0,-3117.0,3.0,48451.0,45.0,330407.0,41.0,126585.0,,,,,,,,,,,,,,,,,,,,,,,,,,
144.46666666666667,18.0,23527.0,-29.0,222576.0,21.0,9959.0,-17.0,-3134.0,3.0,48176.0,45.0,328873.0,41.0,125940.0,,,,,,,,,,,,,,,,,,,,,,,,,,
144.5,17.0,23410.0,-30.0,220984.0,21.0,9909.0,-18.0,-3148.0,3.0,47897.0,44.0,327330.0,41.0,125295.0,,,,,,,,,,,,,,,,,,,,,,,,,,
144.53333333333333,17.0,23289.0,-31.0,219404.0,21.0,9855.0,-18.0,-3162.0,3.0,47623.0,44.0,325773.0,41.0,124649.0,,,,,,,,,,,,,,,,,,,,,,,,,,
144.56666666666666,17.0,23164.0,-31.0,217836.0,22.0,9800.0,-19.0,-3180.0,3.0,47353.0,45.0,324235.0,41.0,123998.0,,,,,,,,,,,,,,,,,,,,,,,,,,
144.6,17.0,23036.0,-31.0,216259.0,22.0,9750.0,-19.0,-3202.0,3.0,47080.0,45.0,322710.0,42.0,123342.0,,,,,,,,,,,,,,,,,,,,,,,,,,
144.63333333333333,17.0,22910.0,-31.0,214691.0,21.0,9701.0,-19.0,-3221.0,2.0,46809.0,46.0,321190.0,42.0,122690.0,,,,,,,,,,,,,,,,,,,,,,,,,,
144.66666666666666,17.0,22789.0,-31.0,213130.0,21.0,9647.0,-19.0,-3238.0,2.0,46542.0,45.0,319661.0,42.0,122037.0,,,,,,,,,,,,,,,,,,,,,,,,,,
144.7,17.0,22668.0,-32.0,211573.0,21.0,9588.0,-19.0,-3253.0,2.0,46275.0,45.0,318119.0,41.0,121396.0,,,,,,,,,,,,,,,,,,,,,,,,,,
144.73333333333332,17.0,22544.0,-32.0,210029.0,21.0,9534.0,-19.0,-3269.0,3.0,46008.0,44.0,316561.0,41.0,120754.0,,,,,,,,,,,,,,,,,,,,,,,,,,
144.76666666666668,17.0,22419.0,-32.0,208495.0,20.0,9481.0,-19.0,-3286.0,3.0,45729.0,44.0,314990.0,41.0,120104.0,,,,,,,,,,,,,,,,,,,,,,,,,,
144.8,18.0,22295.0,-33.0,206964.0,20.0,9428.0,-19.0,-3303.0,2.0,45445.0,43.0,313431.0,41.0,119449.0,,,,,,,,,,,,,,,,,,,,,,,,,,
144.83333333333334,18.0,22175.0,-33.0,205444.0,20.0,9375.0,-19.0,-3319.0,2.0,45173.0,42.0,311884.0,41.0,118794.0,,,,,,,,,,,,,,,,,,,,,,,,,,
144.86666666666667,18.0,22058.0,-32.0,203926.0,20.0,9322.0,-19.0,-3336.0,2.0,44898.0,43.0,310346.0,41.0,118138.0,,,,,,,,,,,,,,,,,,,,,,,,,,
144.9,18.0,21946.0,-32.0,202407.0,20.0,9269.0,-19.0,-3354.0,2.0,44630.0,43.0,308789.0,41.0,117481.0,,,,,,,,,,,,,,,,,,,,,,,,,,
144.93333333333334,17.0,21835.0,-32.0,200901.0,20.0,9218.0,-19.0,-3373.0,2.0,44366.0,43.0,307239.0,41.0,116834.0,,,,,,,,,,,,,,,,,,,,,,,,,,
144.96666666666667,17.0,21717.0,-32.0,199396.0,21.0,9163.0,-18.0,-3391.0,2.0,44104.0,42.0,305691.0,41.0,116183.0,,,,,,,,,,,,,,,,,,,,,,,,,,
145.0,17.0,21597.0,-32.0,197903.0,21.0,9109.0,-18.0,-3410.0,2.0,43835.0,42.0,304154.0,41.0,115534.0,,,,,,,,,,,,,,,,,,,,,,,,,,
145.03333333333333,17.0,21478.0,-32.0,196434.0,21.0,9055.0,-18.0,-3430.0,2.0,43555.0,41.0,302604.0,40.0,114887.0,,,,,,,,,,,,,,,,,,,,,,,,,,
145.06666666666666,17.0,21366.0,-32.0,194982.0,21.0,8999.0,-19.0,-3449.0,2.0,43274.0,41.0,301049.0,40.0,114247.0,,,,,,,,,,,,,,,,,,,,,,,,,,
145.1,18.0,21257.0,-32.0,193535.0,21.0,8944.0,-19.0,-3465.0,2.0,42996.0,41.0,299494.0,40.0,113601.0,,,,,,,,,,,,,,,,,,,,,,,,,,
145.13333333333333,18.0,21145.0,-32.0,192091.0,22.0,8890.0,-19.0,-3480.0,2.0,42723.0,41.0,297939.0,40.0,112948.0,,,,,,,,,,,,,,,,,,,,,,,,,,
145.16666666666666,18.0,21031.0,-32.0,190660.0,21.0,8834.0,-19.0,-3498.0,3.0,42450.0,41.0,296392.0,40.0,112297.0,,,,,,,,,,,,,,,,,,,,,,,,,,
145.2,17.0,20916.0,-32.0,189238.0,21.0,8779.0,-18.0,-3515.0,2.0,42171.0,41.0,294860.0,39.0,111639.0,,,,,,,,,,,,,,,,,,,,,,,,,,
145.23333333333332,17.0,20803.0,-32.0,187823.0,21.0,8729.0,-17.0,-3531.0,1.0,41902.0,41.0,293334.0,39.0,110986.0,,,,,,,,,,,,,,,,,,,,,,,,,,
145.26666666666668,17.0,20693.0,-32.0,186414.0,21.0,8680.0,-17.0,-3547.0,1.0,41638.0,41.0,291811.0,39.0,110340.0,,,,,,,,,,,,,,,,,,,,,,,,,,
145.3,17.0,20585.0,-32.0,185002.0,22.0,8631.0,-17.0,-3565.0,1.0,41375.0,41.0,290309.0,40.0,109699.0,,,,,,,,,,,,,,,,,,,,,,,,,,
145.33333333333334,18.0,20475.0,-32.0,183598.0,22.0,8584.0,-17.0,-3587.0,1.0,41116.0,41.0,288814.0,40.0,109064.0,,,,,,,,,,,,,,,,,,,,,,,,,,
145.36666666666667,18.0,20366.0,-33.0,182209.0,22.0,8534.0,-17.0,-3606.0,1.0,40865.0,41.0,287329.0,39.0,108435.0,,,,,,,,,,,,,,,,,,,,,,,,,,
145.4,18.0,20263.0,-32.0,180835.0,22.0,8483.0,-17.0,-3622.0,2.0,40613.0,41.0,285836.0,39.0,107808.0,,,,,,,,,,,,,,,,,,,,,,,,,,
145.43333333333334,18.0,20162.0,-33.0,179481.0,22.0,8433.0,-17.0,-3641.0,2.0,40351.0,40.0,284332.0,39.0,107178.0,,,,,,,,,,,,,,,,,,,,,,,,,,
145.46666666666667,18.0,20059.0,-33.0,178146.0,23.0,8382.0,-18.0,-3661.0,2.0,40088.0,39.0,282821.0,39.0,106545.0,,,,,,,,,,,,,,,,,,,,,,,,,,
145.5,18.0,19955.0,-33.0,176809.0,22.0,8333.0,-18.0,-3681.0,1.0,39822.0,39.0,281322.0,39.0,105920.0,,,,,,,,,,,,,,,,,,,,,,,,,,
145.53333333333333,18.0,19848.0,-33.0,175487.0,22.0,8289.0,-18.0,-3698.0,1.0,39560.0,39.0,279823.0,39.0,105303.0,,,,,,,,,,,,,,,,,,,,,,,,,,
145.56666666666666,18.0,19743.0,-34.0,174178.0,21.0,8247.0,-18.0,-3714.0,0.0,39300.0,39.0,278327.0,40.0,104686.0,,,,,,,,,,,,,,,,,,,,,,,,,,
145.6,18.0,19639.0,-34.0,172880.0,21.0,8208.0,-18.0,-3729.0,0.0,39050.0,39.0,276848.0,40.0,104065.0,,,,,,,,,,,,,,,,,,,,,,,,,,
145.63333333333333,18.0,19537.0,-34.0,171596.0,21.0,8165.0,-19.0,-3743.0,0.0,38797.0,38.0,275382.0,41.0,103446.0,,,,,,,,,,,,,,,,,,,,,,,,,,
145.66666666666666,18.0,19441.0,-34.0,170320.0,21.0,8121.0,-19.0,-3757.0,0.0,38537.0,38.0,273925.0,40.0,102831.0,,,,,,,,,,,,,,,,,,,,,,,,,,
145.7,18.0,19344.0,-35.0,169058.0,20.0,8074.0,-20.0,-3772.0,0.0,38287.0,37.0,272483.0,40.0,102216.0,,,,,,,,,,,,,,,,,,,,,,,,,,
145.73333333333332,18.0,19245.0,-35.0,167805.0,20.0,8029.0,-19.0,-3788.0,0.0,38042.0,37.0,271052.0,40.0,101606.0,,,,,,,,,,,,,,,,,,,,,,,,,,
145.76666666666668,19.0,19148.0,-36.0,166561.0,21.0,7987.0,-19.0,-3803.0,1.0,37794.0,36.0,269628.0,41.0,101000.0,,,,,,,,,,,,,,,,,,,,,,,,,,
145.8,19.0,19045.0,-35.0,165332.0,21.0,7947.0,-18.0,-3820.0,0.0,37544.0,36.0,268203.0,40.0,100402.0,,,,,,,,,,,,,,,,,,,,,,,,,,
145.83333333333334,19.0,18942.0,-35.0,164114.0,21.0,7902.0,-17.0,-3839.0,0.0,37298.0,36.0,266774.0,40.0,99810.0,,,,,,,,,,,,,,,,,,,,,,,,,,
145.86666666666667,19.0,18840.0,-34.0,162907.0,21.0,7854.0,-17.0,-3857.0,0.0,37057.0,36.0,265358.0,40.0,99208.0,,,,,,,,,,,,,,,,,,,,,,,,,,
145.9,20.0,18740.0,-34.0,161701.0,21.0,7812.0,-17.0,-3872.0,0.0,36819.0,37.0,263951.0,39.0,98609.0,,,,,,,,,,,,,,,,,,,,,,,,,,
145.93333333333334,20.0,18640.0,-34.0,160507.0,21.0,7773.0,-17.0,-3886.0,0.0,36578.0,37.0,262556.0,38.0,98017.0,,,,,,,,,,,,,,,,,,,,,,,,,,
145.96666666666667,19.0,18542.0,-34.0,159325.0,21.0,7733.0,-17.0,-3897.0,0.0,36335.0,37.0,261170.0,38.0,97433.0,,,,,,,,,,,,,,,,,,,,,,,,,,
146.0,19.0,18446.0,-35.0,158151.0,21.0,7689.0,-18.0,-3908.0,0.0,36099.0,37.0,259795.0,38.0,96860.0,,,,,,,,,,,,,,,,,,,,,,,,,,
146.03333333333333,19.0,18354.0,-35.0,156984.0,21.0,7647.0,-19.0,-3922.0,0.0,35861.0,37.0,258422.0,38.0,96292.0,,,,,,,,,,,,,,,,,,,,,,,,,,
146.06666666666666,19.0,18264.0,-35.0,155832.0,20.0,7605.0,-19.0,-3938.0,0.0,35627.0,37.0,257053.0,39.0,95724.0,,,,,,,,,,,,,,,,,,,,,,,,,,
146.1,19.0,18176.0,-35.0,154702.0,20.0,7562.0,-19.0,-3955.0,0.0,35396.0,37.0,255691.0,39.0,95157.0,,,,,,,,,,,,,,,,,,,,,,,,,,
146.13333333333333,19.0,18089.0,-35.0,153587.0,20.0,7524.0,-19.0,-3972.0,1.0,35163.0,37.0,254324.0,39.0,94595.0,,,,,,,,,,,,,,,,,,,,,,,,,,
146.16666666666666,18.0,18005.0,-35.0,152481.0,21.0,7485.0,-20.0,-3988.0,1.0,34929.0,37.0,252979.0,40.0,94037.0,,,,,,,,,,,,,,,,,,,,,,,,,,
146.2,19.0,17922.0,-36.0,151384.0,22.0,7442.0,-20.0,-4002.0,1.0,34692.0,37.0,251654.0,41.0,93481.0,,,,,,,,,,,,,,,,,,,,,,,,,,
146.23333333333332,18.0,17839.0,-35.0,150295.0,23.0,7399.0,-19.0,-4016.0,1.0,34461.0,36.0,250336.0,40.0,92931.0,,,,,,,,,,,,,,,,,,,,,,,,,,
146.26666666666668,18.0,17754.0,-34.0,149218.0,23.0,7357.0,-19.0,-4033.0,1.0,34234.0,36.0,249019.0,40.0,92394.0,,,,,,,,,,,,,,,,,,,,,,,,,,
146.3,18.0,17671.0,-34.0,148146.0,23.0,7317.0,-19.0,-4053.0,1.0,34013.0,35.0,247702.0,39.0,91862.0,,,,,,,,,,,,,,,,,,,,,,,,,,
146.33333333333334,18.0,17584.0,-35.0,147084.0,23.0,7281.0,-19.0,-4073.0,1.0,33790.0,35.0,246392.0,38.0,91325.0,,,,,,,,,,,,,,,,,,,,,,,,,,
146.36666666666667,19.0,17494.0,-35.0,146032.0,23.0,7246.0,-20.0,-4090.0,1.0,33566.0,35.0,245111.0,38.0,90792.0,,,,,,,,,,,,,,,,,,,,,,,,,,
146.4,19.0,17407.0,-35.0,144987.0,23.0,7209.0,-20.0,-4112.0,1.0,33341.0,35.0,243847.0,38.0,90264.0,,,,,,,,,,,,,,,,,,,,,,,,,,
146.43333333333334,19.0,17325.0,-36.0,143951.0,23.0,7169.0,-20.0,-4127.0,0.0,33120.0,35.0,242591.0,38.0,89741.0,,,,,,,,,,,,,,,,,,,,,,,,,,
146.46666666666667,19.0,17249.0,-35.0,142932.0,22.0,7131.0,-20.0,-4138.0,0.0,32902.0,34.0,241337.0,38.0,89215.0,,,,,,,,,,,,,,,,,,,,,,,,,,
146.5,19.0,17177.0,-35.0,141928.0,21.0,7096.0,-20.0,-4148.0,0.0,32688.0,34.0,240094.0,38.0,88697.0,,,,,,,,,,,,,,,,,,,,,,,,,,
146.53333333333333,19.0,17103.0,-36.0,140940.0,21.0,7057.0,-20.0,-4158.0,0.0,32477.0,34.0,238866.0,39.0,88189.0,,,,,,,,,,,,,,,,,,,,,,,,,,
146.56666666666666,19.0,17025.0,-36.0,139959.0,22.0,7018.0,-20.0,-4172.0,0.0,32268.0,34.0,237637.0,38.0,87689.0,,,,,,,,,,,,,,,,,,,,,,,,,,
146.6,19.0,16944.0,-37.0,138990.0,22.0,6982.0,-20.0,-4191.0,0.0,32061.0,34.0,236406.0,38.0,87193.0,,,,,,,,,,,,,,,,,,,,,,,,,,
146.63333333333333,20.0,16861.0,-37.0,138023.0,22.0,6949.0,-20.0,-4210.0,0.0,31857.0,34.0,235181.0,38.0,86692.0,,,,,,,,,,,,,,,,,,,,,,,,,,
146.66666666666666,20.0,16775.0,-37.0,137072.0,22.0,6913.0,-20.0,-4228.0,0.0,31648.0,34.0,233957.0,37.0,86185.0,,,,,,,,,,,,,,,,,,,,,,,,,,
146.7,20.0,16690.0,-37.0,136137.0,22.0,6878.0,-20.0,-4244.0,0.0,31439.0,34.0,232737.0,37.0,85684.0,,,,,,,,,,,,,,,,,,,,,,,,,,
146.73333333333332,20.0,16609.0,-37.0,135209.0,22.0,6842.0,-19.0,-4258.0,0.0,31231.0,34.0,231525.0,37.0,85195.0,,,,,,,,,,,,,,,,,,,,,,,,,,
146.76666666666668,20.0,16531.0,-38.0,134299.0,22.0,6807.0,-19.0,-4273.0,0.0,31024.0,34.0,230334.0,37.0,84714.0,,,,,,,,,,,,,,,,,,,,,,,,,,
146.8,20.0,16451.0,-38.0,133389.0,22.0,6775.0,-18.0,-4287.0,1.0,30817.0,34.0,229155.0,36.0,84235.0,,,,,,,,,,,,,,,,,,,,,,,,,,
146.83333333333334,20.0,16375.0,-38.0,132490.0,21.0,6744.0,-18.0,-4298.0,1.0,30610.0,34.0,227985.0,37.0,83756.0,,,,,,,,,,,,,,,,,,,,,,,,,,
146.86666666666667,20.0,16298.0,-37.0,131602.0,20.0,6709.0,-18.0,-4307.0,0.0,30408.0,34.0,226826.0,37.0,83278.0,,,,,,,,,,,,,,,,,,,,,,,,,,
146.9,20.0,16227.0,-36.0,130725.0,20.0,6673.0,-18.0,-4318.0,0.0,30215.0,33.0,225683.0,37.0,82811.0,,,,,,,,,,,,,,,,,,,,,,,,,,
146.93333333333334,20.0,16154.0,-36.0,129854.0,20.0,6641.0,-19.0,-4335.0,0.0,30023.0,33.0,224545.0,39.0,82344.0,,,,,,,,,,,,,,,,,,,,,,,,,,
146.96666666666667,20.0,16079.0,-37.0,128993.0,20.0,6611.0,-20.0,-4354.0,1.0,29829.0,33.0,223408.0,38.0,81878.0,,,,,,,,,,,,,,,,,,,,,,,,,,
147.0,19.0,16005.0,-37.0,128143.0,21.0,6583.0,-20.0,-4373.0,1.0,29631.0,33.0,222286.0,38.0,81416.0,,,,,,,,,,,,,,,,,,,,,,,,,,
147.03333333333333,19.0,15933.0,-37.0,127302.0,21.0,6553.0,-20.0,-4388.0,1.0,29432.0,34.0,221173.0,38.0,80960.0,,,,,,,,,,,,,,,,,,,,,,,,,,
147.06666666666666,18.0,15861.0,-37.0,126464.0,21.0,6521.0,-20.0,-4400.0,0.0,29235.0,34.0,220061.0,37.0,80513.0,,,,,,,,,,,,,,,,,,,,,,,,,,
147.1,18.0,15788.0,-38.0,125636.0,21.0,6490.0,-20.0,-4415.0,0.0,29044.0,33.0,218958.0,37.0,80074.0,,,,,,,,,,,,,,,,,,,,,,,,,,
147.13333333333333,18.0,15714.0,-38.0,124816.0,21.0,6458.0,-20.0,-4432.0,0.0,28849.0,32.0,217869.0,36.0,79642.0,,,,,,,,,,,,,,,,,,,,,,,,,,
147.16666666666666,17.0,15648.0,-38.0,124009.0,21.0,6422.0,-20.0,-4446.0,0.0,28658.0,32.0,216784.0,36.0,79211.0,,,,,,,,,,,,,,,,,,,,,,,,,,
147.2,16.0,15586.0,-38.0,123214.0,21.0,6385.0,-20.0,-4457.0,0.0,28475.0,33.0,215708.0,36.0,78779.0,,,,,,,,,,,,,,,,,,,,,,,,,,
147.23333333333332,15.0,15523.0,-38.0,122421.0,20.0,6346.0,-20.0,-4467.0,1.0,28296.0,32.0,214642.0,36.0,78347.0,,,,,,,,,,,,,,,,,,,,,,,,,,
147.26666666666668,15.0,15460.0,-38.0,121634.0,20.0,6313.0,-20.0,-4483.0,1.0,28118.0,32.0,213577.0,36.0,77913.0,,,,,,,,,,,,,,,,,,,,,,,,,,
147.3,15.0,15395.0,-38.0,120861.0,21.0,6283.0,-20.0,-4500.0,1.0,27944.0,32.0,212514.0,36.0,77477.0,,,,,,,,,,,,,,,,,,,,,,,,,,
147.33333333333334,15.0,15331.0,-38.0,120095.0,21.0,6254.0,-20.0,-4520.0,1.0,27774.0,32.0,211472.0,37.0,77049.0,,,,,,,,,,,,,,,,,,,,,,,,,,
147.36666666666667,15.0,15265.0,-38.0,119328.0,21.0,6228.0,-21.0,-4535.0,1.0,27595.0,32.0,210441.0,37.0,76632.0,,,,,,,,,,,,,,,,,,,,,,,,,,
147.4,16.0,15202.0,-38.0,118578.0,21.0,6202.0,-21.0,-4549.0,1.0,27416.0,31.0,209417.0,36.0,76219.0,,,,,,,,,,,,,,,,,,,,,,,,,,
147.43333333333334,16.0,15139.0,-38.0,117846.0,21.0,6176.0,-22.0,-4566.0,0.0,27238.0,32.0,208397.0,36.0,75811.0,,,,,,,,,,,,,,,,,,,,,,,,,,
147.46666666666667,16.0,15075.0,-39.0,117122.0,20.0,6151.0,-22.0,-4583.0,0.0,27061.0,32.0,207378.0,36.0,75405.0,,,,,,,,,,,,,,,,,,,,,,,,,,
147.5,17.0,15008.0,-39.0,116402.0,20.0,6123.0,-22.0,-4597.0,0.0,26886.0,31.0,206367.0,37.0,75001.0,,,,,,,,,,,,,,,,,,,,,,,,,,
147.53333333333333,17.0,14942.0,-39.0,115690.0,20.0,6095.0,-21.0,-4613.0,0.0,26711.0,32.0,205360.0,37.0,74602.0,,,,,,,,,,,,,,,,,,,,,,,,,,
147.56666666666666,17.0,14877.0,-39.0,114981.0,20.0,6067.0,-21.0,-4626.0,0.0,26539.0,31.0,204361.0,36.0,74204.0,,,,,,,,,,,,,,,,,,,,,,,,,,
147.6,17.0,14816.0,-38.0,114279.0,20.0,6041.0,-20.0,-4636.0,0.0,26368.0,31.0,203366.0,36.0,73812.0,,,,,,,,,,,,,,,,,,,,,,,,,,
147.63333333333333,16.0,14760.0,-38.0,113585.0,20.0,6014.0,-20.0,-4647.0,0.0,26199.0,30.0,202387.0,36.0,73426.0,,,,,,,,,,,,,,,,,,,,,,,,,,
147.66666666666666,16.0,14704.0,-38.0,112894.0,20.0,5984.0,-20.0,-4659.0,0.0,26034.0,30.0,201420.0,37.0,73045.0,,,,,,,,,,,,,,,,,,,,,,,,,,
147.7,17.0,14644.0,-37.0,112213.0,20.0,5955.0,-20.0,-4676.0,0.0,25869.0,30.0,200454.0,38.0,72663.0,,,,,,,,,,,,,,,,,,,,,,,,,,
147.73333333333332,16.0,14584.0,-37.0,111540.0,20.0,5928.0,-20.0,-4691.0,0.0,25704.0,29.0,199511.0,38.0,72285.0,,,,,,,,,,,,,,,,,,,,,,,,,,
147.76666666666668,16.0,14525.0,-37.0,110866.0,20.0,5900.0,-20.0,-4706.0,0.0,25544.0,28.0,198569.0,37.0,71905.0,,,,,,,,,,,,,,,,,,,,,,,,,,
147.8,16.0,14466.0,-38.0,110207.0,20.0,5873.0,-20.0,-4725.0,1.0,25388.0,28.0,197635.0,36.0,71531.0,,,,,,,,,,,,,,,,,,,,,,,,,,
147.83333333333334,16.0,14407.0,-38.0,109559.0,20.0,5844.0,-20.0,-4740.0,1.0,25228.0,28.0,196701.0,36.0,71165.0,,,,,,,,,,,,,,,,,,,,,,,,,,
147.86666666666667,16.0,14350.0,-39.0,108921.0,20.0,5817.0,-20.0,-4753.0,1.0,25071.0,27.0,195776.0,36.0,70795.0,,,,,,,,,,,,,,,,,,,,,,,,,,
147.9,16.0,14292.0,-39.0,108290.0,20.0,5788.0,-20.0,-4765.0,0.0,24917.0,27.0,194856.0,37.0,70425.0,,,,,,,,,,,,,,,,,,,,,,,,,,
147.93333333333334,17.0,14234.0,-39.0,107662.0,20.0,5762.0,-20.0,-4776.0,0.0,24760.0,27.0,193943.0,37.0,70061.0,,,,,,,,,,,,,,,,,,,,,,,,,,
147.96666666666667,18.0,14179.0,-39.0,107037.0,20.0,5740.0,-20.0,-4784.0,0.0,24603.0,27.0,193015.0,36.0,69704.0,,,,,,,,,,,,,,,,,,,,,,,,,,
148.0,18.0,14126.0,-38.0,106423.0,20.0,5718.0,-20.0,-4794.0,0.0,24454.0,28.0,192102.0,36.0,69348.0,,,,,,,,,,,,,,,,,,,,,,,,,,
148.03333333333333,18.0,14075.0,-37.0,105818.0,20.0,5694.0,-20.0,-4805.0,0.0,24315.0,28.0,191194.0,37.0,69001.0,,,,,,,,,,,,,,,,,,,,,,,,,,
148.06666666666666,18.0,14026.0,-37.0,105220.0,20.0,5671.0,-20.0,-4817.0,0.0,24170.0,28.0,190303.0,36.0,68654.0,,,,,,,,,,,,,,,,,,,,,,,,,,
148.1,18.0,13975.0,-37.0,104621.0,20.0,5648.0,-20.0,-4828.0,0.0,24018.0,28.0,189415.0,36.0,68312.0,,,,,,,,,,,,,,,,,,,,,,,,,,
148.13333333333333,18.0,13919.0,-37.0,104032.0,20.0,5626.0,-20.0,-4841.0,0.0,23859.0,28.0,188532.0,36.0,67975.0,,,,,,,,,,,,,,,,,,,,,,,,,,
148.16666666666666,18.0,13862.0,-37.0,103452.0,20.0,5604.0,-20.0,-4853.0,0.0,23707.0,28.0,187666.0,35.0,67646.0,,,,,,,,,,,,,,,,,,,,,,,,,,
148.2,18.0,13803.0,-37.0,102881.0,20.0,5582.0,-20.0,-4867.0,0.0,23555.0,27.0,186810.0,35.0,67324.0,,,,,,,,,,,,,,,,,,,,,,,,,,
148.23333333333332,18.0,13744.0,-37.0,102318.0,20.0,5558.0,-19.0,-4881.0,0.0,23404.0,27.0,185966.0,35.0,67000.0,,,,,,,,,,,,,,,,,,,,,,,,,,
148.26666666666668,18.0,13690.0,-38.0,101761.0,20.0,5532.0,-19.0,-4896.0,0.0,23253.0,27.0,185119.0,35.0,66676.0,,,,,,,,,,,,,,,,,,,,,,,,,,
148.3,18.0,13641.0,-38.0,101203.0,20.0,5507.0,-19.0,-4910.0,0.0,23104.0,27.0,184276.0,35.0,66348.0,,,,,,,,,,,,,,,,,,,,,,,,,,
148.33333333333334,18.0,13595.0,-39.0,100654.0,20.0,5482.0,-19.0,-4922.0,0.0,22957.0,28.0,183444.0,36.0,66025.0,,,,,,,,,,,,,,,,,,,,,,,,,,
148.36666666666667,18.0,13549.0,-39.0,100122.0,20.0,5455.0,-19.0,-4934.0,0.0,22811.0,28.0,182612.0,36.0,65701.0,,,,,,,,,,,,,,,,,,,,,,,,,,
148.4,18.0,13504.0,-39.0,99594.0,21.0,5431.0,-19.0,-4947.0,0.0,22668.0,29.0,181792.0,37.0,65380.0,,,,,,,,,,,,,,,,,,,,,,,,,,
148.43333333333334,18.0,13458.0,-39.0,99067.0,21.0,5408.0,-19.0,-4958.0,0.0,22536.0,29.0,180978.0,37.0,65059.0,,,,,,,,,,,,,,,,,,,,,,,,,,
148.46666666666667,18.0,13412.0,-39.0,98536.0,21.0,5387.0,-19.0,-4970.0,0.0,22397.0,29.0,180168.0,37.0,64743.0,,,,,,,,,,,,,,,,,,,,,,,,,,
148.5,18.0,13369.0,-39.0,98011.0,21.0,5366.0,-19.0,-4981.0,0.0,22256.0,29.0,179368.0,37.0,64431.0,,,,,,,,,,,,,,,,,,,,,,,,,,
148.53333333333333,17.0,13321.0,-39.0,97490.0,21.0,5349.0,-19.0,-4994.0,0.0,22118.0,29.0,178561.0,37.0,64118.0,,,,,,,,,,,,,,,,,,,,,,,,,,
148.56666666666666,17.0,13273.0,-39.0,96975.0,22.0,5331.0,-20.0,-5004.0,0.0,21984.0,29.0,177746.0,36.0,63799.0,,,,,,,,,,,,,,,,,,,,,,,,,,
148.6,17.0,13226.0,-39.0,96471.0,22.0,5307.0,-20.0,-5014.0,0.0,21851.0,29.0,176942.0,36.0,63488.0,,,,,,,,,,,,,,,,,,,,,,,,,,
148.63333333333333,17.0,13176.0,-39.0,95967.0,21.0,5283.0,-20.0,-5025.0,0.0,21720.0,29.0,176151.0,36.0,63188.0,,,,,,,,,,,,,,,,,,,,,,,,,,
148.66666666666666,16.0,13128.0,-39.0,95466.0,20.0,5262.0,-20.0,-5036.0,1.0,21591.0,29.0,175365.0,35.0,62892.0,,,,,,,,,,,,,,,,,,,,,,,,,,
148.7,16.0,13078.0,-40.0,94974.0,20.0,5243.0,-20.0,-5047.0,1.0,21467.0,29.0,174594.0,35.0,62601.0,,,,,,,,,,,,,,,,,,,,,,,,,,
148.73333333333332,16.0,13032.0,-39.0,94493.0,21.0,5223.0,-20.0,-5056.0,1.0,21345.0,29.0,173837.0,34.0,62315.0,,,,,,,,,,,,,,,,,,,,,,,,,,
148.76666666666668,16.0,12989.0,-39.0,94019.0,21.0,5204.0,-20.0,-5062.0,1.0,21223.0,30.0,173086.0,34.0,62034.0,,,,,,,,,,,,,,,,,,,,,,,,,,
148.8,16.0,12945.0,-39.0,93550.0,21.0,5186.0,-20.0,-5069.0,1.0,21093.0,30.0,172341.0,34.0,61755.0,,,,,,,,,,,,,,,,,,,,,,,,,,
148.83333333333334,17.0,12903.0,-39.0,93084.0,21.0,5166.0,-20.0,-5077.0,0.0,20963.0,29.0,171590.0,34.0,61480.0,,,,,,,,,,,,,,,,,,,,,,,,,,
148.86666666666667,17.0,12861.0,-40.0,92618.0,21.0,5149.0,-20.0,-5087.0,0.0,20830.0,29.0,170844.0,34.0,61204.0,,,,,,,,,,,,,,,,,,,,,,,,,,
148.9,17.0,12815.0,-40.0,92162.0,21.0,5132.0,-20.0,-5095.0,0.0,20699.0,29.0,170114.0,34.0,60928.0,,,,,,,,,,,,,,,,,,,,,,,,,,
148.93333333333334,18.0,12771.0,-41.0,91715.0,21.0,5117.0,-20.0,-5103.0,0.0,20570.0,29.0,169386.0,34.0,60657.0,,,,,,,,,,,,,,,,,,,,,,,,,,
148.96666666666667,17.0,12725.0,-41.0,91268.0,21.0,5100.0,-20.0,-5113.0,0.0,20447.0,28.0,168656.0,34.0,60391.0,,,,,,,,,,,,,,,,,,,,,,,,,,
149.0,17.0,12676.0,-40.0,90825.0,21.0,5081.0,-20.0,-5123.0,0.0,20328.0,28.0,167934.0,34.0,60125.0,,,,,,,,,,,,,,,,,,,,,,,,,,
149.03333333333333,17.0,12627.0,-40.0,90381.0,21.0,5059.0,-20.0,-5130.0,0.0,20207.0,28.0,167209.0,34.0,59853.0,,,,,,,,,,,,,,,,,,,,,,,,,,
149.06666666666666,17.0,12584.0,-40.0,89949.0,21.0,5034.0,-20.0,-5135.0,0.0,20084.0,28.0,166475.0,35.0,59587.0,,,,,,,,,,,,,,,,,,,,,,,,,,
149.1,17.0,12544.0,-40.0,89523.0,20.0,5011.0,-19.0,-5147.0,0.0,19962.0,28.0,165754.0,35.0,59321.0,,,,,,,,,,,,,,,,,,,,,,,,,,
149.13333333333333,17.0,12506.0,-41.0,89097.0,20.0,4990.0,-19.0,-5160.0,0.0,19843.0,28.0,165048.0,36.0,59054.0,,,,,,,,,,,,,,,,,,,,,,,,,,
149.16666666666666,17.0,12467.0,-41.0,88675.0,19.0,4971.0,-19.0,-5171.0,0.0,19730.0,28.0,164351.0,36.0,58791.0,,,,,,,,,,,,,,,,,,,,,,,,,,
149.2,16.0,12427.0,-41.0,88259.0,19.0,4954.0,-19.0,-5180.0,0.0,19615.0,28.0,163656.0,36.0,58529.0,,,,,,,,,,,,,,,,,,,,,,,,,,
149.23333333333332,16.0,12387.0,-41.0,87850.0,20.0,4939.0,-19.0,-5191.0,0.0,19497.0,28.0,162966.0,35.0,58274.0,,,,,,,,,,,,,,,,,,,,,,,,,,
149.26666666666668,16.0,12347.0,-41.0,87443.0,19.0,4918.0,-19.0,-5203.0,0.0,19373.0,27.0,162292.0,35.0,58019.0,,,,,,,,,,,,,,,,,,,,,,,,,,
149.3,16.0,12308.0,-40.0,87035.0,19.0,4899.0,-19.0,-5215.0,0.0,19255.0,27.0,161623.0,34.0,57768.0,,,,,,,,,,,,,,,,,,,,,,,,,,
149.33333333333334,16.0,12271.0,-40.0,86627.0,19.0,4885.0,-19.0,-5226.0,0.0,19143.0,27.0,160960.0,34.0,57520.0,,,,,,,,,,,,,,,,,,,,,,,,,,
149.36666666666667,15.0,12235.0,-41.0,86226.0,19.0,4870.0,-19.0,-5240.0,0.0,19034.0,27.0,160305.0,34.0,57272.0,,,,,,,,,,,,,,,,,,,,,,,,,,
149.4,15.0,12201.0,-41.0,85833.0,20.0,4855.0,-19.0,-5255.0,0.0,18927.0,28.0,159652.0,34.0,57023.0,,,,,,,,,,,,,,,,,,,,,,,,,,
149.43333333333334,15.0,12165.0,-41.0,85448.0,20.0,4838.0,-19.0,-5266.0,0.0,18817.0,28.0,159007.0,33.0,56770.0,,,,,,,,,,,,,,,,,,,,,,,,,,
149.46666666666667,16.0,12130.0,-41.0,85067.0,20.0,4821.0,-19.0,-5271.0,0.0,18703.0,28.0,158360.0,33.0,56519.0,,,,,,,,,,,,,,,,,,,,,,,,,,
149.5,16.0,12093.0,-41.0,84690.0,19.0,4805.0,-20.0,-5276.0,0.0,18582.0,28.0,157705.0,33.0,56275.0,,,,,,,,,,,,,,,,,,,,,,,,,,
149.53333333333333,15.0,12052.0,-41.0,84313.0,20.0,4788.0,-20.0,-5285.0,0.0,18457.0,28.0,157056.0,33.0,56034.0,,,,,,,,,,,,,,,,,,,,,,,,,,
149.56666666666666,15.0,12010.0,-41.0,83941.0,20.0,4773.0,-20.0,-5297.0,0.0,18339.0,28.0,156411.0,33.0,55800.0,,,,,,,,,,,,,,,,,,,,,,,,,,
149.6,14.0,11974.0,-41.0,83574.0,20.0,4760.0,-19.0,-5309.0,0.0,18228.0,28.0,155772.0,34.0,55566.0,,,,,,,,,,,,,,,,,,,,,,,,,,
149.63333333333333,14.0,11940.0,-41.0,83213.0,20.0,4745.0,-19.0,-5320.0,0.0,18122.0,28.0,155133.0,34.0,55335.0,,,,,,,,,,,,,,,,,,,,,,,,,,
149.66666666666666,13.0,11904.0,-41.0,82856.0,20.0,4728.0,-19.0,-5328.0,0.0,18018.0,28.0,154494.0,34.0,55107.0,,,,,,,,,,,,,,,,,,,,,,,,,,
149.7,13.0,11868.0,-41.0,82496.0,20.0,4708.0,-19.0,-5337.0,0.0,17913.0,28.0,153865.0,33.0,54880.0,,,,,,,,,,,,,,,,,,,,,,,,,,
149.73333333333332,13.0,11835.0,-41.0,82143.0,20.0,4689.0,-20.0,-5345.0,0.0,17810.0,28.0,153240.0,32.0,54655.0,,,,,,,,,,,,,,,,,,,,,,,,,,
149.76666666666668,13.0,11799.0,-41.0,81797.0,20.0,4671.0,-20.0,-5354.0,0.0,17709.0,28.0,152622.0,32.0,54438.0,,,,,,,,,,,,,,,,,,,,,,,,,,
149.8,13.0,11765.0,-41.0,81459.0,20.0,4651.0,-20.0,-5361.0,0.0,17610.0,28.0,152007.0,32.0,54224.0,,,,,,,,,,,,,,,,,,,,,,,,,,
149.83333333333334,13.0,11732.0,-41.0,81119.0,20.0,4627.0,-20.0,-5364.0,0.0,17508.0,27.0,151400.0,32.0,54012.0,,,,,,,,,,,,,,,,,,,,,,,,,,
149.86666666666667,14.0,11701.0,-41.0,80778.0,20.0,4605.0,-20.0,-5366.0,0.0,17405.0,27.0,150802.0,32.0,53794.0,,,,,,,,,,,,,,,,,,,,,,,,,,
149.9,14.0,11675.0,-42.0,80440.0,20.0,4587.0,-19.0,-5371.0,0.0,17304.0,28.0,150208.0,32.0,53575.0,,,,,,,,,,,,,,,,,,,,,,,,,,
149.93333333333334,14.0,11643.0,-42.0,80100.0,19.0,4571.0,-19.0,-5378.0,0.0,17207.0,28.0,149625.0,32.0,53358.0,,,,,,,,,,,,,,,,,,,,,,,,,,
149.96666666666667,14.0,11607.0,-42.0,79758.0,19.0,4558.0,-19.0,-5386.0,0.0,17112.0,28.0,149046.0,32.0,53142.0,,,,,,,,,,,,,,,,,,,,,,,,,,
150.0,15.0,11572.0,-42.0,79430.0,18.0,4546.0,-20.0,-5395.0,0.0,17015.0,27.0,148470.0,33.0,52924.0,,,,,,,,,,,,,,,,,,,,,,,,,,
150.03333333333333,15.0,11537.0,-42.0,79105.0,18.0,4535.0,-20.0,-5407.0,0.0,16916.0,27.0,147900.0,34.0,52715.0,,,,,,,,,,,,,,,,,,,,,,,,,,
150.06666666666666,16.0,11501.0,-42.0,78784.0,18.0,4524.0,-20.0,-5420.0,0.0,16816.0,27.0,147325.0,34.0,52515.0,,,,,,,,,,,,,,,,,,,,,,,,,,
150.1,16.0,11468.0,-43.0,78467.0,18.0,4516.0,-20.0,-5430.0,0.0,16713.0,27.0,146752.0,34.0,52311.0,,,,,,,,,,,,,,,,,,,,,,,,,,
150.13333333333333,16.0,11435.0,-43.0,78153.0,19.0,4509.0,-20.0,-5441.0,0.0,16614.0,27.0,146189.0,34.0,52106.0,,,,,,,,,,,,,,,,,,,,,,,,,,
150.16666666666666,16.0,11405.0,-43.0,77845.0,18.0,4502.0,-20.0,-5451.0,0.0,16515.0,27.0,145632.0,34.0,51903.0,,,,,,,,,,,,,,,,,,,,,,,,,,
150.2,16.0,11371.0,-42.0,77538.0,18.0,4491.0,-20.0,-5459.0,0.0,16418.0,26.0,145077.0,34.0,51701.0,,,,,,,,,,,,,,,,,,,,,,,,,,
150.23333333333332,16.0,11334.0,-42.0,77231.0,18.0,4479.0,-20.0,-5465.0,0.0,16326.0,27.0,144515.0,34.0,51500.0,,,,,,,,,,,,,,,,,,,,,,,,,,
150.26666666666668,16.0,11298.0,-42.0,76927.0,18.0,4465.0,-20.0,-5472.0,0.0,16232.0,27.0,143948.0,33.0,51299.0,,,,,,,,,,,,,,,,,,,,,,,,,,
150.3,16.0,11269.0,-42.0,76626.0,17.0,4450.0,-20.0,-5477.0,0.0,16140.0,28.0,143388.0,33.0,51096.0,,,,,,,,,,,,,,,,,,,,,,,,,,
150.33333333333334,16.0,11242.0,-42.0,76330.0,17.0,4434.0,-20.0,-5484.0,0.0,16049.0,28.0,142840.0,33.0,50891.0,,,,,,,,,,,,,,,,,,,,,,,,,,
150.36666666666667,16.0,11214.0,-41.0,76030.0,18.0,4417.0,-20.0,-5493.0,0.0,15961.0,27.0,142301.0,33.0,50685.0,,,,,,,,,,,,,,,,,,,,,,,,,,
150.4,16.0,11186.0,-42.0,75727.0,19.0,4399.0,-20.0,-5503.0,0.0,15870.0,27.0,141772.0,32.0,50487.0,,,,,,,,,,,,,,,,,,,,,,,,,,
150.43333333333334,15.0,11159.0,-42.0,75433.0,19.0,4380.0,-20.0,-5510.0,0.0,15781.0,27.0,141243.0,32.0,50294.0,,,,,,,,,,,,,,,,,,,,,,,,,,
150.46666666666667,15.0,11130.0,-42.0,75143.0,19.0,4368.0,-20.0,-5518.0,0.0,15687.0,27.0,140711.0,32.0,50100.0,,,,,,,,,,,,,,,,,,,,,,,,,,
150.5,15.0,11099.0,-43.0,74857.0,19.0,4357.0,-20.0,-5523.0,0.0,15592.0,27.0,140181.0,33.0,49905.0,,,,,,,,,,,,,,,,,,,,,,,,,,
150.53333333333333,15.0,11064.0,-43.0,74570.0,19.0,4343.0,-20.0,-5529.0,0.0,15501.0,27.0,139659.0,33.0,49718.0,,,,,,,,,,,,,,,,,,,,,,,,,,
150.56666666666666,15.0,11035.0,-43.0,74284.0,19.0,4327.0,-20.0,-5536.0,0.0,15409.0,27.0,139149.0,33.0,49532.0,,,,,,,,,,,,,,,,,,,,,,,,,,
150.6,14.0,11009.0,-43.0,74007.0,19.0,4314.0,-20.0,-5542.0,0.0,15322.0,27.0,138634.0,33.0,49345.0,,,,,,,,,,,,,,,,,,,,,,,,,,
150.63333333333333,14.0,10985.0,-44.0,73734.0,19.0,4302.0,-20.0,-5548.0,0.0,15238.0,27.0,138115.0,33.0,49167.0,,,,,,,,,,,,,,,,,,,,,,,,,,
150.66666666666666,14.0,10959.0,-44.0,73465.0,19.0,4293.0,-21.0,-5554.0,0.0,15154.0,28.0,137603.0,33.0,48988.0,,,,,,,,,,,,,,,,,,,,,,,,,,
150.7,14.0,10931.0,-45.0,73193.0,19.0,4281.0,-21.0,-5561.0,0.0,15065.0,28.0,137095.0,33.0,48808.0,,,,,,,,,,,,,,,,,,,,,,,,,,
150.73333333333332,14.0,10899.0,-45.0,72929.0,18.0,4269.0,-21.0,-5571.0,0.0,14970.0,28.0,136584.0,33.0,48629.0,,,,,,,,,,,,,,,,,,,,,,,,,,
150.76666666666668,15.0,10869.0,-45.0,72667.0,18.0,4260.0,-21.0,-5581.0,0.0,14875.0,28.0,136067.0,33.0,48452.0,,,,,,,,,,,,,,,,,,,,,,,,,,
150.8,15.0,10843.0,-45.0,72401.0,19.0,4249.0,-20.0,-5593.0,0.0,14789.0,28.0,135550.0,33.0,48279.0,,,,,,,,,,,,,,,,,,,,,,,,,,
150.83333333333334,15.0,10818.0,-44.0,72138.0,19.0,4236.0,-20.0,-5604.0,0.0,14704.0,28.0,135046.0,33.0,48102.0,,,,,,,,,,,,,,,,,,,,,,,,,,
150.86666666666667,15.0,10792.0,-43.0,71881.0,19.0,4221.0,-21.0,-5613.0,0.0,14627.0,28.0,134543.0,33.0,47922.0,,,,,,,,,,,,,,,,,,,,,,,,,,
150.9,15.0,10763.0,-43.0,71620.0,19.0,4207.0,-21.0,-5621.0,0.0,14554.0,28.0,134049.0,33.0,47740.0,,,,,,,,,,,,,,,,,,,,,,,,,,
150.93333333333334,15.0,10732.0,-42.0,71357.0,18.0,4195.0,-21.0,-5627.0,0.0,14476.0,28.0,133562.0,33.0,47560.0,,,,,,,,,,,,,,,,,,,,,,,,,,
150.96666666666667,16.0,10703.0,-42.0,71096.0,18.0,4184.0,-21.0,-5637.0,0.0,14397.0,29.0,133076.0,33.0,47384.0,,,,,,,,,,,,,,,,,,,,,,,,,,
151.0,16.0,10675.0,-42.0,70843.0,18.0,4174.0,-20.0,-5646.0,0.0,14318.0,30.0,132597.0,34.0,47216.0,,,,,,,,,,,,,,,,,,,,,,,,,,
151.03333333333333,16.0,10650.0,-42.0,70594.0,18.0,4166.0,-20.0,-5651.0,0.0,14237.0,30.0,132123.0,34.0,47054.0,,,,,,,,,,,,,,,,,,,,,,,,,,
151.06666666666666,15.0,10624.0,-43.0,70348.0,18.0,4159.0,-20.0,-5657.0,0.0,14156.0,30.0,131648.0,33.0,46893.0,,,,,,,,,,,,,,,,,,,,,,,,,,
151.1,15.0,10597.0,-43.0,70106.0,18.0,4147.0,-20.0,-5666.0,0.0,14075.0,30.0,131170.0,33.0,46731.0,,,,,,,,,,,,,,,,,,,,,,,,,,
151.13333333333333,14.0,10572.0,-43.0,69865.0,19.0,4129.0,-20.0,-5674.0,0.0,13988.0,29.0,130689.0,33.0,46572.0,,,,,,,,,,,,,,,,,,,,,,,,,,
151.16666666666666,13.0,10548.0,-43.0,69617.0,18.0,4109.0,-20.0,-5682.0,0.0,13897.0,29.0,130208.0,32.0,46410.0,,,,,,,,,,,,,,,,,,,,,,,,,,
151.2,13.0,10521.0,-43.0,69369.0,18.0,4091.0,-20.0,-5687.0,0.0,13812.0,29.0,129727.0,32.0,46243.0,,,,,,,,,,,,,,,,,,,,,,,,,,
151.23333333333332,13.0,10496.0,-43.0,69124.0,18.0,4077.0,-19.0,-5690.0,0.0,13728.0,28.0,129252.0,32.0,46082.0,,,,,,,,,,,,,,,,,,,,,,,,,,
151.26666666666668,13.0,10473.0,-43.0,68882.0,18.0,4067.0,-19.0,-5693.0,0.0,13643.0,27.0,128793.0,32.0,45922.0,,,,,,,,,,,,,,,,,,,,,,,,,,
151.3,13.0,10447.0,-43.0,68639.0,19.0,4058.0,-19.0,-5699.0,-1.0,13565.0,27.0,128335.0,32.0,45763.0,,,,,,,,,,,,,,,,,,,,,,,,,,
151.33333333333334,13.0,10423.0,-44.0,68397.0,19.0,4048.0,-20.0,-5706.0,-1.0,13488.0,28.0,127876.0,32.0,45613.0,,,,,,,,,,,,,,,,,,,,,,,,,,
151.36666666666667,13.0,10400.0,-43.0,68158.0,20.0,4039.0,-20.0,-5713.0,-1.0,13410.0,28.0,127427.0,32.0,45465.0,,,,,,,,,,,,,,,,,,,,,,,,,,
151.4,13.0,10377.0,-44.0,67924.0,20.0,4029.0,-20.0,-5720.0,-1.0,13335.0,28.0,126985.0,31.0,45315.0,,,,,,,,,,,,,,,,,,,,,,,,,,
151.43333333333334,14.0,10357.0,-44.0,67693.0,20.0,4018.0,-21.0,-5727.0,-1.0,13258.0,28.0,126543.0,31.0,45168.0,,,,,,,,,,,,,,,,,,,,,,,,,,
151.46666666666667,14.0,10337.0,-43.0,67465.0,20.0,4004.0,-21.0,-5730.0,-1.0,13183.0,29.0,126102.0,31.0,45017.0,,,,,,,,,,,,,,,,,,,,,,,,,,
151.5,14.0,10316.0,-43.0,67235.0,19.0,3990.0,-21.0,-5731.0,-1.0,13110.0,29.0,125666.0,31.0,44867.0,,,,,,,,,,,,,,,,,,,,,,,,,,
151.53333333333333,15.0,10292.0,-43.0,67004.0,19.0,3979.0,-20.0,-5736.0,-1.0,13033.0,29.0,125229.0,31.0,44714.0,,,,,,,,,,,,,,,,,,,,,,,,,,
151.56666666666666,16.0,10266.0,-43.0,66777.0,19.0,3966.0,-20.0,-5745.0,0.0,12952.0,28.0,124788.0,31.0,44560.0,,,,,,,,,,,,,,,,,,,,,,,,,,
151.6,15.0,10240.0,-42.0,66554.0,19.0,3953.0,-21.0,-5753.0,0.0,12873.0,28.0,124354.0,31.0,44404.0,,,,,,,,,,,,,,,,,,,,,,,,,,
151.63333333333333,15.0,10212.0,-42.0,66337.0,19.0,3942.0,-21.0,-5758.0,0.0,12800.0,28.0,123925.0,31.0,44254.0,,,,,,,,,,,,,,,,,,,,,,,,,,
151.66666666666666,14.0,10187.0,-42.0,66126.0,19.0,3931.0,-21.0,-5763.0,-1.0,12728.0,28.0,123494.0,31.0,44105.0,,,,,,,,,,,,,,,,,,,,,,,,,,
151.7,14.0,10165.0,-43.0,65915.0,19.0,3920.0,-21.0,-5771.0,-1.0,12660.0,28.0,123053.0,31.0,43959.0,,,,,,,,,,,,,,,,,,,,,,,,,,
151.73333333333332,14.0,10148.0,-44.0,65700.0,18.0,3909.0,-20.0,-5782.0,-1.0,12593.0,27.0,122618.0,31.0,43823.0,,,,,,,,,,,,,,,,,,,,,,,,,,
151.76666666666668,14.0,10128.0,-44.0,65484.0,17.0,3899.0,-19.0,-5794.0,-2.0,12522.0,28.0,122187.0,31.0,43685.0,,,,,,,,,,,,,,,,,,,,,,,,,,
151.8,15.0,10104.0,-44.0,65271.0,17.0,3888.0,-19.0,-5806.0,-2.0,12453.0,28.0,121763.0,31.0,43544.0,,,,,,,,,,,,,,,,,,,,,,,,,,
151.83333333333334,15.0,10080.0,-44.0,65055.0,17.0,3878.0,-19.0,-5814.0,-1.0,12385.0,28.0,121351.0,31.0,43402.0,,,,,,,,,,,,,,,,,,,,,,,,,,
151.86666666666667,15.0,10056.0,-44.0,64847.0,16.0,3872.0,-18.0,-5822.0,-1.0,12314.0,28.0,120934.0,32.0,43263.0,,,,,,,,,,,,,,,,,,,,,,,,,,
151.9,15.0,10033.0,-44.0,64638.0,16.0,3865.0,-18.0,-5829.0,-1.0,12247.0,28.0,120511.0,32.0,43130.0,,,,,,,,,,,,,,,,,,,,,,,,,,
151.93333333333334,15.0,10010.0,-44.0,64434.0,17.0,3855.0,-18.0,-5836.0,-1.0,12181.0,28.0,120094.0,32.0,42994.0,,,,,,,,,,,,,,,,,,,,,,,,,,
151.96666666666667,14.0,9987.0,-44.0,64230.0,17.0,3844.0,-19.0,-5843.0,-1.0,12110.0,28.0,119679.0,32.0,42856.0,,,,,,,,,,,,,,,,,,,,,,,,,,
152.0,14.0,9967.0,-43.0,64022.0,18.0,3829.0,-19.0,-5846.0,-1.0,12039.0,28.0,119263.0,32.0,42716.0,,,,,,,,,,,,,,,,,,,,,,,,,,
152.03333333333333,15.0,9948.0,-43.0,63818.0,18.0,3817.0,-19.0,-5850.0,-2.0,11969.0,28.0,118855.0,33.0,42581.0,,,,,,,,,,,,,,,,,,,,,,,,,,
152.06666666666666,15.0,9929.0,-43.0,63615.0,19.0,3808.0,-19.0,-5856.0,-2.0,11899.0,29.0,118445.0,33.0,42445.0,,,,,,,,,,,,,,,,,,,,,,,,,,
152.1,16.0,9910.0,-44.0,63418.0,18.0,3799.0,-19.0,-5861.0,-2.0,11826.0,29.0,118036.0,33.0,42311.0,,,,,,,,,,,,,,,,,,,,,,,,,,
152.13333333333333,15.0,9890.0,-44.0,63216.0,18.0,3788.0,-19.0,-5866.0,-2.0,11753.0,29.0,117634.0,32.0,42179.0,,,,,,,,,,,,,,,,,,,,,,,,,,
152.16666666666666,15.0,9870.0,-44.0,63009.0,17.0,3775.0,-19.0,-5871.0,-1.0,11685.0,29.0,117241.0,31.0,42051.0,,,,,,,,,,,,,,,,,,,,,,,,,,
152.2,15.0,9852.0,-44.0,62801.0,17.0,3763.0,-19.0,-5880.0,-1.0,11621.0,29.0,116847.0,31.0,41923.0,,,,,,,,,,,,,,,,,,,,,,,,,,
152.23333333333332,15.0,9835.0,-44.0,62592.0,17.0,3752.0,-18.0,-5891.0,-1.0,11559.0,29.0,116447.0,30.0,41792.0,,,,,,,,,,,,,,,,,,,,,,,,,,
152.26666666666668,15.0,9819.0,-44.0,62390.0,18.0,3741.0,-19.0,-5904.0,0.0,11494.0,29.0,116048.0,30.0,41666.0,,,,,,,,,,,,,,,,,,,,,,,,,,
152.3,15.0,9802.0,-44.0,62195.0,18.0,3731.0,-19.0,-5917.0,0.0,11428.0,29.0,115652.0,29.0,41534.0,,,,,,,,,,,,,,,,,,,,,,,,,,
152.33333333333334,15.0,9785.0,-44.0,62003.0,18.0,3722.0,-20.0,-5926.0,0.0,11361.0,29.0,115255.0,30.0,41403.0,,,,,,,,,,,,,,,,,,,,,,,,,,
152.36666666666667,15.0,9765.0,-44.0,61813.0,18.0,3711.0,-20.0,-5931.0,0.0,11298.0,28.0,114859.0,30.0,41276.0,,,,,,,,,,,,,,,,,,,,,,,,,,
152.4,15.0,9742.0,-45.0,61627.0,18.0,3703.0,-19.0,-5939.0,0.0,11234.0,28.0,114473.0,30.0,41147.0,,,,,,,,,,,,,,,,,,,,,,,,,,
152.43333333333334,15.0,9720.0,-45.0,61439.0,17.0,3697.0,-19.0,-5948.0,0.0,11163.0,28.0,114091.0,30.0,41022.0,,,,,,,,,,,,,,,,,,,,,,,,,,
152.46666666666667,15.0,9693.0,-45.0,61241.0,17.0,3691.0,-19.0,-5953.0,0.0,11093.0,28.0,113711.0,31.0,40898.0,,,,,,,,,,,,,,,,,,,,,,,,,,
152.5,16.0,9665.0,-45.0,61041.0,17.0,3686.0,-18.0,-5960.0,0.0,11027.0,28.0,113337.0,31.0,40773.0,,,,,,,,,,,,,,,,,,,,,,,,,,
152.53333333333333,16.0,9640.0,-45.0,60847.0,17.0,3680.0,-18.0,-5968.0,0.0,10964.0,28.0,112958.0,31.0,40648.0,,,,,,,,,,,,,,,,,,,,,,,,,,
152.56666666666666,16.0,9620.0,-46.0,60661.0,17.0,3671.0,-18.0,-5974.0,0.0,10898.0,29.0,112580.0,30.0,40529.0,,,,,,,,,,,,,,,,,,,,,,,,,,
152.6,16.0,9599.0,-46.0,60476.0,17.0,3664.0,-19.0,-5979.0,0.0,10835.0,29.0,112205.0,30.0,40410.0,,,,,,,,,,,,,,,,,,,,,,,,,,
152.63333333333333,16.0,9575.0,-45.0,60292.0,17.0,3657.0,-19.0,-5981.0,0.0,10773.0,29.0,111833.0,30.0,40291.0,,,,,,,,,,,,,,,,,,,,,,,,,,
152.66666666666666,16.0,9557.0,-45.0,60104.0,16.0,3650.0,-19.0,-5983.0,-1.0,10712.0,29.0,111467.0,29.0,40176.0,,,,,,,,,,,,,,,,,,,,,,,,,,
152.7,16.0,9547.0,-45.0,59915.0,17.0,3646.0,-19.0,-5985.0,-1.0,10648.0,30.0,111108.0,29.0,40058.0,,,,,,,,,,,,,,,,,,,,,,,,,,
152.73333333333332,16.0,9537.0,-45.0,59725.0,17.0,3639.0,-20.0,-5988.0,-1.0,10580.0,29.0,110749.0,29.0,39940.0,,,,,,,,,,,,,,,,,,,,,,,,,,
152.76666666666668,15.0,9522.0,-45.0,59539.0,18.0,3632.0,-20.0,-5994.0,-1.0,10515.0,29.0,110380.0,29.0,39828.0,,,,,,,,,,,,,,,,,,,,,,,,,,
152.8,15.0,9504.0,-45.0,59360.0,17.0,3628.0,-20.0,-6002.0,-1.0,10454.0,28.0,110006.0,29.0,39714.0,,,,,,,,,,,,,,,,,,,,,,,,,,
152.83333333333334,16.0,9490.0,-45.0,59180.0,17.0,3624.0,-20.0,-6010.0,-1.0,10401.0,28.0,109646.0,29.0,39596.0,,,,,,,,,,,,,,,,,,,,,,,,,,
152.86666666666667,15.0,9475.0,-44.0,59003.0,17.0,3621.0,-20.0,-6018.0,-1.0,10345.0,28.0,109293.0,29.0,39479.0,,,,,,,,,,,,,,,,,,,,,,,,,,
152.9,16.0,9457.0,-44.0,58827.0,18.0,3612.0,-20.0,-6023.0,-1.0,10281.0,27.0,108938.0,30.0,39362.0,,,,,,,,,,,,,,,,,,,,,,,,,,
152.93333333333334,16.0,9434.0,-45.0,58653.0,18.0,3600.0,-20.0,-6029.0,-1.0,10220.0,27.0,108584.0,30.0,39245.0,,,,,,,,,,,,,,,,,,,,,,,,,,
152.96666666666667,16.0,9414.0,-45.0,58480.0,19.0,3589.0,-20.0,-6034.0,-1.0,10160.0,27.0,108227.0,30.0,39129.0,,,,,,,,,,,,,,,,,,,,,,,,,,
153.0,16.0,9399.0,-46.0,58304.0,19.0,3579.0,-20.0,-6040.0,-1.0,10103.0,27.0,107868.0,30.0,39013.0,,,,,,,,,,,,,,,,,,,,,,,,,,
153.03333333333333,15.0,9383.0,-47.0,58125.0,19.0,3570.0,-20.0,-6046.0,-1.0,10048.0,27.0,107516.0,31.0,38901.0,,,,,,,,,,,,,,,,,,,,,,,,,,
153.06666666666666,15.0,9367.0,-47.0,57945.0,18.0,3561.0,-20.0,-6050.0,-1.0,9992.0,27.0,107167.0,31.0,38789.0,,,,,,,,,,,,,,,,,,,,,,,,,,
153.1,15.0,9348.0,-46.0,57759.0,18.0,3551.0,-20.0,-6055.0,-1.0,9935.0,28.0,106825.0,31.0,38683.0,,,,,,,,,,,,,,,,,,,,,,,,,,
153.13333333333333,15.0,9325.0,-45.0,57577.0,18.0,3539.0,-20.0,-6063.0,-1.0,9878.0,29.0,106486.0,31.0,38576.0,,,,,,,,,,,,,,,,,,,,,,,,,,
153.16666666666666,15.0,9303.0,-45.0,57393.0,18.0,3529.0,-20.0,-6072.0,-1.0,9817.0,29.0,106139.0,31.0,38467.0,,,,,,,,,,,,,,,,,,,,,,,,,,
153.2,15.0,9282.0,-45.0,57205.0,18.0,3525.0,-20.0,-6077.0,-1.0,9754.0,29.0,105792.0,31.0,38362.0,,,,,,,,,,,,,,,,,,,,,,,,,,
153.23333333333332,15.0,9261.0,-45.0,57021.0,19.0,3519.0,-20.0,-6083.0,-1.0,9691.0,29.0,105451.0,31.0,38259.0,,,,,,,,,,,,,,,,,,,,,,,,,,
153.26666666666668,15.0,9247.0,-45.0,56847.0,19.0,3509.0,-20.0,-6090.0,0.0,9634.0,29.0,105109.0,31.0,38159.0,,,,,,,,,,,,,,,,,,,,,,,,,,
153.3,15.0,9231.0,-45.0,56685.0,19.0,3502.0,-20.0,-6095.0,0.0,9576.0,29.0,104767.0,30.0,38055.0,,,,,,,,,,,,,,,,,,,,,,,,,,
153.33333333333334,16.0,9214.0,-45.0,56525.0,19.0,3495.0,-20.0,-6097.0,0.0,9520.0,29.0,104426.0,30.0,37953.0,,,,,,,,,,,,,,,,,,,,,,,,,,
153.36666666666667,16.0,9196.0,-45.0,56368.0,19.0,3489.0,-20.0,-6097.0,-1.0,9468.0,29.0,104089.0,30.0,37853.0,,,,,,,,,,,,,,,,,,,,,,,,,,
153.4,15.0,9176.0,-44.0,56202.0,19.0,3485.0,-20.0,-6097.0,0.0,9410.0,28.0,103762.0,31.0,37756.0,,,,,,,,,,,,,,,,,,,,,,,,,,
153.43333333333334,15.0,9159.0,-44.0,56029.0,18.0,3481.0,-20.0,-6100.0,-1.0,9352.0,29.0,103438.0,31.0,37658.0,,,,,,,,,,,,,,,,,,,,,,,,,,
153.46666666666667,15.0,9142.0,-44.0,55862.0,18.0,3474.0,-20.0,-6108.0,-1.0,9295.0,29.0,103114.0,31.0,37563.0,,,,,,,,,,,,,,,,,,,,,,,,,,
153.5,15.0,9128.0,-43.0,55696.0,17.0,3465.0,-20.0,-6121.0,-1.0,9242.0,28.0,102788.0,31.0,37467.0,,,,,,,,,,,,,,,,,,,,,,,,,,
153.53333333333333,15.0,9117.0,-44.0,55528.0,17.0,3454.0,-20.0,-6132.0,-1.0,9186.0,28.0,102467.0,32.0,37370.0,,,,,,,,,,,,,,,,,,,,,,,,,,
153.56666666666666,14.0,9102.0,-44.0,55361.0,17.0,3444.0,-20.0,-6141.0,-2.0,9130.0,28.0,102151.0,32.0,37277.0,,,,,,,,,,,,,,,,,,,,,,,,,,
153.6,14.0,9088.0,-44.0,55197.0,18.0,3434.0,-20.0,-6149.0,-2.0,9078.0,28.0,101832.0,31.0,37179.0,,,,,,,,,,,,,,,,,,,,,,,,,,
153.63333333333333,15.0,9075.0,-44.0,55037.0,18.0,3426.0,-20.0,-6160.0,-3.0,9030.0,28.0,101510.0,31.0,37074.0,,,,,,,,,,,,,,,,,,,,,,,,,,
153.66666666666666,15.0,9065.0,-44.0,54875.0,18.0,3419.0,-20.0,-6171.0,-3.0,8981.0,27.0,101188.0,30.0,36969.0,,,,,,,,,,,,,,,,,,,,,,,,,,
153.7,15.0,9055.0,-44.0,54711.0,18.0,3409.0,-20.0,-6182.0,-3.0,8925.0,27.0,100867.0,30.0,36864.0,,,,,,,,,,,,,,,,,,,,,,,,,,
153.73333333333332,16.0,9040.0,-44.0,54545.0,17.0,3403.0,-19.0,-6189.0,-3.0,8869.0,27.0,100537.0,29.0,36761.0,,,,,,,,,,,,,,,,,,,,,,,,,,
153.76666666666668,16.0,9019.0,-44.0,54383.0,18.0,3403.0,-19.0,-6194.0,-3.0,8809.0,28.0,100209.0,29.0,36662.0,,,,,,,,,,,,,,,,,,,,,,,,,,
153.8,16.0,9002.0,-44.0,54225.0,18.0,3399.0,-18.0,-6197.0,-3.0,8746.0,28.0,99884.0,29.0,36564.0,,,,,,,,,,,,,,,,,,,,,,,,,,
153.83333333333334,16.0,8990.0,-44.0,54072.0,18.0,3394.0,-18.0,-6196.0,-3.0,8689.0,29.0,99566.0,29.0,36469.0,,,,,,,,,,,,,,,,,,,,,,,,,,
153.86666666666667,16.0,8981.0,-44.0,53916.0,18.0,3390.0,-18.0,-6194.0,-2.0,8637.0,29.0,99260.0,29.0,36371.0,,,,,,,,,,,,,,,,,,,,,,,,,,
153.9,16.0,8970.0,-44.0,53762.0,18.0,3385.0,-19.0,-6198.0,-2.0,8585.0,30.0,98961.0,29.0,36278.0,,,,,,,,,,,,,,,,,,,,,,,,,,
153.93333333333334,16.0,8954.0,-45.0,53604.0,18.0,3376.0,-19.0,-6204.0,-2.0,8535.0,30.0,98655.0,29.0,36191.0,,,,,,,,,,,,,,,,,,,,,,,,,,
153.96666666666667,15.0,8940.0,-45.0,53447.0,18.0,3367.0,-19.0,-6212.0,-3.0,8484.0,30.0,98347.0,29.0,36101.0,,,,,,,,,,,,,,,,,,,,,,,,,,
154.0,15.0,8927.0,-45.0,53288.0,18.0,3358.0,-20.0,-6218.0,-3.0,8433.0,30.0,98043.0,30.0,36009.0,,,,,,,,,,,,,,,,,,,,,,,,,,
154.03333333333333,15.0,8911.0,-45.0,53125.0,18.0,3349.0,-20.0,-6223.0,-2.0,8386.0,29.0,97741.0,29.0,35917.0,,,,,,,,,,,,,,,,,,,,,,,,,,
154.06666666666666,15.0,8896.0,-46.0,52964.0,18.0,3343.0,-20.0,-6227.0,-2.0,8340.0,29.0,97437.0,29.0,35822.0,,,,,,,,,,,,,,,,,,,,,,,,,,
154.1,15.0,8878.0,-46.0,52804.0,18.0,3337.0,-20.0,-6232.0,-2.0,8291.0,29.0,97135.0,29.0,35730.0,,,,,,,,,,,,,,,,,,,,,,,,,,
154.13333333333333,16.0,8857.0,-45.0,52648.0,18.0,3327.0,-20.0,-6239.0,-2.0,8239.0,29.0,96836.0,29.0,35640.0,,,,,,,,,,,,,,,,,,,,,,,,,,
154.16666666666666,16.0,8838.0,-45.0,52497.0,18.0,3316.0,-20.0,-6248.0,-2.0,8192.0,29.0,96547.0,29.0,35551.0,,,,,,,,,,,,,,,,,,,,,,,,,,
154.2,17.0,8823.0,-45.0,52352.0,18.0,3308.0,-20.0,-6257.0,-2.0,8146.0,28.0,96259.0,29.0,35460.0,,,,,,,,,,,,,,,,,,,,,,,,,,
154.23333333333332,16.0,8809.0,-45.0,52205.0,18.0,3297.0,-20.0,-6265.0,-2.0,8102.0,28.0,95970.0,29.0,35366.0,,,,,,,,,,,,,,,,,,,,,,,,,,
154.26666666666668,16.0,8795.0,-44.0,52058.0,18.0,3287.0,-20.0,-6270.0,-1.0,8055.0,28.0,95690.0,29.0,35276.0,,,,,,,,,,,,,,,,,,,,,,,,,,
154.3,16.0,8783.0,-44.0,51912.0,18.0,3282.0,-19.0,-6276.0,0.0,8010.0,28.0,95414.0,29.0,35188.0,,,,,,,,,,,,,,,,,,,,,,,,,,
154.33333333333334,17.0,8773.0,-45.0,51768.0,18.0,3280.0,-20.0,-6282.0,0.0,7963.0,29.0,95137.0,30.0,35103.0,,,,,,,,,,,,,,,,,,,,,,,,,,
154.36666666666667,17.0,8767.0,-45.0,51624.0,18.0,3276.0,-20.0,-6286.0,0.0,7914.0,30.0,94856.0,30.0,35022.0,,,,,,,,,,,,,,,,,,,,,,,,,,
154.4,16.0,8761.0,-45.0,51476.0,18.0,3265.0,-20.0,-6294.0,0.0,7866.0,30.0,94576.0,30.0,34938.0,,,,,,,,,,,,,,,,,,,,,,,,,,
154.43333333333334,16.0,8748.0,-45.0,51333.0,17.0,3253.0,-20.0,-6302.0,0.0,7818.0,30.0,94301.0,29.0,34856.0,,,,,,,,,,,,,,,,,,,,,,,,,,
154.46666666666667,16.0,8732.0,-45.0,51188.0,17.0,3243.0,-20.0,-6309.0,0.0,7770.0,29.0,94021.0,29.0,34771.0,,,,,,,,,,,,,,,,,,,,,,,,,,
154.5,16.0,8717.0,-45.0,51035.0,17.0,3237.0,-19.0,-6316.0,0.0,7721.0,28.0,93741.0,30.0,34682.0,,,,,,,,,,,,,,,,,,,,,,,,,,
154.53333333333333,17.0,8702.0,-46.0,50880.0,18.0,3232.0,-19.0,-6316.0,-1.0,7669.0,27.0,93458.0,29.0,34594.0,,,,,,,,,,,,,,,,,,,,,,,,,,
154.56666666666666,17.0,8686.0,-45.0,50724.0,19.0,3229.0,-20.0,-6317.0,-1.0,7614.0,27.0,93175.0,29.0,34505.0,,,,,,,,,,,,,,,,,,,,,,,,,,
154.6,17.0,8674.0,-46.0,50575.0,18.0,3223.0,-20.0,-6323.0,-1.0,7565.0,27.0,92896.0,29.0,34422.0,,,,,,,,,,,,,,,,,,,,,,,,,,
154.63333333333333,16.0,8664.0,-46.0,50431.0,17.0,3217.0,-20.0,-6332.0,-1.0,7519.0,27.0,92618.0,29.0,34341.0,,,,,,,,,,,,,,,,,,,,,,,,,,
154.66666666666666,16.0,8649.0,-46.0,50291.0,17.0,3216.0,-20.0,-6340.0,-1.0,7476.0,28.0,92337.0,29.0,34256.0,,,,,,,,,,,,,,,,,,,,,,,,,,
154.7,16.0,8632.0,-45.0,50157.0,17.0,3214.0,-20.0,-6347.0,-1.0,7431.0,28.0,92065.0,29.0,34172.0,,,,,,,,,,,,,,,,,,,,,,,,,,
154.73333333333332,16.0,8618.0,-45.0,50020.0,16.0,3213.0,-20.0,-6353.0,-1.0,7385.0,29.0,91803.0,29.0,34088.0,,,,,,,,,,,,,,,,,,,,,,,,,,
154.76666666666668,16.0,8602.0,-45.0,49878.0,16.0,3212.0,-20.0,-6358.0,-1.0,7341.0,30.0,91545.0,29.0,34003.0,,,,,,,,,,,,,,,,,,,,,,,,,,
154.8,15.0,8585.0,-45.0,49736.0,17.0,3209.0,-20.0,-6364.0,-2.0,7298.0,30.0,91287.0,28.0,33919.0,,,,,,,,,,,,,,,,,,,,,,,,,,
154.83333333333334,15.0,8568.0,-45.0,49600.0,18.0,3205.0,-20.0,-6372.0,-2.0,7252.0,31.0,91023.0,27.0,33836.0,,,,,,,,,,,,,,,,,,,,,,,,,,
154.86666666666667,15.0,8555.0,-45.0,49463.0,18.0,3200.0,-19.0,-6379.0,-1.0,7207.0,31.0,90762.0,27.0,33755.0,,,,,,,,,,,,,,,,,,,,,,,,,,
154.9,15.0,8546.0,-45.0,49326.0,18.0,3195.0,-19.0,-6385.0,0.0,7164.0,31.0,90504.0,28.0,33677.0,,,,,,,,,,,,,,,,,,,,,,,,,,
154.93333333333334,14.0,8535.0,-45.0,49189.0,18.0,3189.0,-19.0,-6390.0,-1.0,7120.0,31.0,90247.0,28.0,33597.0,,,,,,,,,,,,,,,,,,,,,,,,,,
154.96666666666667,14.0,8524.0,-45.0,49047.0,17.0,3183.0,-20.0,-6398.0,-1.0,7074.0,31.0,89994.0,28.0,33518.0,,,,,,,,,,,,,,,,,,,,,,,,,,
155.0,14.0,8514.0,-45.0,48907.0,17.0,3177.0,-20.0,-6407.0,-1.0,7022.0,31.0,89740.0,28.0,33437.0,,,,,,,,,,,,,,,,,,,,,,,,,,
155.03333333333333,14.0,8507.0,-45.0,48774.0,18.0,3167.0,-19.0,-6414.0,-1.0,6973.0,30.0,89480.0,29.0,33359.0,,,,,,,,,,,,,,,,,,,,,,,,,,
155.06666666666666,14.0,8498.0,-45.0,48641.0,18.0,3153.0,-19.0,-6419.0,-1.0,6929.0,31.0,89226.0,28.0,33282.0,,,,,,,,,,,,,,,,,,,,,,,,,,
155.1,13.0,8493.0,-45.0,48516.0,18.0,3143.0,-19.0,-6424.0,-1.0,6886.0,31.0,88977.0,28.0,33206.0,,,,,,,,,,,,,,,,,,,,,,,,,,
155.13333333333333,13.0,8488.0,-45.0,48392.0,18.0,3137.0,-18.0,-6428.0,-1.0,6841.0,32.0,88727.0,28.0,33133.0,,,,,,,,,,,,,,,,,,,,,,,,,,
155.16666666666666,13.0,8481.0,-45.0,48272.0,18.0,3134.0,-18.0,-6433.0,-1.0,6797.0,32.0,88481.0,28.0,33055.0,,,,,,,,,,,,,,,,,,,,,,,,,,
155.2,13.0,8470.0,-46.0,48150.0,17.0,3128.0,-19.0,-6440.0,0.0,6752.0,31.0,88238.0,28.0,32980.0,,,,,,,,,,,,,,,,,,,,,,,,,,
155.23333333333332,14.0,8456.0,-46.0,48028.0,17.0,3119.0,-19.0,-6447.0,0.0,6710.0,31.0,87996.0,28.0,32910.0,,,,,,,,,,,,,,,,,,,,,,,,,,
155.26666666666668,14.0,8440.0,-46.0,47903.0,17.0,3109.0,-19.0,-6450.0,0.0,6672.0,31.0,87745.0,28.0,32842.0,,,,,,,,,,,,,,,,,,,,,,,,,,
155.3,14.0,8426.0,-46.0,47775.0,17.0,3107.0,-19.0,-6455.0,0.0,6633.0,30.0,87492.0,28.0,32770.0,,,,,,,,,,,,,,,,,,,,,,,,,,
155.33333333333334,14.0,8416.0,-46.0,47644.0,17.0,3109.0,-19.0,-6461.0,0.0,6593.0,30.0,87245.0,29.0,32695.0,,,,,,,,,,,,,,,,,,,,,,,,,,
155.36666666666667,14.0,8405.0,-46.0,47511.0,16.0,3110.0,-20.0,-6466.0,0.0,6548.0,30.0,87008.0,28.0,32619.0,,,,,,,,,,,,,,,,,,,,,,,,,,
155.4,14.0,8393.0,-46.0,47381.0,16.0,3106.0,-20.0,-6471.0,0.0,6503.0,30.0,86776.0,28.0,32546.0,,,,,,,,,,,,,,,,,,,,,,,,,,
155.43333333333334,14.0,8385.0,-46.0,47253.0,16.0,3101.0,-20.0,-6477.0,0.0,6456.0,29.0,86538.0,28.0,32472.0,,,,,,,,,,,,,,,,,,,,,,,,,,
155.46666666666667,13.0,8377.0,-47.0,47126.0,15.0,3096.0,-20.0,-6483.0,0.0,6410.0,29.0,86293.0,28.0,32393.0,,,,,,,,,,,,,,,,,,,,,,,,,,
155.5,13.0,8367.0,-47.0,47000.0,15.0,3092.0,-19.0,-6487.0,0.0,6367.0,30.0,86050.0,28.0,32314.0,,,,,,,,,,,,,,,,,,,,,,,,,,
155.53333333333333,12.0,8358.0,-47.0,46876.0,16.0,3087.0,-19.0,-6496.0,0.0,6324.0,31.0,85815.0,28.0,32241.0,,,,,,,,,,,,,,,,,,,,,,,,,,
155.56666666666666,12.0,8349.0,-47.0,46755.0,16.0,3081.0,-19.0,-6507.0,0.0,6283.0,31.0,85587.0,28.0,32173.0,,,,,,,,,,,,,,,,,,,,,,,,,,
155.6,12.0,8341.0,-48.0,46635.0,17.0,3071.0,-19.0,-6517.0,0.0,6243.0,31.0,85356.0,29.0,32110.0,,,,,,,,,,,,,,,,,,,,,,,,,,
155.63333333333333,12.0,8334.0,-48.0,46511.0,17.0,3060.0,-19.0,-6523.0,0.0,6201.0,31.0,85128.0,29.0,32047.0,,,,,,,,,,,,,,,,,,,,,,,,,,
155.66666666666666,12.0,8328.0,-48.0,46383.0,16.0,3052.0,-19.0,-6527.0,-1.0,6161.0,31.0,84901.0,28.0,31980.0,,,,,,,,,,,,,,,,,,,,,,,,,,
155.7,12.0,8318.0,-47.0,46256.0,16.0,3048.0,-19.0,-6531.0,-2.0,6121.0,30.0,84673.0,27.0,31907.0,,,,,,,,,,,,,,,,,,,,,,,,,,
155.73333333333332,12.0,8304.0,-46.0,46133.0,15.0,3047.0,-20.0,-6535.0,-2.0,6087.0,29.0,84447.0,27.0,31834.0,,,,,,,,,,,,,,,,,,,,,,,,,,
155.76666666666668,12.0,8288.0,-46.0,46014.0,15.0,3042.0,-20.0,-6540.0,-1.0,6057.0,29.0,84221.0,26.0,31765.0,,,,,,,,,,,,,,,,,,,,,,,,,,
155.8,13.0,8272.0,-46.0,45897.0,15.0,3033.0,-19.0,-6547.0,0.0,6025.0,29.0,83993.0,27.0,31698.0,,,,,,,,,,,,,,,,,,,,,,,,,,
155.83333333333334,13.0,8260.0,-45.0,45781.0,15.0,3027.0,-19.0,-6556.0,0.0,5986.0,29.0,83770.0,27.0,31634.0,,,,,,,,,,,,,,,,,,,,,,,,,,
155.86666666666667,14.0,8248.0,-45.0,45665.0,15.0,3022.0,-19.0,-6564.0,0.0,5942.0,28.0,83551.0,27.0,31568.0,,,,,,,,,,,,,,,,,,,,,,,,,,
155.9,14.0,8236.0,-46.0,45549.0,15.0,3020.0,-20.0,-6569.0,-1.0,5898.0,28.0,83334.0,27.0,31500.0,,,,,,,,,,,,,,,,,,,,,,,,,,
155.93333333333334,15.0,8225.0,-45.0,45432.0,14.0,3019.0,-19.0,-6575.0,-1.0,5851.0,28.0,83120.0,28.0,31430.0,,,,,,,,,,,,,,,,,,,,,,,,,,
155.96666666666667,15.0,8213.0,-45.0,45314.0,15.0,3017.0,-18.0,-6582.0,-1.0,5805.0,29.0,82908.0,28.0,31363.0,,,,,,,,,,,,,,,,,,,,,,,,,,
156.0,14.0,8202.0,-45.0,45199.0,15.0,3014.0,-17.0,-6586.0,-1.0,5763.0,29.0,82694.0,28.0,31299.0,,,,,,,,,,,,,,,,,,,,,,,,,,
156.03333333333333,14.0,8195.0,-45.0,45084.0,16.0,3009.0,-17.0,-6587.0,0.0,5728.0,29.0,82478.0,29.0,31234.0,,,,,,,,,,,,,,,,,,,,,,,,,,
156.06666666666666,14.0,8190.0,-45.0,44968.0,16.0,3006.0,-17.0,-6588.0,0.0,5689.0,30.0,82266.0,29.0,31172.0,,,,,,,,,,,,,,,,,,,,,,,,,,
156.1,15.0,8186.0,-46.0,44855.0,15.0,3005.0,-17.0,-6589.0,0.0,5648.0,30.0,82060.0,29.0,31105.0,,,,,,,,,,,,,,,,,,,,,,,,,,
156.13333333333333,15.0,8186.0,-46.0,44744.0,15.0,3002.0,-17.0,-6591.0,0.0,5608.0,30.0,81854.0,28.0,31036.0,,,,,,,,,,,,,,,,,,,,,,,,,,
156.16666666666666,15.0,8184.0,-46.0,44631.0,16.0,2998.0,-17.0,-6593.0,0.0,5574.0,30.0,81652.0,28.0,30970.0,,,,,,,,,,,,,,,,,,,,,,,,,,
156.2,14.0,8174.0,-46.0,44519.0,17.0,2991.0,-17.0,-6593.0,0.0,5542.0,30.0,81450.0,28.0,30904.0,,,,,,,,,,,,,,,,,,,,,,,,,,
156.23333333333332,14.0,8160.0,-46.0,44407.0,17.0,2985.0,-18.0,-6597.0,0.0,5510.0,30.0,81242.0,28.0,30841.0,,,,,,,,,,,,,,,,,,,,,,,,,,
156.26666666666668,14.0,8146.0,-46.0,44289.0,17.0,2979.0,-19.0,-6602.0,0.0,5474.0,29.0,81035.0,28.0,30775.0,,,,,,,,,,,,,,,,,,,,,,,,,,
156.3,14.0,8135.0,-46.0,44171.0,18.0,2971.0,-19.0,-6605.0,0.0,5436.0,29.0,80831.0,28.0,30708.0,,,,,,,,,,,,,,,,,,,,,,,,,,
156.33333333333334,14.0,8126.0,-46.0,44061.0,18.0,2965.0,-19.0,-6608.0,0.0,5393.0,29.0,80629.0,27.0,30640.0,,,,,,,,,,,,,,,,,,,,,,,,,,
156.36666666666667,14.0,8118.0,-46.0,43951.0,18.0,2963.0,-19.0,-6615.0,-1.0,5347.0,28.0,80428.0,27.0,30577.0,,,,,,,,,,,,,,,,,,,,,,,,,,
156.4,14.0,8111.0,-45.0,43841.0,17.0,2964.0,-19.0,-6624.0,-1.0,5301.0,28.0,80225.0,27.0,30517.0,,,,,,,,,,,,,,,,,,,,,,,,,,
156.43333333333334,14.0,8105.0,-45.0,43736.0,17.0,2963.0,-19.0,-6633.0,-1.0,5265.0,29.0,80026.0,27.0,30456.0,,,,,,,,,,,,,,,,,,,,,,,,,,
156.46666666666667,15.0,8100.0,-46.0,43633.0,17.0,2960.0,-19.0,-6638.0,-1.0,5232.0,29.0,79828.0,26.0,30393.0,,,,,,,,,,,,,,,,,,,,,,,,,,
156.5,15.0,8097.0,-46.0,43525.0,17.0,2957.0,-18.0,-6645.0,-1.0,5200.0,28.0,79626.0,26.0,30330.0,,,,,,,,,,,,,,,,,,,,,,,,,,
156.53333333333333,15.0,8089.0,-47.0,43421.0,17.0,2952.0,-18.0,-6649.0,0.0,5169.0,29.0,79433.0,26.0,30270.0,,,,,,,,,,,,,,,,,,,,,,,,,,
156.56666666666666,15.0,8081.0,-47.0,43321.0,16.0,2945.0,-17.0,-6657.0,0.0,5130.0,29.0,79240.0,27.0,30210.0,,,,,,,,,,,,,,,,,,,,,,,,,,
156.6,14.0,8072.0,-47.0,43225.0,16.0,2943.0,-17.0,-6665.0,0.0,5090.0,29.0,79046.0,27.0,30152.0,,,,,,,,,,,,,,,,,,,,,,,,,,
156.63333333333333,15.0,8062.0,-47.0,43120.0,17.0,2939.0,-17.0,-6672.0,0.0,5052.0,29.0,78849.0,28.0,30088.0,,,,,,,,,,,,,,,,,,,,,,,,,,
156.66666666666666,14.0,8053.0,-47.0,43016.0,17.0,2934.0,-18.0,-6676.0,0.0,5012.0,29.0,78651.0,28.0,30020.0,,,,,,,,,,,,,,,,,,,,,,,,,,
156.7,14.0,8044.0,-47.0,42917.0,16.0,2928.0,-18.0,-6676.0,0.0,4975.0,29.0,78462.0,28.0,29951.0,,,,,,,,,,,,,,,,,,,,,,,,,,
156.73333333333332,13.0,8035.0,-46.0,42817.0,16.0,2924.0,-18.0,-6678.0,-1.0,4938.0,28.0,78282.0,28.0,29887.0,,,,,,,,,,,,,,,,,,,,,,,,,,
156.76666666666668,12.0,8027.0,-46.0,42716.0,16.0,2923.0,-18.0,-6683.0,-1.0,4900.0,28.0,78101.0,28.0,29829.0,,,,,,,,,,,,,,,,,,,,,,,,,,
156.8,12.0,8025.0,-46.0,42614.0,16.0,2921.0,-19.0,-6692.0,-1.0,4863.0,28.0,77916.0,29.0,29770.0,,,,,,,,,,,,,,,,,,,,,,,,,,
156.83333333333334,12.0,8020.0,-45.0,42510.0,15.0,2919.0,-19.0,-6699.0,-1.0,4822.0,29.0,77732.0,29.0,29708.0,,,,,,,,,,,,,,,,,,,,,,,,,,
156.86666666666667,12.0,8010.0,-45.0,42408.0,16.0,2913.0,-19.0,-6701.0,-1.0,4786.0,29.0,77551.0,29.0,29652.0,,,,,,,,,,,,,,,,,,,,,,,,,,
156.9,12.0,7997.0,-45.0,42306.0,16.0,2908.0,-18.0,-6703.0,0.0,4752.0,29.0,77364.0,30.0,29595.0,,,,,,,,,,,,,,,,,,,,,,,,,,
156.93333333333334,13.0,7986.0,-44.0,42204.0,16.0,2902.0,-17.0,-6705.0,-1.0,4721.0,29.0,77177.0,30.0,29540.0,,,,,,,,,,,,,,,,,,,,,,,,,,
156.96666666666667,13.0,7971.0,-45.0,42106.0,16.0,2898.0,-17.0,-6709.0,-1.0,4691.0,29.0,76997.0,30.0,29484.0,,,,,,,,,,,,,,,,,,,,,,,,,,
157.0,12.0,7952.0,-45.0,42003.0,17.0,2894.0,-17.0,-6712.0,-1.0,4661.0,28.0,76815.0,29.0,29420.0,,,,,,,,,,,,,,,,,,,,,,,,,,
157.03333333333333,12.0,7935.0,-45.0,41901.0,16.0,2891.0,-17.0,-6712.0,-1.0,4628.0,28.0,76630.0,30.0,29363.0,,,,,,,,,,,,,,,,,,,,,,,,,,
157.06666666666666,12.0,7923.0,-46.0,41802.0,17.0,2887.0,-17.0,-6711.0,-1.0,4589.0,28.0,76450.0,30.0,29311.0,,,,,,,,,,,,,,,,,,,,,,,,,,
157.1,12.0,7913.0,-46.0,41703.0,17.0,2883.0,-17.0,-6717.0,-1.0,4548.0,28.0,76270.0,30.0,29254.0,,,,,,,,,,,,,,,,,,,,,,,,,,
157.13333333333333,13.0,7910.0,-45.0,41607.0,17.0,2877.0,-18.0,-6721.0,-1.0,4505.0,28.0,76085.0,30.0,29194.0,,,,,,,,,,,,,,,,,,,,,,,,,,
157.16666666666666,13.0,7906.0,-45.0,41514.0,16.0,2872.0,-18.0,-6726.0,-1.0,4463.0,29.0,75907.0,30.0,29136.0,,,,,,,,,,,,,,,,,,,,,,,,,,
157.2,13.0,7901.0,-45.0,41423.0,16.0,2868.0,-18.0,-6733.0,-1.0,4425.0,29.0,75726.0,29.0,29078.0,,,,,,,,,,,,,,,,,,,,,,,,,,
157.23333333333332,14.0,7897.0,-45.0,41337.0,15.0,2867.0,-19.0,-6739.0,-1.0,4389.0,28.0,75544.0,29.0,29022.0,,,,,,,,,,,,,,,,,,,,,,,,,,
157.26666666666668,14.0,7891.0,-45.0,41256.0,15.0,2868.0,-19.0,-6745.0,-1.0,4356.0,27.0,75366.0,29.0,28962.0,,,,,,,,,,,,,,,,,,,,,,,,,,
157.3,15.0,7882.0,-45.0,41172.0,15.0,2864.0,-18.0,-6750.0,-1.0,4325.0,28.0,75191.0,29.0,28899.0,,,,,,,,,,,,,,,,,,,,,,,,,,
157.33333333333334,14.0,7874.0,-45.0,41083.0,15.0,2860.0,-18.0,-6752.0,-2.0,4293.0,28.0,75017.0,29.0,28843.0,,,,,,,,,,,,,,,,,,,,,,,,,,
157.36666666666667,14.0,7872.0,-46.0,40991.0,15.0,2854.0,-17.0,-6753.0,-2.0,4262.0,28.0,74845.0,29.0,28787.0,,,,,,,,,,,,,,,,,,,,,,,,,,
157.4,13.0,7868.0,-46.0,40899.0,15.0,2850.0,-17.0,-6758.0,-2.0,4228.0,28.0,74676.0,29.0,28736.0,,,,,,,,,,,,,,,,,,,,,,,,,,
157.43333333333334,13.0,7860.0,-46.0,40808.0,16.0,2843.0,-17.0,-6764.0,-2.0,4194.0,28.0,74504.0,29.0,28685.0,,,,,,,,,,,,,,,,,,,,,,,,,,
157.46666666666667,13.0,7849.0,-46.0,40714.0,16.0,2836.0,-17.0,-6770.0,-3.0,4160.0,28.0,74334.0,29.0,28628.0,,,,,,,,,,,,,,,,,,,,,,,,,,
157.5,13.0,7842.0,-46.0,40624.0,16.0,2830.0,-18.0,-6774.0,-3.0,4128.0,28.0,74172.0,29.0,28568.0,,,,,,,,,,,,,,,,,,,,,,,,,,
157.53333333333333,13.0,7833.0,-46.0,40536.0,17.0,2825.0,-18.0,-6773.0,-3.0,4097.0,28.0,74006.0,29.0,28515.0,,,,,,,,,,,,,,,,,,,,,,,,,,
157.56666666666666,13.0,7823.0,-46.0,40449.0,17.0,2823.0,-18.0,-6771.0,-3.0,4069.0,28.0,73833.0,29.0,28464.0,,,,,,,,,,,,,,,,,,,,,,,,,,
157.6,13.0,7810.0,-46.0,40360.0,17.0,2820.0,-18.0,-6772.0,-3.0,4040.0,28.0,73667.0,29.0,28414.0,,,,,,,,,,,,,,,,,,,,,,,,,,
157.63333333333333,13.0,7801.0,-46.0,40275.0,17.0,2816.0,-18.0,-6774.0,-3.0,4011.0,28.0,73513.0,29.0,28360.0,,,,,,,,,,,,,,,,,,,,,,,,,,
157.66666666666666,13.0,7795.0,-45.0,40191.0,17.0,2813.0,-19.0,-6778.0,-3.0,3977.0,28.0,73354.0,29.0,28306.0,,,,,,,,,,,,,,,,,,,,,,,,,,
157.7,12.0,7792.0,-45.0,40104.0,17.0,2809.0,-19.0,-6784.0,-3.0,3938.0,28.0,73187.0,29.0,28255.0,,,,,,,,,,,,,,,,,,,,,,,,,,
157.73333333333332,12.0,7790.0,-46.0,40015.0,17.0,2806.0,-19.0,-6786.0,-3.0,3901.0,27.0,73014.0,29.0,28205.0,,,,,,,,,,,,,,,,,,,,,,,,,,
157.76666666666668,12.0,7791.0,-46.0,39927.0,16.0,2803.0,-19.0,-6790.0,-3.0,3865.0,27.0,72847.0,29.0,28151.0,,,,,,,,,,,,,,,,,,,,,,,,,,
157.8,11.0,7786.0,-46.0,39837.0,16.0,2800.0,-19.0,-6798.0,-3.0,3834.0,27.0,72685.0,29.0,28100.0,,,,,,,,,,,,,,,,,,,,,,,,,,
157.83333333333334,11.0,7779.0,-46.0,39748.0,16.0,2799.0,-18.0,-6807.0,-2.0,3804.0,26.0,72530.0,29.0,28052.0,,,,,,,,,,,,,,,,,,,,,,,,,,
157.86666666666667,11.0,7770.0,-46.0,39661.0,15.0,2798.0,-18.0,-6811.0,-2.0,3771.0,26.0,72372.0,28.0,28005.0,,,,,,,,,,,,,,,,,,,,,,,,,,
157.9,11.0,7761.0,-46.0,39568.0,15.0,2798.0,-18.0,-6814.0,-2.0,3735.0,25.0,72210.0,28.0,27951.0,,,,,,,,,,,,,,,,,,,,,,,,,,
157.93333333333334,12.0,7751.0,-46.0,39476.0,16.0,2794.0,-17.0,-6818.0,-2.0,3699.0,25.0,72055.0,29.0,27896.0,,,,,,,,,,,,,,,,,,,,,,,,,,
157.96666666666667,12.0,7744.0,-47.0,39388.0,16.0,2790.0,-17.0,-6821.0,-2.0,3663.0,25.0,71897.0,29.0,27848.0,,,,,,,,,,,,,,,,,,,,,,,,,,
158.0,12.0,7738.0,-47.0,39303.0,16.0,2786.0,-17.0,-6829.0,-2.0,3631.0,26.0,71741.0,29.0,27804.0,,,,,,,,,,,,,,,,,,,,,,,,,,
158.03333333333333,12.0,7734.0,-46.0,39223.0,16.0,2781.0,-18.0,-6837.0,-1.0,3605.0,25.0,71592.0,29.0,27756.0,,,,,,,,,,,,,,,,,,,,,,,,,,
158.06666666666666,12.0,7732.0,-45.0,39146.0,16.0,2777.0,-18.0,-6843.0,-1.0,3578.0,25.0,71448.0,29.0,27706.0,,,,,,,,,,,,,,,,,,,,,,,,,,
158.1,13.0,7727.0,-45.0,39069.0,15.0,2775.0,-18.0,-6848.0,-1.0,3551.0,26.0,71303.0,30.0,27655.0,,,,,,,,,,,,,,,,,,,,,,,,,,
158.13333333333333,14.0,7721.0,-45.0,38989.0,15.0,2775.0,-19.0,-6852.0,-2.0,3523.0,26.0,71149.0,30.0,27607.0,,,,,,,,,,,,,,,,,,,,,,,,,,
158.16666666666666,14.0,7717.0,-45.0,38909.0,15.0,2775.0,-18.0,-6854.0,-2.0,3493.0,26.0,70992.0,30.0,27556.0,,,,,,,,,,,,,,,,,,,,,,,,,,
158.2,15.0,7710.0,-45.0,38829.0,15.0,2771.0,-18.0,-6856.0,-2.0,3465.0,26.0,70840.0,30.0,27502.0,,,,,,,,,,,,,,,,,,,,,,,,,,
158.23333333333332,15.0,7699.0,-45.0,38744.0,15.0,2764.0,-18.0,-6857.0,-2.0,3439.0,27.0,70689.0,30.0,27454.0,,,,,,,,,,,,,,,,,,,,,,,,,,
158.26666666666668,14.0,7689.0,-45.0,38658.0,15.0,2761.0,-18.0,-6860.0,-2.0,3412.0,26.0,70547.0,30.0,27403.0,,,,,,,,,,,,,,,,,,,,,,,,,,
158.3,13.0,7682.0,-45.0,38573.0,15.0,2762.0,-18.0,-6865.0,-2.0,3384.0,26.0,70401.0,30.0,27349.0,,,,,,,,,,,,,,,,,,,,,,,,,,
158.33333333333334,13.0,7674.0,-45.0,38496.0,16.0,2762.0,-18.0,-6872.0,-2.0,3355.0,26.0,70257.0,29.0,27298.0,,,,,,,,,,,,,,,,,,,,,,,,,,
158.36666666666667,13.0,7666.0,-46.0,38422.0,15.0,2762.0,-19.0,-6880.0,-2.0,3324.0,26.0,70111.0,28.0,27251.0,,,,,,,,,,,,,,,,,,,,,,,,,,
158.4,13.0,7660.0,-46.0,38350.0,15.0,2761.0,-19.0,-6882.0,-3.0,3290.0,27.0,69965.0,28.0,27209.0,,,,,,,,,,,,,,,,,,,,,,,,,,
158.43333333333334,13.0,7656.0,-47.0,38277.0,15.0,2758.0,-19.0,-6883.0,-3.0,3254.0,27.0,69822.0,27.0,27168.0,,,,,,,,,,,,,,,,,,,,,,,,,,
158.46666666666667,13.0,7655.0,-47.0,38199.0,15.0,2757.0,-19.0,-6885.0,-3.0,3219.0,27.0,69676.0,27.0,27120.0,,,,,,,,,,,,,,,,,,,,,,,,,,
158.5,13.0,7656.0,-47.0,38117.0,15.0,2754.0,-19.0,-6891.0,-3.0,3186.0,27.0,69532.0,27.0,27071.0,,,,,,,,,,,,,,,,,,,,,,,,,,
158.53333333333333,13.0,7655.0,-47.0,38036.0,15.0,2750.0,-20.0,-6893.0,-3.0,3153.0,26.0,69387.0,27.0,27021.0,,,,,,,,,,,,,,,,,,,,,,,,,,
158.56666666666666,12.0,7650.0,-47.0,37958.0,14.0,2744.0,-19.0,-6893.0,-3.0,3120.0,25.0,69245.0,28.0,26964.0,,,,,,,,,,,,,,,,,,,,,,,,,,
158.6,12.0,7644.0,-47.0,37879.0,14.0,2739.0,-18.0,-6897.0,-3.0,3091.0,25.0,69100.0,28.0,26909.0,,,,,,,,,,,,,,,,,,,,,,,,,,
158.63333333333333,12.0,7639.0,-47.0,37806.0,14.0,2732.0,-17.0,-6898.0,-3.0,3060.0,25.0,68960.0,28.0,26853.0,,,,,,,,,,,,,,,,,,,,,,,,,,
158.66666666666666,12.0,7633.0,-47.0,37733.0,14.0,2726.0,-17.0,-6897.0,-3.0,3032.0,25.0,68820.0,28.0,26801.0,,,,,,,,,,,,,,,,,,,,,,,,,,
158.7,12.0,7628.0,-47.0,37656.0,13.0,2722.0,-17.0,-6902.0,-2.0,3006.0,24.0,68683.0,28.0,26750.0,,,,,,,,,,,,,,,,,,,,,,,,,,
158.73333333333332,12.0,7622.0,-46.0,37576.0,13.0,2721.0,-18.0,-6910.0,-2.0,2980.0,25.0,68540.0,28.0,26700.0,,,,,,,,,,,,,,,,,,,,,,,,,,
158.76666666666668,12.0,7610.0,-46.0,37493.0,13.0,2719.0,-18.0,-6916.0,-3.0,2955.0,25.0,68396.0,28.0,26654.0,,,,,,,,,,,,,,,,,,,,,,,,,,
158.8,12.0,7600.0,-47.0,37419.0,14.0,2716.0,-19.0,-6919.0,-3.0,2926.0,25.0,68259.0,28.0,26611.0,,,,,,,,,,,,,,,,,,,,,,,,,,
158.83333333333334,12.0,7595.0,-47.0,37356.0,14.0,2716.0,-19.0,-6922.0,-3.0,2896.0,26.0,68125.0,27.0,26564.0,,,,,,,,,,,,,,,,,,,,,,,,,,
158.86666666666667,12.0,7590.0,-47.0,37291.0,15.0,2715.0,-19.0,-6925.0,-2.0,2867.0,26.0,67986.0,26.0,26514.0,,,,,,,,,,,,,,,,,,,,,,,,,,
158.9,12.0,7587.0,-47.0,37220.0,16.0,2714.0,-18.0,-6926.0,-2.0,2835.0,26.0,67851.0,26.0,26464.0,,,,,,,,,,,,,,,,,,,,,,,,,,
158.93333333333334,12.0,7583.0,-46.0,37146.0,16.0,2713.0,-18.0,-6926.0,-2.0,2804.0,26.0,67718.0,26.0,26415.0,,,,,,,,,,,,,,,,,,,,,,,,,,
158.96666666666667,13.0,7579.0,-46.0,37073.0,16.0,2712.0,-19.0,-6927.0,-2.0,2778.0,26.0,67585.0,26.0,26371.0,,,,,,,,,,,,,,,,,,,,,,,,,,
159.0,13.0,7576.0,-47.0,37001.0,15.0,2714.0,-19.0,-6929.0,-3.0,2755.0,26.0,67453.0,26.0,26330.0,,,,,,,,,,,,,,,,,,,,,,,,,,
159.03333333333333,14.0,7576.0,-47.0,36926.0,15.0,2714.0,-19.0,-6929.0,-3.0,2728.0,26.0,67323.0,26.0,26284.0,,,,,,,,,,,,,,,,,,,,,,,,,,
159.06666666666666,14.0,7572.0,-47.0,36847.0,15.0,2714.0,-19.0,-6930.0,-3.0,2697.0,25.0,67194.0,27.0,26236.0,,,,,,,,,,,,,,,,,,,,,,,,,,
159.1,14.0,7564.0,-46.0,36770.0,15.0,2710.0,-19.0,-6935.0,-3.0,2667.0,25.0,67065.0,27.0,26192.0,,,,,,,,,,,,,,,,,,,,,,,,,,
159.13333333333333,13.0,7557.0,-47.0,36695.0,15.0,2704.0,-19.0,-6941.0,-3.0,2635.0,25.0,66940.0,27.0,26150.0,,,,,,,,,,,,,,,,,,,,,,,,,,
159.16666666666666,13.0,7547.0,-47.0,36621.0,15.0,2699.0,-19.0,-6946.0,-2.0,2604.0,25.0,66811.0,27.0,26111.0,,,,,,,,,,,,,,,,,,,,,,,,,,
159.2,13.0,7535.0,-47.0,36553.0,15.0,2696.0,-19.0,-6953.0,-2.0,2577.0,24.0,66681.0,27.0,26069.0,,,,,,,,,,,,,,,,,,,,,,,,,,
159.23333333333332,13.0,7526.0,-47.0,36484.0,15.0,2691.0,-19.0,-6960.0,-2.0,2551.0,24.0,66549.0,27.0,26022.0,,,,,,,,,,,,,,,,,,,,,,,,,,
159.26666666666668,14.0,7520.0,-47.0,36417.0,15.0,2686.0,-19.0,-6964.0,-1.0,2522.0,24.0,66417.0,28.0,25976.0,,,,,,,,,,,,,,,,,,,,,,,,,,
159.3,14.0,7508.0,-47.0,36353.0,15.0,2679.0,-19.0,-6966.0,-1.0,2494.0,24.0,66287.0,28.0,25928.0,,,,,,,,,,,,,,,,,,,,,,,,,,
159.33333333333334,14.0,7499.0,-47.0,36283.0,15.0,2674.0,-19.0,-6967.0,-1.0,2465.0,24.0,66158.0,28.0,25881.0,,,,,,,,,,,,,,,,,,,,,,,,,,
159.36666666666667,14.0,7494.0,-47.0,36211.0,15.0,2673.0,-19.0,-6965.0,-1.0,2435.0,24.0,66027.0,27.0,25842.0,,,,,,,,,,,,,,,,,,,,,,,,,,
159.4,14.0,7493.0,-47.0,36142.0,15.0,2671.0,-19.0,-6970.0,-1.0,2403.0,23.0,65888.0,26.0,25804.0,,,,,,,,,,,,,,,,,,,,,,,,,,
159.43333333333334,14.0,7492.0,-46.0,36076.0,15.0,2670.0,-19.0,-6975.0,-1.0,2372.0,23.0,65750.0,26.0,25756.0,,,,,,,,,,,,,,,,,,,,,,,,,,
159.46666666666667,14.0,7488.0,-46.0,36009.0,14.0,2668.0,-19.0,-6980.0,-1.0,2345.0,23.0,65615.0,26.0,25707.0,,,,,,,,,,,,,,,,,,,,,,,,,,
159.5,14.0,7484.0,-46.0,35938.0,14.0,2662.0,-19.0,-6985.0,-1.0,2323.0,23.0,65483.0,27.0,25663.0,,,,,,,,,,,,,,,,,,,,,,,,,,
159.53333333333333,14.0,7477.0,-47.0,35867.0,14.0,2658.0,-19.0,-6991.0,-1.0,2299.0,24.0,65348.0,27.0,25623.0,,,,,,,,,,,,,,,,,,,,,,,,,,
159.56666666666666,13.0,7470.0,-47.0,35792.0,15.0,2655.0,-19.0,-6999.0,-1.0,2269.0,24.0,65212.0,28.0,25582.0,,,,,,,,,,,,,,,,,,,,,,,,,,
159.6,13.0,7468.0,-47.0,35722.0,16.0,2651.0,-20.0,-7007.0,-1.0,2241.0,24.0,65086.0,28.0,25540.0,,,,,,,,,,,,,,,,,,,,,,,,,,
159.63333333333333,14.0,7469.0,-48.0,35655.0,16.0,2648.0,-20.0,-7013.0,-1.0,2219.0,24.0,64962.0,27.0,25493.0,,,,,,,,,,,,,,,,,,,,,,,,,,
159.66666666666666,14.0,7469.0,-49.0,35592.0,15.0,2641.0,-20.0,-7013.0,-1.0,2193.0,23.0,64840.0,27.0,25451.0,,,,,,,,,,,,,,,,,,,,,,,,,,
159.7,14.0,7469.0,-49.0,35531.0,15.0,2639.0,-20.0,-7013.0,-1.0,2166.0,22.0,64719.0,27.0,25413.0,,,,,,,,,,,,,,,,,,,,,,,,,,
159.73333333333332,15.0,7463.0,-49.0,35465.0,16.0,2638.0,-19.0,-7013.0,0.0,2136.0,22.0,64599.0,27.0,25372.0,,,,,,,,,,,,,,,,,,,,,,,,,,
159.76666666666668,14.0,7453.0,-49.0,35398.0,15.0,2634.0,-19.0,-7012.0,-1.0,2108.0,22.0,64477.0,27.0,25325.0,,,,,,,,,,,,,,,,,,,,,,,,,,
159.8,14.0,7443.0,-49.0,35329.0,14.0,2630.0,-19.0,-7008.0,-1.0,2082.0,22.0,64355.0,28.0,25277.0,,,,,,,,,,,,,,,,,,,,,,,,,,
159.83333333333334,14.0,7434.0,-49.0,35259.0,14.0,2630.0,-19.0,-7006.0,-1.0,2052.0,22.0,64227.0,28.0,25227.0,,,,,,,,,,,,,,,,,,,,,,,,,,
159.86666666666667,14.0,7427.0,-49.0,35191.0,14.0,2627.0,-19.0,-7009.0,-1.0,2025.0,23.0,64100.0,28.0,25183.0,,,,,,,,,,,,,,,,,,,,,,,,,,
159.9,15.0,7422.0,-49.0,35126.0,14.0,2627.0,-19.0,-7015.0,-1.0,2001.0,23.0,63982.0,28.0,25141.0,,,,,,,,,,,,,,,,,,,,,,,,,,
159.93333333333334,14.0,7417.0,-49.0,35068.0,14.0,2623.0,-19.0,-7020.0,-2.0,1976.0,23.0,63859.0,27.0,25102.0,,,,,,,,,,,,,,,,,,,,,,,,,,
159.96666666666667,14.0,7409.0,-49.0,35008.0,14.0,2621.0,-19.0,-7027.0,-3.0,1948.0,23.0,63736.0,27.0,25065.0,,,,,,,,,,,,,,,,,,,,,,,,,,
160.0,14.0,7399.0,-49.0,34946.0,14.0,2619.0,-18.0,-7034.0,-3.0,1919.0,22.0,63620.0,27.0,25026.0,,,,,,,,,,,,,,,,,,,,,,,,,,
160.03333333333333,14.0,7393.0,-49.0,34878.0,15.0,2619.0,-18.0,-7037.0,-3.0,1892.0,22.0,63512.0,28.0,24988.0,,,,,,,,,,,,,,,,,,,,,,,,,,
160.06666666666666,14.0,7388.0,-48.0,34811.0,15.0,2616.0,-17.0,-7040.0,-2.0,1863.0,23.0,63402.0,28.0,24947.0,,,,,,,,,,,,,,,,,,,,,,,,,,
160.1,14.0,7381.0,-49.0,34745.0,15.0,2610.0,-17.0,-7044.0,-2.0,1836.0,23.0,63290.0,27.0,24904.0,,,,,,,,,,,,,,,,,,,,,,,,,,
160.13333333333333,14.0,7380.0,-49.0,34686.0,15.0,2603.0,-16.0,-7044.0,-2.0,1813.0,23.0,63173.0,27.0,24858.0,,,,,,,,,,,,,,,,,,,,,,,,,,
160.16666666666666,14.0,7380.0,-49.0,34631.0,15.0,2605.0,-16.0,-7045.0,-2.0,1786.0,24.0,63054.0,27.0,24813.0,,,,,,,,,,,,,,,,,,,,,,,,,,
160.2,14.0,7374.0,-49.0,34579.0,14.0,2610.0,-17.0,-7048.0,-2.0,1761.0,24.0,62940.0,27.0,24772.0,,,,,,,,,,,,,,,,,,,,,,,,,,
160.23333333333332,14.0,7369.0,-49.0,34525.0,13.0,2607.0,-17.0,-7055.0,-1.0,1737.0,23.0,62829.0,27.0,24736.0,,,,,,,,,,,,,,,,,,,,,,,,,,
160.26666666666668,14.0,7369.0,-49.0,34467.0,13.0,2601.0,-17.0,-7062.0,-2.0,1717.0,22.0,62717.0,27.0,24698.0,,,,,,,,,,,,,,,,,,,,,,,,,,
160.3,13.0,7372.0,-50.0,34407.0,14.0,2597.0,-18.0,-7067.0,-2.0,1701.0,22.0,62598.0,28.0,24657.0,,,,,,,,,,,,,,,,,,,,,,,,,,
160.33333333333334,13.0,7372.0,-49.0,34349.0,15.0,2593.0,-19.0,-7071.0,-2.0,1685.0,22.0,62484.0,28.0,24611.0,,,,,,,,,,,,,,,,,,,,,,,,,,
160.36666666666667,13.0,7364.0,-49.0,34284.0,15.0,2588.0,-19.0,-7077.0,-2.0,1664.0,22.0,62371.0,28.0,24561.0,,,,,,,,,,,,,,,,,,,,,,,,,,
160.4,12.0,7354.0,-49.0,34218.0,15.0,2584.0,-18.0,-7083.0,-1.0,1636.0,22.0,62259.0,28.0,24519.0,,,,,,,,,,,,,,,,,,,,,,,,,,
160.43333333333334,12.0,7346.0,-49.0,34159.0,15.0,2582.0,-18.0,-7087.0,-1.0,1611.0,21.0,62148.0,28.0,24484.0,,,,,,,,,,,,,,,,,,,,,,,,,,
160.46666666666667,12.0,7336.0,-48.0,34100.0,15.0,2580.0,-18.0,-7089.0,-1.0,1588.0,20.0,62030.0,27.0,24447.0,,,,,,,,,,,,,,,,,,,,,,,,,,
160.5,12.0,7325.0,-48.0,34042.0,15.0,2578.0,-18.0,-7092.0,0.0,1560.0,20.0,61915.0,27.0,24406.0,,,,,,,,,,,,,,,,,,,,,,,,,,
160.53333333333333,12.0,7316.0,-49.0,33981.0,15.0,2575.0,-18.0,-7094.0,0.0,1531.0,21.0,61806.0,27.0,24359.0,,,,,,,,,,,,,,,,,,,,,,,,,,
160.56666666666666,12.0,7311.0,-49.0,33915.0,15.0,2571.0,-18.0,-7095.0,-1.0,1502.0,21.0,61695.0,26.0,24315.0,,,,,,,,,,,,,,,,,,,,,,,,,,
160.6,12.0,7309.0,-49.0,33850.0,15.0,2567.0,-18.0,-7097.0,-2.0,1478.0,21.0,61579.0,26.0,24275.0,,,,,,,,,,,,,,,,,,,,,,,,,,
160.63333333333333,12.0,7307.0,-49.0,33790.0,14.0,2563.0,-18.0,-7097.0,-2.0,1455.0,21.0,61466.0,27.0,24236.0,,,,,,,,,,,,,,,,,,,,,,,,,,
160.66666666666666,12.0,7305.0,-49.0,33731.0,14.0,2562.0,-18.0,-7095.0,-2.0,1430.0,21.0,61352.0,27.0,24197.0,,,,,,,,,,,,,,,,,,,,,,,,,,
160.7,12.0,7302.0,-48.0,33674.0,14.0,2562.0,-18.0,-7094.0,-2.0,1401.0,21.0,61234.0,27.0,24160.0,,,,,,,,,,,,,,,,,,,,,,,,,,
160.73333333333332,12.0,7296.0,-48.0,33617.0,14.0,2559.0,-18.0,-7092.0,-2.0,1374.0,20.0,61120.0,27.0,24126.0,,,,,,,,,,,,,,,,,,,,,,,,,,
160.76666666666668,12.0,7289.0,-48.0,33566.0,13.0,2555.0,-18.0,-7091.0,-2.0,1353.0,20.0,61009.0,28.0,24090.0,,,,,,,,,,,,,,,,,,,,,,,,,,
160.8,13.0,7280.0,-48.0,33515.0,14.0,2553.0,-17.0,-7091.0,-2.0,1335.0,20.0,60907.0,27.0,24053.0,,,,,,,,,,,,,,,,,,,,,,,,,,
160.83333333333334,13.0,7274.0,-48.0,33464.0,14.0,2551.0,-17.0,-7091.0,-2.0,1316.0,20.0,60806.0,27.0,24014.0,,,,,,,,,,,,,,,,,,,,,,,,,,
160.86666666666667,13.0,7270.0,-48.0,33406.0,14.0,2551.0,-17.0,-7091.0,-2.0,1295.0,20.0,60709.0,27.0,23975.0,,,,,,,,,,,,,,,,,,,,,,,,,,
160.9,13.0,7268.0,-48.0,33345.0,13.0,2549.0,-16.0,-7091.0,-1.0,1273.0,20.0,60613.0,27.0,23934.0,,,,,,,,,,,,,,,,,,,,,,,,,,
160.93333333333334,13.0,7264.0,-49.0,33285.0,14.0,2544.0,-16.0,-7096.0,-1.0,1250.0,20.0,60512.0,27.0,23892.0,,,,,,,,,,,,,,,,,,,,,,,,,,
160.96666666666667,13.0,7258.0,-49.0,33223.0,14.0,2537.0,-17.0,-7104.0,-1.0,1225.0,20.0,60404.0,27.0,23852.0,,,,,,,,,,,,,,,,,,,,,,,,,,
161.0,13.0,7250.0,-49.0,33158.0,13.0,2532.0,-17.0,-7112.0,-1.0,1204.0,20.0,60298.0,27.0,23815.0,,,,,,,,,,,,,,,,,,,,,,,,,,
161.03333333333333,12.0,7242.0,-49.0,33094.0,13.0,2527.0,-18.0,-7114.0,-1.0,1188.0,21.0,60195.0,27.0,23782.0,,,,,,,,,,,,,,,,,,,,,,,,,,
161.06666666666666,12.0,7240.0,-49.0,33032.0,13.0,2520.0,-18.0,-7116.0,-1.0,1169.0,21.0,60085.0,27.0,23748.0,,,,,,,,,,,,,,,,,,,,,,,,,,
161.1,12.0,7239.0,-49.0,32977.0,13.0,2519.0,-17.0,-7121.0,-1.0,1144.0,21.0,59976.0,27.0,23709.0,,,,,,,,,,,,,,,,,,,,,,,,,,
161.13333333333333,12.0,7238.0,-50.0,32927.0,13.0,2519.0,-17.0,-7128.0,-1.0,1116.0,21.0,59872.0,27.0,23674.0,,,,,,,,,,,,,,,,,,,,,,,,,,
161.16666666666666,12.0,7234.0,-50.0,32875.0,14.0,2517.0,-17.0,-7133.0,-1.0,1091.0,20.0,59770.0,28.0,23638.0,,,,,,,,,,,,,,,,,,,,,,,,,,
161.2,13.0,7231.0,-50.0,32823.0,14.0,2517.0,-18.0,-7136.0,-1.0,1066.0,20.0,59665.0,28.0,23599.0,,,,,,,,,,,,,,,,,,,,,,,,,,
161.23333333333332,13.0,7225.0,-49.0,32772.0,14.0,2519.0,-18.0,-7137.0,-1.0,1040.0,20.0,59557.0,27.0,23557.0,,,,,,,,,,,,,,,,,,,,,,,,,,
161.26666666666668,12.0,7222.0,-49.0,32725.0,13.0,2517.0,-18.0,-7139.0,-2.0,1014.0,20.0,59455.0,27.0,23513.0,,,,,,,,,,,,,,,,,,,,,,,,,,
161.3,12.0,7219.0,-49.0,32679.0,13.0,2516.0,-18.0,-7143.0,-2.0,987.0,20.0,59359.0,27.0,23470.0,,,,,,,,,,,,,,,,,,,,,,,,,,
161.33333333333334,12.0,7214.0,-49.0,32626.0,13.0,2516.0,-19.0,-7149.0,-2.0,961.0,20.0,59262.0,27.0,23433.0,,,,,,,,,,,,,,,,,,,,,,,,,,
161.36666666666667,12.0,7210.0,-48.0,32571.0,13.0,2514.0,-19.0,-7154.0,-2.0,937.0,20.0,59164.0,26.0,23399.0,,,,,,,,,,,,,,,,,,,,,,,,,,
161.4,12.0,7200.0,-49.0,32515.0,13.0,2512.0,-19.0,-7155.0,-3.0,912.0,20.0,59066.0,26.0,23365.0,,,,,,,,,,,,,,,,,,,,,,,,,,
161.43333333333334,12.0,7191.0,-49.0,32459.0,13.0,2511.0,-19.0,-7154.0,-3.0,886.0,20.0,58963.0,26.0,23323.0,,,,,,,,,,,,,,,,,,,,,,,,,,
161.46666666666667,13.0,7182.0,-49.0,32404.0,14.0,2511.0,-19.0,-7155.0,-3.0,863.0,19.0,58859.0,26.0,23277.0,,,,,,,,,,,,,,,,,,,,,,,,,,
161.5,12.0,7174.0,-49.0,32347.0,14.0,2508.0,-20.0,-7156.0,-3.0,840.0,19.0,58756.0,26.0,23235.0,,,,,,,,,,,,,,,,,,,,,,,,,,
161.53333333333333,12.0,7168.0,-49.0,32295.0,15.0,2505.0,-20.0,-7157.0,-3.0,818.0,19.0,58652.0,25.0,23196.0,,,,,,,,,,,,,,,,,,,,,,,,,,
161.56666666666666,12.0,7162.0,-49.0,32244.0,15.0,2500.0,-20.0,-7157.0,-2.0,795.0,19.0,58550.0,25.0,23161.0,,,,,,,,,,,,,,,,,,,,,,,,,,
161.6,12.0,7158.0,-49.0,32190.0,14.0,2493.0,-20.0,-7159.0,-2.0,773.0,19.0,58445.0,26.0,23126.0,,,,,,,,,,,,,,,,,,,,,,,,,,
161.63333333333333,12.0,7155.0,-49.0,32134.0,14.0,2482.0,-20.0,-7164.0,-2.0,753.0,19.0,58345.0,26.0,23087.0,,,,,,,,,,,,,,,,,,,,,,,,,,
161.66666666666666,12.0,7153.0,-49.0,32080.0,14.0,2472.0,-20.0,-7171.0,-1.0,732.0,19.0,58245.0,25.0,23046.0,,,,,,,,,,,,,,,,,,,,,,,,,,
161.7,11.0,7149.0,-49.0,32027.0,13.0,2466.0,-20.0,-7177.0,-1.0,711.0,19.0,58151.0,25.0,23006.0,,,,,,,,,,,,,,,,,,,,,,,,,,
161.73333333333332,12.0,7142.0,-50.0,31973.0,14.0,2465.0,-20.0,-7185.0,-1.0,689.0,19.0,58058.0,25.0,22964.0,,,,,,,,,,,,,,,,,,,,,,,,,,
161.76666666666668,12.0,7134.0,-49.0,31916.0,14.0,2463.0,-20.0,-7192.0,-2.0,663.0,19.0,57962.0,25.0,22929.0,,,,,,,,,,,,,,,,,,,,,,,,,,
161.8,13.0,7130.0,-49.0,31862.0,14.0,2458.0,-20.0,-7196.0,-3.0,634.0,20.0,57864.0,26.0,22897.0,,,,,,,,,,,,,,,,,,,,,,,,,,
161.83333333333334,13.0,7123.0,-49.0,31811.0,14.0,2452.0,-19.0,-7200.0,-3.0,606.0,20.0,57771.0,26.0,22859.0,,,,,,,,,,,,,,,,,,,,,,,,,,
161.86666666666667,13.0,7117.0,-49.0,31763.0,13.0,2447.0,-19.0,-7204.0,-3.0,583.0,20.0,57673.0,27.0,22819.0,,,,,,,,,,,,,,,,,,,,,,,,,,
161.9,13.0,7109.0,-50.0,31716.0,13.0,2444.0,-18.0,-7207.0,-2.0,562.0,20.0,57571.0,27.0,22783.0,,,,,,,,,,,,,,,,,,,,,,,,,,
161.93333333333334,13.0,7100.0,-50.0,31665.0,13.0,2443.0,-19.0,-7212.0,-2.0,537.0,20.0,57470.0,27.0,22751.0,,,,,,,,,,,,,,,,,,,,,,,,,,
161.96666666666667,12.0,7094.0,-50.0,31611.0,13.0,2443.0,-19.0,-7219.0,-2.0,509.0,20.0,57372.0,27.0,22718.0,,,,,,,,,,,,,,,,,,,,,,,,,,
162.0,12.0,7091.0,-50.0,31557.0,14.0,2442.0,-19.0,-7226.0,-2.0,486.0,20.0,57277.0,26.0,22679.0,,,,,,,,,,,,,,,,,,,,,,,,,,
162.03333333333333,12.0,7087.0,-50.0,31507.0,14.0,2441.0,-19.0,-7230.0,-3.0,465.0,20.0,57185.0,26.0,22636.0,,,,,,,,,,,,,,,,,,,,,,,,,,
162.06666666666666,12.0,7083.0,-50.0,31456.0,14.0,2438.0,-19.0,-7231.0,-3.0,446.0,20.0,57095.0,26.0,22597.0,,,,,,,,,,,,,,,,,,,,,,,,,,
162.1,12.0,7077.0,-50.0,31406.0,15.0,2433.0,-19.0,-7234.0,-4.0,427.0,20.0,56998.0,26.0,22562.0,,,,,,,,,,,,,,,,,,,,,,,,,,
162.13333333333333,12.0,7073.0,-50.0,31351.0,15.0,2431.0,-19.0,-7236.0,-5.0,409.0,20.0,56898.0,26.0,22521.0,,,,,,,,,,,,,,,,,,,,,,,,,,
162.16666666666666,12.0,7069.0,-50.0,31293.0,15.0,2430.0,-20.0,-7238.0,-5.0,397.0,19.0,56807.0,26.0,22479.0,,,,,,,,,,,,,,,,,,,,,,,,,,
162.2,12.0,7062.0,-50.0,31240.0,15.0,2432.0,-20.0,-7242.0,-4.0,381.0,19.0,56718.0,27.0,22438.0,,,,,,,,,,,,,,,,,,,,,,,,,,
162.23333333333332,12.0,7056.0,-50.0,31189.0,15.0,2434.0,-20.0,-7246.0,-4.0,362.0,19.0,56624.0,28.0,22401.0,,,,,,,,,,,,,,,,,,,,,,,,,,
162.26666666666668,12.0,7051.0,-50.0,31135.0,15.0,2432.0,-19.0,-7250.0,-3.0,339.0,19.0,56533.0,28.0,22368.0,,,,,,,,,,,,,,,,,,,,,,,,,,
162.3,12.0,7048.0,-50.0,31086.0,15.0,2429.0,-19.0,-7255.0,-3.0,317.0,19.0,56438.0,28.0,22339.0,,,,,,,,,,,,,,,,,,,,,,,,,,
162.33333333333334,12.0,7048.0,-50.0,31044.0,14.0,2424.0,-18.0,-7258.0,-3.0,295.0,19.0,56342.0,28.0,22311.0,,,,,,,,,,,,,,,,,,,,,,,,,,
162.36666666666667,11.0,7047.0,-50.0,31002.0,14.0,2418.0,-18.0,-7256.0,-3.0,268.0,18.0,56245.0,27.0,22288.0,,,,,,,,,,,,,,,,,,,,,,,,,,
162.4,11.0,7042.0,-50.0,30952.0,15.0,2413.0,-19.0,-7256.0,-3.0,247.0,18.0,56148.0,26.0,22264.0,,,,,,,,,,,,,,,,,,,,,,,,,,
162.43333333333334,11.0,7034.0,-50.0,30902.0,14.0,2409.0,-19.0,-7256.0,-3.0,228.0,18.0,56056.0,25.0,22234.0,,,,,,,,,,,,,,,,,,,,,,,,,,
162.46666666666667,11.0,7027.0,-50.0,30852.0,14.0,2403.0,-19.0,-7262.0,-3.0,207.0,18.0,55969.0,26.0,22200.0,,,,,,,,,,,,,,,,,,,,,,,,,,
162.5,12.0,7018.0,-50.0,30803.0,14.0,2398.0,-20.0,-7266.0,-2.0,187.0,17.0,55882.0,26.0,22167.0,,,,,,,,,,,,,,,,,,,,,,,,,,
162.53333333333333,12.0,7008.0,-50.0,30753.0,14.0,2396.0,-20.0,-7273.0,-2.0,166.0,17.0,55791.0,26.0,22136.0,,,,,,,,,,,,,,,,,,,,,,,,,,
162.56666666666666,12.0,6997.0,-50.0,30703.0,14.0,2391.0,-20.0,-7282.0,-2.0,144.0,17.0,55701.0,26.0,22101.0,,,,,,,,,,,,,,,,,,,,,,,,,,
162.6,12.0,6994.0,-49.0,30657.0,14.0,2387.0,-20.0,-7285.0,-2.0,125.0,17.0,55610.0,26.0,22066.0,,,,,,,,,,,,,,,,,,,,,,,,,,
162.63333333333333,12.0,6991.0,-49.0,30612.0,13.0,2386.0,-20.0,-7286.0,-2.0,110.0,17.0,55519.0,25.0,22030.0,,,,,,,,,,,,,,,,,,,,,,,,,,
162.66666666666666,12.0,6986.0,-50.0,30566.0,13.0,2383.0,-20.0,-7290.0,-3.0,93.0,17.0,55422.0,25.0,21992.0,,,,,,,,,,,,,,,,,,,,,,,,,,
162.7,12.0,6981.0,-50.0,30522.0,14.0,2384.0,-20.0,-7291.0,-3.0,75.0,18.0,55323.0,25.0,21954.0,,,,,,,,,,,,,,,,,,,,,,,,,,
162.73333333333332,12.0,6972.0,-49.0,30477.0,15.0,2383.0,-20.0,-7291.0,-2.0,57.0,18.0,55233.0,25.0,21919.0,,,,,,,,,,,,,,,,,,,,,,,,,,
162.76666666666668,13.0,6965.0,-49.0,30430.0,15.0,2379.0,-20.0,-7291.0,-2.0,37.0,18.0,55152.0,25.0,21888.0,,,,,,,,,,,,,,,,,,,,,,,,,,
162.8,13.0,6960.0,-49.0,30380.0,15.0,2381.0,-20.0,-7294.0,-2.0,18.0,19.0,55070.0,24.0,21857.0,,,,,,,,,,,,,,,,,,,,,,,,,,
162.83333333333334,13.0,6958.0,-49.0,30329.0,15.0,2383.0,-20.0,-7297.0,-1.0,0.0,19.0,54983.0,24.0,21829.0,,,,,,,,,,,,,,,,,,,,,,,,,,
162.86666666666667,13.0,6956.0,-49.0,30281.0,14.0,2377.0,-21.0,-7299.0,-1.0,-22.0,18.0,54888.0,25.0,21798.0,,,,,,,,,,,,,,,,,,,,,,,,,,
162.9,13.0,6952.0,-49.0,30236.0,14.0,2366.0,-21.0,-7302.0,-1.0,-49.0,18.0,54798.0,25.0,21764.0,,,,,,,,,,,,,,,,,,,,,,,,,,
162.93333333333334,13.0,6947.0,-50.0,30189.0,15.0,2360.0,-20.0,-7304.0,-1.0,-74.0,18.0,54709.0,25.0,21731.0,,,,,,,,,,,,,,,,,,,,,,,,,,
162.96666666666667,13.0,6940.0,-50.0,30142.0,15.0,2354.0,-20.0,-7303.0,-1.0,-99.0,17.0,54616.0,24.0,21699.0,,,,,,,,,,,,,,,,,,,,,,,,,,
163.0,13.0,6932.0,-50.0,30100.0,14.0,2344.0,-20.0,-7306.0,-2.0,-118.0,17.0,54526.0,24.0,21667.0,,,,,,,,,,,,,,,,,,,,,,,,,,
163.03333333333333,14.0,6929.0,-50.0,30058.0,14.0,2332.0,-20.0,-7306.0,-3.0,-133.0,18.0,54444.0,23.0,21637.0,,,,,,,,,,,,,,,,,,,,,,,,,,
163.06666666666666,14.0,6923.0,-50.0,30016.0,13.0,2324.0,-20.0,-7305.0,-3.0,-147.0,17.0,54363.0,24.0,21603.0,,,,,,,,,,,,,,,,,,,,,,,,,,
163.1,14.0,6915.0,-51.0,29969.0,13.0,2321.0,-19.0,-7307.0,-3.0,-164.0,17.0,54285.0,24.0,21563.0,,,,,,,,,,,,,,,,,,,,,,,,,,
163.13333333333333,14.0,6905.0,-51.0,29924.0,14.0,2320.0,-19.0,-7311.0,-4.0,-185.0,17.0,54207.0,24.0,21522.0,,,,,,,,,,,,,,,,,,,,,,,,,,
163.16666666666666,13.0,6895.0,-51.0,29882.0,14.0,2317.0,-19.0,-7316.0,-4.0,-208.0,17.0,54124.0,25.0,21483.0,,,,,,,,,,,,,,,,,,,,,,,,,,
163.2,13.0,6889.0,-50.0,29841.0,14.0,2313.0,-19.0,-7319.0,-4.0,-230.0,18.0,54041.0,25.0,21442.0,,,,,,,,,,,,,,,,,,,,,,,,,,
163.23333333333332,13.0,6885.0,-50.0,29799.0,14.0,2310.0,-20.0,-7322.0,-4.0,-251.0,18.0,53957.0,24.0,21405.0,,,,,,,,,,,,,,,,,,,,,,,,,,
163.26666666666668,13.0,6879.0,-51.0,29753.0,14.0,2308.0,-20.0,-7326.0,-4.0,-270.0,19.0,53870.0,24.0,21369.0,,,,,,,,,,,,,,,,,,,,,,,,,,
163.3,13.0,6870.0,-51.0,29709.0,14.0,2306.0,-20.0,-7330.0,-4.0,-289.0,19.0,53788.0,24.0,21335.0,,,,,,,,,,,,,,,,,,,,,,,,,,
163.33333333333334,13.0,6862.0,-51.0,29658.0,14.0,2303.0,-20.0,-7335.0,-4.0,-309.0,19.0,53704.0,24.0,21303.0,,,,,,,,,,,,,,,,,,,,,,,,,,
163.36666666666667,13.0,6858.0,-51.0,29606.0,13.0,2302.0,-20.0,-7336.0,-4.0,-331.0,18.0,53617.0,24.0,21270.0,,,,,,,,,,,,,,,,,,,,,,,,,,
163.4,13.0,6853.0,-51.0,29557.0,13.0,2297.0,-20.0,-7338.0,-4.0,-351.0,17.0,53533.0,25.0,21234.0,,,,,,,,,,,,,,,,,,,,,,,,,,
163.43333333333334,13.0,6849.0,-51.0,29510.0,14.0,2295.0,-20.0,-7340.0,-4.0,-370.0,16.0,53449.0,25.0,21199.0,,,,,,,,,,,,,,,,,,,,,,,,,,
163.46666666666667,13.0,6842.0,-51.0,29466.0,14.0,2296.0,-19.0,-7343.0,-4.0,-388.0,16.0,53367.0,26.0,21167.0,,,,,,,,,,,,,,,,,,,,,,,,,,
163.5,13.0,6837.0,-51.0,29421.0,14.0,2295.0,-19.0,-7349.0,-3.0,-404.0,16.0,53287.0,27.0,21137.0,,,,,,,,,,,,,,,,,,,,,,,,,,
163.53333333333333,12.0,6831.0,-51.0,29378.0,14.0,2292.0,-18.0,-7354.0,-3.0,-419.0,16.0,53207.0,27.0,21107.0,,,,,,,,,,,,,,,,,,,,,,,,,,
163.56666666666666,12.0,6828.0,-51.0,29341.0,13.0,2284.0,-18.0,-7355.0,-3.0,-440.0,16.0,53128.0,26.0,21076.0,,,,,,,,,,,,,,,,,,,,,,,,,,
163.6,12.0,6825.0,-52.0,29305.0,13.0,2276.0,-19.0,-7354.0,-3.0,-457.0,15.0,53050.0,26.0,21042.0,,,,,,,,,,,,,,,,,,,,,,,,,,
163.63333333333333,11.0,6824.0,-52.0,29272.0,13.0,2272.0,-19.0,-7355.0,-3.0,-474.0,15.0,52975.0,25.0,21005.0,,,,,,,,,,,,,,,,,,,,,,,,,,
163.66666666666666,11.0,6822.0,-52.0,29238.0,13.0,2268.0,-19.0,-7354.0,-2.0,-493.0,15.0,52902.0,26.0,20971.0,,,,,,,,,,,,,,,,,,,,,,,,,,
163.7,11.0,6820.0,-51.0,29196.0,13.0,2262.0,-19.0,-7353.0,-2.0,-514.0,15.0,52826.0,26.0,20940.0,,,,,,,,,,,,,,,,,,,,,,,,,,
163.73333333333332,11.0,6818.0,-50.0,29150.0,13.0,2255.0,-20.0,-7352.0,-2.0,-532.0,16.0,52744.0,26.0,20911.0,,,,,,,,,,,,,,,,,,,,,,,,,,
163.76666666666668,11.0,6814.0,-50.0,29105.0,13.0,2252.0,-20.0,-7350.0,-2.0,-547.0,16.0,52660.0,26.0,20880.0,,,,,,,,,,,,,,,,,,,,,,,,,,
163.8,10.0,6805.0,-50.0,29062.0,13.0,2251.0,-20.0,-7353.0,-2.0,-566.0,16.0,52575.0,26.0,20849.0,,,,,,,,,,,,,,,,,,,,,,,,,,
163.83333333333334,11.0,6795.0,-50.0,29022.0,13.0,2251.0,-20.0,-7361.0,-2.0,-586.0,16.0,52495.0,25.0,20817.0,,,,,,,,,,,,,,,,,,,,,,,,,,
163.86666666666667,11.0,6785.0,-50.0,28979.0,14.0,2253.0,-20.0,-7369.0,-2.0,-613.0,16.0,52413.0,25.0,20782.0,,,,,,,,,,,,,,,,,,,,,,,,,,
163.9,11.0,6775.0,-50.0,28937.0,14.0,2251.0,-20.0,-7376.0,-2.0,-641.0,16.0,52331.0,25.0,20745.0,,,,,,,,,,,,,,,,,,,,,,,,,,
163.93333333333334,11.0,6768.0,-50.0,28894.0,13.0,2248.0,-20.0,-7380.0,-3.0,-664.0,17.0,52253.0,25.0,20710.0,,,,,,,,,,,,,,,,,,,,,,,,,,
163.96666666666667,11.0,6764.0,-51.0,28851.0,13.0,2246.0,-20.0,-7382.0,-3.0,-680.0,17.0,52177.0,24.0,20676.0,,,,,,,,,,,,,,,,,,,,,,,,,,
164.0,11.0,6759.0,-51.0,28807.0,13.0,2242.0,-20.0,-7386.0,-3.0,-699.0,17.0,52100.0,24.0,20645.0,,,,,,,,,,,,,,,,,,,,,,,,,,
164.03333333333333,11.0,6751.0,-51.0,28764.0,13.0,2238.0,-19.0,-7388.0,-3.0,-719.0,16.0,52032.0,24.0,20614.0,,,,,,,,,,,,,,,,,,,,,,,,,,
164.06666666666666,11.0,6746.0,-52.0,28720.0,13.0,2234.0,-19.0,-7390.0,-3.0,-738.0,16.0,51955.0,25.0,20582.0,,,,,,,,,,,,,,,,,,,,,,,,,,
164.1,11.0,6740.0,-52.0,28678.0,14.0,2230.0,-19.0,-7390.0,-3.0,-759.0,15.0,51871.0,26.0,20552.0,,,,,,,,,,,,,,,,,,,,,,,,,,
164.13333333333333,11.0,6734.0,-52.0,28634.0,14.0,2228.0,-19.0,-7388.0,-3.0,-783.0,15.0,51790.0,26.0,20521.0,,,,,,,,,,,,,,,,,,,,,,,,,,
164.16666666666666,11.0,6728.0,-52.0,28595.0,14.0,2225.0,-20.0,-7389.0,-3.0,-810.0,15.0,51711.0,26.0,20488.0,,,,,,,,,,,,,,,,,,,,,,,,,,
164.2,12.0,6722.0,-52.0,28554.0,13.0,2225.0,-20.0,-7393.0,-3.0,-835.0,15.0,51631.0,26.0,20453.0,,,,,,,,,,,,,,,,,,,,,,,,,,
164.23333333333332,13.0,6715.0,-53.0,28510.0,14.0,2226.0,-20.0,-7392.0,-3.0,-854.0,15.0,51556.0,26.0,20418.0,,,,,,,,,,,,,,,,,,,,,,,,,,
164.26666666666668,13.0,6705.0,-52.0,28469.0,14.0,2227.0,-19.0,-7388.0,-4.0,-867.0,15.0,51485.0,27.0,20386.0,,,,,,,,,,,,,,,,,,,,,,,,,,
164.3,13.0,6694.0,-53.0,28428.0,14.0,2224.0,-19.0,-7391.0,-4.0,-878.0,15.0,51416.0,27.0,20351.0,,,,,,,,,,,,,,,,,,,,,,,,,,
164.33333333333334,13.0,6683.0,-53.0,28389.0,14.0,2220.0,-19.0,-7396.0,-4.0,-887.0,15.0,51349.0,27.0,20316.0,,,,,,,,,,,,,,,,,,,,,,,,,,
164.36666666666667,12.0,6671.0,-53.0,28349.0,14.0,2217.0,-20.0,-7400.0,-4.0,-901.0,16.0,51279.0,27.0,20283.0,,,,,,,,,,,,,,,,,,,,,,,,,,
164.4,12.0,6661.0,-53.0,28310.0,14.0,2213.0,-20.0,-7403.0,-4.0,-919.0,15.0,51208.0,26.0,20254.0,,,,,,,,,,,,,,,,,,,,,,,,,,
164.43333333333334,12.0,6649.0,-53.0,28273.0,14.0,2204.0,-20.0,-7408.0,-4.0,-937.0,15.0,51135.0,26.0,20229.0,,,,,,,,,,,,,,,,,,,,,,,,,,
164.46666666666667,12.0,6639.0,-53.0,28231.0,13.0,2191.0,-20.0,-7415.0,-5.0,-952.0,15.0,51062.0,26.0,20208.0,,,,,,,,,,,,,,,,,,,,,,,,,,
164.5,11.0,6628.0,-53.0,28192.0,12.0,2180.0,-20.0,-7421.0,-5.0,-966.0,15.0,50986.0,26.0,20184.0,,,,,,,,,,,,,,,,,,,,,,,,,,
164.53333333333333,11.0,6623.0,-52.0,28157.0,13.0,2173.0,-20.0,-7427.0,-5.0,-986.0,15.0,50906.0,25.0,20156.0,,,,,,,,,,,,,,,,,,,,,,,,,,
164.56666666666666,10.0,6620.0,-52.0,28118.0,13.0,2170.0,-20.0,-7430.0,-4.0,-1004.0,15.0,50826.0,25.0,20130.0,,,,,,,,,,,,,,,,,,,,,,,,,,
164.6,10.0,6618.0,-52.0,28074.0,13.0,2170.0,-20.0,-7428.0,-4.0,-1018.0,15.0,50750.0,25.0,20102.0,,,,,,,,,,,,,,,,,,,,,,,,,,
164.63333333333333,10.0,6615.0,-53.0,28033.0,13.0,2170.0,-20.0,-7426.0,-3.0,-1038.0,15.0,50675.0,25.0,20069.0,,,,,,,,,,,,,,,,,,,,,,,,,,
164.66666666666666,10.0,6613.0,-52.0,27997.0,14.0,2168.0,-20.0,-7423.0,-4.0,-1059.0,15.0,50597.0,26.0,20033.0,,,,,,,,,,,,,,,,,,,,,,,,,,
164.7,11.0,6612.0,-53.0,27965.0,14.0,2166.0,-20.0,-7423.0,-3.0,-1079.0,15.0,50520.0,26.0,19998.0,,,,,,,,,,,,,,,,,,,,,,,,,,
164.73333333333332,11.0,6607.0,-53.0,27928.0,14.0,2162.0,-20.0,-7426.0,-4.0,-1095.0,16.0,50446.0,25.0,19961.0,,,,,,,,,,,,,,,,,,,,,,,,,,
164.76666666666668,10.0,6601.0,-53.0,27882.0,14.0,2161.0,-20.0,-7431.0,-4.0,-1111.0,16.0,50380.0,25.0,19923.0,,,,,,,,,,,,,,,,,,,,,,,,,,
164.8,10.0,6595.0,-53.0,27838.0,14.0,2163.0,-20.0,-7436.0,-3.0,-1131.0,16.0,50311.0,24.0,19885.0,,,,,,,,,,,,,,,,,,,,,,,,,,
164.83333333333334,9.0,6591.0,-52.0,27795.0,14.0,2160.0,-20.0,-7438.0,-3.0,-1153.0,16.0,50239.0,24.0,19855.0,,,,,,,,,,,,,,,,,,,,,,,,,,
164.86666666666667,9.0,6585.0,-52.0,27757.0,14.0,2160.0,-21.0,-7437.0,-3.0,-1175.0,16.0,50174.0,24.0,19831.0,,,,,,,,,,,,,,,,,,,,,,,,,,
164.9,10.0,6583.0,-52.0,27721.0,14.0,2160.0,-20.0,-7436.0,-3.0,-1193.0,15.0,50111.0,24.0,19804.0,,,,,,,,,,,,,,,,,,,,,,,,,,
164.93333333333334,10.0,6579.0,-51.0,27685.0,14.0,2159.0,-20.0,-7438.0,-3.0,-1211.0,15.0,50048.0,24.0,19773.0,,,,,,,,,,,,,,,,,,,,,,,,,,
164.96666666666667,10.0,6572.0,-51.0,27650.0,14.0,2154.0,-20.0,-7438.0,-3.0,-1228.0,14.0,49976.0,25.0,19742.0,,,,,,,,,,,,,,,,,,,,,,,,,,
165.0,10.0,6565.0,-52.0,27615.0,14.0,2147.0,-20.0,-7440.0,-3.0,-1248.0,14.0,49902.0,25.0,19708.0,,,,,,,,,,,,,,,,,,,,,,,,,,
165.03333333333333,10.0,6559.0,-52.0,27583.0,14.0,2139.0,-19.0,-7445.0,-3.0,-1266.0,14.0,49828.0,25.0,19672.0,,,,,,,,,,,,,,,,,,,,,,,,,,
165.06666666666666,10.0,6552.0,-52.0,27550.0,14.0,2133.0,-19.0,-7448.0,-4.0,-1280.0,14.0,49755.0,25.0,19633.0,,,,,,,,,,,,,,,,,,,,,,,,,,
165.1,10.0,6542.0,-52.0,27516.0,13.0,2129.0,-20.0,-7446.0,-4.0,-1293.0,14.0,49679.0,26.0,19601.0,,,,,,,,,,,,,,,,,,,,,,,,,,
165.13333333333333,11.0,6532.0,-52.0,27477.0,12.0,2128.0,-20.0,-7442.0,-4.0,-1308.0,14.0,49605.0,26.0,19572.0,,,,,,,,,,,,,,,,,,,,,,,,,,
165.16666666666666,11.0,6523.0,-52.0,27435.0,12.0,2121.0,-20.0,-7442.0,-4.0,-1317.0,14.0,49534.0,27.0,19539.0,,,,,,,,,,,,,,,,,,,,,,,,,,
165.2,11.0,6514.0,-53.0,27392.0,11.0,2112.0,-20.0,-7441.0,-4.0,-1327.0,15.0,49466.0,27.0,19503.0,,,,,,,,,,,,,,,,,,,,,,,,,,
165.23333333333332,11.0,6505.0,-53.0,27356.0,11.0,2106.0,-20.0,-7444.0,-4.0,-1343.0,15.0,49398.0,27.0,19473.0,,,,,,,,,,,,,,,,,,,,,,,,,,
165.26666666666668,11.0,6500.0,-53.0,27329.0,12.0,2101.0,-20.0,-7446.0,-4.0,-1362.0,16.0,49332.0,26.0,19442.0,,,,,,,,,,,,,,,,,,,,,,,,,,
165.3,11.0,6495.0,-54.0,27298.0,11.0,2095.0,-20.0,-7446.0,-4.0,-1379.0,16.0,49265.0,26.0,19415.0,,,,,,,,,,,,,,,,,,,,,,,,,,
165.33333333333334,11.0,6487.0,-53.0,27260.0,11.0,2087.0,-20.0,-7447.0,-4.0,-1399.0,15.0,49198.0,26.0,19387.0,,,,,,,,,,,,,,,,,,,,,,,,,,
165.36666666666667,10.0,6479.0,-53.0,27223.0,12.0,2081.0,-20.0,-7450.0,-5.0,-1425.0,15.0,49127.0,26.0,19357.0,,,,,,,,,,,,,,,,,,,,,,,,,,
165.4,11.0,6475.0,-53.0,27188.0,12.0,2081.0,-20.0,-7452.0,-6.0,-1448.0,16.0,49054.0,25.0,19321.0,,,,,,,,,,,,,,,,,,,,,,,,,,
165.43333333333334,11.0,6470.0,-53.0,27153.0,12.0,2080.0,-20.0,-7455.0,-6.0,-1466.0,15.0,48985.0,24.0,19286.0,,,,,,,,,,,,,,,,,,,,,,,,,,
165.46666666666667,12.0,6461.0,-53.0,27113.0,13.0,2080.0,-20.0,-7460.0,-6.0,-1481.0,15.0,48916.0,24.0,19248.0,,,,,,,,,,,,,,,,,,,,,,,,,,
165.5,11.0,6452.0,-53.0,27069.0,13.0,2075.0,-19.0,-7464.0,-7.0,-1496.0,15.0,48846.0,24.0,19211.0,,,,,,,,,,,,,,,,,,,,,,,,,,
165.53333333333333,11.0,6445.0,-54.0,27025.0,13.0,2072.0,-19.0,-7466.0,-6.0,-1513.0,15.0,48781.0,23.0,19180.0,,,,,,,,,,,,,,,,,,,,,,,,,,
165.56666666666666,11.0,6441.0,-54.0,26986.0,13.0,2065.0,-20.0,-7468.0,-6.0,-1530.0,15.0,48718.0,23.0,19151.0,,,,,,,,,,,,,,,,,,,,,,,,,,
165.6,11.0,6440.0,-54.0,26950.0,12.0,2057.0,-20.0,-7470.0,-6.0,-1545.0,14.0,48652.0,24.0,19119.0,,,,,,,,,,,,,,,,,,,,,,,,,,
165.63333333333333,10.0,6438.0,-54.0,26913.0,13.0,2048.0,-20.0,-7473.0,-5.0,-1562.0,14.0,48581.0,23.0,19085.0,,,,,,,,,,,,,,,,,,,,,,,,,,
165.66666666666666,10.0,6431.0,-54.0,26873.0,13.0,2044.0,-20.0,-7475.0,-5.0,-1581.0,14.0,48511.0,24.0,19061.0,,,,,,,,,,,,,,,,,,,,,,,,,,
165.7,9.0,6422.0,-54.0,26838.0,13.0,2043.0,-20.0,-7476.0,-4.0,-1600.0,14.0,48442.0,24.0,19041.0,,,,,,,,,,,,,,,,,,,,,,,,,,
165.73333333333332,9.0,6411.0,-53.0,26806.0,13.0,2046.0,-20.0,-7480.0,-4.0,-1618.0,14.0,48377.0,24.0,19018.0,,,,,,,,,,,,,,,,,,,,,,,,,,
165.76666666666668,10.0,6400.0,-52.0,26778.0,14.0,2043.0,-20.0,-7483.0,-4.0,-1631.0,14.0,48313.0,24.0,18991.0,,,,,,,,,,,,,,,,,,,,,,,,,,
165.8,10.0,6391.0,-52.0,26748.0,14.0,2035.0,-20.0,-7485.0,-4.0,-1647.0,14.0,48249.0,24.0,18963.0,,,,,,,,,,,,,,,,,,,,,,,,,,
165.83333333333334,10.0,6380.0,-51.0,26714.0,14.0,2028.0,-20.0,-7489.0,-4.0,-1667.0,14.0,48187.0,24.0,18932.0,,,,,,,,,,,,,,,,,,,,,,,,,,
165.86666666666667,10.0,6372.0,-51.0,26680.0,13.0,2024.0,-20.0,-7492.0,-4.0,-1689.0,13.0,48122.0,24.0,18901.0,,,,,,,,,,,,,,,,,,,,,,,,,,
165.9,10.0,6365.0,-51.0,26640.0,13.0,2020.0,-19.0,-7496.0,-3.0,-1708.0,13.0,48058.0,24.0,18870.0,,,,,,,,,,,,,,,,,,,,,,,,,,
165.93333333333334,11.0,6354.0,-51.0,26601.0,13.0,2014.0,-19.0,-7500.0,-4.0,-1726.0,13.0,47993.0,24.0,18838.0,,,,,,,,,,,,,,,,,,,,,,,,,,
165.96666666666667,11.0,6346.0,-51.0,26563.0,13.0,2005.0,-19.0,-7504.0,-4.0,-1742.0,13.0,47926.0,25.0,18805.0,,,,,,,,,,,,,,,,,,,,,,,,,,
166.0,11.0,6340.0,-52.0,26531.0,13.0,2000.0,-19.0,-7504.0,-4.0,-1756.0,14.0,47864.0,25.0,18769.0,,,,,,,,,,,,,,,,,,,,,,,,,,
166.03333333333333,11.0,6337.0,-53.0,26499.0,13.0,1997.0,-19.0,-7507.0,-4.0,-1767.0,14.0,47806.0,25.0,18736.0,,,,,,,,,,,,,,,,,,,,,,,,,,
166.06666666666666,10.0,6333.0,-54.0,26468.0,13.0,1993.0,-19.0,-7510.0,-4.0,-1777.0,14.0,47746.0,25.0,18707.0,,,,,,,,,,,,,,,,,,,,,,,,,,
166.1,9.0,6323.0,-54.0,26436.0,12.0,1990.0,-18.0,-7515.0,-4.0,-1786.0,15.0,47686.0,25.0,18677.0,,,,,,,,,,,,,,,,,,,,,,,,,,
166.13333333333333,9.0,6312.0,-55.0,26403.0,12.0,1987.0,-18.0,-7518.0,-4.0,-1802.0,14.0,47623.0,24.0,18650.0,,,,,,,,,,,,,,,,,,,,,,,,,,
166.16666666666666,9.0,6303.0,-54.0,26367.0,12.0,1980.0,-18.0,-7518.0,-4.0,-1822.0,15.0,47554.0,24.0,18622.0,,,,,,,,,,,,,,,,,,,,,,,,,,
166.2,10.0,6297.0,-54.0,26335.0,12.0,1975.0,-19.0,-7518.0,-4.0,-1839.0,15.0,47484.0,24.0,18597.0,,,,,,,,,,,,,,,,,,,,,,,,,,
166.23333333333332,10.0,6291.0,-53.0,26304.0,12.0,1972.0,-19.0,-7518.0,-5.0,-1851.0,14.0,47417.0,25.0,18571.0,,,,,,,,,,,,,,,,,,,,,,,,,,
166.26666666666668,10.0,6282.0,-53.0,26267.0,12.0,1968.0,-20.0,-7520.0,-5.0,-1859.0,14.0,47353.0,25.0,18543.0,,,,,,,,,,,,,,,,,,,,,,,,,,
166.3,10.0,6276.0,-53.0,26229.0,12.0,1967.0,-19.0,-7519.0,-5.0,-1870.0,14.0,47289.0,25.0,18514.0,,,,,,,,,,,,,,,,,,,,,,,,,,
166.33333333333334,10.0,6269.0,-53.0,26196.0,12.0,1968.0,-19.0,-7516.0,-5.0,-1880.0,13.0,47224.0,25.0,18480.0,,,,,,,,,,,,,,,,,,,,,,,,,,
166.36666666666667,9.0,6262.0,-53.0,26164.0,11.0,1968.0,-19.0,-7517.0,-5.0,-1896.0,14.0,47160.0,25.0,18445.0,,,,,,,,,,,,,,,,,,,,,,,,,,
166.4,9.0,6255.0,-53.0,26133.0,11.0,1969.0,-18.0,-7519.0,-5.0,-1917.0,14.0,47095.0,25.0,18417.0,,,,,,,,,,,,,,,,,,,,,,,,,,
166.43333333333334,9.0,6244.0,-53.0,26101.0,11.0,1962.0,-18.0,-7524.0,-5.0,-1935.0,14.0,47030.0,25.0,18387.0,,,,,,,,,,,,,,,,,,,,,,,,,,
166.46666666666667,9.0,6233.0,-53.0,26069.0,11.0,1954.0,-18.0,-7525.0,-5.0,-1952.0,14.0,46965.0,25.0,18355.0,,,,,,,,,,,,,,,,,,,,,,,,,,
166.5,9.0,6228.0,-54.0,26041.0,11.0,1945.0,-18.0,-7523.0,-6.0,-1969.0,14.0,46905.0,25.0,18325.0,,,,,,,,,,,,,,,,,,,,,,,,,,
166.53333333333333,10.0,6226.0,-54.0,26009.0,10.0,1937.0,-19.0,-7524.0,-6.0,-1986.0,14.0,46846.0,25.0,18303.0,,,,,,,,,,,,,,,,,,,,,,,,,,
166.56666666666666,10.0,6222.0,-54.0,25975.0,11.0,1930.0,-20.0,-7530.0,-6.0,-2005.0,14.0,46782.0,25.0,18277.0,,,,,,,,,,,,,,,,,,,,,,,,,,
166.6,10.0,6218.0,-54.0,25943.0,11.0,1923.0,-20.0,-7538.0,-6.0,-2023.0,14.0,46723.0,26.0,18248.0,,,,,,,,,,,,,,,,,,,,,,,,,,
166.63333333333333,10.0,6215.0,-54.0,25907.0,11.0,1919.0,-20.0,-7545.0,-6.0,-2037.0,14.0,46662.0,26.0,18218.0,,,,,,,,,,,,,,,,,,,,,,,,,,
166.66666666666666,10.0,6217.0,-54.0,25875.0,12.0,1919.0,-20.0,-7550.0,-6.0,-2051.0,14.0,46600.0,26.0,18188.0,,,,,,,,,,,,,,,,,,,,,,,,,,
166.7,10.0,6215.0,-54.0,25846.0,12.0,1917.0,-20.0,-7553.0,-5.0,-2066.0,14.0,46538.0,26.0,18156.0,,,,,,,,,,,,,,,,,,,,,,,,,,
166.73333333333332,10.0,6207.0,-54.0,25815.0,12.0,1913.0,-20.0,-7556.0,-5.0,-2082.0,14.0,46474.0,26.0,18122.0,,,,,,,,,,,,,,,,,,,,,,,,,,
166.76666666666668,10.0,6198.0,-54.0,25783.0,12.0,1914.0,-19.0,-7558.0,-5.0,-2100.0,13.0,46411.0,26.0,18089.0,,,,,,,,,,,,,,,,,,,,,,,,,,
166.8,10.0,6190.0,-54.0,25750.0,13.0,1913.0,-19.0,-7556.0,-5.0,-2121.0,13.0,46346.0,26.0,18060.0,,,,,,,,,,,,,,,,,,,,,,,,,,
166.83333333333334,10.0,6179.0,-55.0,25718.0,12.0,1910.0,-19.0,-7553.0,-5.0,-2140.0,13.0,46281.0,26.0,18038.0,,,,,,,,,,,,,,,,,,,,,,,,,,
166.86666666666667,10.0,6168.0,-55.0,25689.0,12.0,1905.0,-19.0,-7552.0,-6.0,-2156.0,13.0,46217.0,26.0,18012.0,,,,,,,,,,,,,,,,,,,,,,,,,,
166.9,10.0,6160.0,-55.0,25658.0,12.0,1901.0,-19.0,-7555.0,-6.0,-2175.0,13.0,46159.0,26.0,17980.0,,,,,,,,,,,,,,,,,,,,,,,,,,
166.93333333333334,9.0,6151.0,-55.0,25622.0,11.0,1898.0,-19.0,-7558.0,-6.0,-2197.0,13.0,46105.0,26.0,17946.0,,,,,,,,,,,,,,,,,,,,,,,,,,
166.96666666666667,9.0,6140.0,-54.0,25585.0,11.0,1894.0,-20.0,-7557.0,-6.0,-2216.0,13.0,46046.0,26.0,17913.0,,,,,,,,,,,,,,,,,,,,,,,,,,
167.0,9.0,6131.0,-54.0,25556.0,11.0,1886.0,-20.0,-7553.0,-6.0,-2235.0,13.0,45983.0,26.0,17880.0,,,,,,,,,,,,,,,,,,,,,,,,,,
167.03333333333333,9.0,6124.0,-54.0,25531.0,11.0,1880.0,-21.0,-7553.0,-6.0,-2252.0,12.0,45922.0,26.0,17850.0,,,,,,,,,,,,,,,,,,,,,,,,,,
167.06666666666666,9.0,6120.0,-54.0,25504.0,10.0,1872.0,-21.0,-7556.0,-6.0,-2266.0,12.0,45862.0,26.0,17828.0,,,,,,,,,,,,,,,,,,,,,,,,,,
167.1,9.0,6114.0,-54.0,25474.0,10.0,1863.0,-20.0,-7557.0,-5.0,-2281.0,12.0,45801.0,26.0,17808.0,,,,,,,,,,,,,,,,,,,,,,,,,,
167.13333333333333,10.0,6105.0,-55.0,25437.0,10.0,1855.0,-20.0,-7558.0,-5.0,-2299.0,12.0,45752.0,26.0,17790.0,,,,,,,,,,,,,,,,,,,,,,,,,,
167.16666666666666,10.0,6096.0,-55.0,25401.0,10.0,1851.0,-20.0,-7561.0,-4.0,-2317.0,12.0,45698.0,26.0,17772.0,,,,,,,,,,,,,,,,,,,,,,,,,,
167.2,11.0,6085.0,-55.0,25371.0,11.0,1851.0,-20.0,-7564.0,-4.0,-2338.0,12.0,45645.0,26.0,17751.0,,,,,,,,,,,,,,,,,,,,,,,,,,
167.23333333333332,11.0,6076.0,-55.0,25339.0,11.0,1852.0,-20.0,-7564.0,-4.0,-2358.0,12.0,45581.0,27.0,17727.0,,,,,,,,,,,,,,,,,,,,,,,,,,
167.26666666666668,11.0,6068.0,-55.0,25307.0,11.0,1850.0,-20.0,-7565.0,-4.0,-2374.0,12.0,45514.0,26.0,17696.0,,,,,,,,,,,,,,,,,,,,,,,,,,
167.3,11.0,6057.0,-55.0,25277.0,11.0,1847.0,-20.0,-7568.0,-5.0,-2390.0,12.0,45453.0,26.0,17657.0,,,,,,,,,,,,,,,,,,,,,,,,,,
167.33333333333334,11.0,6045.0,-55.0,25250.0,11.0,1844.0,-20.0,-7573.0,-5.0,-2406.0,12.0,45399.0,25.0,17621.0,,,,,,,,,,,,,,,,,,,,,,,,,,
167.36666666666667,11.0,6032.0,-54.0,25225.0,11.0,1837.0,-20.0,-7578.0,-5.0,-2421.0,12.0,45342.0,25.0,17589.0,,,,,,,,,,,,,,,,,,,,,,,,,,
167.4,11.0,6022.0,-55.0,25200.0,11.0,1831.0,-20.0,-7583.0,-6.0,-2434.0,12.0,45287.0,25.0,17564.0,,,,,,,,,,,,,,,,,,,,,,,,,,
167.43333333333334,10.0,6014.0,-56.0,25176.0,10.0,1827.0,-20.0,-7586.0,-6.0,-2443.0,11.0,45236.0,25.0,17541.0,,,,,,,,,,,,,,,,,,,,,,,,,,
167.46666666666667,10.0,6011.0,-56.0,25147.0,10.0,1823.0,-20.0,-7587.0,-5.0,-2449.0,11.0,45178.0,24.0,17515.0,,,,,,,,,,,,,,,,,,,,,,,,,,
167.5,9.0,6005.0,-56.0,25116.0,11.0,1817.0,-20.0,-7587.0,-6.0,-2458.0,12.0,45115.0,24.0,17486.0,,,,,,,,,,,,,,,,,,,,,,,,,,
167.53333333333333,9.0,6001.0,-56.0,25079.0,11.0,1814.0,-20.0,-7586.0,-5.0,-2471.0,12.0,45054.0,24.0,17457.0,,,,,,,,,,,,,,,,,,,,,,,,,,
167.56666666666666,9.0,5996.0,-56.0,25038.0,11.0,1811.0,-20.0,-7584.0,-5.0,-2483.0,12.0,45001.0,25.0,17429.0,,,,,,,,,,,,,,,,,,,,,,,,,,
167.6,10.0,5988.0,-56.0,25004.0,11.0,1807.0,-20.0,-7581.0,-5.0,-2497.0,12.0,44948.0,25.0,17398.0,,,,,,,,,,,,,,,,,,,,,,,,,,
167.63333333333333,10.0,5977.0,-56.0,24980.0,11.0,1802.0,-20.0,-7583.0,-4.0,-2512.0,12.0,44890.0,25.0,17373.0,,,,,,,,,,,,,,,,,,,,,,,,,,
167.66666666666666,10.0,5968.0,-55.0,24958.0,11.0,1792.0,-20.0,-7586.0,-4.0,-2529.0,11.0,44832.0,25.0,17347.0,,,,,,,,,,,,,,,,,,,,,,,,,,
167.7,10.0,5959.0,-55.0,24930.0,12.0,1784.0,-20.0,-7587.0,-4.0,-2546.0,11.0,44774.0,25.0,17319.0,,,,,,,,,,,,,,,,,,,,,,,,,,
167.73333333333332,11.0,5953.0,-55.0,24895.0,11.0,1778.0,-20.0,-7588.0,-4.0,-2565.0,12.0,44716.0,25.0,17293.0,,,,,,,,,,,,,,,,,,,,,,,,,,
167.76666666666668,11.0,5945.0,-55.0,24862.0,11.0,1771.0,-20.0,-7591.0,-4.0,-2582.0,12.0,44655.0,25.0,17268.0,,,,,,,,,,,,,,,,,,,,,,,,,,
167.8,10.0,5938.0,-54.0,24827.0,11.0,1764.0,-20.0,-7593.0,-4.0,-2596.0,12.0,44596.0,26.0,17239.0,,,,,,,,,,,,,,,,,,,,,,,,,,
167.83333333333334,10.0,5931.0,-55.0,24796.0,11.0,1759.0,-20.0,-7597.0,-4.0,-2611.0,12.0,44535.0,25.0,17208.0,,,,,,,,,,,,,,,,,,,,,,,,,,
167.86666666666667,11.0,5923.0,-55.0,24771.0,11.0,1757.0,-20.0,-7603.0,-4.0,-2626.0,12.0,44479.0,25.0,17176.0,,,,,,,,,,,,,,,,,,,,,,,,,,
167.9,11.0,5915.0,-55.0,24749.0,11.0,1753.0,-20.0,-7607.0,-4.0,-2641.0,12.0,44425.0,24.0,17145.0,,,,,,,,,,,,,,,,,,,,,,,,,,
167.93333333333334,10.0,5908.0,-55.0,24721.0,11.0,1751.0,-20.0,-7608.0,-4.0,-2660.0,11.0,44369.0,24.0,17116.0,,,,,,,,,,,,,,,,,,,,,,,,,,
167.96666666666667,10.0,5899.0,-55.0,24689.0,11.0,1751.0,-20.0,-7608.0,-4.0,-2678.0,10.0,44311.0,24.0,17087.0,,,,,,,,,,,,,,,,,,,,,,,,,,
168.0,9.0,5886.0,-55.0,24654.0,12.0,1749.0,-20.0,-7611.0,-4.0,-2694.0,10.0,44257.0,23.0,17058.0,,,,,,,,,,,,,,,,,,,,,,,,,,
168.03333333333333,9.0,5871.0,-53.0,24625.0,12.0,1746.0,-20.0,-7614.0,-5.0,-2708.0,9.0,44205.0,23.0,17030.0,,,,,,,,,,,,,,,,,,,,,,,,,,
168.06666666666666,9.0,5858.0,-53.0,24597.0,12.0,1744.0,-20.0,-7616.0,-6.0,-2722.0,10.0,44149.0,23.0,17002.0,,,,,,,,,,,,,,,,,,,,,,,,,,
168.1,9.0,5849.0,-53.0,24569.0,11.0,1738.0,-20.0,-7616.0,-6.0,-2736.0,10.0,44091.0,23.0,16974.0,,,,,,,,,,,,,,,,,,,,,,,,,,
168.13333333333333,9.0,5843.0,-54.0,24535.0,11.0,1733.0,-20.0,-7617.0,-6.0,-2748.0,10.0,44032.0,23.0,16952.0,,,,,,,,,,,,,,,,,,,,,,,,,,
168.16666666666666,9.0,5836.0,-54.0,24501.0,11.0,1726.0,-20.0,-7619.0,-6.0,-2762.0,10.0,43978.0,24.0,16929.0,,,,,,,,,,,,,,,,,,,,,,,,,,
168.2,9.0,5828.0,-54.0,24469.0,11.0,1718.0,-20.0,-7621.0,-6.0,-2773.0,10.0,43923.0,24.0,16905.0,,,,,,,,,,,,,,,,,,,,,,,,,,
168.23333333333332,9.0,5822.0,-54.0,24438.0,11.0,1711.0,-20.0,-7623.0,-6.0,-2780.0,10.0,43870.0,24.0,16879.0,,,,,,,,,,,,,,,,,,,,,,,,,,
168.26666666666668,9.0,5817.0,-55.0,24406.0,11.0,1703.0,-20.0,-7628.0,-6.0,-2789.0,10.0,43817.0,24.0,16857.0,,,,,,,,,,,,,,,,,,,,,,,,,,
168.3,10.0,5812.0,-56.0,24375.0,11.0,1696.0,-20.0,-7631.0,-6.0,-2800.0,10.0,43767.0,25.0,16835.0,,,,,,,,,,,,,,,,,,,,,,,,,,
168.33333333333334,9.0,5804.0,-56.0,24346.0,10.0,1691.0,-20.0,-7632.0,-7.0,-2817.0,10.0,43717.0,25.0,16808.0,,,,,,,,,,,,,,,,,,,,,,,,,,
168.36666666666667,10.0,5796.0,-56.0,24313.0,10.0,1688.0,-20.0,-7633.0,-7.0,-2835.0,10.0,43666.0,25.0,16780.0,,,,,,,,,,,,,,,,,,,,,,,,,,
168.4,9.0,5789.0,-55.0,24283.0,11.0,1686.0,-20.0,-7632.0,-8.0,-2854.0,11.0,43615.0,24.0,16752.0,,,,,,,,,,,,,,,,,,,,,,,,,,
168.43333333333334,9.0,5783.0,-55.0,24257.0,11.0,1686.0,-20.0,-7631.0,-8.0,-2867.0,11.0,43559.0,24.0,16725.0,,,,,,,,,,,,,,,,,,,,,,,,,,
168.46666666666667,9.0,5778.0,-55.0,24231.0,11.0,1682.0,-20.0,-7631.0,-8.0,-2876.0,11.0,43501.0,24.0,16699.0,,,,,,,,,,,,,,,,,,,,,,,,,,
168.5,9.0,5772.0,-54.0,24209.0,11.0,1675.0,-20.0,-7630.0,-8.0,-2888.0,11.0,43440.0,23.0,16674.0,,,,,,,,,,,,,,,,,,,,,,,,,,
168.53333333333333,9.0,5767.0,-54.0,24187.0,11.0,1670.0,-20.0,-7629.0,-8.0,-2903.0,10.0,43380.0,23.0,16651.0,,,,,,,,,,,,,,,,,,,,,,,,,,
168.56666666666666,8.0,5760.0,-54.0,24165.0,11.0,1667.0,-20.0,-7630.0,-8.0,-2918.0,11.0,43322.0,23.0,16625.0,,,,,,,,,,,,,,,,,,,,,,,,,,
168.6,9.0,5750.0,-54.0,24139.0,11.0,1664.0,-20.0,-7631.0,-7.0,-2931.0,11.0,43271.0,23.0,16594.0,,,,,,,,,,,,,,,,,,,,,,,,,,
168.63333333333333,8.0,5740.0,-54.0,24111.0,11.0,1661.0,-20.0,-7631.0,-7.0,-2945.0,11.0,43222.0,24.0,16565.0,,,,,,,,,,,,,,,,,,,,,,,,,,
168.66666666666666,8.0,5731.0,-53.0,24083.0,11.0,1656.0,-20.0,-7634.0,-7.0,-2958.0,11.0,43172.0,24.0,16535.0,,,,,,,,,,,,,,,,,,,,,,,,,,
168.7,8.0,5720.0,-53.0,24053.0,11.0,1651.0,-21.0,-7637.0,-7.0,-2971.0,11.0,43124.0,24.0,16506.0,,,,,,,,,,,,,,,,,,,,,,,,,,
168.73333333333332,8.0,5713.0,-53.0,24026.0,11.0,1652.0,-21.0,-7641.0,-7.0,-2987.0,11.0,43074.0,24.0,16476.0,,,,,,,,,,,,,,,,,,,,,,,,,,
168.76666666666668,8.0,5709.0,-53.0,24002.0,11.0,1651.0,-20.0,-7647.0,-7.0,-3000.0,11.0,43020.0,24.0,16448.0,,,,,,,,,,,,,,,,,,,,,,,,,,
168.8,9.0,5704.0,-53.0,23974.0,12.0,1646.0,-20.0,-7657.0,-8.0,-3013.0,11.0,42962.0,24.0,16418.0,,,,,,,,,,,,,,,,,,,,,,,,,,
168.83333333333334,8.0,5695.0,-53.0,23947.0,12.0,1641.0,-20.0,-7666.0,-8.0,-3030.0,10.0,42910.0,24.0,16385.0,,,,,,,,,,,,,,,,,,,,,,,,,,
168.86666666666667,8.0,5684.0,-54.0,23921.0,12.0,1637.0,-20.0,-7670.0,-8.0,-3049.0,10.0,42857.0,24.0,16354.0,,,,,,,,,,,,,,,,,,,,,,,,,,
168.9,8.0,5675.0,-54.0,23896.0,11.0,1634.0,-20.0,-7672.0,-9.0,-3068.0,10.0,42802.0,23.0,16328.0,,,,,,,,,,,,,,,,,,,,,,,,,,
168.93333333333334,9.0,5663.0,-55.0,23873.0,11.0,1629.0,-21.0,-7672.0,-9.0,-3082.0,10.0,42746.0,23.0,16305.0,,,,,,,,,,,,,,,,,,,,,,,,,,
168.96666666666667,9.0,5651.0,-55.0,23847.0,12.0,1623.0,-21.0,-7672.0,-9.0,-3095.0,10.0,42689.0,23.0,16289.0,,,,,,,,,,,,,,,,,,,,,,,,,,
169.0,10.0,5642.0,-55.0,23819.0,12.0,1617.0,-20.0,-7675.0,-9.0,-3105.0,9.0,42635.0,23.0,16269.0,,,,,,,,,,,,,,,,,,,,,,,,,,
169.03333333333333,10.0,5633.0,-56.0,23789.0,13.0,1608.0,-20.0,-7676.0,-9.0,-3123.0,9.0,42583.0,23.0,16245.0,,,,,,,,,,,,,,,,,,,,,,,,,,
169.06666666666666,10.0,5623.0,-56.0,23761.0,13.0,1601.0,-20.0,-7676.0,-9.0,-3143.0,9.0,42532.0,23.0,16214.0,,,,,,,,,,,,,,,,,,,,,,,,,,
169.1,11.0,5616.0,-56.0,23734.0,12.0,1597.0,-20.0,-7673.0,-8.0,-3156.0,9.0,42491.0,23.0,16184.0,,,,,,,,,,,,,,,,,,,,,,,,,,
169.13333333333333,10.0,5613.0,-56.0,23704.0,12.0,1592.0,-20.0,-7668.0,-8.0,-3163.0,10.0,42445.0,24.0,16158.0,,,,,,,,,,,,,,,,,,,,,,,,,,
169.16666666666666,10.0,5611.0,-56.0,23675.0,11.0,1586.0,-20.0,-7664.0,-8.0,-3170.0,10.0,42391.0,24.0,16134.0,,,,,,,,,,,,,,,,,,,,,,,,,,
169.2,9.0,5605.0,-56.0,23643.0,11.0,1577.0,-20.0,-7663.0,-8.0,-3179.0,11.0,42333.0,24.0,16107.0,,,,,,,,,,,,,,,,,,,,,,,,,,
169.23333333333332,8.0,5600.0,-56.0,23611.0,11.0,1568.0,-19.0,-7661.0,-8.0,-3189.0,12.0,42283.0,24.0,16080.0,,,,,,,,,,,,,,,,,,,,,,,,,,
169.26666666666668,9.0,5591.0,-56.0,23581.0,11.0,1560.0,-19.0,-7658.0,-8.0,-3204.0,12.0,42240.0,24.0,16054.0,,,,,,,,,,,,,,,,,,,,,,,,,,
169.3,9.0,5583.0,-56.0,23557.0,10.0,1554.0,-19.0,-7660.0,-8.0,-3218.0,12.0,42193.0,23.0,16029.0,,,,,,,,,,,,,,,,,,,,,,,,,,
169.33333333333334,9.0,5576.0,-56.0,23531.0,10.0,1551.0,-19.0,-7664.0,-8.0,-3236.0,11.0,42141.0,23.0,16003.0,,,,,,,,,,,,,,,,,,,,,,,,,,
169.36666666666667,9.0,5565.0,-56.0,23504.0,10.0,1550.0,-20.0,-7668.0,-8.0,-3251.0,11.0,42096.0,23.0,15979.0,,,,,,,,,,,,,,,,,,,,,,,,,,
169.4,9.0,5553.0,-56.0,23474.0,10.0,1548.0,-20.0,-7675.0,-8.0,-3267.0,11.0,42050.0,22.0,15952.0,,,,,,,,,,,,,,,,,,,,,,,,,,
169.43333333333334,10.0,5540.0,-57.0,23444.0,10.0,1545.0,-20.0,-7681.0,-7.0,-3282.0,11.0,42000.0,23.0,15924.0,,,,,,,,,,,,,,,,,,,,,,,,,,
169.46666666666667,11.0,5530.0,-57.0,23418.0,10.0,1538.0,-20.0,-7685.0,-7.0,-3293.0,11.0,41950.0,24.0,15895.0,,,,,,,,,,,,,,,,,,,,,,,,,,
169.5,11.0,5524.0,-58.0,23396.0,10.0,1531.0,-20.0,-7687.0,-7.0,-3300.0,12.0,41900.0,24.0,15867.0,,,,,,,,,,,,,,,,,,,,,,,,,,
169.53333333333333,11.0,5517.0,-58.0,23374.0,11.0,1522.0,-20.0,-7688.0,-6.0,-3308.0,11.0,41850.0,24.0,15845.0,,,,,,,,,,,,,,,,,,,,,,,,,,
169.56666666666666,10.0,5507.0,-58.0,23348.0,11.0,1512.0,-20.0,-7686.0,-6.0,-3314.0,11.0,41802.0,24.0,15825.0,,,,,,,,,,,,,,,,,,,,,,,,,,
169.6,10.0,5495.0,-58.0,23321.0,12.0,1507.0,-20.0,-7686.0,-6.0,-3325.0,11.0,41749.0,24.0,15805.0,,,,,,,,,,,,,,,,,,,,,,,,,,
169.63333333333333,10.0,5486.0,-58.0,23302.0,13.0,1505.0,-20.0,-7687.0,-7.0,-3343.0,11.0,41691.0,24.0,15785.0,,,,,,,,,,,,,,,,,,,,,,,,,,
169.66666666666666,10.0,5478.0,-58.0,23283.0,13.0,1509.0,-20.0,-7689.0,-7.0,-3360.0,11.0,41638.0,24.0,15761.0,,,,,,,,,,,,,,,,,,,,,,,,,,
169.7,10.0,5470.0,-59.0,23260.0,13.0,1513.0,-20.0,-7691.0,-6.0,-3372.0,10.0,41586.0,24.0,15735.0,,,,,,,,,,,,,,,,,,,,,,,,,,
169.73333333333332,10.0,5462.0,-58.0,23233.0,13.0,1512.0,-20.0,-7694.0,-6.0,-3383.0,10.0,41539.0,25.0,15709.0,,,,,,,,,,,,,,,,,,,,,,,,,,
169.76666666666668,11.0,5456.0,-58.0,23206.0,12.0,1508.0,-20.0,-7699.0,-6.0,-3397.0,10.0,41495.0,25.0,15685.0,,,,,,,,,,,,,,,,,,,,,,,,,,
169.8,10.0,5448.0,-57.0,23184.0,12.0,1501.0,-20.0,-7705.0,-6.0,-3414.0,10.0,41450.0,25.0,15664.0,,,,,,,,,,,,,,,,,,,,,,,,,,
169.83333333333334,10.0,5440.0,-57.0,23159.0,11.0,1493.0,-21.0,-7708.0,-5.0,-3429.0,10.0,41404.0,24.0,15636.0,,,,,,,,,,,,,,,,,,,,,,,,,,
169.86666666666667,9.0,5430.0,-57.0,23128.0,11.0,1485.0,-21.0,-7706.0,-5.0,-3447.0,10.0,41360.0,24.0,15607.0,,,,,,,,,,,,,,,,,,,,,,,,,,
169.9,9.0,5419.0,-58.0,23095.0,11.0,1478.0,-22.0,-7702.0,-5.0,-3463.0,10.0,41317.0,24.0,15579.0,,,,,,,,,,,,,,,,,,,,,,,,,,
169.93333333333334,9.0,5409.0,-58.0,23067.0,11.0,1473.0,-22.0,-7700.0,-5.0,-3481.0,9.0,41273.0,24.0,15554.0,,,,,,,,,,,,,,,,,,,,,,,,,,
169.96666666666667,10.0,5400.0,-58.0,23041.0,11.0,1467.0,-22.0,-7699.0,-6.0,-3501.0,9.0,41222.0,24.0,15532.0,,,,,,,,,,,,,,,,,,,,,,,,,,
170.0,10.0,5390.0,-58.0,23017.0,11.0,1459.0,-22.0,-7701.0,-6.0,-3519.0,9.0,41174.0,24.0,15510.0,,,,,,,,,,,,,,,,,,,,,,,,,,
170.03333333333333,9.0,5378.0,-58.0,22991.0,11.0,1452.0,-21.0,-7703.0,-6.0,-3532.0,9.0,41133.0,24.0,15485.0,,,,,,,,,,,,,,,,,,,,,,,,,,
170.06666666666666,9.0,5368.0,-58.0,22965.0,12.0,1445.0,-20.0,-7705.0,-6.0,-3543.0,9.0,41088.0,24.0,15465.0,,,,,,,,,,,,,,,,,,,,,,,,,,
170.1,9.0,5362.0,-59.0,22933.0,12.0,1443.0,-20.0,-7708.0,-7.0,-3553.0,9.0,41042.0,24.0,15441.0,,,,,,,,,,,,,,,,,,,,,,,,,,
170.13333333333333,9.0,5356.0,-59.0,22902.0,12.0,1440.0,-20.0,-7714.0,-8.0,-3563.0,9.0,41001.0,23.0,15417.0,,,,,,,,,,,,,,,,,,,,,,,,,,
170.16666666666666,9.0,5350.0,-59.0,22875.0,12.0,1434.0,-20.0,-7719.0,-8.0,-3576.0,9.0,40961.0,23.0,15396.0,,,,,,,,,,,,,,,,,,,,,,,,,,
170.2,8.0,5345.0,-59.0,22848.0,12.0,1427.0,-20.0,-7721.0,-7.0,-3596.0,9.0,40920.0,23.0,15373.0,,,,,,,,,,,,,,,,,,,,,,,,,,
170.23333333333332,8.0,5340.0,-58.0,22822.0,13.0,1424.0,-20.0,-7724.0,-7.0,-3617.0,9.0,40871.0,23.0,15349.0,,,,,,,,,,,,,,,,,,,,,,,,,,
170.26666666666668,8.0,5333.0,-58.0,22797.0,12.0,1424.0,-20.0,-7726.0,-7.0,-3634.0,9.0,40819.0,23.0,15325.0,,,,,,,,,,,,,,,,,,,,,,,,,,
170.3,8.0,5325.0,-58.0,22771.0,12.0,1423.0,-20.0,-7725.0,-6.0,-3647.0,9.0,40768.0,23.0,15301.0,,,,,,,,,,,,,,,,,,,,,,,,,,
170.33333333333334,9.0,5318.0,-58.0,22753.0,12.0,1420.0,-20.0,-7725.0,-6.0,-3663.0,9.0,40720.0,23.0,15268.0,,,,,,,,,,,,,,,,,,,,,,,,,,
170.36666666666667,9.0,5316.0,-58.0,22740.0,12.0,1415.0,-20.0,-7729.0,-6.0,-3678.0,8.0,40671.0,23.0,15237.0,,,,,,,,,,,,,,,,,,,,,,,,,,
170.4,10.0,5314.0,-58.0,22723.0,12.0,1412.0,-20.0,-7730.0,-6.0,-3689.0,8.0,40622.0,23.0,15210.0,,,,,,,,,,,,,,,,,,,,,,,,,,
170.43333333333334,10.0,5312.0,-58.0,22701.0,12.0,1410.0,-20.0,-7731.0,-6.0,-3697.0,9.0,40565.0,23.0,15187.0,,,,,,,,,,,,,,,,,,,,,,,,,,
170.46666666666667,10.0,5305.0,-58.0,22673.0,11.0,1404.0,-21.0,-7735.0,-6.0,-3707.0,9.0,40511.0,23.0,15170.0,,,,,,,,,,,,,,,,,,,,,,,,,,
170.5,10.0,5294.0,-58.0,22643.0,12.0,1396.0,-21.0,-7738.0,-7.0,-3719.0,8.0,40459.0,23.0,15152.0,,,,,,,,,,,,,,,,,,,,,,,,,,
170.53333333333333,10.0,5283.0,-58.0,22617.0,12.0,1388.0,-21.0,-7736.0,-7.0,-3733.0,8.0,40411.0,23.0,15128.0,,,,,,,,,,,,,,,,,,,,,,,,,,
170.56666666666666,10.0,5271.0,-58.0,22592.0,12.0,1381.0,-21.0,-7733.0,-7.0,-3746.0,8.0,40366.0,22.0,15105.0,,,,,,,,,,,,,,,,,,,,,,,,,,
170.6,10.0,5260.0,-57.0,22567.0,12.0,1374.0,-21.0,-7732.0,-7.0,-3761.0,9.0,40326.0,21.0,15084.0,,,,,,,,,,,,,,,,,,,,,,,,,,
170.63333333333333,10.0,5250.0,-58.0,22542.0,12.0,1369.0,-21.0,-7733.0,-7.0,-3781.0,9.0,40281.0,21.0,15065.0,,,,,,,,,,,,,,,,,,,,,,,,,,
170.66666666666666,10.0,5242.0,-58.0,22524.0,11.0,1364.0,-21.0,-7733.0,-7.0,-3798.0,8.0,40236.0,22.0,15047.0,,,,,,,,,,,,,,,,,,,,,,,,,,
170.7,9.0,5233.0,-58.0,22502.0,11.0,1361.0,-21.0,-7733.0,-7.0,-3810.0,8.0,40187.0,22.0,15029.0,,,,,,,,,,,,,,,,,,,,,,,,,,
170.73333333333332,10.0,5221.0,-58.0,22481.0,10.0,1357.0,-21.0,-7734.0,-7.0,-3819.0,9.0,40136.0,22.0,15008.0,,,,,,,,,,,,,,,,,,,,,,,,,,
170.76666666666668,10.0,5210.0,-58.0,22457.0,10.0,1350.0,-22.0,-7735.0,-7.0,-3830.0,9.0,40086.0,22.0,14984.0,,,,,,,,,,,,,,,,,,,,,,,,,,
170.8,10.0,5202.0,-58.0,22426.0,10.0,1343.0,-22.0,-7736.0,-7.0,-3839.0,9.0,40034.0,22.0,14958.0,,,,,,,,,,,,,,,,,,,,,,,,,,
170.83333333333334,11.0,5196.0,-58.0,22394.0,10.0,1337.0,-21.0,-7737.0,-7.0,-3850.0,9.0,39990.0,23.0,14931.0,,,,,,,,,,,,,,,,,,,,,,,,,,
170.86666666666667,11.0,5187.0,-58.0,22368.0,10.0,1332.0,-20.0,-7733.0,-7.0,-3860.0,9.0,39949.0,23.0,14904.0,,,,,,,,,,,,,,,,,,,,,,,,,,
170.9,11.0,5180.0,-57.0,22345.0,10.0,1327.0,-20.0,-7732.0,-7.0,-3870.0,8.0,39907.0,23.0,14879.0,,,,,,,,,,,,,,,,,,,,,,,,,,
170.93333333333334,10.0,5174.0,-57.0,22324.0,9.0,1325.0,-20.0,-7730.0,-8.0,-3884.0,7.0,39866.0,23.0,14851.0,,,,,,,,,,,,,,,,,,,,,,,,,,
170.96666666666667,10.0,5169.0,-57.0,22302.0,9.0,1328.0,-20.0,-7731.0,-8.0,-3900.0,7.0,39825.0,23.0,14823.0,,,,,,,,,,,,,,,,,,,,,,,,,,
171.0,10.0,5164.0,-57.0,22281.0,9.0,1330.0,-20.0,-7733.0,-8.0,-3914.0,7.0,39776.0,23.0,14797.0,,,,,,,,,,,,,,,,,,,,,,,,,,
171.03333333333333,10.0,5156.0,-57.0,22261.0,10.0,1331.0,-20.0,-7736.0,-9.0,-3922.0,8.0,39726.0,23.0,14774.0,,,,,,,,,,,,,,,,,,,,,,,,,,
171.06666666666666,10.0,5146.0,-58.0,22241.0,11.0,1331.0,-21.0,-7736.0,-8.0,-3931.0,8.0,39675.0,23.0,14747.0,,,,,,,,,,,,,,,,,,,,,,,,,,
171.1,10.0,5133.0,-58.0,22220.0,11.0,1327.0,-21.0,-7737.0,-8.0,-3942.0,8.0,39632.0,23.0,14720.0,,,,,,,,,,,,,,,,,,,,,,,,,,
171.13333333333333,10.0,5120.0,-58.0,22195.0,12.0,1325.0,-21.0,-7738.0,-8.0,-3955.0,8.0,39594.0,23.0,14695.0,,,,,,,,,,,,,,,,,,,,,,,,,,
171.16666666666666,10.0,5110.0,-57.0,22171.0,11.0,1324.0,-21.0,-7736.0,-8.0,-3970.0,9.0,39558.0,23.0,14672.0,,,,,,,,,,,,,,,,,,,,,,,,,,
171.2,10.0,5100.0,-56.0,22153.0,11.0,1319.0,-21.0,-7737.0,-7.0,-3985.0,9.0,39521.0,23.0,14653.0,,,,,,,,,,,,,,,,,,,,,,,,,,
171.23333333333332,10.0,5093.0,-56.0,22129.0,11.0,1311.0,-20.0,-7740.0,-7.0,-3999.0,9.0,39475.0,23.0,14638.0,,,,,,,,,,,,,,,,,,,,,,,,,,
171.26666666666668,9.0,5090.0,-57.0,22098.0,11.0,1304.0,-20.0,-7745.0,-7.0,-4011.0,9.0,39429.0,23.0,14625.0,,,,,,,,,,,,,,,,,,,,,,,,,,
171.3,9.0,5087.0,-57.0,22062.0,11.0,1299.0,-20.0,-7750.0,-7.0,-4020.0,9.0,39388.0,22.0,14603.0,,,,,,,,,,,,,,,,,,,,,,,,,,
171.33333333333334,9.0,5085.0,-58.0,22030.0,10.0,1295.0,-19.0,-7755.0,-7.0,-4029.0,9.0,39344.0,21.0,14574.0,,,,,,,,,,,,,,,,,,,,,,,,,,
171.36666666666667,10.0,5081.0,-58.0,22004.0,10.0,1290.0,-19.0,-7757.0,-7.0,-4043.0,9.0,39301.0,20.0,14547.0,,,,,,,,,,,,,,,,,,,,,,,,,,
171.4,10.0,5076.0,-58.0,21983.0,11.0,1287.0,-19.0,-7758.0,-7.0,-4063.0,9.0,39261.0,20.0,14521.0,,,,,,,,,,,,,,,,,,,,,,,,,,
171.43333333333334,10.0,5072.0,-59.0,21960.0,11.0,1285.0,-20.0,-7758.0,-8.0,-4086.0,8.0,39219.0,20.0,14498.0,,,,,,,,,,,,,,,,,,,,,,,,,,
171.46666666666667,10.0,5070.0,-59.0,21936.0,11.0,1284.0,-20.0,-7758.0,-7.0,-4104.0,8.0,39182.0,20.0,14479.0,,,,,,,,,,,,,,,,,,,,,,,,,,
171.5,10.0,5065.0,-59.0,21914.0,10.0,1283.0,-20.0,-7759.0,-7.0,-4119.0,8.0,39146.0,20.0,14457.0,,,,,,,,,,,,,,,,,,,,,,,,,,
171.53333333333333,10.0,5060.0,-59.0,21891.0,11.0,1279.0,-20.0,-7761.0,-7.0,-4132.0,8.0,39108.0,20.0,14439.0,,,,,,,,,,,,,,,,,,,,,,,,,,
171.56666666666666,10.0,5057.0,-59.0,21870.0,11.0,1276.0,-20.0,-7763.0,-7.0,-4140.0,7.0,39067.0,20.0,14426.0,,,,,,,,,,,,,,,,,,,,,,,,,,
171.6,9.0,5050.0,-59.0,21851.0,10.0,1273.0,-20.0,-7766.0,-8.0,-4147.0,7.0,39022.0,21.0,14408.0,,,,,,,,,,,,,,,,,,,,,,,,,,
171.63333333333333,9.0,5040.0,-59.0,21833.0,10.0,1272.0,-20.0,-7770.0,-7.0,-4148.0,7.0,38972.0,22.0,14386.0,,,,,,,,,,,,,,,,,,,,,,,,,,
171.66666666666666,10.0,5032.0,-58.0,21810.0,9.0,1269.0,-20.0,-7772.0,-7.0,-4155.0,6.0,38920.0,22.0,14359.0,,,,,,,,,,,,,,,,,,,,,,,,,,
171.7,10.0,5027.0,-58.0,21785.0,9.0,1267.0,-20.0,-7774.0,-7.0,-4167.0,6.0,38872.0,22.0,14330.0,,,,,,,,,,,,,,,,,,,,,,,,,,
171.73333333333332,10.0,5019.0,-58.0,21760.0,9.0,1263.0,-20.0,-7779.0,-7.0,-4179.0,6.0,38827.0,22.0,14304.0,,,,,,,,,,,,,,,,,,,,,,,,,,
171.76666666666668,10.0,5010.0,-58.0,21737.0,9.0,1256.0,-20.0,-7783.0,-7.0,-4192.0,6.0,38780.0,22.0,14281.0,,,,,,,,,,,,,,,,,,,,,,,,,,
171.8,10.0,4998.0,-58.0,21713.0,9.0,1245.0,-20.0,-7787.0,-6.0,-4201.0,6.0,38733.0,22.0,14265.0,,,,,,,,,,,,,,,,,,,,,,,,,,
171.83333333333334,11.0,4986.0,-58.0,21689.0,10.0,1233.0,-20.0,-7791.0,-6.0,-4212.0,7.0,38689.0,21.0,14251.0,,,,,,,,,,,,,,,,,,,,,,,,,,
171.86666666666667,11.0,4978.0,-59.0,21666.0,11.0,1223.0,-20.0,-7794.0,-6.0,-4222.0,7.0,38645.0,21.0,14238.0,,,,,,,,,,,,,,,,,,,,,,,,,,
171.9,11.0,4975.0,-60.0,21641.0,11.0,1217.0,-20.0,-7795.0,-6.0,-4235.0,7.0,38606.0,21.0,14222.0,,,,,,,,,,,,,,,,,,,,,,,,,,
171.93333333333334,11.0,4975.0,-60.0,21621.0,11.0,1209.0,-20.0,-7793.0,-6.0,-4252.0,7.0,38572.0,22.0,14200.0,,,,,,,,,,,,,,,,,,,,,,,,,,
171.96666666666667,11.0,4975.0,-60.0,21604.0,12.0,1204.0,-21.0,-7789.0,-6.0,-4266.0,7.0,38536.0,22.0,14178.0,,,,,,,,,,,,,,,,,,,,,,,,,,
172.0,11.0,4972.0,-60.0,21582.0,12.0,1204.0,-21.0,-7784.0,-6.0,-4277.0,7.0,38499.0,22.0,14158.0,,,,,,,,,,,,,,,,,,,,,,,,,,
172.03333333333333,11.0,4966.0,-60.0,21556.0,12.0,1203.0,-20.0,-7779.0,-5.0,-4291.0,7.0,38461.0,22.0,14141.0,,,,,,,,,,,,,,,,,,,,,,,,,,
172.06666666666666,11.0,4957.0,-60.0,21532.0,12.0,1199.0,-20.0,-7778.0,-5.0,-4308.0,6.0,38417.0,22.0,14125.0,,,,,,,,,,,,,,,,,,,,,,,,,,
172.1,11.0,4946.0,-61.0,21506.0,11.0,1196.0,-20.0,-7778.0,-5.0,-4321.0,6.0,38372.0,22.0,14108.0,,,,,,,,,,,,,,,,,,,,,,,,,,
172.13333333333333,12.0,4934.0,-60.0,21484.0,10.0,1194.0,-20.0,-7783.0,-5.0,-4326.0,7.0,38325.0,22.0,14090.0,,,,,,,,,,,,,,,,,,,,,,,,,,
172.16666666666666,11.0,4925.0,-59.0,21459.0,10.0,1192.0,-20.0,-7786.0,-5.0,-4334.0,7.0,38279.0,23.0,14065.0,,,,,,,,,,,,,,,,,,,,,,,,,,
172.2,11.0,4916.0,-59.0,21435.0,10.0,1187.0,-21.0,-7784.0,-5.0,-4342.0,7.0,38235.0,23.0,14040.0,,,,,,,,,,,,,,,,,,,,,,,,,,
172.23333333333332,10.0,4910.0,-59.0,21411.0,10.0,1180.0,-22.0,-7783.0,-5.0,-4347.0,7.0,38192.0,23.0,14016.0,,,,,,,,,,,,,,,,,,,,,,,,,,
172.26666666666668,10.0,4907.0,-59.0,21391.0,10.0,1173.0,-22.0,-7784.0,-5.0,-4354.0,7.0,38149.0,24.0,13993.0,,,,,,,,,,,,,,,,,,,,,,,,,,
172.3,10.0,4903.0,-59.0,21375.0,9.0,1167.0,-22.0,-7786.0,-6.0,-4368.0,7.0,38108.0,23.0,13972.0,,,,,,,,,,,,,,,,,,,,,,,,,,
172.33333333333334,10.0,4898.0,-59.0,21355.0,10.0,1162.0,-21.0,-7789.0,-7.0,-4385.0,6.0,38072.0,23.0,13954.0,,,,,,,,,,,,,,,,,,,,,,,,,,
172.36666666666667,10.0,4890.0,-58.0,21337.0,10.0,1158.0,-21.0,-7792.0,-7.0,-4403.0,6.0,38037.0,23.0,13935.0,,,,,,,,,,,,,,,,,,,,,,,,,,
172.4,10.0,4883.0,-58.0,21317.0,10.0,1155.0,-20.0,-7793.0,-7.0,-4417.0,6.0,37997.0,22.0,13918.0,,,,,,,,,,,,,,,,,,,,,,,,,,
172.43333333333334,10.0,4876.0,-58.0,21291.0,11.0,1154.0,-20.0,-7795.0,-7.0,-4428.0,6.0,37958.0,22.0,13894.0,,,,,,,,,,,,,,,,,,,,,,,,,,
172.46666666666667,10.0,4872.0,-59.0,21266.0,11.0,1151.0,-19.0,-7801.0,-7.0,-4438.0,7.0,37920.0,22.0,13870.0,,,,,,,,,,,,,,,,,,,,,,,,,,
172.5,10.0,4863.0,-59.0,21245.0,11.0,1148.0,-20.0,-7806.0,-6.0,-4451.0,7.0,37882.0,22.0,13844.0,,,,,,,,,,,,,,,,,,,,,,,,,,
172.53333333333333,10.0,4852.0,-59.0,21227.0,10.0,1143.0,-19.0,-7807.0,-6.0,-4464.0,6.0,37846.0,22.0,13820.0,,,,,,,,,,,,,,,,,,,,,,,,,,
172.56666666666666,10.0,4841.0,-59.0,21209.0,10.0,1138.0,-19.0,-7809.0,-6.0,-4478.0,6.0,37808.0,23.0,13802.0,,,,,,,,,,,,,,,,,,,,,,,,,,
172.6,9.0,4832.0,-59.0,21194.0,10.0,1133.0,-18.0,-7812.0,-6.0,-4493.0,6.0,37767.0,22.0,13788.0,,,,,,,,,,,,,,,,,,,,,,,,,,
172.63333333333333,9.0,4823.0,-59.0,21183.0,10.0,1126.0,-18.0,-7813.0,-7.0,-4507.0,7.0,37725.0,22.0,13774.0,,,,,,,,,,,,,,,,,,,,,,,,,,
172.66666666666666,9.0,4814.0,-60.0,21165.0,10.0,1120.0,-19.0,-7811.0,-7.0,-4517.0,7.0,37679.0,22.0,13755.0,,,,,,,,,,,,,,,,,,,,,,,,,,
172.7,9.0,4802.0,-60.0,21143.0,10.0,1111.0,-20.0,-7808.0,-6.0,-4527.0,8.0,37634.0,22.0,13730.0,,,,,,,,,,,,,,,,,,,,,,,,,,
172.73333333333332,9.0,4789.0,-60.0,21121.0,10.0,1105.0,-20.0,-7806.0,-6.0,-4538.0,8.0,37591.0,22.0,13705.0,,,,,,,,,,,,,,,,,,,,,,,,,,
172.76666666666668,9.0,4776.0,-60.0,21101.0,11.0,1102.0,-20.0,-7805.0,-7.0,-4546.0,8.0,37551.0,22.0,13680.0,,,,,,,,,,,,,,,,,,,,,,,,,,
172.8,9.0,4765.0,-59.0,21084.0,11.0,1096.0,-20.0,-7805.0,-7.0,-4555.0,8.0,37514.0,21.0,13654.0,,,,,,,,,,,,,,,,,,,,,,,,,,
172.83333333333334,8.0,4760.0,-59.0,21067.0,11.0,1090.0,-21.0,-7810.0,-7.0,-4561.0,8.0,37478.0,22.0,13631.0,,,,,,,,,,,,,,,,,,,,,,,,,,
172.86666666666667,8.0,4758.0,-59.0,21049.0,11.0,1091.0,-21.0,-7811.0,-6.0,-4566.0,7.0,37445.0,22.0,13611.0,,,,,,,,,,,,,,,,,,,,,,,,,,
172.9,9.0,4758.0,-60.0,21025.0,11.0,1093.0,-20.0,-7810.0,-6.0,-4575.0,7.0,37411.0,22.0,13592.0,,,,,,,,,,,,,,,,,,,,,,,,,,
172.93333333333334,9.0,4755.0,-60.0,21006.0,11.0,1095.0,-21.0,-7810.0,-6.0,-4585.0,6.0,37377.0,22.0,13571.0,,,,,,,,,,,,,,,,,,,,,,,,,,
172.96666666666667,9.0,4751.0,-60.0,20988.0,11.0,1098.0,-21.0,-7813.0,-5.0,-4598.0,5.0,37336.0,23.0,13548.0,,,,,,,,,,,,,,,,,,,,,,,,,,
173.0,9.0,4747.0,-61.0,20970.0,10.0,1096.0,-21.0,-7816.0,-6.0,-4611.0,6.0,37298.0,23.0,13524.0,,,,,,,,,,,,,,,,,,,,,,,,,,
173.03333333333333,9.0,4742.0,-60.0,20947.0,9.0,1091.0,-21.0,-7821.0,-6.0,-4620.0,6.0,37262.0,23.0,13502.0,,,,,,,,,,,,,,,,,,,,,,,,,,
173.06666666666666,9.0,4733.0,-59.0,20925.0,10.0,1083.0,-22.0,-7827.0,-7.0,-4628.0,7.0,37226.0,22.0,13478.0,,,,,,,,,,,,,,,,,,,,,,,,,,
173.1,8.0,4723.0,-59.0,20902.0,10.0,1076.0,-22.0,-7832.0,-7.0,-4639.0,7.0,37191.0,22.0,13452.0,,,,,,,,,,,,,,,,,,,,,,,,,,
173.13333333333333,8.0,4715.0,-59.0,20879.0,11.0,1071.0,-22.0,-7837.0,-7.0,-4654.0,7.0,37152.0,22.0,13432.0,,,,,,,,,,,,,,,,,,,,,,,,,,
173.16666666666666,8.0,4708.0,-59.0,20857.0,11.0,1064.0,-22.0,-7842.0,-7.0,-4671.0,7.0,37112.0,22.0,13420.0,,,,,,,,,,,,,,,,,,,,,,,,,,
173.2,8.0,4701.0,-60.0,20839.0,11.0,1057.0,-22.0,-7844.0,-8.0,-4685.0,7.0,37071.0,22.0,13406.0,,,,,,,,,,,,,,,,,,,,,,,,,,
173.23333333333332,8.0,4691.0,-60.0,20821.0,11.0,1051.0,-22.0,-7843.0,-8.0,-4698.0,6.0,37031.0,22.0,13393.0,,,,,,,,,,,,,,,,,,,,,,,,,,
173.26666666666668,9.0,4682.0,-59.0,20798.0,11.0,1048.0,-21.0,-7842.0,-8.0,-4710.0,6.0,36989.0,22.0,13377.0,,,,,,,,,,,,,,,,,,,,,,,,,,
173.3,9.0,4674.0,-59.0,20775.0,10.0,1045.0,-21.0,-7838.0,-8.0,-4720.0,6.0,36952.0,22.0,13356.0,,,,,,,,,,,,,,,,,,,,,,,,,,
173.33333333333334,9.0,4665.0,-60.0,20757.0,10.0,1043.0,-21.0,-7832.0,-8.0,-4726.0,6.0,36922.0,22.0,13334.0,,,,,,,,,,,,,,,,,,,,,,,,,,
173.36666666666667,9.0,4659.0,-60.0,20746.0,10.0,1043.0,-21.0,-7827.0,-7.0,-4729.0,7.0,36890.0,21.0,13312.0,,,,,,,,,,,,,,,,,,,,,,,,,,
173.4,10.0,4656.0,-60.0,20731.0,10.0,1044.0,-21.0,-7823.0,-6.0,-4734.0,8.0,36863.0,21.0,13290.0,,,,,,,,,,,,,,,,,,,,,,,,,,
173.43333333333334,10.0,4654.0,-60.0,20714.0,11.0,1043.0,-21.0,-7822.0,-6.0,-4740.0,8.0,36838.0,21.0,13271.0,,,,,,,,,,,,,,,,,,,,,,,,,,
173.46666666666667,10.0,4653.0,-60.0,20698.0,11.0,1040.0,-21.0,-7822.0,-7.0,-4749.0,9.0,36811.0,21.0,13255.0,,,,,,,,,,,,,,,,,,,,,,,,,,
173.5,10.0,4652.0,-60.0,20681.0,11.0,1033.0,-21.0,-7822.0,-7.0,-4760.0,8.0,36778.0,21.0,13244.0,,,,,,,,,,,,,,,,,,,,,,,,,,
173.53333333333333,10.0,4648.0,-61.0,20660.0,11.0,1025.0,-21.0,-7823.0,-7.0,-4769.0,8.0,36744.0,21.0,13227.0,,,,,,,,,,,,,,,,,,,,,,,,,,
173.56666666666666,11.0,4639.0,-61.0,20640.0,10.0,1021.0,-21.0,-7822.0,-7.0,-4781.0,8.0,36708.0,22.0,13209.0,,,,,,,,,,,,,,,,,,,,,,,,,,
173.6,11.0,4628.0,-61.0,20622.0,10.0,1020.0,-20.0,-7826.0,-7.0,-4796.0,8.0,36667.0,23.0,13188.0,,,,,,,,,,,,,,,,,,,,,,,,,,
173.63333333333333,11.0,4613.0,-62.0,20609.0,10.0,1016.0,-20.0,-7832.0,-6.0,-4810.0,8.0,36626.0,24.0,13165.0,,,,,,,,,,,,,,,,,,,,,,,,,,
173.66666666666666,10.0,4600.0,-62.0,20596.0,11.0,1011.0,-20.0,-7837.0,-6.0,-4822.0,8.0,36587.0,23.0,13144.0,,,,,,,,,,,,,,,,,,,,,,,,,,
173.7,10.0,4592.0,-62.0,20582.0,11.0,1008.0,-20.0,-7840.0,-6.0,-4834.0,8.0,36551.0,23.0,13122.0,,,,,,,,,,,,,,,,,,,,,,,,,,
173.73333333333332,11.0,4587.0,-62.0,20566.0,11.0,1005.0,-20.0,-7842.0,-6.0,-4843.0,8.0,36514.0,23.0,13104.0,,,,,,,,,,,,,,,,,,,,,,,,,,
173.76666666666668,11.0,4583.0,-61.0,20546.0,11.0,999.0,-20.0,-7842.0,-6.0,-4851.0,8.0,36483.0,23.0,13087.0,,,,,,,,,,,,,,,,,,,,,,,,,,
173.8,11.0,4578.0,-60.0,20526.0,11.0,990.0,-21.0,-7846.0,-5.0,-4859.0,9.0,36452.0,23.0,13066.0,,,,,,,,,,,,,,,,,,,,,,,,,,
173.83333333333334,11.0,4572.0,-60.0,20509.0,10.0,982.0,-21.0,-7850.0,-6.0,-4870.0,9.0,36414.0,23.0,13042.0,,,,,,,,,,,,,,,,,,,,,,,,,,
173.86666666666667,10.0,4566.0,-60.0,20486.0,10.0,977.0,-21.0,-7852.0,-6.0,-4883.0,9.0,36377.0,23.0,13015.0,,,,,,,,,,,,,,,,,,,,,,,,,,
173.9,10.0,4560.0,-60.0,20464.0,9.0,972.0,-21.0,-7856.0,-6.0,-4895.0,9.0,36340.0,23.0,12988.0,,,,,,,,,,,,,,,,,,,,,,,,,,
173.93333333333334,10.0,4557.0,-60.0,20448.0,9.0,968.0,-21.0,-7860.0,-7.0,-4908.0,9.0,36305.0,23.0,12966.0,,,,,,,,,,,,,,,,,,,,,,,,,,
173.96666666666667,10.0,4553.0,-60.0,20434.0,10.0,968.0,-21.0,-7861.0,-7.0,-4923.0,8.0,36268.0,23.0,12949.0,,,,,,,,,,,,,,,,,,,,,,,,,,
174.0,10.0,4546.0,-60.0,20420.0,10.0,968.0,-21.0,-7858.0,-7.0,-4937.0,9.0,36232.0,23.0,12934.0,,,,,,,,,,,,,,,,,,,,,,,,,,
174.03333333333333,10.0,4539.0,-59.0,20407.0,10.0,967.0,-21.0,-7855.0,-7.0,-4947.0,8.0,36198.0,22.0,12920.0,,,,,,,,,,,,,,,,,,,,,,,,,,
174.06666666666666,10.0,4535.0,-59.0,20391.0,11.0,966.0,-21.0,-7857.0,-7.0,-4956.0,8.0,36164.0,23.0,12906.0,,,,,,,,,,,,,,,,,,,,,,,,,,
174.1,10.0,4532.0,-58.0,20373.0,10.0,965.0,-22.0,-7858.0,-7.0,-4961.0,8.0,36134.0,22.0,12890.0,,,,,,,,,,,,,,,,,,,,,,,,,,
174.13333333333333,9.0,4528.0,-58.0,20354.0,11.0,960.0,-22.0,-7856.0,-7.0,-4969.0,8.0,36105.0,23.0,12874.0,,,,,,,,,,,,,,,,,,,,,,,,,,
174.16666666666666,9.0,4525.0,-58.0,20329.0,11.0,953.0,-22.0,-7851.0,-6.0,-4981.0,7.0,36076.0,23.0,12859.0,,,,,,,,,,,,,,,,,,,,,,,,,,
174.2,9.0,4520.0,-59.0,20302.0,11.0,948.0,-22.0,-7848.0,-6.0,-4995.0,8.0,36040.0,23.0,12843.0,,,,,,,,,,,,,,,,,,,,,,,,,,
174.23333333333332,9.0,4512.0,-59.0,20280.0,11.0,945.0,-22.0,-7850.0,-6.0,-5009.0,8.0,36001.0,24.0,12828.0,,,,,,,,,,,,,,,,,,,,,,,,,,
174.26666666666668,8.0,4503.0,-59.0,20258.0,12.0,946.0,-22.0,-7850.0,-7.0,-5021.0,7.0,35961.0,23.0,12811.0,,,,,,,,,,,,,,,,,,,,,,,,,,
174.3,8.0,4494.0,-59.0,20237.0,12.0,951.0,-22.0,-7854.0,-7.0,-5034.0,7.0,35923.0,23.0,12795.0,,,,,,,,,,,,,,,,,,,,,,,,,,
174.33333333333334,8.0,4486.0,-59.0,20220.0,12.0,954.0,-21.0,-7856.0,-7.0,-5045.0,7.0,35889.0,23.0,12782.0,,,,,,,,,,,,,,,,,,,,,,,,,,
174.36666666666667,9.0,4478.0,-59.0,20200.0,12.0,951.0,-21.0,-7858.0,-7.0,-5057.0,8.0,35856.0,23.0,12763.0,,,,,,,,,,,,,,,,,,,,,,,,,,
174.4,9.0,4473.0,-59.0,20179.0,13.0,943.0,-20.0,-7861.0,-7.0,-5070.0,8.0,35822.0,23.0,12742.0,,,,,,,,,,,,,,,,,,,,,,,,,,
174.43333333333334,10.0,4470.0,-59.0,20162.0,12.0,935.0,-20.0,-7862.0,-7.0,-5081.0,8.0,35789.0,23.0,12727.0,,,,,,,,,,,,,,,,,,,,,,,,,,
174.46666666666667,10.0,4468.0,-59.0,20145.0,12.0,927.0,-20.0,-7861.0,-7.0,-5087.0,7.0,35757.0,24.0,12716.0,,,,,,,,,,,,,,,,,,,,,,,,,,
174.5,10.0,4468.0,-60.0,20128.0,11.0,917.0,-20.0,-7860.0,-7.0,-5091.0,7.0,35724.0,24.0,12705.0,,,,,,,,,,,,,,,,,,,,,,,,,,
174.53333333333333,10.0,4464.0,-60.0,20113.0,11.0,910.0,-20.0,-7862.0,-7.0,-5095.0,6.0,35687.0,23.0,12691.0,,,,,,,,,,,,,,,,,,,,,,,,,,
174.56666666666666,10.0,4455.0,-59.0,20097.0,11.0,910.0,-20.0,-7866.0,-7.0,-5101.0,6.0,35654.0,23.0,12674.0,,,,,,,,,,,,,,,,,,,,,,,,,,
174.6,10.0,4447.0,-60.0,20081.0,11.0,910.0,-20.0,-7868.0,-7.0,-5114.0,6.0,35624.0,22.0,12654.0,,,,,,,,,,,,,,,,,,,,,,,,,,
174.63333333333333,10.0,4438.0,-60.0,20067.0,11.0,904.0,-20.0,-7871.0,-7.0,-5128.0,6.0,35597.0,22.0,12633.0,,,,,,,,,,,,,,,,,,,,,,,,,,
174.66666666666666,10.0,4429.0,-60.0,20056.0,11.0,898.0,-20.0,-7872.0,-6.0,-5137.0,6.0,35571.0,22.0,12611.0,,,,,,,,,,,,,,,,,,,,,,,,,,
174.7,10.0,4422.0,-60.0,20039.0,11.0,894.0,-20.0,-7872.0,-6.0,-5149.0,6.0,35541.0,23.0,12596.0,,,,,,,,,,,,,,,,,,,,,,,,,,
174.73333333333332,10.0,4413.0,-60.0,20019.0,10.0,889.0,-20.0,-7872.0,-5.0,-5160.0,6.0,35507.0,23.0,12585.0,,,,,,,,,,,,,,,,,,,,,,,,,,
174.76666666666668,10.0,4408.0,-60.0,20000.0,10.0,884.0,-20.0,-7872.0,-6.0,-5172.0,6.0,35476.0,23.0,12568.0,,,,,,,,,,,,,,,,,,,,,,,,,,
174.8,10.0,4402.0,-60.0,19982.0,10.0,882.0,-20.0,-7871.0,-7.0,-5180.0,6.0,35446.0,23.0,12547.0,,,,,,,,,,,,,,,,,,,,,,,,,,
174.83333333333334,10.0,4391.0,-60.0,19966.0,10.0,880.0,-20.0,-7871.0,-7.0,-5189.0,7.0,35412.0,24.0,12529.0,,,,,,,,,,,,,,,,,,,,,,,,,,
174.86666666666667,10.0,4382.0,-60.0,19951.0,10.0,878.0,-20.0,-7873.0,-6.0,-5192.0,7.0,35378.0,24.0,12510.0,,,,,,,,,,,,,,,,,,,,,,,,,,
174.9,10.0,4376.0,-61.0,19940.0,10.0,876.0,-20.0,-7876.0,-7.0,-5196.0,7.0,35348.0,24.0,12490.0,,,,,,,,,,,,,,,,,,,,,,,,,,
174.93333333333334,10.0,4370.0,-60.0,19922.0,11.0,878.0,-20.0,-7881.0,-7.0,-5203.0,7.0,35318.0,24.0,12474.0,,,,,,,,,,,,,,,,,,,,,,,,,,
174.96666666666667,9.0,4361.0,-60.0,19900.0,11.0,877.0,-20.0,-7879.0,-7.0,-5215.0,7.0,35287.0,24.0,12460.0,,,,,,,,,,,,,,,,,,,,,,,,,,
175.0,9.0,4354.0,-60.0,19878.0,11.0,875.0,-20.0,-7875.0,-7.0,-5228.0,7.0,35257.0,24.0,12444.0,,,,,,,,,,,,,,,,,,,,,,,,,,
175.03333333333333,9.0,4349.0,-60.0,19856.0,10.0,873.0,-20.0,-7874.0,-7.0,-5246.0,7.0,35231.0,24.0,12430.0,,,,,,,,,,,,,,,,,,,,,,,,,,
175.06666666666666,10.0,4347.0,-60.0,19837.0,10.0,871.0,-20.0,-7877.0,-8.0,-5258.0,7.0,35204.0,24.0,12414.0,,,,,,,,,,,,,,,,,,,,,,,,,,
175.1,10.0,4344.0,-60.0,19825.0,11.0,869.0,-20.0,-7879.0,-8.0,-5267.0,7.0,35176.0,23.0,12398.0,,,,,,,,,,,,,,,,,,,,,,,,,,
175.13333333333333,10.0,4341.0,-60.0,19815.0,11.0,868.0,-20.0,-7880.0,-8.0,-5279.0,7.0,35150.0,22.0,12379.0,,,,,,,,,,,,,,,,,,,,,,,,,,
175.16666666666666,10.0,4337.0,-60.0,19801.0,11.0,865.0,-20.0,-7876.0,-8.0,-5295.0,7.0,35124.0,22.0,12362.0,,,,,,,,,,,,,,,,,,,,,,,,,,
175.2,10.0,4331.0,-60.0,19785.0,11.0,860.0,-20.0,-7870.0,-8.0,-5307.0,8.0,35100.0,22.0,12347.0,,,,,,,,,,,,,,,,,,,,,,,,,,
175.23333333333332,10.0,4322.0,-61.0,19768.0,12.0,852.0,-20.0,-7865.0,-8.0,-5318.0,8.0,35076.0,22.0,12327.0,,,,,,,,,,,,,,,,,,,,,,,,,,
175.26666666666668,9.0,4318.0,-61.0,19749.0,11.0,846.0,-20.0,-7863.0,-8.0,-5330.0,8.0,35055.0,22.0,12306.0,,,,,,,,,,,,,,,,,,,,,,,,,,
175.3,9.0,4315.0,-61.0,19731.0,11.0,843.0,-21.0,-7863.0,-7.0,-5340.0,7.0,35028.0,23.0,12288.0,,,,,,,,,,,,,,,,,,,,,,,,,,
175.33333333333334,9.0,4311.0,-61.0,19714.0,10.0,839.0,-21.0,-7863.0,-7.0,-5348.0,7.0,34994.0,23.0,12270.0,,,,,,,,,,,,,,,,,,,,,,,,,,
175.36666666666667,9.0,4305.0,-61.0,19694.0,10.0,836.0,-21.0,-7866.0,-6.0,-5357.0,7.0,34954.0,23.0,12250.0,,,,,,,,,,,,,,,,,,,,,,,,,,
175.4,9.0,4297.0,-61.0,19676.0,10.0,835.0,-21.0,-7869.0,-7.0,-5368.0,8.0,34919.0,24.0,12235.0,,,,,,,,,,,,,,,,,,,,,,,,,,
175.43333333333334,9.0,4287.0,-61.0,19659.0,11.0,834.0,-21.0,-7872.0,-7.0,-5379.0,8.0,34881.0,25.0,12216.0,,,,,,,,,,,,,,,,,,,,,,,,,,
175.46666666666667,9.0,4281.0,-61.0,19646.0,11.0,834.0,-20.0,-7873.0,-7.0,-5392.0,8.0,34843.0,25.0,12197.0,,,,,,,,,,,,,,,,,,,,,,,,,,
175.5,9.0,4275.0,-61.0,19633.0,12.0,832.0,-20.0,-7871.0,-8.0,-5405.0,9.0,34811.0,25.0,12176.0,,,,,,,,,,,,,,,,,,,,,,,,,,
175.53333333333333,9.0,4270.0,-61.0,19621.0,12.0,830.0,-20.0,-7868.0,-8.0,-5413.0,9.0,34786.0,25.0,12156.0,,,,,,,,,,,,,,,,,,,,,,,,,,
175.56666666666666,9.0,4265.0,-60.0,19612.0,11.0,829.0,-21.0,-7869.0,-8.0,-5414.0,8.0,34756.0,24.0,12138.0,,,,,,,,,,,,,,,,,,,,,,,,,,
175.6,9.0,4258.0,-60.0,19604.0,11.0,825.0,-21.0,-7867.0,-7.0,-5412.0,7.0,34726.0,23.0,12124.0,,,,,,,,,,,,,,,,,,,,,,,,,,
175.63333333333333,9.0,4252.0,-60.0,19593.0,11.0,817.0,-20.0,-7866.0,-8.0,-5415.0,7.0,34692.0,23.0,12109.0,,,,,,,,,,,,,,,,,,,,,,,,,,
175.66666666666666,10.0,4245.0,-61.0,19578.0,12.0,805.0,-20.0,-7867.0,-8.0,-5424.0,7.0,34656.0,23.0,12094.0,,,,,,,,,,,,,,,,,,,,,,,,,,
175.7,9.0,4235.0,-61.0,19558.0,11.0,797.0,-21.0,-7871.0,-7.0,-5434.0,8.0,34624.0,23.0,12079.0,,,,,,,,,,,,,,,,,,,,,,,,,,
175.73333333333332,9.0,4229.0,-60.0,19536.0,11.0,793.0,-21.0,-7875.0,-7.0,-5443.0,8.0,34594.0,22.0,12061.0,,,,,,,,,,,,,,,,,,,,,,,,,,
175.76666666666668,9.0,4226.0,-60.0,19513.0,10.0,791.0,-21.0,-7879.0,-7.0,-5450.0,8.0,34565.0,22.0,12044.0,,,,,,,,,,,,,,,,,,,,,,,,,,
175.8,9.0,4223.0,-60.0,19489.0,10.0,790.0,-21.0,-7881.0,-7.0,-5457.0,8.0,34533.0,22.0,12028.0,,,,,,,,,,,,,,,,,,,,,,,,,,
175.83333333333334,9.0,4217.0,-60.0,19466.0,9.0,787.0,-21.0,-7881.0,-7.0,-5466.0,7.0,34501.0,23.0,12013.0,,,,,,,,,,,,,,,,,,,,,,,,,,
175.86666666666667,9.0,4207.0,-59.0,19449.0,9.0,783.0,-21.0,-7881.0,-7.0,-5474.0,7.0,34471.0,23.0,12000.0,,,,,,,,,,,,,,,,,,,,,,,,,,
175.9,9.0,4200.0,-59.0,19441.0,10.0,778.0,-20.0,-7884.0,-6.0,-5479.0,7.0,34441.0,23.0,11983.0,,,,,,,,,,,,,,,,,,,,,,,,,,
175.93333333333334,9.0,4194.0,-59.0,19430.0,10.0,776.0,-20.0,-7889.0,-6.0,-5485.0,8.0,34410.0,24.0,11962.0,,,,,,,,,,,,,,,,,,,,,,,,,,
175.96666666666667,10.0,4192.0,-59.0,19418.0,11.0,775.0,-20.0,-7890.0,-6.0,-5493.0,8.0,34379.0,24.0,11941.0,,,,,,,,,,,,,,,,,,,,,,,,,,
176.0,10.0,4192.0,-59.0,19399.0,11.0,775.0,-21.0,-7890.0,-6.0,-5503.0,8.0,34350.0,23.0,11920.0,,,,,,,,,,,,,,,,,,,,,,,,,,
176.03333333333333,9.0,4189.0,-60.0,19377.0,11.0,774.0,-21.0,-7890.0,-6.0,-5513.0,8.0,34322.0,23.0,11903.0,,,,,,,,,,,,,,,,,,,,,,,,,,
176.06666666666666,9.0,4189.0,-60.0,19357.0,11.0,772.0,-21.0,-7891.0,-6.0,-5527.0,7.0,34292.0,23.0,11885.0,,,,,,,,,,,,,,,,,,,,,,,,,,
176.1,9.0,4190.0,-60.0,19340.0,11.0,770.0,-21.0,-7890.0,-7.0,-5543.0,7.0,34262.0,24.0,11869.0,,,,,,,,,,,,,,,,,,,,,,,,,,
176.13333333333333,9.0,4189.0,-60.0,19330.0,11.0,764.0,-21.0,-7894.0,-7.0,-5559.0,7.0,34229.0,24.0,11856.0,,,,,,,,,,,,,,,,,,,,,,,,,,
176.16666666666666,9.0,4185.0,-60.0,19313.0,12.0,756.0,-21.0,-7899.0,-7.0,-5573.0,7.0,34190.0,24.0,11848.0,,,,,,,,,,,,,,,,,,,,,,,,,,
176.2,9.0,4181.0,-60.0,19295.0,12.0,749.0,-21.0,-7900.0,-6.0,-5582.0,8.0,34151.0,24.0,11839.0,,,,,,,,,,,,,,,,,,,,,,,,,,
176.23333333333332,10.0,4179.0,-60.0,19280.0,13.0,744.0,-21.0,-7895.0,-6.0,-5587.0,8.0,34118.0,24.0,11829.0,,,,,,,,,,,,,,,,,,,,,,,,,,
176.26666666666668,10.0,4175.0,-60.0,19266.0,13.0,741.0,-20.0,-7893.0,-6.0,-5593.0,8.0,34086.0,24.0,11817.0,,,,,,,,,,,,,,,,,,,,,,,,,,
176.3,10.0,4168.0,-60.0,19253.0,13.0,740.0,-20.0,-7891.0,-7.0,-5601.0,8.0,34055.0,24.0,11805.0,,,,,,,,,,,,,,,,,,,,,,,,,,
176.33333333333334,10.0,4156.0,-60.0,19240.0,13.0,739.0,-20.0,-7891.0,-7.0,-5610.0,7.0,34028.0,25.0,11794.0,,,,,,,,,,,,,,,,,,,,,,,,,,
176.36666666666667,11.0,4142.0,-60.0,19224.0,12.0,738.0,-20.0,-7890.0,-7.0,-5620.0,7.0,34002.0,24.0,11780.0,,,,,,,,,,,,,,,,,,,,,,,,,,
176.4,10.0,4132.0,-60.0,19206.0,12.0,738.0,-20.0,-7889.0,-7.0,-5624.0,7.0,33976.0,24.0,11764.0,,,,,,,,,,,,,,,,,,,,,,,,,,
176.43333333333334,10.0,4130.0,-60.0,19188.0,12.0,736.0,-20.0,-7887.0,-7.0,-5623.0,7.0,33940.0,24.0,11748.0,,,,,,,,,,,,,,,,,,,,,,,,,,
176.46666666666667,9.0,4131.0,-60.0,19169.0,12.0,731.0,-20.0,-7886.0,-7.0,-5625.0,7.0,33904.0,24.0,11734.0,,,,,,,,,,,,,,,,,,,,,,,,,,
176.5,9.0,4132.0,-61.0,19150.0,11.0,728.0,-20.0,-7888.0,-7.0,-5635.0,7.0,33865.0,23.0,11720.0,,,,,,,,,,,,,,,,,,,,,,,,,,
176.53333333333333,10.0,4125.0,-61.0,19134.0,11.0,725.0,-20.0,-7894.0,-7.0,-5644.0,7.0,33832.0,23.0,11705.0,,,,,,,,,,,,,,,,,,,,,,,,,,
176.56666666666666,10.0,4116.0,-61.0,19113.0,11.0,722.0,-20.0,-7902.0,-7.0,-5657.0,6.0,33806.0,24.0,11691.0,,,,,,,,,,,,,,,,,,,,,,,,,,
176.6,10.0,4113.0,-61.0,19092.0,11.0,716.0,-20.0,-7909.0,-7.0,-5668.0,6.0,33780.0,24.0,11673.0,,,,,,,,,,,,,,,,,,,,,,,,,,
176.63333333333333,9.0,4112.0,-61.0,19073.0,11.0,710.0,-20.0,-7913.0,-7.0,-5677.0,6.0,33753.0,25.0,11652.0,,,,,,,,,,,,,,,,,,,,,,,,,,
176.66666666666666,9.0,4107.0,-61.0,19053.0,11.0,708.0,-20.0,-7916.0,-6.0,-5686.0,6.0,33732.0,25.0,11631.0,,,,,,,,,,,,,,,,,,,,,,,,,,
176.7,10.0,4100.0,-61.0,19037.0,11.0,708.0,-20.0,-7915.0,-6.0,-5697.0,7.0,33707.0,25.0,11609.0,,,,,,,,,,,,,,,,,,,,,,,,,,
176.73333333333332,10.0,4092.0,-61.0,19020.0,12.0,709.0,-20.0,-7911.0,-6.0,-5711.0,7.0,33677.0,24.0,11592.0,,,,,,,,,,,,,,,,,,,,,,,,,,
176.76666666666668,10.0,4083.0,-61.0,19003.0,12.0,713.0,-20.0,-7909.0,-6.0,-5722.0,8.0,33644.0,24.0,11579.0,,,,,,,,,,,,,,,,,,,,,,,,,,
176.8,10.0,4076.0,-61.0,18991.0,12.0,714.0,-20.0,-7908.0,-6.0,-5727.0,8.0,33609.0,24.0,11567.0,,,,,,,,,,,,,,,,,,,,,,,,,,
176.83333333333334,10.0,4072.0,-60.0,18977.0,12.0,713.0,-20.0,-7911.0,-7.0,-5728.0,8.0,33578.0,23.0,11553.0,,,,,,,,,,,,,,,,,,,,,,,,,,
176.86666666666667,10.0,4069.0,-60.0,18962.0,11.0,710.0,-20.0,-7915.0,-7.0,-5731.0,9.0,33552.0,23.0,11540.0,,,,,,,,,,,,,,,,,,,,,,,,,,
176.9,10.0,4064.0,-60.0,18948.0,11.0,710.0,-20.0,-7921.0,-7.0,-5735.0,9.0,33532.0,23.0,11527.0,,,,,,,,,,,,,,,,,,,,,,,,,,
176.93333333333334,10.0,4059.0,-60.0,18930.0,11.0,712.0,-20.0,-7928.0,-6.0,-5741.0,9.0,33501.0,22.0,11507.0,,,,,,,,,,,,,,,,,,,,,,,,,,
176.96666666666667,10.0,4057.0,-61.0,18910.0,12.0,711.0,-20.0,-7931.0,-6.0,-5752.0,8.0,33465.0,22.0,11493.0,,,,,,,,,,,,,,,,,,,,,,,,,,
177.0,10.0,4053.0,-61.0,18891.0,11.0,712.0,-19.0,-7932.0,-6.0,-5763.0,8.0,33426.0,22.0,11480.0,,,,,,,,,,,,,,,,,,,,,,,,,,
177.03333333333333,10.0,4051.0,-61.0,18877.0,12.0,712.0,-19.0,-7931.0,-6.0,-5772.0,8.0,33393.0,22.0,11467.0,,,,,,,,,,,,,,,,,,,,,,,,,,
177.06666666666666,9.0,4047.0,-61.0,18867.0,12.0,709.0,-19.0,-7931.0,-6.0,-5781.0,7.0,33366.0,22.0,11450.0,,,,,,,,,,,,,,,,,,,,,,,,,,
177.1,9.0,4039.0,-61.0,18850.0,12.0,704.0,-20.0,-7928.0,-6.0,-5791.0,7.0,33338.0,23.0,11431.0,,,,,,,,,,,,,,,,,,,,,,,,,,
177.13333333333333,9.0,4033.0,-61.0,18833.0,12.0,701.0,-20.0,-7925.0,-6.0,-5800.0,6.0,33308.0,24.0,11413.0,,,,,,,,,,,,,,,,,,,,,,,,,,
177.16666666666666,9.0,4031.0,-61.0,18814.0,12.0,700.0,-20.0,-7926.0,-6.0,-5807.0,7.0,33272.0,24.0,11395.0,,,,,,,,,,,,,,,,,,,,,,,,,,
177.2,9.0,4028.0,-61.0,18799.0,11.0,700.0,-20.0,-7932.0,-6.0,-5817.0,7.0,33239.0,24.0,11380.0,,,,,,,,,,,,,,,,,,,,,,,,,,
177.23333333333332,9.0,4023.0,-61.0,18782.0,11.0,698.0,-20.0,-7939.0,-7.0,-5827.0,6.0,33209.0,24.0,11370.0,,,,,,,,,,,,,,,,,,,,,,,,,,
177.26666666666668,10.0,4011.0,-60.0,18762.0,11.0,694.0,-20.0,-7943.0,-6.0,-5838.0,6.0,33179.0,24.0,11365.0,,,,,,,,,,,,,,,,,,,,,,,,,,
177.3,10.0,3997.0,-60.0,18744.0,12.0,686.0,-20.0,-7945.0,-5.0,-5846.0,6.0,33148.0,24.0,11357.0,,,,,,,,,,,,,,,,,,,,,,,,,,
177.33333333333334,10.0,3987.0,-60.0,18730.0,12.0,683.0,-20.0,-7947.0,-5.0,-5855.0,6.0,33116.0,24.0,11343.0,,,,,,,,,,,,,,,,,,,,,,,,,,
177.36666666666667,11.0,3982.0,-61.0,18720.0,12.0,685.0,-20.0,-7950.0,-5.0,-5866.0,6.0,33083.0,23.0,11325.0,,,,,,,,,,,,,,,,,,,,,,,,,,
177.4,11.0,3982.0,-61.0,18709.0,11.0,686.0,-20.0,-7951.0,-5.0,-5875.0,6.0,33048.0,23.0,11310.0,,,,,,,,,,,,,,,,,,,,,,,,,,
177.43333333333334,11.0,3983.0,-61.0,18693.0,11.0,684.0,-20.0,-7953.0,-6.0,-5885.0,5.0,33016.0,23.0,11299.0,,,,,,,,,,,,,,,,,,,,,,,,,,
177.46666666666667,11.0,3985.0,-61.0,18672.0,11.0,686.0,-20.0,-7958.0,-6.0,-5897.0,6.0,32981.0,23.0,11290.0,,,,,,,,,,,,,,,,,,,,,,,,,,
177.5,10.0,3982.0,-61.0,18653.0,11.0,685.0,-21.0,-7962.0,-6.0,-5905.0,6.0,32942.0,24.0,11280.0,,,,,,,,,,,,,,,,,,,,,,,,,,
177.53333333333333,10.0,3974.0,-61.0,18635.0,10.0,683.0,-21.0,-7964.0,-6.0,-5912.0,7.0,32904.0,24.0,11264.0,,,,,,,,,,,,,,,,,,,,,,,,,,
177.56666666666666,10.0,3967.0,-61.0,18622.0,10.0,676.0,-21.0,-7962.0,-6.0,-5922.0,7.0,32869.0,24.0,11246.0,,,,,,,,,,,,,,,,,,,,,,,,,,
177.6,10.0,3960.0,-62.0,18610.0,10.0,669.0,-21.0,-7961.0,-7.0,-5932.0,7.0,32838.0,23.0,11229.0,,,,,,,,,,,,,,,,,,,,,,,,,,
177.63333333333333,10.0,3953.0,-62.0,18593.0,10.0,671.0,-22.0,-7961.0,-6.0,-5943.0,6.0,32806.0,23.0,11215.0,,,,,,,,,,,,,,,,,,,,,,,,,,
177.66666666666666,10.0,3951.0,-62.0,18577.0,10.0,674.0,-22.0,-7964.0,-6.0,-5954.0,6.0,32776.0,23.0,11205.0,,,,,,,,,,,,,,,,,,,,,,,,,,
177.7,10.0,3951.0,-61.0,18562.0,11.0,674.0,-21.0,-7967.0,-7.0,-5967.0,6.0,32744.0,23.0,11197.0,,,,,,,,,,,,,,,,,,,,,,,,,,
177.73333333333332,10.0,3953.0,-61.0,18547.0,11.0,670.0,-21.0,-7966.0,-8.0,-5980.0,5.0,32712.0,22.0,11182.0,,,,,,,,,,,,,,,,,,,,,,,,,,
177.76666666666668,10.0,3952.0,-61.0,18530.0,10.0,668.0,-21.0,-7965.0,-8.0,-5989.0,5.0,32683.0,21.0,11166.0,,,,,,,,,,,,,,,,,,,,,,,,,,
177.8,10.0,3950.0,-61.0,18511.0,10.0,667.0,-20.0,-7960.0,-7.0,-5992.0,5.0,32651.0,22.0,11149.0,,,,,,,,,,,,,,,,,,,,,,,,,,
177.83333333333334,10.0,3948.0,-61.0,18497.0,10.0,665.0,-20.0,-7955.0,-6.0,-5997.0,5.0,32620.0,22.0,11132.0,,,,,,,,,,,,,,,,,,,,,,,,,,
177.86666666666667,10.0,3941.0,-61.0,18486.0,10.0,663.0,-20.0,-7954.0,-6.0,-6004.0,5.0,32594.0,22.0,11117.0,,,,,,,,,,,,,,,,,,,,,,,,,,
177.9,10.0,3933.0,-61.0,18475.0,9.0,661.0,-20.0,-7954.0,-6.0,-6015.0,5.0,32569.0,23.0,11098.0,,,,,,,,,,,,,,,,,,,,,,,,,,
177.93333333333334,10.0,3925.0,-61.0,18461.0,9.0,657.0,-20.0,-7956.0,-6.0,-6027.0,5.0,32542.0,23.0,11081.0,,,,,,,,,,,,,,,,,,,,,,,,,,
177.96666666666667,9.0,3920.0,-61.0,18447.0,9.0,655.0,-20.0,-7959.0,-5.0,-6040.0,5.0,32513.0,23.0,11068.0,,,,,,,,,,,,,,,,,,,,,,,,,,
178.0,9.0,3918.0,-61.0,18428.0,9.0,654.0,-20.0,-7963.0,-5.0,-6046.0,5.0,32486.0,23.0,11056.0,,,,,,,,,,,,,,,,,,,,,,,,,,
178.03333333333333,9.0,3917.0,-61.0,18406.0,10.0,650.0,-20.0,-7969.0,-5.0,-6051.0,5.0,32461.0,23.0,11043.0,,,,,,,,,,,,,,,,,,,,,,,,,,
178.06666666666666,9.0,3917.0,-62.0,18387.0,11.0,646.0,-21.0,-7971.0,-5.0,-6057.0,5.0,32436.0,23.0,11026.0,,,,,,,,,,,,,,,,,,,,,,,,,,
178.1,9.0,3917.0,-62.0,18373.0,12.0,644.0,-21.0,-7973.0,-6.0,-6067.0,5.0,32405.0,23.0,11005.0,,,,,,,,,,,,,,,,,,,,,,,,,,
178.13333333333333,9.0,3913.0,-62.0,18363.0,12.0,646.0,-21.0,-7970.0,-6.0,-6078.0,5.0,32369.0,23.0,10986.0,,,,,,,,,,,,,,,,,,,,,,,,,,
178.16666666666666,10.0,3906.0,-62.0,18350.0,12.0,647.0,-22.0,-7968.0,-6.0,-6082.0,5.0,32335.0,23.0,10971.0,,,,,,,,,,,,,,,,,,,,,,,,,,
178.2,9.0,3903.0,-63.0,18333.0,12.0,643.0,-22.0,-7967.0,-5.0,-6092.0,5.0,32304.0,23.0,10958.0,,,,,,,,,,,,,,,,,,,,,,,,,,
178.23333333333332,9.0,3900.0,-63.0,18312.0,13.0,636.0,-21.0,-7968.0,-5.0,-6102.0,5.0,32274.0,23.0,10941.0,,,,,,,,,,,,,,,,,,,,,,,,,,
178.26666666666668,8.0,3898.0,-63.0,18290.0,13.0,628.0,-21.0,-7968.0,-5.0,-6109.0,5.0,32244.0,23.0,10921.0,,,,,,,,,,,,,,,,,,,,,,,,,,
178.3,8.0,3895.0,-63.0,18267.0,13.0,624.0,-21.0,-7969.0,-5.0,-6117.0,5.0,32209.0,23.0,10902.0,,,,,,,,,,,,,,,,,,,,,,,,,,
178.33333333333334,8.0,3892.0,-62.0,18245.0,13.0,618.0,-21.0,-7966.0,-5.0,-6130.0,5.0,32176.0,23.0,10890.0,,,,,,,,,,,,,,,,,,,,,,,,,,
178.36666666666667,9.0,3886.0,-62.0,18230.0,13.0,612.0,-21.0,-7967.0,-5.0,-6138.0,5.0,32144.0,23.0,10881.0,,,,,,,,,,,,,,,,,,,,,,,,,,
178.4,9.0,3879.0,-62.0,18215.0,13.0,609.0,-21.0,-7971.0,-6.0,-6146.0,5.0,32115.0,23.0,10870.0,,,,,,,,,,,,,,,,,,,,,,,,,,
178.43333333333334,9.0,3873.0,-61.0,18197.0,12.0,609.0,-21.0,-7975.0,-6.0,-6153.0,6.0,32085.0,23.0,10856.0,,,,,,,,,,,,,,,,,,,,,,,,,,
178.46666666666667,10.0,3868.0,-61.0,18181.0,12.0,606.0,-20.0,-7977.0,-6.0,-6159.0,6.0,32049.0,22.0,10838.0,,,,,,,,,,,,,,,,,,,,,,,,,,
178.5,10.0,3862.0,-62.0,18167.0,11.0,604.0,-20.0,-7973.0,-6.0,-6162.0,6.0,32017.0,23.0,10821.0,,,,,,,,,,,,,,,,,,,,,,,,,,
178.53333333333333,10.0,3857.0,-62.0,18151.0,11.0,606.0,-20.0,-7967.0,-6.0,-6170.0,6.0,31984.0,23.0,10809.0,,,,,,,,,,,,,,,,,,,,,,,,,,
178.56666666666666,9.0,3852.0,-62.0,18136.0,12.0,608.0,-20.0,-7962.0,-6.0,-6180.0,6.0,31951.0,23.0,10798.0,,,,,,,,,,,,,,,,,,,,,,,,,,
178.6,9.0,3848.0,-62.0,18123.0,12.0,609.0,-21.0,-7960.0,-7.0,-6189.0,6.0,31921.0,22.0,10784.0,,,,,,,,,,,,,,,,,,,,,,,,,,
178.63333333333333,10.0,3844.0,-61.0,18110.0,12.0,611.0,-21.0,-7961.0,-7.0,-6195.0,6.0,31895.0,22.0,10769.0,,,,,,,,,,,,,,,,,,,,,,,,,,
178.66666666666666,10.0,3837.0,-62.0,18093.0,13.0,611.0,-21.0,-7966.0,-7.0,-6202.0,5.0,31869.0,22.0,10758.0,,,,,,,,,,,,,,,,,,,,,,,,,,
178.7,10.0,3829.0,-62.0,18078.0,12.0,607.0,-21.0,-7972.0,-7.0,-6212.0,5.0,31837.0,22.0,10744.0,,,,,,,,,,,,,,,,,,,,,,,,,,
178.73333333333332,10.0,3825.0,-61.0,18062.0,12.0,604.0,-20.0,-7976.0,-6.0,-6222.0,6.0,31807.0,22.0,10730.0,,,,,,,,,,,,,,,,,,,,,,,,,,
178.76666666666668,11.0,3820.0,-61.0,18046.0,12.0,603.0,-20.0,-7978.0,-6.0,-6229.0,6.0,31782.0,22.0,10716.0,,,,,,,,,,,,,,,,,,,,,,,,,,
178.8,11.0,3815.0,-61.0,18035.0,12.0,604.0,-20.0,-7981.0,-7.0,-6234.0,5.0,31754.0,22.0,10701.0,,,,,,,,,,,,,,,,,,,,,,,,,,
178.83333333333334,11.0,3812.0,-61.0,18026.0,12.0,603.0,-20.0,-7983.0,-7.0,-6237.0,5.0,31723.0,22.0,10685.0,,,,,,,,,,,,,,,,,,,,,,,,,,
178.86666666666667,11.0,3811.0,-61.0,18015.0,12.0,603.0,-20.0,-7983.0,-7.0,-6241.0,4.0,31696.0,22.0,10668.0,,,,,,,,,,,,,,,,,,,,,,,,,,
178.9,10.0,3809.0,-61.0,17998.0,12.0,603.0,-20.0,-7986.0,-6.0,-6249.0,4.0,31667.0,22.0,10646.0,,,,,,,,,,,,,,,,,,,,,,,,,,
178.93333333333334,10.0,3806.0,-61.0,17980.0,11.0,597.0,-20.0,-7987.0,-6.0,-6259.0,4.0,31633.0,22.0,10634.0,,,,,,,,,,,,,,,,,,,,,,,,,,
178.96666666666667,10.0,3808.0,-61.0,17968.0,11.0,587.0,-20.0,-7987.0,-6.0,-6269.0,3.0,31605.0,22.0,10623.0,,,,,,,,,,,,,,,,,,,,,,,,,,
179.0,9.0,3807.0,-61.0,17955.0,11.0,578.0,-20.0,-7989.0,-5.0,-6275.0,3.0,31578.0,22.0,10612.0,,,,,,,,,,,,,,,,,,,,,,,,,,
179.03333333333333,9.0,3799.0,-61.0,17939.0,11.0,570.0,-20.0,-7994.0,-5.0,-6281.0,3.0,31551.0,22.0,10599.0,,,,,,,,,,,,,,,,,,,,,,,,,,
179.06666666666666,9.0,3787.0,-61.0,17923.0,11.0,569.0,-20.0,-7998.0,-5.0,-6289.0,3.0,31528.0,22.0,10586.0,,,,,,,,,,,,,,,,,,,,,,,,,,
179.1,9.0,3779.0,-61.0,17909.0,10.0,570.0,-20.0,-8000.0,-5.0,-6299.0,3.0,31499.0,22.0,10572.0,,,,,,,,,,,,,,,,,,,,,,,,,,
179.13333333333333,9.0,3775.0,-61.0,17900.0,9.0,570.0,-21.0,-8000.0,-6.0,-6308.0,4.0,31467.0,23.0,10556.0,,,,,,,,,,,,,,,,,,,,,,,,,,
179.16666666666666,9.0,3768.0,-61.0,17885.0,9.0,572.0,-21.0,-7997.0,-6.0,-6317.0,4.0,31432.0,23.0,10541.0,,,,,,,,,,,,,,,,,,,,,,,,,,
179.2,9.0,3758.0,-61.0,17861.0,9.0,570.0,-21.0,-7991.0,-6.0,-6328.0,4.0,31401.0,23.0,10528.0,,,,,,,,,,,,,,,,,,,,,,,,,,
179.23333333333332,9.0,3750.0,-61.0,17841.0,9.0,565.0,-21.0,-7988.0,-5.0,-6345.0,4.0,31368.0,23.0,10515.0,,,,,,,,,,,,,,,,,,,,,,,,,,
179.26666666666668,9.0,3742.0,-61.0,17822.0,9.0,561.0,-21.0,-7989.0,-6.0,-6362.0,4.0,31339.0,23.0,10502.0,,,,,,,,,,,,,,,,,,,,,,,,,,
179.3,10.0,3735.0,-61.0,17805.0,9.0,558.0,-21.0,-7990.0,-6.0,-6376.0,4.0,31318.0,23.0,10487.0,,,,,,,,,,,,,,,,,,,,,,,,,,
179.33333333333334,10.0,3729.0,-61.0,17789.0,9.0,556.0,-21.0,-7995.0,-6.0,-6387.0,4.0,31297.0,23.0,10469.0,,,,,,,,,,,,,,,,,,,,,,,,,,
179.36666666666667,10.0,3722.0,-61.0,17774.0,10.0,551.0,-21.0,-8003.0,-6.0,-6399.0,4.0,31271.0,23.0,10452.0,,,,,,,,,,,,,,,,,,,,,,,,,,
179.4,10.0,3717.0,-62.0,17760.0,10.0,548.0,-21.0,-8007.0,-6.0,-6408.0,3.0,31245.0,23.0,10433.0,,,,,,,,,,,,,,,,,,,,,,,,,,
179.43333333333334,11.0,3712.0,-62.0,17748.0,10.0,547.0,-21.0,-8007.0,-6.0,-6418.0,4.0,31218.0,23.0,10414.0,,,,,,,,,,,,,,,,,,,,,,,,,,
179.46666666666667,10.0,3712.0,-62.0,17735.0,11.0,545.0,-20.0,-8008.0,-6.0,-6425.0,4.0,31193.0,23.0,10399.0,,,,,,,,,,,,,,,,,,,,,,,,,,
179.5,10.0,3716.0,-61.0,17719.0,11.0,539.0,-20.0,-8011.0,-6.0,-6428.0,4.0,31166.0,23.0,10388.0,,,,,,,,,,,,,,,,,,,,,,,,,,
179.53333333333333,9.0,3719.0,-61.0,17700.0,11.0,536.0,-20.0,-8012.0,-6.0,-6433.0,3.0,31134.0,23.0,10380.0,,,,,,,,,,,,,,,,,,,,,,,,,,
179.56666666666666,9.0,3717.0,-61.0,17680.0,11.0,535.0,-20.0,-8012.0,-7.0,-6440.0,2.0,31100.0,23.0,10370.0,,,,,,,,,,,,,,,,,,,,,,,,,,
179.6,8.0,3719.0,-60.0,17663.0,10.0,533.0,-20.0,-8012.0,-7.0,-6447.0,2.0,31067.0,24.0,10360.0,,,,,,,,,,,,,,,,,,,,,,,,,,
179.63333333333333,8.0,3717.0,-60.0,17646.0,10.0,530.0,-21.0,-8010.0,-7.0,-6451.0,2.0,31034.0,24.0,10352.0,,,,,,,,,,,,,,,,,,,,,,,,,,
179.66666666666666,8.0,3713.0,-60.0,17628.0,10.0,526.0,-21.0,-8010.0,-7.0,-6457.0,2.0,31005.0,24.0,10343.0,,,,,,,,,,,,,,,,,,,,,,,,,,
179.7,8.0,3709.0,-60.0,17614.0,10.0,525.0,-21.0,-8013.0,-8.0,-6466.0,2.0,30976.0,24.0,10328.0,,,,,,,,,,,,,,,,,,,,,,,,,,
179.73333333333332,8.0,3708.0,-61.0,17600.0,10.0,524.0,-20.0,-8017.0,-8.0,-6471.0,2.0,30947.0,24.0,10310.0,,,,,,,,,,,,,,,,,,,,,,,,,,
179.76666666666668,8.0,3708.0,-61.0,17584.0,10.0,523.0,-20.0,-8019.0,-7.0,-6477.0,3.0,30922.0,24.0,10290.0,,,,,,,,,,,,,,,,,,,,,,,,,,
179.8,9.0,3711.0,-61.0,17572.0,11.0,521.0,-20.0,-8019.0,-7.0,-6487.0,3.0,30894.0,23.0,10273.0,,,,,,,,,,,,,,,,,,,,,,,,,,
179.83333333333334,9.0,3709.0,-61.0,17560.0,11.0,518.0,-20.0,-8017.0,-7.0,-6496.0,4.0,30867.0,23.0,10262.0,,,,,,,,,,,,,,,,,,,,,,,,,,
179.86666666666667,9.0,3704.0,-61.0,17547.0,10.0,514.0,-20.0,-8013.0,-7.0,-6502.0,3.0,30843.0,23.0,10252.0,,,,,,,,,,,,,,,,,,,,,,,,,,
179.9,8.0,3700.0,-61.0,17535.0,10.0,510.0,-20.0,-8012.0,-7.0,-6506.0,3.0,30817.0,23.0,10242.0,,,,,,,,,,,,,,,,,,,,,,,,,,
179.93333333333334,8.0,3695.0,-61.0,17521.0,10.0,509.0,-20.0,-8012.0,-7.0,-6510.0,3.0,30787.0,23.0,10235.0,,,,,,,,,,,,,,,,,,,,,,,,,,
179.96666666666667,8.0,3688.0,-61.0,17504.0,10.0,508.0,-21.0,-8013.0,-8.0,-6514.0,3.0,30755.0,23.0,10227.0,,,,,,,,,,,,,,,,,,,,,,,,,,
180.0,8.0,3681.0,-61.0,17488.0,10.0,504.0,-21.0,-8014.0,-8.0,-6521.0,3.0,30725.0,23.0,10211.0,,,,,,,,,,,,,,,,,,,,,,,,,,
180.03333333333333,8.0,3677.0,-61.0,17474.0,9.0,497.0,-21.0,-8012.0,-8.0,-6533.0,3.0,30698.0,23.0,10193.0,,,,,,,,,,,,,,,,,,,,,,,,,,
180.06666666666666,8.0,3672.0,-61.0,17463.0,9.0,491.0,-21.0,-8014.0,-8.0,-6545.0,4.0,30673.0,22.0,10173.0,,,,,,,,,,,,,,,,,,,,,,,,,,
180.1,7.0,3666.0,-62.0,17456.0,9.0,488.0,-21.0,-8016.0,-8.0,-6551.0,4.0,30652.0,22.0,10155.0,,,,,,,,,,,,,,,,,,,,,,,,,,
180.13333333333333,7.0,3657.0,-62.0,17449.0,10.0,488.0,-21.0,-8016.0,-9.0,-6557.0,4.0,30628.0,22.0,10138.0,,,,,,,,,,,,,,,,,,,,,,,,,,
180.16666666666666,7.0,3650.0,-62.0,17436.0,10.0,487.0,-21.0,-8017.0,-10.0,-6564.0,4.0,30600.0,21.0,10124.0,,,,,,,,,,,,,,,,,,,,,,,,,,
180.2,7.0,3647.0,-62.0,17421.0,10.0,483.0,-21.0,-8014.0,-10.0,-6570.0,4.0,30570.0,21.0,10118.0,,,,,,,,,,,,,,,,,,,,,,,,,,
180.23333333333332,7.0,3644.0,-62.0,17402.0,10.0,483.0,-21.0,-8014.0,-9.0,-6578.0,4.0,30540.0,22.0,10113.0,,,,,,,,,,,,,,,,,,,,,,,,,,
180.26666666666668,7.0,3639.0,-61.0,17383.0,10.0,485.0,-21.0,-8017.0,-8.0,-6588.0,4.0,30513.0,23.0,10102.0,,,,,,,,,,,,,,,,,,,,,,,,,,
180.3,7.0,3633.0,-62.0,17366.0,10.0,484.0,-21.0,-8016.0,-7.0,-6599.0,4.0,30484.0,24.0,10093.0,,,,,,,,,,,,,,,,,,,,,,,,,,
180.33333333333334,7.0,3628.0,-62.0,17352.0,10.0,484.0,-21.0,-8014.0,-6.0,-6606.0,4.0,30453.0,24.0,10083.0,,,,,,,,,,,,,,,,,,,,,,,,,,
180.36666666666667,7.0,3628.0,-61.0,17335.0,10.0,482.0,-22.0,-8013.0,-6.0,-6613.0,3.0,30424.0,24.0,10070.0,,,,,,,,,,,,,,,,,,,,,,,,,,
180.4,7.0,3630.0,-61.0,17319.0,9.0,477.0,-22.0,-8018.0,-6.0,-6623.0,3.0,30400.0,24.0,10058.0,,,,,,,,,,,,,,,,,,,,,,,,,,
180.43333333333334,7.0,3630.0,-61.0,17306.0,9.0,472.0,-22.0,-8025.0,-6.0,-6632.0,4.0,30376.0,24.0,10046.0,,,,,,,,,,,,,,,,,,,,,,,,,,
180.46666666666667,7.0,3625.0,-61.0,17294.0,9.0,468.0,-22.0,-8027.0,-6.0,-6639.0,4.0,30348.0,24.0,10035.0,,,,,,,,,,,,,,,,,,,,,,,,,,
180.5,8.0,3620.0,-61.0,17282.0,9.0,464.0,-22.0,-8028.0,-6.0,-6644.0,4.0,30322.0,24.0,10023.0,,,,,,,,,,,,,,,,,,,,,,,,,,
180.53333333333333,9.0,3618.0,-61.0,17274.0,10.0,465.0,-22.0,-8028.0,-6.0,-6650.0,3.0,30294.0,24.0,10005.0,,,,,,,,,,,,,,,,,,,,,,,,,,
180.56666666666666,8.0,3615.0,-61.0,17268.0,10.0,466.0,-22.0,-8027.0,-7.0,-6660.0,3.0,30265.0,23.0,9989.0,,,,,,,,,,,,,,,,,,,,,,,,,,
180.6,8.0,3611.0,-61.0,17262.0,10.0,465.0,-21.0,-8023.0,-7.0,-6672.0,4.0,30241.0,22.0,9971.0,,,,,,,,,,,,,,,,,,,,,,,,,,
180.63333333333333,8.0,3604.0,-61.0,17248.0,11.0,463.0,-21.0,-8018.0,-7.0,-6685.0,4.0,30218.0,22.0,9956.0,,,,,,,,,,,,,,,,,,,,,,,,,,
180.66666666666666,8.0,3594.0,-61.0,17227.0,11.0,462.0,-20.0,-8014.0,-7.0,-6697.0,4.0,30192.0,22.0,9940.0,,,,,,,,,,,,,,,,,,,,,,,,,,
180.7,8.0,3585.0,-61.0,17208.0,12.0,460.0,-20.0,-8013.0,-7.0,-6707.0,5.0,30162.0,22.0,9925.0,,,,,,,,,,,,,,,,,,,,,,,,,,
180.73333333333332,8.0,3575.0,-61.0,17193.0,12.0,456.0,-20.0,-8017.0,-7.0,-6712.0,5.0,30127.0,22.0,9908.0,,,,,,,,,,,,,,,,,,,,,,,,,,
180.76666666666668,8.0,3568.0,-61.0,17179.0,12.0,452.0,-20.0,-8023.0,-7.0,-6715.0,5.0,30097.0,22.0,9896.0,,,,,,,,,,,,,,,,,,,,,,,,,,
180.8,8.0,3561.0,-61.0,17161.0,11.0,447.0,-21.0,-8028.0,-7.0,-6721.0,6.0,30070.0,21.0,9883.0,,,,,,,,,,,,,,,,,,,,,,,,,,
180.83333333333334,8.0,3556.0,-61.0,17145.0,11.0,443.0,-21.0,-8031.0,-7.0,-6726.0,6.0,30043.0,21.0,9869.0,,,,,,,,,,,,,,,,,,,,,,,,,,
180.86666666666667,8.0,3551.0,-61.0,17130.0,12.0,442.0,-21.0,-8032.0,-6.0,-6729.0,6.0,30016.0,21.0,9854.0,,,,,,,,,,,,,,,,,,,,,,,,,,
180.9,8.0,3547.0,-61.0,17116.0,12.0,440.0,-22.0,-8036.0,-6.0,-6734.0,5.0,29985.0,21.0,9845.0,,,,,,,,,,,,,,,,,,,,,,,,,,
180.93333333333334,8.0,3546.0,-61.0,17102.0,11.0,439.0,-21.0,-8044.0,-6.0,-6743.0,5.0,29953.0,21.0,9840.0,,,,,,,,,,,,,,,,,,,,,,,,,,
180.96666666666667,8.0,3542.0,-61.0,17089.0,11.0,438.0,-21.0,-8049.0,-6.0,-6750.0,4.0,29927.0,21.0,9834.0,,,,,,,,,,,,,,,,,,,,,,,,,,
181.0,8.0,3539.0,-61.0,17073.0,11.0,437.0,-20.0,-8051.0,-7.0,-6754.0,4.0,29907.0,20.0,9826.0,,,,,,,,,,,,,,,,,,,,,,,,,,
181.03333333333333,7.0,3536.0,-61.0,17058.0,11.0,436.0,-20.0,-8052.0,-7.0,-6757.0,4.0,29885.0,20.0,9816.0,,,,,,,,,,,,,,,,,,,,,,,,,,
181.06666666666666,7.0,3534.0,-61.0,17042.0,11.0,433.0,-20.0,-8052.0,-8.0,-6765.0,4.0,29860.0,21.0,9802.0,,,,,,,,,,,,,,,,,,,,,,,,,,
181.1,7.0,3535.0,-61.0,17029.0,10.0,429.0,-20.0,-8055.0,-8.0,-6778.0,4.0,29832.0,21.0,9784.0,,,,,,,,,,,,,,,,,,,,,,,,,,
181.13333333333333,8.0,3536.0,-61.0,17018.0,9.0,426.0,-20.0,-8060.0,-8.0,-6793.0,4.0,29804.0,21.0,9769.0,,,,,,,,,,,,,,,,,,,,,,,,,,
181.16666666666666,8.0,3539.0,-61.0,17010.0,9.0,425.0,-20.0,-8063.0,-9.0,-6803.0,3.0,29781.0,21.0,9755.0,,,,,,,,,,,,,,,,,,,,,,,,,,
181.2,8.0,3539.0,-61.0,17003.0,9.0,423.0,-20.0,-8065.0,-9.0,-6809.0,3.0,29758.0,21.0,9740.0,,,,,,,,,,,,,,,,,,,,,,,,,,
181.23333333333332,8.0,3535.0,-61.0,16992.0,9.0,424.0,-20.0,-8066.0,-8.0,-6814.0,3.0,29735.0,21.0,9725.0,,,,,,,,,,,,,,,,,,,,,,,,,,
181.26666666666668,8.0,3528.0,-61.0,16982.0,9.0,421.0,-20.0,-8064.0,-8.0,-6815.0,3.0,29713.0,21.0,9710.0,,,,,,,,,,,,,,,,,,,,,,,,,,
181.3,7.0,3525.0,-61.0,16968.0,9.0,414.0,-20.0,-8062.0,-8.0,-6818.0,3.0,29691.0,21.0,9696.0,,,,,,,,,,,,,,,,,,,,,,,,,,
181.33333333333334,7.0,3518.0,-61.0,16951.0,9.0,409.0,-20.0,-8063.0,-8.0,-6819.0,3.0,29663.0,21.0,9685.0,,,,,,,,,,,,,,,,,,,,,,,,,,
181.36666666666667,7.0,3509.0,-61.0,16936.0,9.0,406.0,-20.0,-8063.0,-7.0,-6826.0,3.0,29634.0,21.0,9676.0,,,,,,,,,,,,,,,,,,,,,,,,,,
181.4,7.0,3498.0,-61.0,16918.0,9.0,403.0,-21.0,-8059.0,-7.0,-6837.0,3.0,29606.0,21.0,9668.0,,,,,,,,,,,,,,,,,,,,,,,,,,
181.43333333333334,7.0,3494.0,-61.0,16898.0,9.0,402.0,-21.0,-8056.0,-7.0,-6850.0,3.0,29576.0,20.0,9657.0,,,,,,,,,,,,,,,,,,,,,,,,,,
181.46666666666667,7.0,3496.0,-61.0,16877.0,9.0,402.0,-21.0,-8058.0,-8.0,-6863.0,3.0,29548.0,20.0,9644.0,,,,,,,,,,,,,,,,,,,,,,,,,,
181.5,8.0,3498.0,-61.0,16863.0,9.0,399.0,-21.0,-8060.0,-8.0,-6875.0,4.0,29519.0,21.0,9630.0,,,,,,,,,,,,,,,,,,,,,,,,,,
181.53333333333333,8.0,3500.0,-61.0,16853.0,10.0,396.0,-21.0,-8058.0,-8.0,-6887.0,4.0,29493.0,21.0,9615.0,,,,,,,,,,,,,,,,,,,,,,,,,,
181.56666666666666,8.0,3502.0,-61.0,16841.0,10.0,394.0,-22.0,-8057.0,-8.0,-6895.0,4.0,29464.0,22.0,9602.0,,,,,,,,,,,,,,,,,,,,,,,,,,
181.6,8.0,3501.0,-61.0,16826.0,10.0,391.0,-22.0,-8054.0,-8.0,-6900.0,5.0,29436.0,22.0,9591.0,,,,,,,,,,,,,,,,,,,,,,,,,,
181.63333333333333,7.0,3499.0,-61.0,16812.0,10.0,389.0,-21.0,-8054.0,-8.0,-6906.0,5.0,29412.0,22.0,9579.0,,,,,,,,,,,,,,,,,,,,,,,,,,
181.66666666666666,7.0,3495.0,-61.0,16805.0,11.0,390.0,-21.0,-8055.0,-8.0,-6911.0,6.0,29384.0,22.0,9566.0,,,,,,,,,,,,,,,,,,,,,,,,,,
181.7,8.0,3489.0,-61.0,16795.0,11.0,390.0,-21.0,-8061.0,-8.0,-6915.0,5.0,29357.0,21.0,9555.0,,,,,,,,,,,,,,,,,,,,,,,,,,
181.73333333333332,7.0,3481.0,-61.0,16787.0,11.0,389.0,-21.0,-8071.0,-9.0,-6921.0,5.0,29334.0,21.0,9541.0,,,,,,,,,,,,,,,,,,,,,,,,,,
181.76666666666668,7.0,3477.0,-61.0,16775.0,11.0,388.0,-22.0,-8077.0,-8.0,-6927.0,4.0,29313.0,21.0,9527.0,,,,,,,,,,,,,,,,,,,,,,,,,,
181.8,6.0,3475.0,-61.0,16759.0,12.0,386.0,-22.0,-8080.0,-8.0,-6933.0,4.0,29290.0,22.0,9513.0,,,,,,,,,,,,,,,,,,,,,,,,,,
181.83333333333334,6.0,3472.0,-61.0,16743.0,12.0,381.0,-22.0,-8083.0,-8.0,-6942.0,4.0,29266.0,22.0,9502.0,,,,,,,,,,,,,,,,,,,,,,,,,,
181.86666666666667,6.0,3465.0,-61.0,16727.0,12.0,376.0,-22.0,-8081.0,-8.0,-6953.0,3.0,29239.0,22.0,9493.0,,,,,,,,,,,,,,,,,,,,,,,,,,
181.9,6.0,3457.0,-61.0,16709.0,12.0,370.0,-22.0,-8080.0,-7.0,-6965.0,2.0,29217.0,23.0,9486.0,,,,,,,,,,,,,,,,,,,,,,,,,,
181.93333333333334,6.0,3453.0,-61.0,16695.0,13.0,367.0,-22.0,-8083.0,-7.0,-6979.0,2.0,29191.0,22.0,9479.0,,,,,,,,,,,,,,,,,,,,,,,,,,
181.96666666666667,6.0,3449.0,-61.0,16687.0,12.0,368.0,-21.0,-8085.0,-7.0,-6990.0,2.0,29165.0,22.0,9467.0,,,,,,,,,,,,,,,,,,,,,,,,,,
182.0,7.0,3445.0,-61.0,16675.0,12.0,368.0,-21.0,-8087.0,-6.0,-7000.0,1.0,29139.0,22.0,9451.0,,,,,,,,,,,,,,,,,,,,,,,,,,
182.03333333333333,8.0,3440.0,-61.0,16659.0,12.0,366.0,-21.0,-8091.0,-6.0,-7011.0,1.0,29112.0,21.0,9435.0,,,,,,,,,,,,,,,,,,,,,,,,,,
182.06666666666666,9.0,3434.0,-61.0,16644.0,13.0,361.0,-20.0,-8094.0,-6.0,-7021.0,2.0,29082.0,21.0,9417.0,,,,,,,,,,,,,,,,,,,,,,,,,,
182.1,9.0,3429.0,-61.0,16632.0,12.0,356.0,-20.0,-8093.0,-5.0,-7026.0,3.0,29056.0,21.0,9401.0,,,,,,,,,,,,,,,,,,,,,,,,,,
182.13333333333333,10.0,3426.0,-62.0,16623.0,12.0,354.0,-20.0,-8089.0,-5.0,-7033.0,3.0,29029.0,22.0,9388.0,,,,,,,,,,,,,,,,,,,,,,,,,,
182.16666666666666,10.0,3422.0,-62.0,16611.0,12.0,352.0,-20.0,-8087.0,-6.0,-7035.0,3.0,29005.0,22.0,9376.0,,,,,,,,,,,,,,,,,,,,,,,,,,
182.2,10.0,3419.0,-62.0,16600.0,12.0,346.0,-20.0,-8083.0,-6.0,-7034.0,3.0,28980.0,23.0,9370.0,,,,,,,,,,,,,,,,,,,,,,,,,,
182.23333333333332,9.0,3416.0,-62.0,16589.0,11.0,341.0,-20.0,-8077.0,-6.0,-7037.0,2.0,28962.0,23.0,9362.0,,,,,,,,,,,,,,,,,,,,,,,,,,
182.26666666666668,8.0,3414.0,-62.0,16575.0,12.0,337.0,-20.0,-8075.0,-7.0,-7044.0,2.0,28945.0,22.0,9355.0,,,,,,,,,,,,,,,,,,,,,,,,,,
182.3,8.0,3409.0,-63.0,16564.0,12.0,336.0,-20.0,-8077.0,-7.0,-7055.0,2.0,28925.0,22.0,9342.0,,,,,,,,,,,,,,,,,,,,,,,,,,
182.33333333333334,8.0,3405.0,-63.0,16555.0,11.0,334.0,-20.0,-8080.0,-8.0,-7064.0,2.0,28902.0,21.0,9332.0,,,,,,,,,,,,,,,,,,,,,,,,,,
182.36666666666667,8.0,3403.0,-63.0,16544.0,11.0,335.0,-20.0,-8082.0,-8.0,-7066.0,2.0,28877.0,21.0,9328.0,,,,,,,,,,,,,,,,,,,,,,,,,,
182.4,7.0,3401.0,-62.0,16532.0,11.0,333.0,-20.0,-8082.0,-8.0,-7067.0,2.0,28852.0,22.0,9322.0,,,,,,,,,,,,,,,,,,,,,,,,,,
182.43333333333334,8.0,3397.0,-62.0,16516.0,12.0,332.0,-20.0,-8082.0,-8.0,-7073.0,2.0,28824.0,22.0,9314.0,,,,,,,,,,,,,,,,,,,,,,,,,,
182.46666666666667,8.0,3392.0,-62.0,16500.0,11.0,331.0,-20.0,-8081.0,-9.0,-7076.0,2.0,28797.0,22.0,9304.0,,,,,,,,,,,,,,,,,,,,,,,,,,
182.5,7.0,3385.0,-61.0,16485.0,11.0,329.0,-20.0,-8078.0,-9.0,-7077.0,2.0,28768.0,22.0,9295.0,,,,,,,,,,,,,,,,,,,,,,,,,,
182.53333333333333,7.0,3380.0,-62.0,16470.0,10.0,324.0,-20.0,-8077.0,-9.0,-7081.0,2.0,28742.0,22.0,9282.0,,,,,,,,,,,,,,,,,,,,,,,,,,
182.56666666666666,7.0,3379.0,-62.0,16452.0,10.0,320.0,-20.0,-8079.0,-8.0,-7087.0,3.0,28721.0,21.0,9268.0,,,,,,,,,,,,,,,,,,,,,,,,,,
182.6,6.0,3381.0,-62.0,16432.0,10.0,318.0,-21.0,-8084.0,-8.0,-7096.0,4.0,28698.0,21.0,9252.0,,,,,,,,,,,,,,,,,,,,,,,,,,
182.63333333333333,6.0,3383.0,-62.0,16411.0,11.0,315.0,-21.0,-8091.0,-7.0,-7107.0,4.0,28673.0,21.0,9235.0,,,,,,,,,,,,,,,,,,,,,,,,,,
182.66666666666666,6.0,3379.0,-62.0,16397.0,11.0,317.0,-21.0,-8099.0,-7.0,-7117.0,4.0,28645.0,21.0,9220.0,,,,,,,,,,,,,,,,,,,,,,,,,,
182.7,6.0,3374.0,-63.0,16386.0,11.0,320.0,-21.0,-8104.0,-8.0,-7127.0,3.0,28619.0,21.0,9208.0,,,,,,,,,,,,,,,,,,,,,,,,,,
182.73333333333332,6.0,3370.0,-63.0,16375.0,11.0,318.0,-21.0,-8107.0,-8.0,-7136.0,3.0,28591.0,21.0,9198.0,,,,,,,,,,,,,,,,,,,,,,,,,,
182.76666666666668,6.0,3369.0,-63.0,16367.0,11.0,319.0,-21.0,-8108.0,-8.0,-7145.0,2.0,28565.0,21.0,9189.0,,,,,,,,,,,,,,,,,,,,,,,,,,
182.8,7.0,3368.0,-63.0,16358.0,10.0,318.0,-21.0,-8109.0,-8.0,-7155.0,2.0,28541.0,21.0,9181.0,,,,,,,,,,,,,,,,,,,,,,,,,,
182.83333333333334,7.0,3369.0,-63.0,16349.0,10.0,317.0,-21.0,-8107.0,-8.0,-7162.0,2.0,28516.0,20.0,9166.0,,,,,,,,,,,,,,,,,,,,,,,,,,
182.86666666666667,7.0,3367.0,-63.0,16341.0,10.0,315.0,-21.0,-8104.0,-9.0,-7171.0,3.0,28492.0,20.0,9150.0,,,,,,,,,,,,,,,,,,,,,,,,,,
182.9,7.0,3364.0,-62.0,16336.0,10.0,315.0,-21.0,-8107.0,-9.0,-7180.0,3.0,28469.0,20.0,9139.0,,,,,,,,,,,,,,,,,,,,,,,,,,
182.93333333333334,7.0,3360.0,-62.0,16326.0,10.0,314.0,-21.0,-8111.0,-9.0,-7185.0,4.0,28449.0,21.0,9126.0,,,,,,,,,,,,,,,,,,,,,,,,,,
182.96666666666667,7.0,3355.0,-61.0,16313.0,10.0,311.0,-21.0,-8113.0,-9.0,-7186.0,3.0,28431.0,21.0,9114.0,,,,,,,,,,,,,,,,,,,,,,,,,,
183.0,7.0,3352.0,-61.0,16299.0,11.0,309.0,-21.0,-8114.0,-8.0,-7188.0,3.0,28410.0,21.0,9103.0,,,,,,,,,,,,,,,,,,,,,,,,,,
183.03333333333333,7.0,3350.0,-61.0,16286.0,10.0,305.0,-21.0,-8111.0,-8.0,-7189.0,3.0,28387.0,21.0,9094.0,,,,,,,,,,,,,,,,,,,,,,,,,,
183.06666666666666,7.0,3349.0,-61.0,16273.0,10.0,304.0,-21.0,-8108.0,-8.0,-7191.0,2.0,28361.0,21.0,9087.0,,,,,,,,,,,,,,,,,,,,,,,,,,
183.1,7.0,3347.0,-62.0,16258.0,10.0,302.0,-21.0,-8109.0,-8.0,-7193.0,2.0,28333.0,21.0,9080.0,,,,,,,,,,,,,,,,,,,,,,,,,,
183.13333333333333,8.0,3344.0,-62.0,16241.0,10.0,300.0,-20.0,-8114.0,-7.0,-7197.0,2.0,28308.0,21.0,9072.0,,,,,,,,,,,,,,,,,,,,,,,,,,
183.16666666666666,8.0,3338.0,-61.0,16225.0,10.0,299.0,-20.0,-8119.0,-7.0,-7207.0,2.0,28285.0,21.0,9065.0,,,,,,,,,,,,,,,,,,,,,,,,,,
183.2,7.0,3330.0,-61.0,16214.0,9.0,298.0,-20.0,-8120.0,-7.0,-7218.0,2.0,28261.0,20.0,9057.0,,,,,,,,,,,,,,,,,,,,,,,,,,
183.23333333333332,7.0,3326.0,-61.0,16204.0,9.0,298.0,-21.0,-8120.0,-8.0,-7230.0,3.0,28237.0,20.0,9044.0,,,,,,,,,,,,,,,,,,,,,,,,,,
183.26666666666668,6.0,3323.0,-61.0,16196.0,9.0,300.0,-21.0,-8119.0,-9.0,-7237.0,3.0,28211.0,20.0,9031.0,,,,,,,,,,,,,,,,,,,,,,,,,,
183.3,6.0,3319.0,-61.0,16187.0,9.0,302.0,-21.0,-8123.0,-10.0,-7243.0,3.0,28185.0,20.0,9021.0,,,,,,,,,,,,,,,,,,,,,,,,,,
183.33333333333334,7.0,3317.0,-61.0,16175.0,9.0,300.0,-21.0,-8124.0,-10.0,-7249.0,2.0,28161.0,21.0,9007.0,,,,,,,,,,,,,,,,,,,,,,,,,,
183.36666666666667,7.0,3315.0,-61.0,16164.0,9.0,297.0,-21.0,-8124.0,-11.0,-7250.0,2.0,28142.0,21.0,8988.0,,,,,,,,,,,,,,,,,,,,,,,,,,
183.4,6.0,3310.0,-61.0,16150.0,8.0,296.0,-21.0,-8126.0,-11.0,-7251.0,3.0,28124.0,20.0,8972.0,,,,,,,,,,,,,,,,,,,,,,,,,,
183.43333333333334,6.0,3306.0,-61.0,16135.0,8.0,295.0,-21.0,-8127.0,-11.0,-7256.0,3.0,28103.0,20.0,8957.0,,,,,,,,,,,,,,,,,,,,,,,,,,
183.46666666666667,6.0,3302.0,-61.0,16118.0,8.0,291.0,-21.0,-8128.0,-10.0,-7265.0,2.0,28079.0,20.0,8943.0,,,,,,,,,,,,,,,,,,,,,,,,,,
183.5,6.0,3301.0,-61.0,16105.0,8.0,285.0,-21.0,-8127.0,-10.0,-7274.0,1.0,28054.0,20.0,8930.0,,,,,,,,,,,,,,,,,,,,,,,,,,
183.53333333333333,6.0,3299.0,-61.0,16100.0,8.0,278.0,-21.0,-8126.0,-10.0,-7279.0,1.0,28028.0,20.0,8919.0,,,,,,,,,,,,,,,,,,,,,,,,,,
183.56666666666666,6.0,3297.0,-62.0,16092.0,8.0,272.0,-20.0,-8124.0,-10.0,-7283.0,1.0,28004.0,20.0,8908.0,,,,,,,,,,,,,,,,,,,,,,,,,,
183.6,6.0,3299.0,-62.0,16083.0,8.0,271.0,-20.0,-8124.0,-10.0,-7292.0,2.0,27981.0,20.0,8901.0,,,,,,,,,,,,,,,,,,,,,,,,,,
183.63333333333333,5.0,3299.0,-62.0,16071.0,8.0,272.0,-20.0,-8124.0,-11.0,-7300.0,2.0,27956.0,20.0,8892.0,,,,,,,,,,,,,,,,,,,,,,,,,,
183.66666666666666,5.0,3296.0,-62.0,16058.0,8.0,275.0,-20.0,-8123.0,-10.0,-7307.0,2.0,27933.0,20.0,8884.0,,,,,,,,,,,,,,,,,,,,,,,,,,
183.7,5.0,3293.0,-62.0,16046.0,8.0,278.0,-20.0,-8125.0,-9.0,-7312.0,2.0,27911.0,20.0,8871.0,,,,,,,,,,,,,,,,,,,,,,,,,,
183.73333333333332,6.0,3286.0,-63.0,16033.0,8.0,278.0,-20.0,-8124.0,-9.0,-7319.0,2.0,27891.0,21.0,8861.0,,,,,,,,,,,,,,,,,,,,,,,,,,
183.76666666666668,6.0,3280.0,-63.0,16019.0,8.0,278.0,-21.0,-8122.0,-9.0,-7326.0,3.0,27872.0,21.0,8852.0,,,,,,,,,,,,,,,,,,,,,,,,,,
183.8,6.0,3270.0,-62.0,16007.0,8.0,279.0,-21.0,-8120.0,-9.0,-7333.0,3.0,27851.0,21.0,8849.0,,,,,,,,,,,,,,,,,,,,,,,,,,
183.83333333333334,6.0,3262.0,-62.0,15995.0,7.0,280.0,-21.0,-8121.0,-8.0,-7339.0,3.0,27827.0,21.0,8841.0,,,,,,,,,,,,,,,,,,,,,,,,,,
183.86666666666667,7.0,3260.0,-62.0,15980.0,8.0,282.0,-21.0,-8127.0,-8.0,-7344.0,3.0,27806.0,21.0,8832.0,,,,,,,,,,,,,,,,,,,,,,,,,,
183.9,7.0,3261.0,-62.0,15967.0,8.0,283.0,-21.0,-8133.0,-8.0,-7353.0,3.0,27784.0,21.0,8819.0,,,,,,,,,,,,,,,,,,,,,,,,,,
183.93333333333334,9.0,3262.0,-62.0,15956.0,8.0,283.0,-20.0,-8135.0,-8.0,-7361.0,3.0,27758.0,21.0,8810.0,,,,,,,,,,,,,,,,,,,,,,,,,,
183.96666666666667,9.0,3259.0,-62.0,15951.0,8.0,282.0,-20.0,-8135.0,-8.0,-7368.0,3.0,27735.0,21.0,8804.0,,,,,,,,,,,,,,,,,,,,,,,,,,
184.0,9.0,3258.0,-62.0,15949.0,8.0,279.0,-20.0,-8134.0,-8.0,-7374.0,3.0,27712.0,21.0,8796.0,,,,,,,,,,,,,,,,,,,,,,,,,,
184.03333333333333,9.0,3260.0,-62.0,15940.0,8.0,275.0,-20.0,-8137.0,-8.0,-7378.0,3.0,27695.0,21.0,8784.0,,,,,,,,,,,,,,,,,,,,,,,,,,
184.06666666666666,9.0,3263.0,-62.0,15926.0,8.0,274.0,-20.0,-8139.0,-8.0,-7381.0,3.0,27681.0,22.0,8770.0,,,,,,,,,,,,,,,,,,,,,,,,,,
184.1,8.0,3263.0,-62.0,15913.0,9.0,273.0,-20.0,-8138.0,-8.0,-7380.0,4.0,27660.0,22.0,8758.0,,,,,,,,,,,,,,,,,,,,,,,,,,
184.13333333333333,7.0,3263.0,-62.0,15898.0,9.0,274.0,-20.0,-8134.0,-8.0,-7380.0,4.0,27640.0,22.0,8748.0,,,,,,,,,,,,,,,,,,,,,,,,,,
184.16666666666666,7.0,3262.0,-62.0,15878.0,8.0,276.0,-20.0,-8129.0,-8.0,-7384.0,5.0,27624.0,22.0,8738.0,,,,,,,,,,,,,,,,,,,,,,,,,,
184.2,6.0,3258.0,-63.0,15860.0,8.0,278.0,-20.0,-8125.0,-8.0,-7394.0,5.0,27608.0,21.0,8730.0,,,,,,,,,,,,,,,,,,,,,,,,,,
184.23333333333332,5.0,3254.0,-63.0,15843.0,8.0,275.0,-20.0,-8122.0,-8.0,-7401.0,4.0,27589.0,22.0,8722.0,,,,,,,,,,,,,,,,,,,,,,,,,,
184.26666666666668,5.0,3250.0,-63.0,15829.0,7.0,272.0,-21.0,-8121.0,-7.0,-7408.0,4.0,27569.0,22.0,8714.0,,,,,,,,,,,,,,,,,,,,,,,,,,
184.3,5.0,3244.0,-64.0,15818.0,7.0,270.0,-21.0,-8124.0,-7.0,-7416.0,4.0,27555.0,22.0,8706.0,,,,,,,,,,,,,,,,,,,,,,,,,,
184.33333333333334,6.0,3238.0,-64.0,15808.0,6.0,270.0,-22.0,-8124.0,-7.0,-7420.0,3.0,27537.0,22.0,8699.0,,,,,,,,,,,,,,,,,,,,,,,,,,
184.36666666666667,6.0,3231.0,-64.0,15797.0,7.0,270.0,-22.0,-8124.0,-7.0,-7425.0,3.0,27512.0,22.0,8691.0,,,,,,,,,,,,,,,,,,,,,,,,,,
184.4,7.0,3228.0,-64.0,15787.0,7.0,266.0,-22.0,-8126.0,-7.0,-7431.0,3.0,27483.0,22.0,8680.0,,,,,,,,,,,,,,,,,,,,,,,,,,
184.43333333333334,7.0,3228.0,-64.0,15775.0,8.0,262.0,-22.0,-8130.0,-7.0,-7438.0,3.0,27454.0,22.0,8666.0,,,,,,,,,,,,,,,,,,,,,,,,,,
184.46666666666667,7.0,3229.0,-64.0,15769.0,8.0,259.0,-22.0,-8135.0,-8.0,-7447.0,3.0,27427.0,22.0,8651.0,,,,,,,,,,,,,,,,,,,,,,,,,,
184.5,7.0,3230.0,-64.0,15761.0,8.0,256.0,-22.0,-8136.0,-8.0,-7454.0,2.0,27402.0,21.0,8635.0,,,,,,,,,,,,,,,,,,,,,,,,,,
184.53333333333333,8.0,3231.0,-63.0,15747.0,9.0,255.0,-22.0,-8132.0,-9.0,-7461.0,2.0,27378.0,20.0,8622.0,,,,,,,,,,,,,,,,,,,,,,,,,,
184.56666666666666,8.0,3230.0,-63.0,15734.0,9.0,256.0,-22.0,-8129.0,-9.0,-7468.0,2.0,27356.0,20.0,8613.0,,,,,,,,,,,,,,,,,,,,,,,,,,
184.6,8.0,3227.0,-62.0,15724.0,9.0,255.0,-22.0,-8128.0,-9.0,-7474.0,2.0,27331.0,20.0,8606.0,,,,,,,,,,,,,,,,,,,,,,,,,,
184.63333333333333,9.0,3223.0,-62.0,15717.0,8.0,253.0,-22.0,-8129.0,-9.0,-7480.0,2.0,27304.0,20.0,8602.0,,,,,,,,,,,,,,,,,,,,,,,,,,
184.66666666666666,9.0,3219.0,-63.0,15710.0,8.0,249.0,-22.0,-8132.0,-9.0,-7488.0,2.0,27277.0,20.0,8598.0,,,,,,,,,,,,,,,,,,,,,,,,,,
184.7,9.0,3215.0,-63.0,15702.0,8.0,245.0,-22.0,-8137.0,-8.0,-7495.0,3.0,27253.0,21.0,8593.0,,,,,,,,,,,,,,,,,,,,,,,,,,
184.73333333333332,8.0,3210.0,-63.0,15688.0,8.0,245.0,-21.0,-8143.0,-8.0,-7501.0,3.0,27230.0,21.0,8591.0,,,,,,,,,,,,,,,,,,,,,,,,,,
184.76666666666668,7.0,3203.0,-63.0,15672.0,8.0,244.0,-21.0,-8148.0,-8.0,-7509.0,3.0,27210.0,21.0,8587.0,,,,,,,,,,,,,,,,,,,,,,,,,,
184.8,7.0,3197.0,-63.0,15658.0,9.0,242.0,-21.0,-8150.0,-8.0,-7515.0,3.0,27192.0,21.0,8578.0,,,,,,,,,,,,,,,,,,,,,,,,,,
184.83333333333334,7.0,3192.0,-63.0,15647.0,9.0,241.0,-21.0,-8148.0,-8.0,-7519.0,2.0,27174.0,21.0,8568.0,,,,,,,,,,,,,,,,,,,,,,,,,,
184.86666666666667,7.0,3187.0,-63.0,15634.0,8.0,240.0,-21.0,-8145.0,-8.0,-7524.0,2.0,27157.0,21.0,8562.0,,,,,,,,,,,,,,,,,,,,,,,,,,
184.9,7.0,3185.0,-63.0,15622.0,7.0,241.0,-21.0,-8146.0,-8.0,-7529.0,2.0,27137.0,21.0,8554.0,,,,,,,,,,,,,,,,,,,,,,,,,,
184.93333333333334,6.0,3185.0,-63.0,15610.0,7.0,239.0,-21.0,-8150.0,-8.0,-7534.0,3.0,27118.0,21.0,8544.0,,,,,,,,,,,,,,,,,,,,,,,,,,
184.96666666666667,6.0,3184.0,-62.0,15599.0,7.0,234.0,-21.0,-8155.0,-8.0,-7539.0,3.0,27096.0,20.0,8528.0,,,,,,,,,,,,,,,,,,,,,,,,,,
185.0,6.0,3184.0,-62.0,15587.0,7.0,231.0,-21.0,-8153.0,-8.0,-7540.0,3.0,27071.0,20.0,8514.0,,,,,,,,,,,,,,,,,,,,,,,,,,
185.03333333333333,6.0,3183.0,-62.0,15579.0,7.0,227.0,-21.0,-8149.0,-8.0,-7545.0,3.0,27046.0,20.0,8500.0,,,,,,,,,,,,,,,,,,,,,,,,,,
185.06666666666666,5.0,3186.0,-62.0,15571.0,7.0,222.0,-21.0,-8145.0,-7.0,-7551.0,2.0,27021.0,20.0,8489.0,,,,,,,,,,,,,,,,,,,,,,,,,,
185.1,6.0,3189.0,-62.0,15560.0,7.0,220.0,-22.0,-8145.0,-7.0,-7551.0,2.0,26997.0,20.0,8478.0,,,,,,,,,,,,,,,,,,,,,,,,,,
185.13333333333333,6.0,3188.0,-62.0,15549.0,7.0,218.0,-22.0,-8148.0,-8.0,-7551.0,2.0,26976.0,20.0,8470.0,,,,,,,,,,,,,,,,,,,,,,,,,,
185.16666666666666,6.0,3183.0,-62.0,15539.0,8.0,218.0,-22.0,-8149.0,-8.0,-7553.0,2.0,26953.0,20.0,8463.0,,,,,,,,,,,,,,,,,,,,,,,,,,
185.2,7.0,3178.0,-62.0,15529.0,9.0,222.0,-22.0,-8149.0,-9.0,-7559.0,2.0,26930.0,20.0,8452.0,,,,,,,,,,,,,,,,,,,,,,,,,,
185.23333333333332,7.0,3173.0,-62.0,15521.0,9.0,224.0,-22.0,-8147.0,-9.0,-7566.0,2.0,26910.0,20.0,8443.0,,,,,,,,,,,,,,,,,,,,,,,,,,
185.26666666666668,8.0,3168.0,-62.0,15512.0,9.0,222.0,-21.0,-8146.0,-10.0,-7573.0,2.0,26892.0,20.0,8435.0,,,,,,,,,,,,,,,,,,,,,,,,,,
185.3,7.0,3164.0,-62.0,15500.0,9.0,221.0,-21.0,-8146.0,-10.0,-7579.0,2.0,26874.0,21.0,8423.0,,,,,,,,,,,,,,,,,,,,,,,,,,
185.33333333333334,7.0,3163.0,-63.0,15485.0,10.0,221.0,-21.0,-8149.0,-10.0,-7587.0,2.0,26852.0,21.0,8412.0,,,,,,,,,,,,,,,,,,,,,,,,,,
185.36666666666667,7.0,3164.0,-63.0,15470.0,9.0,219.0,-20.0,-8152.0,-10.0,-7596.0,2.0,26831.0,21.0,8397.0,,,,,,,,,,,,,,,,,,,,,,,,,,
185.4,6.0,3164.0,-63.0,15458.0,9.0,219.0,-20.0,-8153.0,-9.0,-7606.0,2.0,26811.0,22.0,8381.0,,,,,,,,,,,,,,,,,,,,,,,,,,
185.43333333333334,6.0,3162.0,-63.0,15450.0,9.0,222.0,-20.0,-8151.0,-9.0,-7610.0,2.0,26787.0,22.0,8367.0,,,,,,,,,,,,,,,,,,,,,,,,,,
185.46666666666667,6.0,3161.0,-63.0,15439.0,9.0,223.0,-20.0,-8150.0,-8.0,-7615.0,2.0,26760.0,22.0,8355.0,,,,,,,,,,,,,,,,,,,,,,,,,,
185.5,6.0,3164.0,-64.0,15424.0,9.0,220.0,-20.0,-8154.0,-8.0,-7623.0,1.0,26736.0,22.0,8344.0,,,,,,,,,,,,,,,,,,,,,,,,,,
185.53333333333333,7.0,3165.0,-64.0,15409.0,9.0,215.0,-20.0,-8157.0,-8.0,-7628.0,1.0,26716.0,22.0,8333.0,,,,,,,,,,,,,,,,,,,,,,,,,,
185.56666666666666,7.0,3160.0,-64.0,15400.0,9.0,213.0,-20.0,-8159.0,-8.0,-7635.0,2.0,26699.0,22.0,8324.0,,,,,,,,,,,,,,,,,,,,,,,,,,
185.6,7.0,3153.0,-64.0,15388.0,8.0,210.0,-20.0,-8160.0,-8.0,-7646.0,2.0,26686.0,21.0,8315.0,,,,,,,,,,,,,,,,,,,,,,,,,,
185.63333333333333,7.0,3148.0,-64.0,15374.0,8.0,210.0,-20.0,-8164.0,-8.0,-7656.0,3.0,26672.0,21.0,8307.0,,,,,,,,,,,,,,,,,,,,,,,,,,
185.66666666666666,7.0,3145.0,-64.0,15362.0,8.0,208.0,-21.0,-8171.0,-9.0,-7667.0,3.0,26657.0,21.0,8296.0,,,,,,,,,,,,,,,,,,,,,,,,,,
185.7,8.0,3138.0,-64.0,15351.0,7.0,207.0,-21.0,-8175.0,-9.0,-7679.0,4.0,26640.0,21.0,8286.0,,,,,,,,,,,,,,,,,,,,,,,,,,
185.73333333333332,8.0,3129.0,-63.0,15341.0,7.0,204.0,-21.0,-8174.0,-9.0,-7686.0,4.0,26620.0,22.0,8277.0,,,,,,,,,,,,,,,,,,,,,,,,,,
185.76666666666668,8.0,3124.0,-63.0,15332.0,7.0,200.0,-21.0,-8173.0,-9.0,-7690.0,4.0,26602.0,22.0,8270.0,,,,,,,,,,,,,,,,,,,,,,,,,,
185.8,7.0,3122.0,-63.0,15325.0,6.0,197.0,-21.0,-8173.0,-9.0,-7695.0,4.0,26580.0,22.0,8260.0,,,,,,,,,,,,,,,,,,,,,,,,,,
185.83333333333334,7.0,3122.0,-63.0,15318.0,7.0,193.0,-21.0,-8173.0,-9.0,-7707.0,4.0,26553.0,22.0,8248.0,,,,,,,,,,,,,,,,,,,,,,,,,,
185.86666666666667,6.0,3117.0,-63.0,15312.0,7.0,191.0,-21.0,-8175.0,-10.0,-7716.0,4.0,26524.0,21.0,8236.0,,,,,,,,,,,,,,,,,,,,,,,,,,
185.9,6.0,3111.0,-63.0,15305.0,7.0,193.0,-20.0,-8177.0,-10.0,-7718.0,4.0,26498.0,20.0,8226.0,,,,,,,,,,,,,,,,,,,,,,,,,,
185.93333333333334,6.0,3106.0,-63.0,15298.0,7.0,194.0,-20.0,-8175.0,-10.0,-7723.0,4.0,26478.0,20.0,8217.0,,,,,,,,,,,,,,,,,,,,,,,,,,
185.96666666666667,6.0,3108.0,-62.0,15287.0,8.0,195.0,-20.0,-8171.0,-10.0,-7730.0,3.0,26461.0,20.0,8205.0,,,,,,,,,,,,,,,,,,,,,,,,,,
186.0,6.0,3143.0,-62.0,15273.0,8.0,197.0,-20.0,-8168.0,-10.0,-7739.0,3.0,26441.0,19.0,8193.0,,,,,,,,,,,,,,,,,,,,,,,,,,
186.03333333333333,6.0,3258.0,-63.0,15257.0,8.0,199.0,-20.0,-8163.0,-10.0,-7750.0,2.0,26424.0,19.0,8184.0,,,,,,,,,,,,,,,,,,,,,,,,,,
186.06666666666666,7.0,3314.0,-64.0,15246.0,8.0,195.0,-20.0,-8161.0,-10.0,-7758.0,2.0,26409.0,19.0,8174.0,,,,,,,,,,,,,,,,,,,,,,,,,,
186.1,7.0,3304.0,-64.0,15237.0,8.0,189.0,-20.0,-8160.0,-10.0,-7764.0,1.0,26393.0,19.0,8162.0,,,,,,,,,,,,,,,,,,,,,,,,,,
186.13333333333333,6.0,3271.0,-64.0,15227.0,9.0,183.0,-20.0,-8160.0,-10.0,-7773.0,2.0,26376.0,20.0,8147.0,,,,,,,,,,,,,,,,,,,,,,,,,,
186.16666666666666,6.0,3233.0,-64.0,15217.0,9.0,178.0,-21.0,-8163.0,-10.0,-7779.0,2.0,26360.0,21.0,8135.0,,,,,,,,,,,,,,,,,,,,,,,,,,
186.2,6.0,3198.0,-65.0,15210.0,9.0,174.0,-21.0,-8169.0,-9.0,-7786.0,2.0,26343.0,21.0,8123.0,,,,,,,,,,,,,,,,,,,,,,,,,,
186.23333333333332,6.0,3168.0,-66.0,15204.0,9.0,173.0,-21.0,-8173.0,-9.0,-7795.0,2.0,26325.0,21.0,8109.0,,,,,,,,,,,,,,,,,,,,,,,,,,
186.26666666666668,6.0,3140.0,-66.0,15197.0,9.0,169.0,-21.0,-8173.0,-9.0,-7803.0,3.0,26300.0,22.0,8099.0,,,,,,,,,,,,,,,,,,,,,,,,,,
186.3,6.0,3115.0,-67.0,15188.0,9.0,164.0,-21.0,-8173.0,-8.0,-7811.0,3.0,26274.0,22.0,8096.0,,,,,,,,,,,,,,,,,,,,,,,,,,
186.33333333333334,6.0,3097.0,-67.0,15174.0,8.0,163.0,-21.0,-8172.0,-8.0,-7819.0,3.0,26251.0,21.0,8092.0,,,,,,,,,,,,,,,,,,,,,,,,,,
186.36666666666667,5.0,3082.0,-67.0,15161.0,8.0,168.0,-21.0,-8168.0,-7.0,-7825.0,2.0,26226.0,21.0,8084.0,,,,,,,,,,,,,,,,,,,,,,,,,,
186.4,6.0,3072.0,-67.0,15148.0,8.0,171.0,-21.0,-8167.0,-7.0,-7832.0,3.0,26206.0,20.0,8072.0,,,,,,,,,,,,,,,,,,,,,,,,,,
186.43333333333334,5.0,3068.0,-67.0,15133.0,8.0,169.0,-20.0,-8168.0,-7.0,-7836.0,3.0,26190.0,20.0,8060.0,,,,,,,,,,,,,,,,,,,,,,,,,,
186.46666666666667,5.0,3063.0,-66.0,15119.0,8.0,164.0,-20.0,-8169.0,-8.0,-7834.0,3.0,26169.0,20.0,8047.0,,,,,,,,,,,,,,,,,,,,,,,,,,
186.5,5.0,3055.0,-66.0,15105.0,8.0,157.0,-20.0,-8170.0,-8.0,-7831.0,3.0,26151.0,20.0,8031.0,,,,,,,,,,,,,,,,,,,,,,,,,,
186.53333333333333,5.0,3051.0,-65.0,15094.0,9.0,152.0,-20.0,-8172.0,-8.0,-7828.0,3.0,26134.0,20.0,8017.0,,,,,,,,,,,,,,,,,,,,,,,,,,
186.56666666666666,6.0,3052.0,-65.0,15079.0,9.0,148.0,-20.0,-8172.0,-9.0,-7832.0,3.0,26110.0,20.0,8006.0,,,,,,,,,,,,,,,,,,,,,,,,,,
186.6,6.0,3053.0,-64.0,15065.0,8.0,143.0,-21.0,-8173.0,-9.0,-7841.0,3.0,26088.0,21.0,7995.0,,,,,,,,,,,,,,,,,,,,,,,,,,
186.63333333333333,5.0,3055.0,-64.0,15054.0,8.0,139.0,-21.0,-8176.0,-9.0,-7849.0,3.0,26070.0,21.0,7985.0,,,,,,,,,,,,,,,,,,,,,,,,,,
186.66666666666666,5.0,3054.0,-64.0,15047.0,8.0,135.0,-21.0,-8179.0,-9.0,-7858.0,4.0,26053.0,20.0,7975.0,,,,,,,,,,,,,,,,,,,,,,,,,,
186.7,5.0,3049.0,-64.0,15040.0,8.0,135.0,-21.0,-8183.0,-10.0,-7867.0,4.0,26032.0,20.0,7967.0,,,,,,,,,,,,,,,,,,,,,,,,,,
186.73333333333332,6.0,3043.0,-64.0,15033.0,9.0,136.0,-21.0,-8186.0,-10.0,-7877.0,4.0,26006.0,20.0,7958.0,,,,,,,,,,,,,,,,,,,,,,,,,,
186.76666666666668,6.0,3037.0,-63.0,15032.0,9.0,135.0,-21.0,-8188.0,-9.0,-7890.0,4.0,25984.0,20.0,7950.0,,,,,,,,,,,,,,,,,,,,,,,,,,
186.8,6.0,3032.0,-63.0,15027.0,8.0,132.0,-21.0,-8187.0,-9.0,-7901.0,3.0,25964.0,20.0,7941.0,,,,,,,,,,,,,,,,,,,,,,,,,,
186.83333333333334,6.0,3026.0,-64.0,15021.0,7.0,130.0,-21.0,-8188.0,-8.0,-7906.0,3.0,25946.0,20.0,7932.0,,,,,,,,,,,,,,,,,,,,,,,,,,
186.86666666666667,7.0,3022.0,-64.0,15017.0,7.0,127.0,-21.0,-8192.0,-8.0,-7906.0,3.0,25928.0,20.0,7922.0,,,,,,,,,,,,,,,,,,,,,,,,,,
186.9,7.0,3017.0,-65.0,15008.0,7.0,124.0,-21.0,-8196.0,-8.0,-7907.0,3.0,25910.0,20.0,7910.0,,,,,,,,,,,,,,,,,,,,,,,,,,
186.93333333333334,7.0,3010.0,-65.0,14994.0,7.0,124.0,-21.0,-8202.0,-8.0,-7912.0,4.0,25890.0,20.0,7900.0,,,,,,,,,,,,,,,,,,,,,,,,,,
186.96666666666667,7.0,3000.0,-66.0,14976.0,7.0,129.0,-21.0,-8206.0,-8.0,-7919.0,4.0,25866.0,19.0,7889.0,,,,,,,,,,,,,,,,,,,,,,,,,,
187.0,7.0,2994.0,-66.0,14961.0,7.0,132.0,-20.0,-8205.0,-8.0,-7925.0,3.0,25847.0,19.0,7877.0,,,,,,,,,,,,,,,,,,,,,,,,,,
187.03333333333333,7.0,2991.0,-65.0,14948.0,8.0,133.0,-20.0,-8206.0,-8.0,-7934.0,3.0,25827.0,19.0,7868.0,,,,,,,,,,,,,,,,,,,,,,,,,,
187.06666666666666,6.0,2988.0,-65.0,14937.0,7.0,135.0,-20.0,-8205.0,-8.0,-7941.0,2.0,25807.0,19.0,7864.0,,,,,,,,,,,,,,,,,,,,,,,,,,
187.1,6.0,2986.0,-65.0,14928.0,7.0,134.0,-20.0,-8204.0,-9.0,-7947.0,2.0,25786.0,19.0,7859.0,,,,,,,,,,,,,,,,,,,,,,,,,,
187.13333333333333,6.0,2982.0,-65.0,14923.0,7.0,134.0,-20.0,-8204.0,-10.0,-7960.0,2.0,25769.0,20.0,7847.0,,,,,,,,,,,,,,,,,,,,,,,,,,
187.16666666666666,6.0,2976.0,-65.0,14915.0,7.0,134.0,-21.0,-8205.0,-10.0,-7974.0,2.0,25751.0,20.0,7836.0,,,,,,,,,,,,,,,,,,,,,,,,,,
187.2,6.0,2969.0,-65.0,14905.0,7.0,129.0,-21.0,-8204.0,-10.0,-7986.0,1.0,25728.0,19.0,7823.0,,,,,,,,,,,,,,,,,,,,,,,,,,
187.23333333333332,6.0,2964.0,-65.0,14890.0,7.0,124.0,-22.0,-8204.0,-10.0,-8000.0,2.0,25704.0,19.0,7809.0,,,,,,,,,,,,,,,,,,,,,,,,,,
187.26666666666668,6.0,2961.0,-64.0,14876.0,7.0,121.0,-22.0,-8203.0,-10.0,-8013.0,2.0,25680.0,19.0,7797.0,,,,,,,,,,,,,,,,,,,,,,,,,,
187.3,5.0,2958.0,-64.0,14864.0,8.0,118.0,-22.0,-8203.0,-10.0,-8022.0,2.0,25656.0,20.0,7784.0,,,,,,,,,,,,,,,,,,,,,,,,,,
187.33333333333334,5.0,2954.0,-65.0,14851.0,8.0,113.0,-22.0,-8204.0,-10.0,-8028.0,3.0,25632.0,20.0,7773.0,,,,,,,,,,,,,,,,,,,,,,,,,,
187.36666666666667,5.0,2952.0,-65.0,14832.0,8.0,105.0,-22.0,-8206.0,-9.0,-8034.0,3.0,25610.0,20.0,7765.0,,,,,,,,,,,,,,,,,,,,,,,,,,
187.4,5.0,2949.0,-65.0,14816.0,7.0,96.0,-23.0,-8210.0,-9.0,-8043.0,3.0,25592.0,20.0,7756.0,,,,,,,,,,,,,,,,,,,,,,,,,,
187.43333333333334,6.0,2946.0,-66.0,14804.0,7.0,90.0,-23.0,-8217.0,-8.0,-8048.0,2.0,25575.0,20.0,7743.0,,,,,,,,,,,,,,,,,,,,,,,,,,
187.46666666666667,6.0,2943.0,-66.0,14794.0,8.0,89.0,-23.0,-8220.0,-8.0,-8051.0,2.0,25557.0,19.0,7733.0,,,,,,,,,,,,,,,,,,,,,,,,,,
187.5,6.0,2942.0,-66.0,14786.0,8.0,88.0,-22.0,-8219.0,-7.0,-8054.0,1.0,25537.0,19.0,7721.0,,,,,,,,,,,,,,,,,,,,,,,,,,
187.53333333333333,6.0,2940.0,-66.0,14781.0,8.0,86.0,-21.0,-8218.0,-8.0,-8054.0,1.0,25522.0,19.0,7710.0,,,,,,,,,,,,,,,,,,,,,,,,,,
187.56666666666666,6.0,2938.0,-66.0,14777.0,8.0,81.0,-21.0,-8216.0,-8.0,-8057.0,1.0,25508.0,20.0,7702.0,,,,,,,,,,,,,,,,,,,,,,,,,,
187.6,6.0,2940.0,-66.0,14773.0,7.0,75.0,-22.0,-8215.0,-9.0,-8065.0,2.0,25496.0,20.0,7691.0,,,,,,,,,,,,,,,,,,,,,,,,,,
187.63333333333333,6.0,2942.0,-66.0,14767.0,7.0,69.0,-22.0,-8218.0,-9.0,-8075.0,3.0,25483.0,19.0,7673.0,,,,,,,,,,,,,,,,,,,,,,,,,,
187.66666666666666,6.0,2944.0,-66.0,14761.0,6.0,66.0,-22.0,-8221.0,-8.0,-8086.0,3.0,25470.0,19.0,7657.0,,,,,,,,,,,,,,,,,,,,,,,,,,
187.7,6.0,2942.0,-65.0,14754.0,7.0,62.0,-23.0,-8222.0,-8.0,-8094.0,3.0,25455.0,19.0,7648.0,,,,,,,,,,,,,,,,,,,,,,,,,,
187.73333333333332,6.0,2939.0,-66.0,14749.0,8.0,59.0,-23.0,-8220.0,-8.0,-8102.0,3.0,25438.0,19.0,7644.0,,,,,,,,,,,,,,,,,,,,,,,,,,
187.76666666666668,6.0,2935.0,-66.0,14741.0,8.0,58.0,-23.0,-8205.0,-8.0,-8112.0,3.0,25422.0,19.0,7642.0,,,,,,,,,,,,,,,,,,,,,,,,,,
187.8,6.0,2926.0,-66.0,14730.0,8.0,58.0,-23.0,-8196.0,-8.0,-8120.0,2.0,25402.0,19.0,7638.0,,,,,,,,,,,,,,,,,,,,,,,,,,
187.83333333333334,6.0,2916.0,-66.0,14718.0,7.0,58.0,-23.0,-8195.0,-8.0,-8126.0,2.0,25380.0,19.0,7629.0,,,,,,,,,,,,,,,,,,,,,,,,,,
187.86666666666667,6.0,2909.0,-66.0,14704.0,7.0,60.0,-23.0,-8199.0,-8.0,-8133.0,3.0,25355.0,19.0,7619.0,,,,,,,,,,,,,,,,,,,,,,,,,,
187.9,6.0,2905.0,-67.0,14690.0,7.0,60.0,-23.0,-8208.0,-7.0,-8142.0,3.0,25328.0,19.0,7609.0,,,,,,,,,,,,,,,,,,,,,,,,,,
187.93333333333334,5.0,2899.0,-67.0,14675.0,8.0,63.0,-23.0,-8216.0,-7.0,-8153.0,2.0,25303.0,19.0,7597.0,,,,,,,,,,,,,,,,,,,,,,,,,,
187.96666666666667,5.0,2895.0,-68.0,14663.0,8.0,68.0,-23.0,-8221.0,-6.0,-8164.0,3.0,25277.0,19.0,7582.0,,,,,,,,,,,,,,,,,,,,,,,,,,
188.0,5.0,2890.0,-67.0,14652.0,8.0,71.0,-23.0,-8227.0,-6.0,-8171.0,2.0,25256.0,19.0,7570.0,,,,,,,,,,,,,,,,,,,,,,,,,,
188.03333333333333,5.0,2886.0,-67.0,14641.0,9.0,67.0,-22.0,-8233.0,-6.0,-8173.0,2.0,25232.0,19.0,7561.0,,,,,,,,,,,,,,,,,,,,,,,,,,
188.06666666666666,5.0,2882.0,-66.0,14631.0,9.0,64.0,-22.0,-8233.0,-6.0,-8175.0,2.0,25215.0,19.0,7548.0,,,,,,,,,,,,,,,,,,,,,,,,,,
188.1,5.0,2880.0,-66.0,14622.0,9.0,65.0,-21.0,-8233.0,-7.0,-8176.0,2.0,25199.0,20.0,7537.0,,,,,,,,,,,,,,,,,,,,,,,,,,
188.13333333333333,6.0,2880.0,-67.0,14614.0,9.0,63.0,-21.0,-8234.0,-7.0,-8181.0,1.0,25181.0,20.0,7522.0,,,,,,,,,,,,,,,,,,,,,,,,,,
188.16666666666666,7.0,2877.0,-67.0,14610.0,9.0,61.0,-21.0,-8233.0,-7.0,-8190.0,1.0,25163.0,20.0,7513.0,,,,,,,,,,,,,,,,,,,,,,,,,,
188.2,7.0,2873.0,-67.0,14610.0,9.0,61.0,-21.0,-8233.0,-7.0,-8195.0,1.0,25149.0,20.0,7507.0,,,,,,,,,,,,,,,,,,,,,,,,,,
188.23333333333332,8.0,2870.0,-67.0,14606.0,9.0,60.0,-22.0,-8238.0,-7.0,-8203.0,1.0,25135.0,20.0,7499.0,,,,,,,,,,,,,,,,,,,,,,,,,,
188.26666666666668,8.0,2867.0,-66.0,14596.0,9.0,57.0,-22.0,-8242.0,-7.0,-8214.0,1.0,25118.0,20.0,7486.0,,,,,,,,,,,,,,,,,,,,,,,,,,
188.3,8.0,2867.0,-66.0,14583.0,10.0,51.0,-22.0,-8245.0,-7.0,-8223.0,1.0,25102.0,20.0,7474.0,,,,,,,,,,,,,,,,,,,,,,,,,,
188.33333333333334,7.0,2868.0,-66.0,14570.0,10.0,43.0,-22.0,-8245.0,-8.0,-8233.0,0.0,25088.0,20.0,7462.0,,,,,,,,,,,,,,,,,,,,,,,,,,
188.36666666666667,7.0,2867.0,-65.0,14562.0,10.0,39.0,-22.0,-8244.0,-8.0,-8247.0,0.0,25074.0,19.0,7450.0,,,,,,,,,,,,,,,,,,,,,,,,,,
188.4,6.0,2865.0,-65.0,14556.0,10.0,35.0,-21.0,-8243.0,-8.0,-8258.0,0.0,25058.0,19.0,7440.0,,,,,,,,,,,,,,,,,,,,,,,,,,
188.43333333333334,6.0,2860.0,-65.0,14549.0,10.0,31.0,-21.0,-8245.0,-8.0,-8263.0,1.0,25040.0,19.0,7431.0,,,,,,,,,,,,,,,,,,,,,,,,,,
188.46666666666667,6.0,2850.0,-65.0,14541.0,10.0,28.0,-21.0,-8251.0,-8.0,-8266.0,1.0,25019.0,19.0,7424.0,,,,,,,,,,,,,,,,,,,,,,,,,,
188.5,6.0,2840.0,-65.0,14533.0,10.0,23.0,-21.0,-8256.0,-8.0,-8267.0,1.0,24997.0,19.0,7417.0,,,,,,,,,,,,,,,,,,,,,,,,,,
188.53333333333333,6.0,2834.0,-65.0,14521.0,10.0,18.0,-21.0,-8260.0,-8.0,-8271.0,1.0,24977.0,20.0,7410.0,,,,,,,,,,,,,,,,,,,,,,,,,,
188.56666666666666,6.0,2829.0,-65.0,14505.0,9.0,12.0,-21.0,-8263.0,-7.0,-8279.0,1.0,24955.0,20.0,7405.0,,,,,,,,,,,,,,,,,,,,,,,,,,
188.6,5.0,2823.0,-65.0,14491.0,7.0,9.0,-21.0,-8265.0,-7.0,-8289.0,1.0,24935.0,20.0,7402.0,,,,,,,,,,,,,,,,,,,,,,,,,,
188.63333333333333,6.0,2821.0,-66.0,14484.0,7.0,11.0,-21.0,-8265.0,-7.0,-8299.0,2.0,24915.0,20.0,7395.0,,,,,,,,,,,,,,,,,,,,,,,,,,
188.66666666666666,6.0,2820.0,-66.0,14477.0,7.0,16.0,-21.0,-8262.0,-8.0,-8309.0,3.0,24901.0,19.0,7381.0,,,,,,,,,,,,,,,,,,,,,,,,,,
188.7,6.0,2822.0,-66.0,14470.0,8.0,21.0,-21.0,-8256.0,-8.0,-8311.0,3.0,24886.0,19.0,7368.0,,,,,,,,,,,,,,,,,,,,,,,,,,
188.73333333333332,5.0,2823.0,-65.0,14463.0,8.0,24.0,-21.0,-8256.0,-8.0,-8315.0,3.0,24873.0,19.0,7353.0,,,,,,,,,,,,,,,,,,,,,,,,,,
188.76666666666668,5.0,2823.0,-64.0,14457.0,8.0,24.0,-21.0,-8260.0,-8.0,-8319.0,4.0,24855.0,19.0,7342.0,,,,,,,,,,,,,,,,,,,,,,,,,,
188.8,4.0,2821.0,-64.0,14450.0,8.0,20.0,-20.0,-8262.0,-8.0,-8324.0,4.0,24835.0,19.0,7332.0,,,,,,,,,,,,,,,,,,,,,,,,,,
188.83333333333334,4.0,2816.0,-64.0,14442.0,8.0,11.0,-20.0,-8263.0,-8.0,-8328.0,4.0,24813.0,20.0,7323.0,,,,,,,,,,,,,,,,,,,,,,,,,,
188.86666666666667,5.0,2810.0,-64.0,14434.0,8.0,0.0,-20.0,-8261.0,-8.0,-8332.0,3.0,24796.0,20.0,7313.0,,,,,,,,,,,,,,,,,,,,,,,,,,
188.9,5.0,2806.0,-64.0,14425.0,8.0,-12.0,-21.0,-8258.0,-8.0,-8342.0,3.0,24780.0,20.0,7301.0,,,,,,,,,,,,,,,,,,,,,,,,,,
188.93333333333334,5.0,2800.0,-64.0,14417.0,8.0,-18.0,-21.0,-8257.0,-7.0,-8354.0,3.0,24757.0,20.0,7288.0,,,,,,,,,,,,,,,,,,,,,,,,,,
188.96666666666667,5.0,2795.0,-65.0,14413.0,7.0,-20.0,-21.0,-8257.0,-6.0,-8362.0,3.0,24733.0,19.0,7280.0,,,,,,,,,,,,,,,,,,,,,,,,,,
189.0,5.0,2792.0,-65.0,14408.0,8.0,-20.0,-22.0,-8257.0,-6.0,-8368.0,2.0,24710.0,19.0,7273.0,,,,,,,,,,,,,,,,,,,,,,,,,,
189.03333333333333,5.0,2789.0,-65.0,14400.0,8.0,-21.0,-22.0,-8257.0,-6.0,-8371.0,2.0,24691.0,20.0,7264.0,,,,,,,,,,,,,,,,,,,,,,,,,,
189.06666666666666,5.0,2787.0,-65.0,14392.0,8.0,-24.0,-22.0,-8256.0,-6.0,-8375.0,2.0,24672.0,20.0,7253.0,,,,,,,,,,,,,,,,,,,,,,,,,,
189.1,6.0,2784.0,-65.0,14385.0,9.0,-26.0,-22.0,-8257.0,-6.0,-8380.0,2.0,24657.0,19.0,7237.0,,,,,,,,,,,,,,,,,,,,,,,,,,
189.13333333333333,6.0,2779.0,-65.0,14375.0,9.0,-26.0,-21.0,-8261.0,-6.0,-8390.0,2.0,24640.0,19.0,7223.0,,,,,,,,,,,,,,,,,,,,,,,,,,
189.16666666666666,6.0,2772.0,-65.0,14364.0,9.0,-27.0,-21.0,-8265.0,-7.0,-8399.0,2.0,24621.0,19.0,7212.0,,,,,,,,,,,,,,,,,,,,,,,,,,
189.2,6.0,2768.0,-65.0,14358.0,8.0,-25.0,-20.0,-8267.0,-8.0,-8408.0,2.0,24601.0,19.0,7203.0,,,,,,,,,,,,,,,,,,,,,,,,,,
189.23333333333332,6.0,2767.0,-65.0,14353.0,8.0,-26.0,-20.0,-8268.0,-8.0,-8413.0,3.0,24583.0,19.0,7196.0,,,,,,,,,,,,,,,,,,,,,,,,,,
189.26666666666668,6.0,2766.0,-65.0,14346.0,8.0,-28.0,-20.0,-8271.0,-8.0,-8415.0,3.0,24562.0,20.0,7186.0,,,,,,,,,,,,,,,,,,,,,,,,,,
189.3,6.0,2762.0,-65.0,14336.0,8.0,-30.0,-20.0,-8276.0,-8.0,-8418.0,3.0,24543.0,20.0,7178.0,,,,,,,,,,,,,,,,,,,,,,,,,,
189.33333333333334,6.0,2760.0,-65.0,14328.0,8.0,-34.0,-20.0,-8281.0,-8.0,-8423.0,4.0,24529.0,20.0,7172.0,,,,,,,,,,,,,,,,,,,,,,,,,,
189.36666666666667,6.0,2758.0,-65.0,14319.0,8.0,-38.0,-20.0,-8284.0,-8.0,-8432.0,4.0,24515.0,20.0,7163.0,,,,,,,,,,,,,,,,,,,,,,,,,,
189.4,6.0,2755.0,-65.0,14311.0,8.0,-44.0,-20.0,-8283.0,-7.0,-8444.0,4.0,24499.0,20.0,7150.0,,,,,,,,,,,,,,,,,,,,,,,,,,
189.43333333333334,6.0,2753.0,-65.0,14305.0,8.0,-46.0,-20.0,-8284.0,-6.0,-8456.0,4.0,24481.0,20.0,7143.0,,,,,,,,,,,,,,,,,,,,,,,,,,
189.46666666666667,7.0,2750.0,-64.0,14295.0,8.0,-46.0,-21.0,-8285.0,-6.0,-8466.0,4.0,24464.0,20.0,7140.0,,,,,,,,,,,,,,,,,,,,,,,,,,
189.5,7.0,2746.0,-64.0,14282.0,9.0,-46.0,-21.0,-8287.0,-7.0,-8471.0,5.0,24453.0,20.0,7134.0,,,,,,,,,,,,,,,,,,,,,,,,,,
189.53333333333333,7.0,2743.0,-64.0,14269.0,9.0,-46.0,-21.0,-8288.0,-8.0,-8478.0,5.0,24442.0,20.0,7125.0,,,,,,,,,,,,,,,,,,,,,,,,,,
189.56666666666666,7.0,2739.0,-65.0,14258.0,9.0,-48.0,-21.0,-8287.0,-8.0,-8485.0,4.0,24425.0,20.0,7116.0,,,,,,,,,,,,,,,,,,,,,,,,,,
189.6,7.0,2735.0,-65.0,14248.0,9.0,-50.0,-21.0,-8287.0,-8.0,-8491.0,4.0,24404.0,20.0,7107.0,,,,,,,,,,,,,,,,,,,,,,,,,,
189.63333333333333,7.0,2734.0,-65.0,14238.0,8.0,-53.0,-21.0,-8289.0,-9.0,-8496.0,5.0,24382.0,20.0,7100.0,,,,,,,,,,,,,,,,,,,,,,,,,,
189.66666666666666,7.0,2733.0,-66.0,14228.0,8.0,-55.0,-21.0,-8292.0,-9.0,-8503.0,5.0,24360.0,20.0,7093.0,,,,,,,,,,,,,,,,,,,,,,,,,,
189.7,7.0,2733.0,-66.0,14224.0,7.0,-55.0,-21.0,-8293.0,-10.0,-8509.0,4.0,24341.0,20.0,7087.0,,,,,,,,,,,,,,,,,,,,,,,,,,
189.73333333333332,7.0,2733.0,-66.0,14220.0,8.0,-57.0,-22.0,-8292.0,-9.0,-8516.0,3.0,24326.0,20.0,7083.0,,,,,,,,,,,,,,,,,,,,,,,,,,
189.76666666666668,7.0,2730.0,-66.0,14214.0,8.0,-60.0,-22.0,-8292.0,-9.0,-8517.0,3.0,24315.0,20.0,7073.0,,,,,,,,,,,,,,,,,,,,,,,,,,
189.8,7.0,2725.0,-66.0,14207.0,8.0,-62.0,-22.0,-8292.0,-9.0,-8517.0,3.0,24303.0,20.0,7057.0,,,,,,,,,,,,,,,,,,,,,,,,,,
189.83333333333334,7.0,2724.0,-66.0,14200.0,9.0,-63.0,-21.0,-8288.0,-9.0,-8521.0,3.0,24292.0,20.0,7043.0,,,,,,,,,,,,,,,,,,,,,,,,,,
189.86666666666667,6.0,2721.0,-66.0,14192.0,9.0,-64.0,-21.0,-8284.0,-9.0,-8528.0,3.0,24278.0,20.0,7029.0,,,,,,,,,,,,,,,,,,,,,,,,,,
189.9,6.0,2719.0,-66.0,14177.0,9.0,-66.0,-21.0,-8284.0,-9.0,-8536.0,3.0,24260.0,20.0,7024.0,,,,,,,,,,,,,,,,,,,,,,,,,,
189.93333333333334,6.0,2718.0,-67.0,14162.0,9.0,-68.0,-21.0,-8279.0,-10.0,-8546.0,3.0,24243.0,20.0,7022.0,,,,,,,,,,,,,,,,,,,,,,,,,,
189.96666666666667,6.0,2717.0,-67.0,14148.0,10.0,-71.0,-21.0,-8277.0,-10.0,-8559.0,3.0,24231.0,21.0,7016.0,,,,,,,,,,,,,,,,,,,,,,,,,,
190.0,6.0,2712.0,-67.0,14137.0,9.0,-71.0,-21.0,-8279.0,-10.0,-8571.0,3.0,24215.0,21.0,7005.0,,,,,,,,,,,,,,,,,,,,,,,,,,
190.03333333333333,6.0,2705.0,-67.0,14128.0,9.0,-70.0,-21.0,-8283.0,-9.0,-8582.0,3.0,24196.0,20.0,6993.0,,,,,,,,,,,,,,,,,,,,,,,,,,
190.06666666666666,7.0,2700.0,-67.0,14122.0,9.0,-70.0,-22.0,-8286.0,-10.0,-8595.0,3.0,24177.0,20.0,6980.0,,,,,,,,,,,,,,,,,,,,,,,,,,
190.1,7.0,2693.0,-67.0,14116.0,9.0,-73.0,-21.0,-8284.0,-10.0,-8601.0,3.0,24163.0,20.0,6967.0,,,,,,,,,,,,,,,,,,,,,,,,,,
190.13333333333333,7.0,2684.0,-67.0,14110.0,9.0,-77.0,-21.0,-8284.0,-10.0,-8605.0,4.0,24147.0,21.0,6957.0,,,,,,,,,,,,,,,,,,,,,,,,,,
190.16666666666666,7.0,2679.0,-67.0,14103.0,8.0,-79.0,-20.0,-8287.0,-9.0,-8608.0,4.0,24131.0,21.0,6949.0,,,,,,,,,,,,,,,,,,,,,,,,,,
190.2,6.0,2677.0,-67.0,14094.0,8.0,-83.0,-21.0,-8290.0,-9.0,-8610.0,4.0,24115.0,21.0,6940.0,,,,,,,,,,,,,,,,,,,,,,,,,,
190.23333333333332,6.0,2674.0,-67.0,14082.0,9.0,-86.0,-21.0,-8294.0,-9.0,-8614.0,4.0,24097.0,20.0,6932.0,,,,,,,,,,,,,,,,,,,,,,,,,,
190.26666666666668,6.0,2673.0,-67.0,14073.0,9.0,-88.0,-21.0,-8296.0,-10.0,-8621.0,4.0,24078.0,20.0,6922.0,,,,,,,,,,,,,,,,,,,,,,,,,,
190.3,6.0,2671.0,-67.0,14063.0,9.0,-91.0,-21.0,-8296.0,-10.0,-8626.0,4.0,24063.0,20.0,6912.0,,,,,,,,,,,,,,,,,,,,,,,,,,
190.33333333333334,7.0,2664.0,-67.0,14056.0,9.0,-91.0,-21.0,-8297.0,-10.0,-8631.0,4.0,24051.0,20.0,6903.0,,,,,,,,,,,,,,,,,,,,,,,,,,
190.36666666666667,7.0,2655.0,-67.0,14047.0,9.0,-93.0,-21.0,-8299.0,-10.0,-8635.0,3.0,24040.0,20.0,6893.0,,,,,,,,,,,,,,,,,,,,,,,,,,
190.4,6.0,2649.0,-67.0,14036.0,9.0,-95.0,-22.0,-8299.0,-10.0,-8643.0,3.0,24033.0,20.0,6885.0,,,,,,,,,,,,,,,,,,,,,,,,,,
190.43333333333334,6.0,2645.0,-67.0,14031.0,9.0,-99.0,-23.0,-8300.0,-9.0,-8651.0,2.0,24020.0,20.0,6875.0,,,,,,,,,,,,,,,,,,,,,,,,,,
190.46666666666667,6.0,2642.0,-67.0,14027.0,9.0,-101.0,-22.0,-8301.0,-9.0,-8657.0,3.0,24003.0,20.0,6861.0,,,,,,,,,,,,,,,,,,,,,,,,,,
190.5,6.0,2644.0,-67.0,14019.0,8.0,-104.0,-22.0,-8303.0,-9.0,-8662.0,3.0,23982.0,20.0,6846.0,,,,,,,,,,,,,,,,,,,,,,,,,,
190.53333333333333,7.0,2646.0,-67.0,14012.0,7.0,-105.0,-22.0,-8305.0,-10.0,-8667.0,4.0,23960.0,20.0,6835.0,,,,,,,,,,,,,,,,,,,,,,,,,,
190.56666666666666,7.0,2648.0,-67.0,14007.0,7.0,-106.0,-22.0,-8308.0,-10.0,-8672.0,4.0,23941.0,19.0,6827.0,,,,,,,,,,,,,,,,,,,,,,,,,,
190.6,6.0,2645.0,-67.0,14003.0,6.0,-112.0,-22.0,-8310.0,-10.0,-8678.0,5.0,23926.0,19.0,6820.0,,,,,,,,,,,,,,,,,,,,,,,,,,
190.63333333333333,6.0,2640.0,-68.0,13995.0,7.0,-118.0,-21.0,-8311.0,-9.0,-8682.0,4.0,23912.0,19.0,6812.0,,,,,,,,,,,,,,,,,,,,,,,,,,
190.66666666666666,6.0,2638.0,-67.0,13989.0,7.0,-119.0,-20.0,-8309.0,-9.0,-8692.0,4.0,23896.0,19.0,6804.0,,,,,,,,,,,,,,,,,,,,,,,,,,
190.7,6.0,2637.0,-67.0,13987.0,8.0,-117.0,-20.0,-8308.0,-9.0,-8703.0,3.0,23882.0,19.0,6799.0,,,,,,,,,,,,,,,,,,,,,,,,,,
190.73333333333332,5.0,2635.0,-67.0,13983.0,8.0,-116.0,-20.0,-8308.0,-9.0,-8710.0,3.0,23865.0,19.0,6793.0,,,,,,,,,,,,,,,,,,,,,,,,,,
190.76666666666668,5.0,2632.0,-67.0,13972.0,9.0,-114.0,-21.0,-8309.0,-8.0,-8714.0,3.0,23844.0,19.0,6783.0,,,,,,,,,,,,,,,,,,,,,,,,,,
190.8,5.0,2629.0,-67.0,13962.0,9.0,-114.0,-21.0,-8310.0,-7.0,-8718.0,4.0,23826.0,19.0,6769.0,,,,,,,,,,,,,,,,,,,,,,,,,,
190.83333333333334,5.0,2627.0,-67.0,13955.0,9.0,-116.0,-21.0,-8310.0,-7.0,-8724.0,4.0,23810.0,19.0,6756.0,,,,,,,,,,,,,,,,,,,,,,,,,,
190.86666666666667,4.0,2624.0,-67.0,13948.0,9.0,-120.0,-22.0,-8309.0,-8.0,-8734.0,4.0,23785.0,19.0,6747.0,,,,,,,,,,,,,,,,,,,,,,,,,,
190.9,4.0,2622.0,-68.0,13939.0,9.0,-121.0,-21.0,-8309.0,-9.0,-8745.0,4.0,23764.0,19.0,6743.0,,,,,,,,,,,,,,,,,,,,,,,,,,
190.93333333333334,3.0,2620.0,-68.0,13932.0,9.0,-124.0,-21.0,-8309.0,-9.0,-8754.0,4.0,23752.0,20.0,6739.0,,,,,,,,,,,,,,,,,,,,,,,,,,
190.96666666666667,3.0,2617.0,-69.0,13924.0,9.0,-128.0,-21.0,-8309.0,-9.0,-8762.0,4.0,23739.0,20.0,6731.0,,,,,,,,,,,,,,,,,,,,,,,,,,
191.0,4.0,2615.0,-69.0,13913.0,10.0,-131.0,-21.0,-8303.0,-9.0,-8765.0,3.0,23729.0,20.0,6718.0,,,,,,,,,,,,,,,,,,,,,,,,,,
191.03333333333333,4.0,2611.0,-69.0,13901.0,10.0,-130.0,-21.0,-8296.0,-9.0,-8770.0,3.0,23714.0,20.0,6708.0,,,,,,,,,,,,,,,,,,,,,,,,,,
191.06666666666666,5.0,2603.0,-69.0,13889.0,10.0,-130.0,-21.0,-8295.0,-9.0,-8774.0,3.0,23697.0,20.0,6702.0,,,,,,,,,,,,,,,,,,,,,,,,,,
191.1,5.0,2597.0,-70.0,13875.0,10.0,-133.0,-21.0,-8294.0,-9.0,-8779.0,3.0,23682.0,20.0,6697.0,,,,,,,,,,,,,,,,,,,,,,,,,,
191.13333333333333,6.0,2592.0,-69.0,13864.0,10.0,-138.0,-21.0,-8294.0,-9.0,-8788.0,3.0,23667.0,20.0,6691.0,,,,,,,,,,,,,,,,,,,,,,,,,,
191.16666666666666,6.0,2588.0,-69.0,13858.0,10.0,-142.0,-21.0,-8301.0,-9.0,-8795.0,3.0,23650.0,20.0,6680.0,,,,,,,,,,,,,,,,,,,,,,,,,,
191.2,7.0,2586.0,-69.0,13857.0,10.0,-150.0,-21.0,-8305.0,-9.0,-8802.0,3.0,23632.0,20.0,6664.0,,,,,,,,,,,,,,,,,,,,,,,,,,
191.23333333333332,6.0,2584.0,-68.0,13857.0,10.0,-158.0,-22.0,-8305.0,-9.0,-8809.0,3.0,23611.0,20.0,6653.0,,,,,,,,,,,,,,,,,,,,,,,,,,
191.26666666666668,6.0,2582.0,-69.0,13855.0,9.0,-165.0,-22.0,-8305.0,-9.0,-8814.0,3.0,23593.0,20.0,6649.0,,,,,,,,,,,,,,,,,,,,,,,,,,
191.3,5.0,2577.0,-68.0,13849.0,9.0,-171.0,-22.0,-8304.0,-8.0,-8821.0,2.0,23580.0,20.0,6644.0,,,,,,,,,,,,,,,,,,,,,,,,,,
191.33333333333334,6.0,2572.0,-69.0,13839.0,8.0,-174.0,-21.0,-8299.0,-8.0,-8829.0,2.0,23565.0,20.0,6637.0,,,,,,,,,,,,,,,,,,,,,,,,,,
191.36666666666667,6.0,2570.0,-69.0,13823.0,8.0,-173.0,-21.0,-8299.0,-8.0,-8837.0,3.0,23550.0,19.0,6627.0,,,,,,,,,,,,,,,,,,,,,,,,,,
191.4,6.0,2568.0,-69.0,13810.0,9.0,-174.0,-21.0,-8302.0,-8.0,-8841.0,3.0,23534.0,20.0,6616.0,,,,,,,,,,,,,,,,,,,,,,,,,,
191.43333333333334,6.0,2566.0,-69.0,13797.0,9.0,-170.0,-22.0,-8305.0,-8.0,-8845.0,2.0,23515.0,20.0,6604.0,,,,,,,,,,,,,,,,,,,,,,,,,,
191.46666666666667,5.0,2566.0,-69.0,13786.0,10.0,-164.0,-22.0,-8307.0,-8.0,-8849.0,2.0,23500.0,20.0,6590.0,,,,,,,,,,,,,,,,,,,,,,,,,,
191.5,5.0,2566.0,-69.0,13776.0,10.0,-162.0,-23.0,-8311.0,-9.0,-8854.0,3.0,23486.0,19.0,6575.0,,,,,,,,,,,,,,,,,,,,,,,,,,
191.53333333333333,5.0,2563.0,-69.0,13762.0,9.0,-162.0,-22.0,-8315.0,-9.0,-8858.0,3.0,23468.0,19.0,6564.0,,,,,,,,,,,,,,,,,,,,,,,,,,
191.56666666666666,5.0,2560.0,-68.0,13747.0,8.0,-165.0,-22.0,-8316.0,-9.0,-8863.0,2.0,23455.0,19.0,6554.0,,,,,,,,,,,,,,,,,,,,,,,,,,
191.6,5.0,2556.0,-68.0,13735.0,8.0,-172.0,-22.0,-8317.0,-8.0,-8867.0,2.0,23442.0,19.0,6543.0,,,,,,,,,,,,,,,,,,,,,,,,,,
191.63333333333333,6.0,2556.0,-68.0,13724.0,8.0,-179.0,-22.0,-8318.0,-8.0,-8871.0,2.0,23426.0,19.0,6534.0,,,,,,,,,,,,,,,,,,,,,,,,,,
191.66666666666666,7.0,2554.0,-68.0,13715.0,8.0,-181.0,-22.0,-8318.0,-8.0,-8875.0,1.0,23409.0,18.0,6528.0,,,,,,,,,,,,,,,,,,,,,,,,,,
191.7,7.0,2552.0,-68.0,13705.0,8.0,-182.0,-22.0,-8319.0,-8.0,-8879.0,0.0,23391.0,18.0,6521.0,,,,,,,,,,,,,,,,,,,,,,,,,,
191.73333333333332,8.0,2553.0,-68.0,13697.0,8.0,-182.0,-22.0,-8324.0,-8.0,-8880.0,1.0,23373.0,18.0,6515.0,,,,,,,,,,,,,,,,,,,,,,,,,,
191.76666666666668,8.0,2553.0,-68.0,13687.0,9.0,-184.0,-22.0,-8325.0,-8.0,-8880.0,1.0,23356.0,18.0,6510.0,,,,,,,,,,,,,,,,,,,,,,,,,,
191.8,8.0,2550.0,-68.0,13679.0,9.0,-188.0,-21.0,-8324.0,-9.0,-8881.0,2.0,23340.0,18.0,6503.0,,,,,,,,,,,,,,,,,,,,,,,,,,
191.83333333333334,8.0,2547.0,-67.0,13676.0,9.0,-194.0,-21.0,-8326.0,-9.0,-8887.0,2.0,23325.0,18.0,6491.0,,,,,,,,,,,,,,,,,,,,,,,,,,
191.86666666666667,7.0,2544.0,-66.0,13674.0,10.0,-200.0,-22.0,-8327.0,-9.0,-8893.0,2.0,23305.0,19.0,6480.0,,,,,,,,,,,,,,,,,,,,,,,,,,
191.9,7.0,2538.0,-66.0,13670.0,9.0,-205.0,-22.0,-8327.0,-9.0,-8903.0,1.0,23288.0,18.0,6473.0,,,,,,,,,,,,,,,,,,,,,,,,,,
191.93333333333334,7.0,2535.0,-66.0,13667.0,9.0,-212.0,-23.0,-8328.0,-9.0,-8915.0,1.0,23276.0,18.0,6469.0,,,,,,,,,,,,,,,,,,,,,,,,,,
191.96666666666667,7.0,2537.0,-66.0,13662.0,8.0,-217.0,-23.0,-8329.0,-9.0,-8921.0,2.0,23260.0,18.0,6462.0,,,,,,,,,,,,,,,,,,,,,,,,,,
192.0,6.0,2534.0,-66.0,13654.0,8.0,-216.0,-23.0,-8330.0,-8.0,-8926.0,2.0,23239.0,18.0,6455.0,,,,,,,,,,,,,,,,,,,,,,,,,,
192.03333333333333,6.0,2527.0,-66.0,13647.0,8.0,-211.0,-23.0,-8329.0,-8.0,-8932.0,2.0,23222.0,18.0,6443.0,,,,,,,,,,,,,,,,,,,,,,,,,,
192.06666666666666,5.0,2518.0,-66.0,13641.0,9.0,-207.0,-23.0,-8330.0,-8.0,-8940.0,3.0,23209.0,18.0,6429.0,,,,,,,,,,,,,,,,,,,,,,,,,,
192.1,5.0,2511.0,-66.0,13632.0,10.0,-207.0,-24.0,-8336.0,-9.0,-8952.0,3.0,23196.0,18.0,6419.0,,,,,,,,,,,,,,,,,,,,,,,,,,
192.13333333333333,5.0,2508.0,-66.0,13622.0,10.0,-210.0,-24.0,-8343.0,-9.0,-8962.0,3.0,23181.0,18.0,6409.0,,,,,,,,,,,,,,,,,,,,,,,,,,
192.16666666666666,6.0,2506.0,-66.0,13611.0,9.0,-212.0,-24.0,-8349.0,-9.0,-8973.0,3.0,23165.0,17.0,6400.0,,,,,,,,,,,,,,,,,,,,,,,,,,
192.2,6.0,2504.0,-67.0,13600.0,9.0,-214.0,-24.0,-8353.0,-9.0,-8983.0,3.0,23150.0,17.0,6389.0,,,,,,,,,,,,,,,,,,,,,,,,,,
192.23333333333332,6.0,2503.0,-67.0,13591.0,10.0,-218.0,-23.0,-8350.0,-9.0,-8989.0,3.0,23137.0,16.0,6378.0,,,,,,,,,,,,,,,,,,,,,,,,,,
192.26666666666668,6.0,2505.0,-67.0,13584.0,10.0,-221.0,-22.0,-8342.0,-9.0,-8996.0,3.0,23126.0,17.0,6370.0,,,,,,,,,,,,,,,,,,,,,,,,,,
192.3,6.0,2505.0,-67.0,13577.0,10.0,-223.0,-22.0,-8335.0,-8.0,-9001.0,3.0,23111.0,17.0,6362.0,,,,,,,,,,,,,,,,,,,,,,,,,,
192.33333333333334,6.0,2504.0,-67.0,13568.0,10.0,-224.0,-22.0,-8333.0,-8.0,-9009.0,3.0,23094.0,18.0,6352.0,,,,,,,,,,,,,,,,,,,,,,,,,,
192.36666666666667,6.0,2502.0,-66.0,13556.0,10.0,-223.0,-22.0,-8333.0,-9.0,-9019.0,3.0,23073.0,18.0,6346.0,,,,,,,,,,,,,,,,,,,,,,,,,,
192.4,6.0,2497.0,-65.0,13543.0,9.0,-222.0,-21.0,-8332.0,-9.0,-9026.0,3.0,23056.0,19.0,6340.0,,,,,,,,,,,,,,,,,,,,,,,,,,
192.43333333333334,6.0,2490.0,-65.0,13531.0,9.0,-220.0,-21.0,-8333.0,-9.0,-9027.0,3.0,23039.0,19.0,6336.0,,,,,,,,,,,,,,,,,,,,,,,,,,
192.46666666666667,5.0,2482.0,-66.0,13518.0,8.0,-220.0,-21.0,-8336.0,-9.0,-9031.0,3.0,23020.0,19.0,6332.0,,,,,,,,,,,,,,,,,,,,,,,,,,
192.5,5.0,2478.0,-67.0,13508.0,8.0,-223.0,-21.0,-8341.0,-9.0,-9037.0,3.0,23004.0,20.0,6321.0,,,,,,,,,,,,,,,,,,,,,,,,,,
192.53333333333333,5.0,2475.0,-67.0,13505.0,8.0,-227.0,-22.0,-8344.0,-8.0,-9043.0,3.0,22991.0,20.0,6309.0,,,,,,,,,,,,,,,,,,,,,,,,,,
192.56666666666666,5.0,2471.0,-68.0,13505.0,8.0,-227.0,-22.0,-8345.0,-7.0,-9049.0,3.0,22977.0,20.0,6298.0,,,,,,,,,,,,,,,,,,,,,,,,,,
192.6,5.0,2467.0,-68.0,13502.0,8.0,-227.0,-22.0,-8344.0,-7.0,-9056.0,2.0,22965.0,19.0,6287.0,,,,,,,,,,,,,,,,,,,,,,,,,,
192.63333333333333,5.0,2464.0,-68.0,13493.0,9.0,-226.0,-22.0,-8345.0,-7.0,-9060.0,2.0,22950.0,19.0,6277.0,,,,,,,,,,,,,,,,,,,,,,,,,,
192.66666666666666,6.0,2464.0,-68.0,13483.0,9.0,-227.0,-22.0,-8349.0,-6.0,-9066.0,2.0,22930.0,19.0,6263.0,,,,,,,,,,,,,,,,,,,,,,,,,,
192.7,6.0,2463.0,-68.0,13473.0,9.0,-229.0,-22.0,-8356.0,-6.0,-9075.0,3.0,22909.0,19.0,6250.0,,,,,,,,,,,,,,,,,,,,,,,,,,
192.73333333333332,5.0,2459.0,-68.0,13468.0,9.0,-234.0,-22.0,-8361.0,-6.0,-9080.0,3.0,22889.0,19.0,6240.0,,,,,,,,,,,,,,,,,,,,,,,,,,
192.76666666666668,5.0,2456.0,-68.0,13464.0,9.0,-238.0,-22.0,-8360.0,-7.0,-9085.0,3.0,22870.0,19.0,6234.0,,,,,,,,,,,,,,,,,,,,,,,,,,
192.8,5.0,2456.0,-68.0,13461.0,9.0,-242.0,-22.0,-8356.0,-8.0,-9091.0,2.0,22852.0,19.0,6228.0,,,,,,,,,,,,,,,,,,,,,,,,,,
192.83333333333334,5.0,2458.0,-69.0,13455.0,9.0,-247.0,-22.0,-8350.0,-8.0,-9092.0,2.0,22835.0,20.0,6221.0,,,,,,,,,,,,,,,,,,,,,,,,,,
192.86666666666667,5.0,2460.0,-69.0,13446.0,9.0,-250.0,-23.0,-8347.0,-8.0,-9093.0,2.0,22821.0,20.0,6213.0,,,,,,,,,,,,,,,,,,,,,,,,,,
192.9,4.0,2459.0,-70.0,13434.0,9.0,-255.0,-22.0,-8348.0,-8.0,-9095.0,2.0,22808.0,20.0,6206.0,,,,,,,,,,,,,,,,,,,,,,,,,,
192.93333333333334,5.0,2456.0,-70.0,13419.0,9.0,-255.0,-23.0,-8349.0,-9.0,-9098.0,2.0,22794.0,19.0,6197.0,,,,,,,,,,,,,,,,,,,,,,,,,,
192.96666666666667,5.0,2451.0,-69.0,13407.0,8.0,-253.0,-23.0,-8349.0,-10.0,-9100.0,2.0,22784.0,19.0,6189.0,,,,,,,,,,,,,,,,,,,,,,,,,,
193.0,5.0,2450.0,-69.0,13396.0,8.0,-252.0,-22.0,-8347.0,-10.0,-9105.0,3.0,22774.0,19.0,6185.0,,,,,,,,,,,,,,,,,,,,,,,,,,
193.03333333333333,4.0,2449.0,-68.0,13389.0,7.0,-251.0,-22.0,-8347.0,-10.0,-9109.0,3.0,22763.0,18.0,6186.0,,,,,,,,,,,,,,,,,,,,,,,,,,
193.06666666666666,4.0,2444.0,-67.0,13383.0,7.0,-251.0,-22.0,-8345.0,-9.0,-9113.0,3.0,22752.0,18.0,6183.0,,,,,,,,,,,,,,,,,,,,,,,,,,
193.1,5.0,2435.0,-67.0,13376.0,8.0,-252.0,-22.0,-8345.0,-8.0,-9117.0,2.0,22738.0,19.0,6174.0,,,,,,,,,,,,,,,,,,,,,,,,,,
193.13333333333333,5.0,2427.0,-68.0,13366.0,8.0,-255.0,-22.0,-8349.0,-8.0,-9123.0,2.0,22720.0,19.0,6167.0,,,,,,,,,,,,,,,,,,,,,,,,,,
193.16666666666666,5.0,2418.0,-68.0,13355.0,8.0,-261.0,-22.0,-8351.0,-8.0,-9127.0,2.0,22700.0,20.0,6160.0,,,,,,,,,,,,,,,,,,,,,,,,,,
193.2,4.0,2413.0,-68.0,13345.0,8.0,-264.0,-20.0,-8352.0,-8.0,-9131.0,1.0,22682.0,20.0,6153.0,,,,,,,,,,,,,,,,,,,,,,,,,,
193.23333333333332,4.0,2413.0,-68.0,13333.0,8.0,-263.0,-20.0,-8352.0,-8.0,-9135.0,2.0,22668.0,20.0,6148.0,,,,,,,,,,,,,,,,,,,,,,,,,,
193.26666666666668,3.0,2416.0,-68.0,13324.0,8.0,-263.0,-20.0,-8352.0,-8.0,-9138.0,2.0,22654.0,20.0,6138.0,,,,,,,,,,,,,,,,,,,,,,,,,,
193.3,3.0,2419.0,-68.0,13318.0,7.0,-266.0,-21.0,-8355.0,-8.0,-9144.0,2.0,22639.0,20.0,6129.0,,,,,,,,,,,,,,,,,,,,,,,,,,
193.33333333333334,3.0,2420.0,-68.0,13312.0,7.0,-271.0,-21.0,-8361.0,-9.0,-9154.0,2.0,22625.0,20.0,6119.0,,,,,,,,,,,,,,,,,,,,,,,,,,
193.36666666666667,4.0,2417.0,-67.0,13306.0,7.0,-275.0,-21.0,-8366.0,-8.0,-9164.0,3.0,22619.0,20.0,6110.0,,,,,,,,,,,,,,,,,,,,,,,,,,
193.4,4.0,2414.0,-66.0,13301.0,7.0,-276.0,-21.0,-8370.0,-8.0,-9173.0,3.0,22607.0,20.0,6102.0,,,,,,,,,,,,,,,,,,,,,,,,,,
193.43333333333334,4.0,2410.0,-66.0,13294.0,7.0,-278.0,-22.0,-8370.0,-8.0,-9180.0,3.0,22594.0,20.0,6094.0,,,,,,,,,,,,,,,,,,,,,,,,,,
193.46666666666667,4.0,2406.0,-66.0,13289.0,8.0,-279.0,-22.0,-8372.0,-8.0,-9184.0,3.0,22574.0,19.0,6085.0,,,,,,,,,,,,,,,,,,,,,,,,,,
193.5,4.0,2402.0,-67.0,13283.0,8.0,-278.0,-22.0,-8372.0,-8.0,-9187.0,3.0,22547.0,19.0,6078.0,,,,,,,,,,,,,,,,,,,,,,,,,,
193.53333333333333,4.0,2397.0,-67.0,13276.0,9.0,-279.0,-22.0,-8372.0,-8.0,-9192.0,3.0,22524.0,18.0,6074.0,,,,,,,,,,,,,,,,,,,,,,,,,,
193.56666666666666,4.0,2394.0,-67.0,13270.0,9.0,-278.0,-21.0,-8370.0,-7.0,-9198.0,3.0,22504.0,18.0,6068.0,,,,,,,,,,,,,,,,,,,,,,,,,,
193.6,4.0,2393.0,-67.0,13260.0,9.0,-279.0,-21.0,-8372.0,-6.0,-9201.0,3.0,22489.0,18.0,6059.0,,,,,,,,,,,,,,,,,,,,,,,,,,
193.63333333333333,4.0,2396.0,-68.0,13251.0,9.0,-282.0,-21.0,-8376.0,-6.0,-9201.0,3.0,22476.0,19.0,6050.0,,,,,,,,,,,,,,,,,,,,,,,,,,
193.66666666666666,4.0,2397.0,-68.0,13238.0,8.0,-288.0,-21.0,-8377.0,-7.0,-9205.0,3.0,22465.0,19.0,6044.0,,,,,,,,,,,,,,,,,,,,,,,,,,
193.7,4.0,2393.0,-68.0,13226.0,8.0,-290.0,-21.0,-8378.0,-7.0,-9210.0,3.0,22454.0,19.0,6033.0,,,,,,,,,,,,,,,,,,,,,,,,,,
193.73333333333332,4.0,2389.0,-68.0,13214.0,7.0,-286.0,-21.0,-8377.0,-7.0,-9215.0,2.0,22444.0,19.0,6019.0,,,,,,,,,,,,,,,,,,,,,,,,,,
193.76666666666668,4.0,2387.0,-67.0,13203.0,7.0,-282.0,-22.0,-8376.0,-8.0,-9220.0,2.0,22436.0,19.0,6009.0,,,,,,,,,,,,,,,,,,,,,,,,,,
193.8,4.0,2385.0,-66.0,13187.0,7.0,-281.0,-22.0,-8374.0,-8.0,-9227.0,2.0,22424.0,19.0,6000.0,,,,,,,,,,,,,,,,,,,,,,,,,,
193.83333333333334,4.0,2383.0,-66.0,13175.0,8.0,-283.0,-23.0,-8371.0,-8.0,-9232.0,2.0,22409.0,19.0,5995.0,,,,,,,,,,,,,,,,,,,,,,,,,,
193.86666666666667,4.0,2380.0,-66.0,13165.0,8.0,-289.0,-22.0,-8370.0,-8.0,-9236.0,1.0,22390.0,19.0,5991.0,,,,,,,,,,,,,,,,,,,,,,,,,,
193.9,4.0,2380.0,-66.0,13156.0,8.0,-291.0,-22.0,-8372.0,-8.0,-9242.0,1.0,22369.0,18.0,5983.0,,,,,,,,,,,,,,,,,,,,,,,,,,
193.93333333333334,4.0,2380.0,-67.0,13153.0,9.0,-293.0,-22.0,-8377.0,-9.0,-9248.0,1.0,22348.0,18.0,5977.0,,,,,,,,,,,,,,,,,,,,,,,,,,
193.96666666666667,5.0,2376.0,-67.0,13149.0,9.0,-299.0,-21.0,-8379.0,-9.0,-9251.0,1.0,22328.0,18.0,5972.0,,,,,,,,,,,,,,,,,,,,,,,,,,
194.0,4.0,2372.0,-68.0,13143.0,9.0,-305.0,-21.0,-8379.0,-9.0,-9256.0,1.0,22310.0,18.0,5967.0,,,,,,,,,,,,,,,,,,,,,,,,,,
194.03333333333333,4.0,2368.0,-68.0,13136.0,9.0,-306.0,-20.0,-8378.0,-10.0,-9268.0,1.0,22291.0,18.0,5962.0,,,,,,,,,,,,,,,,,,,,,,,,,,
194.06666666666666,4.0,2361.0,-68.0,13130.0,9.0,-306.0,-20.0,-8383.0,-10.0,-9284.0,1.0,22274.0,18.0,5952.0,,,,,,,,,,,,,,,,,,,,,,,,,,
194.1,4.0,2353.0,-68.0,13128.0,8.0,-307.0,-21.0,-8383.0,-10.0,-9294.0,1.0,22262.0,18.0,5939.0,,,,,,,,,,,,,,,,,,,,,,,,,,
194.13333333333333,3.0,2347.0,-68.0,13128.0,8.0,-310.0,-21.0,-8379.0,-11.0,-9300.0,1.0,22250.0,19.0,5928.0,,,,,,,,,,,,,,,,,,,,,,,,,,
194.16666666666666,3.0,2343.0,-68.0,13126.0,8.0,-313.0,-21.0,-8375.0,-10.0,-9303.0,1.0,22236.0,19.0,5916.0,,,,,,,,,,,,,,,,,,,,,,,,,,
194.2,4.0,2339.0,-68.0,13117.0,7.0,-317.0,-22.0,-8375.0,-10.0,-9302.0,1.0,22220.0,19.0,5907.0,,,,,,,,,,,,,,,,,,,,,,,,,,
194.23333333333332,4.0,2336.0,-68.0,13104.0,8.0,-317.0,-22.0,-8376.0,-10.0,-9301.0,0.0,22203.0,19.0,5901.0,,,,,,,,,,,,,,,,,,,,,,,,,,
194.26666666666668,4.0,2338.0,-68.0,13089.0,7.0,-315.0,-22.0,-8376.0,-10.0,-9304.0,0.0,22189.0,19.0,5897.0,,,,,,,,,,,,,,,,,,,,,,,,,,
194.3,5.0,2338.0,-68.0,13079.0,7.0,-314.0,-22.0,-8375.0,-9.0,-9308.0,0.0,22176.0,18.0,5889.0,,,,,,,,,,,,,,,,,,,,,,,,,,
194.33333333333334,5.0,2335.0,-68.0,13072.0,7.0,-315.0,-22.0,-8376.0,-9.0,-9312.0,1.0,22161.0,18.0,5879.0,,,,,,,,,,,,,,,,,,,,,,,,,,
194.36666666666667,5.0,2331.0,-68.0,13066.0,8.0,-317.0,-21.0,-8378.0,-9.0,-9319.0,1.0,22144.0,17.0,5869.0,,,,,,,,,,,,,,,,,,,,,,,,,,
194.4,6.0,2330.0,-67.0,13056.0,8.0,-315.0,-21.0,-8383.0,-9.0,-9330.0,2.0,22127.0,16.0,5863.0,,,,,,,,,,,,,,,,,,,,,,,,,,
194.43333333333334,6.0,2327.0,-67.0,13044.0,8.0,-314.0,-22.0,-8386.0,-8.0,-9340.0,2.0,22111.0,15.0,5861.0,,,,,,,,,,,,,,,,,,,,,,,,,,
194.46666666666667,6.0,2324.0,-68.0,13034.0,9.0,-312.0,-22.0,-8389.0,-8.0,-9347.0,2.0,22096.0,15.0,5860.0,,,,,,,,,,,,,,,,,,,,,,,,,,
194.5,5.0,2321.0,-68.0,13025.0,9.0,-313.0,-22.0,-8388.0,-8.0,-9350.0,1.0,22080.0,16.0,5855.0,,,,,,,,,,,,,,,,,,,,,,,,,,
194.53333333333333,5.0,2319.0,-68.0,13020.0,8.0,-315.0,-21.0,-8390.0,-8.0,-9351.0,1.0,22065.0,17.0,5848.0,,,,,,,,,,,,,,,,,,,,,,,,,,
194.56666666666666,6.0,2316.0,-68.0,13014.0,8.0,-319.0,-21.0,-8394.0,-8.0,-9353.0,1.0,22053.0,18.0,5841.0,,,,,,,,,,,,,,,,,,,,,,,,,,
194.6,6.0,2313.0,-68.0,13010.0,8.0,-322.0,-22.0,-8398.0,-8.0,-9354.0,2.0,22039.0,18.0,5834.0,,,,,,,,,,,,,,,,,,,,,,,,,,
194.63333333333333,6.0,2311.0,-68.0,13003.0,8.0,-324.0,-22.0,-8400.0,-8.0,-9354.0,2.0,22022.0,17.0,5827.0,,,,,,,,,,,,,,,,,,,,,,,,,,
194.66666666666666,5.0,2307.0,-69.0,12995.0,9.0,-327.0,-22.0,-8402.0,-8.0,-9355.0,2.0,22006.0,17.0,5816.0,,,,,,,,,,,,,,,,,,,,,,,,,,
194.7,4.0,2305.0,-69.0,12990.0,9.0,-326.0,-22.0,-8404.0,-8.0,-9362.0,1.0,21991.0,16.0,5807.0,,,,,,,,,,,,,,,,,,,,,,,,,,
194.73333333333332,4.0,2303.0,-68.0,12986.0,9.0,-327.0,-22.0,-8403.0,-8.0,-9375.0,0.0,21978.0,17.0,5805.0,,,,,,,,,,,,,,,,,,,,,,,,,,
194.76666666666668,5.0,2305.0,-68.0,12981.0,9.0,-331.0,-21.0,-8403.0,-8.0,-9384.0,0.0,21967.0,16.0,5803.0,,,,,,,,,,,,,,,,,,,,,,,,,,
194.8,5.0,2307.0,-69.0,12974.0,9.0,-335.0,-21.0,-8405.0,-8.0,-9387.0,0.0,21956.0,17.0,5791.0,,,,,,,,,,,,,,,,,,,,,,,,,,
194.83333333333334,6.0,2307.0,-69.0,12963.0,9.0,-341.0,-21.0,-8407.0,-8.0,-9389.0,0.0,21950.0,17.0,5777.0,,,,,,,,,,,,,,,,,,,,,,,,,,
194.86666666666667,6.0,2306.0,-69.0,12953.0,9.0,-344.0,-21.0,-8404.0,-8.0,-9391.0,0.0,21939.0,17.0,5766.0,,,,,,,,,,,,,,,,,,,,,,,,,,
194.9,6.0,2306.0,-69.0,12947.0,9.0,-348.0,-21.0,-8399.0,-8.0,-9398.0,0.0,21923.0,17.0,5763.0,,,,,,,,,,,,,,,,,,,,,,,,,,
194.93333333333334,6.0,2306.0,-69.0,12942.0,8.0,-352.0,-22.0,-8395.0,-9.0,-9403.0,0.0,21910.0,18.0,5758.0,,,,,,,,,,,,,,,,,,,,,,,,,,
194.96666666666667,6.0,2304.0,-68.0,12936.0,8.0,-356.0,-22.0,-8393.0,-9.0,-9406.0,1.0,21892.0,17.0,5750.0,,,,,,,,,,,,,,,,,,,,,,,,,,
195.0,6.0,2299.0,-68.0,12932.0,8.0,-362.0,-22.0,-8394.0,-9.0,-9413.0,1.0,21874.0,17.0,5745.0,,,,,,,,,,,,,,,,,,,,,,,,,,
195.03333333333333,6.0,2293.0,-68.0,12929.0,9.0,-365.0,-22.0,-8395.0,-9.0,-9422.0,1.0,21857.0,17.0,5739.0,,,,,,,,,,,,,,,,,,,,,,,,,,
195.06666666666666,6.0,2289.0,-67.0,12923.0,9.0,-367.0,-22.0,-8395.0,-9.0,-9426.0,1.0,21841.0,17.0,5731.0,,,,,,,,,,,,,,,,,,,,,,,,,,
195.1,7.0,2289.0,-68.0,12919.0,9.0,-364.0,-23.0,-8396.0,-9.0,-9428.0,1.0,21823.0,18.0,5721.0,,,,,,,,,,,,,,,,,,,,,,,,,,
195.13333333333333,7.0,2290.0,-69.0,12911.0,9.0,-359.0,-23.0,-8399.0,-8.0,-9427.0,1.0,21804.0,18.0,5711.0,,,,,,,,,,,,,,,,,,,,,,,,,,
195.16666666666666,6.0,2288.0,-69.0,12899.0,9.0,-354.0,-23.0,-8400.0,-8.0,-9431.0,0.0,21788.0,18.0,5700.0,,,,,,,,,,,,,,,,,,,,,,,,,,
195.2,6.0,2289.0,-69.0,12885.0,8.0,-351.0,-23.0,-8400.0,-8.0,-9438.0,0.0,21773.0,18.0,5689.0,,,,,,,,,,,,,,,,,,,,,,,,,,
195.23333333333332,6.0,2292.0,-68.0,12876.0,7.0,-351.0,-23.0,-8402.0,-9.0,-9441.0,0.0,21760.0,18.0,5681.0,,,,,,,,,,,,,,,,,,,,,,,,,,
195.26666666666668,5.0,2292.0,-68.0,12871.0,7.0,-353.0,-23.0,-8408.0,-9.0,-9445.0,0.0,21748.0,18.0,5672.0,,,,,,,,,,,,,,,,,,,,,,,,,,
195.3,5.0,2290.0,-68.0,12865.0,7.0,-358.0,-23.0,-8412.0,-9.0,-9450.0,0.0,21734.0,18.0,5666.0,,,,,,,,,,,,,,,,,,,,,,,,,,
195.33333333333334,5.0,2285.0,-68.0,12860.0,7.0,-362.0,-24.0,-8409.0,-10.0,-9453.0,0.0,21717.0,18.0,5661.0,,,,,,,,,,,,,,,,,,,,,,,,,,
195.36666666666667,6.0,2277.0,-68.0,12854.0,7.0,-364.0,-24.0,-8408.0,-10.0,-9457.0,0.0,21706.0,18.0,5656.0,,,,,,,,,,,,,,,,,,,,,,,,,,
195.4,6.0,2272.0,-68.0,12848.0,6.0,-364.0,-23.0,-8407.0,-10.0,-9462.0,0.0,21698.0,18.0,5649.0,,,,,,,,,,,,,,,,,,,,,,,,,,
195.43333333333334,6.0,2268.0,-68.0,12840.0,5.0,-365.0,-22.0,-8404.0,-10.0,-9470.0,0.0,21689.0,18.0,5639.0,,,,,,,,,,,,,,,,,,,,,,,,,,
195.46666666666667,6.0,2265.0,-68.0,12826.0,5.0,-365.0,-22.0,-8400.0,-10.0,-9477.0,0.0,21680.0,18.0,5633.0,,,,,,,,,,,,,,,,,,,,,,,,,,
195.5,6.0,2263.0,-68.0,12816.0,5.0,-364.0,-23.0,-8398.0,-9.0,-9484.0,0.0,21668.0,18.0,5626.0,,,,,,,,,,,,,,,,,,,,,,,,,,
195.53333333333333,6.0,2264.0,-67.0,12809.0,5.0,-364.0,-23.0,-8403.0,-9.0,-9489.0,0.0,21652.0,18.0,5613.0,,,,,,,,,,,,,,,,,,,,,,,,,,
195.56666666666666,6.0,2266.0,-68.0,12799.0,6.0,-366.0,-23.0,-8410.0,-8.0,-9497.0,0.0,21636.0,19.0,5595.0,,,,,,,,,,,,,,,,,,,,,,,,,,
195.6,5.0,2265.0,-68.0,12792.0,6.0,-369.0,-23.0,-8413.0,-8.0,-9506.0,0.0,21621.0,18.0,5585.0,,,,,,,,,,,,,,,,,,,,,,,,,,
195.63333333333333,5.0,2262.0,-69.0,12784.0,7.0,-373.0,-22.0,-8412.0,-8.0,-9507.0,0.0,21604.0,18.0,5579.0,,,,,,,,,,,,,,,,,,,,,,,,,,
195.66666666666666,5.0,2258.0,-69.0,12780.0,7.0,-376.0,-22.0,-8410.0,-7.0,-9508.0,0.0,21588.0,18.0,5572.0,,,,,,,,,,,,,,,,,,,,,,,,,,
195.7,5.0,2256.0,-70.0,12774.0,7.0,-381.0,-22.0,-8406.0,-7.0,-9512.0,1.0,21569.0,18.0,5565.0,,,,,,,,,,,,,,,,,,,,,,,,,,
195.73333333333332,6.0,2256.0,-71.0,12768.0,7.0,-380.0,-22.0,-8408.0,-7.0,-9518.0,1.0,21550.0,18.0,5556.0,,,,,,,,,,,,,,,,,,,,,,,,,,
195.76666666666668,6.0,2251.0,-70.0,12762.0,7.0,-380.0,-22.0,-8412.0,-7.0,-9520.0,1.0,21535.0,19.0,5547.0,,,,,,,,,,,,,,,,,,,,,,,,,,
195.8,6.0,2242.0,-70.0,12755.0,7.0,-380.0,-22.0,-8416.0,-8.0,-9522.0,2.0,21522.0,19.0,5539.0,,,,,,,,,,,,,,,,,,,,,,,,,,
195.83333333333334,6.0,2236.0,-70.0,12745.0,7.0,-381.0,-22.0,-8419.0,-8.0,-9525.0,2.0,21510.0,19.0,5535.0,,,,,,,,,,,,,,,,,,,,,,,,,,
195.86666666666667,6.0,2231.0,-69.0,12735.0,6.0,-382.0,-23.0,-8420.0,-8.0,-9529.0,2.0,21499.0,18.0,5533.0,,,,,,,,,,,,,,,,,,,,,,,,,,
195.9,5.0,2226.0,-69.0,12724.0,7.0,-384.0,-23.0,-8418.0,-8.0,-9536.0,2.0,21488.0,18.0,5532.0,,,,,,,,,,,,,,,,,,,,,,,,,,
195.93333333333334,4.0,2220.0,-68.0,12716.0,6.0,-387.0,-23.0,-8417.0,-8.0,-9545.0,1.0,21477.0,18.0,5528.0,,,,,,,,,,,,,,,,,,,,,,,,,,
195.96666666666667,4.0,2219.0,-68.0,12710.0,6.0,-391.0,-24.0,-8415.0,-8.0,-9554.0,1.0,21468.0,18.0,5516.0,,,,,,,,,,,,,,,,,,,,,,,,,,
196.0,5.0,2219.0,-67.0,12700.0,6.0,-396.0,-23.0,-8415.0,-9.0,-9560.0,1.0,21458.0,18.0,5507.0,,,,,,,,,,,,,,,,,,,,,,,,,,
196.03333333333333,5.0,2220.0,-68.0,12695.0,7.0,-401.0,-23.0,-8417.0,-9.0,-9569.0,0.0,21445.0,18.0,5500.0,,,,,,,,,,,,,,,,,,,,,,,,,,
196.06666666666666,5.0,2224.0,-69.0,12693.0,7.0,-405.0,-22.0,-8420.0,-9.0,-9578.0,0.0,21429.0,18.0,5495.0,,,,,,,,,,,,,,,,,,,,,,,,,,
196.1,5.0,2229.0,-69.0,12686.0,6.0,-406.0,-22.0,-8421.0,-9.0,-9588.0,0.0,21416.0,18.0,5490.0,,,,,,,,,,,,,,,,,,,,,,,,,,
196.13333333333333,4.0,2227.0,-69.0,12676.0,6.0,-402.0,-23.0,-8422.0,-9.0,-9595.0,0.0,21403.0,18.0,5481.0,,,,,,,,,,,,,,,,,,,,,,,,,,
196.16666666666666,4.0,2222.0,-68.0,12668.0,7.0,-398.0,-23.0,-8423.0,-9.0,-9597.0,0.0,21389.0,18.0,5467.0,,,,,,,,,,,,,,,,,,,,,,,,,,
196.2,4.0,2217.0,-68.0,12664.0,7.0,-396.0,-23.0,-8422.0,-8.0,-9600.0,0.0,21371.0,17.0,5453.0,,,,,,,,,,,,,,,,,,,,,,,,,,
196.23333333333332,4.0,2217.0,-67.0,12659.0,8.0,-395.0,-23.0,-8422.0,-8.0,-9604.0,0.0,21357.0,17.0,5440.0,,,,,,,,,,,,,,,,,,,,,,,,,,
196.26666666666668,5.0,2219.0,-68.0,12654.0,8.0,-396.0,-23.0,-8418.0,-8.0,-9608.0,0.0,21346.0,16.0,5432.0,,,,,,,,,,,,,,,,,,,,,,,,,,
196.3,5.0,2218.0,-68.0,12646.0,9.0,-395.0,-23.0,-8416.0,-8.0,-9611.0,0.0,21333.0,16.0,5429.0,,,,,,,,,,,,,,,,,,,,,,,,,,
196.33333333333334,6.0,2216.0,-68.0,12635.0,8.0,-394.0,-23.0,-8417.0,-9.0,-9614.0,0.0,21318.0,16.0,5424.0,,,,,,,,,,,,,,,,,,,,,,,,,,
196.36666666666667,6.0,2215.0,-68.0,12624.0,9.0,-394.0,-23.0,-8422.0,-9.0,-9617.0,0.0,21301.0,16.0,5420.0,,,,,,,,,,,,,,,,,,,,,,,,,,
196.4,6.0,2215.0,-68.0,12612.0,9.0,-396.0,-23.0,-8425.0,-9.0,-9623.0,0.0,21288.0,15.0,5420.0,,,,,,,,,,,,,,,,,,,,,,,,,,
196.43333333333334,5.0,2214.0,-68.0,12597.0,9.0,-399.0,-23.0,-8428.0,-9.0,-9631.0,0.0,21275.0,15.0,5419.0,,,,,,,,,,,,,,,,,,,,,,,,,,
196.46666666666667,5.0,2213.0,-68.0,12589.0,9.0,-401.0,-22.0,-8430.0,-10.0,-9639.0,0.0,21262.0,15.0,5416.0,,,,,,,,,,,,,,,,,,,,,,,,,,
196.5,5.0,2213.0,-68.0,12582.0,9.0,-404.0,-22.0,-8436.0,-10.0,-9645.0,0.0,21249.0,15.0,5411.0,,,,,,,,,,,,,,,,,,,,,,,,,,
196.53333333333333,5.0,2213.0,-67.0,12576.0,9.0,-406.0,-21.0,-8439.0,-9.0,-9652.0,0.0,21232.0,15.0,5405.0,,,,,,,,,,,,,,,,,,,,,,,,,,
196.56666666666666,5.0,2209.0,-67.0,12574.0,8.0,-404.0,-21.0,-8441.0,-9.0,-9661.0,0.0,21215.0,15.0,5397.0,,,,,,,,,,,,,,,,,,,,,,,,,,
196.6,6.0,2206.0,-67.0,12572.0,8.0,-402.0,-21.0,-8444.0,-9.0,-9664.0,1.0,21200.0,15.0,5389.0,,,,,,,,,,,,,,,,,,,,,,,,,,
196.63333333333333,6.0,2201.0,-67.0,12569.0,8.0,-406.0,-21.0,-8446.0,-9.0,-9664.0,1.0,21188.0,15.0,5380.0,,,,,,,,,,,,,,,,,,,,,,,,,,
196.66666666666666,6.0,2192.0,-67.0,12560.0,8.0,-408.0,-21.0,-8446.0,-8.0,-9662.0,0.0,21174.0,16.0,5374.0,,,,,,,,,,,,,,,,,,,,,,,,,,
196.7,6.0,2185.0,-68.0,12552.0,7.0,-407.0,-22.0,-8445.0,-9.0,-9664.0,0.0,21157.0,16.0,5365.0,,,,,,,,,,,,,,,,,,,,,,,,,,
196.73333333333332,6.0,2180.0,-69.0,12545.0,7.0,-406.0,-22.0,-8446.0,-9.0,-9667.0,0.0,21147.0,16.0,5354.0,,,,,,,,,,,,,,,,,,,,,,,,,,
196.76666666666668,5.0,2176.0,-69.0,12540.0,8.0,-405.0,-22.0,-8446.0,-9.0,-9670.0,0.0,21139.0,16.0,5342.0,,,,,,,,,,,,,,,,,,,,,,,,,,
196.8,5.0,2174.0,-69.0,12535.0,8.0,-404.0,-22.0,-8446.0,-9.0,-9672.0,0.0,21130.0,16.0,5330.0,,,,,,,,,,,,,,,,,,,,,,,,,,
196.83333333333334,5.0,2176.0,-69.0,12531.0,8.0,-401.0,-22.0,-8445.0,-9.0,-9669.0,0.0,21117.0,16.0,5319.0,,,,,,,,,,,,,,,,,,,,,,,,,,
196.86666666666667,6.0,2179.0,-69.0,12528.0,7.0,-398.0,-21.0,-8445.0,-9.0,-9668.0,1.0,21106.0,16.0,5309.0,,,,,,,,,,,,,,,,,,,,,,,,,,
196.9,6.0,2183.0,-70.0,12524.0,7.0,-396.0,-21.0,-8443.0,-9.0,-9670.0,1.0,21093.0,17.0,5302.0,,,,,,,,,,,,,,,,,,,,,,,,,,
196.93333333333334,6.0,2185.0,-69.0,12513.0,7.0,-393.0,-22.0,-8441.0,-9.0,-9668.0,1.0,21075.0,16.0,5294.0,,,,,,,,,,,,,,,,,,,,,,,,,,
196.96666666666667,6.0,2184.0,-69.0,12499.0,7.0,-395.0,-23.0,-8440.0,-9.0,-9668.0,0.0,21059.0,16.0,5285.0,,,,,,,,,,,,,,,,,,,,,,,,,,
197.0,6.0,2183.0,-68.0,12491.0,7.0,-403.0,-23.0,-8440.0,-9.0,-9673.0,0.0,21045.0,16.0,5276.0,,,,,,,,,,,,,,,,,,,,,,,,,,
197.03333333333333,6.0,2178.0,-68.0,12484.0,7.0,-412.0,-23.0,-8444.0,-8.0,-9679.0,0.0,21033.0,15.0,5263.0,,,,,,,,,,,,,,,,,,,,,,,,,,
197.06666666666666,6.0,2173.0,-68.0,12476.0,7.0,-419.0,-23.0,-8448.0,-8.0,-9686.0,0.0,21025.0,15.0,5254.0,,,,,,,,,,,,,,,,,,,,,,,,,,
197.1,5.0,2171.0,-68.0,12468.0,7.0,-426.0,-23.0,-8447.0,-7.0,-9697.0,0.0,21015.0,15.0,5249.0,,,,,,,,,,,,,,,,,,,,,,,,,,
197.13333333333333,5.0,2167.0,-69.0,12465.0,7.0,-434.0,-23.0,-8446.0,-7.0,-9706.0,0.0,21003.0,15.0,5246.0,,,,,,,,,,,,,,,,,,,,,,,,,,
197.16666666666666,6.0,2163.0,-69.0,12463.0,7.0,-439.0,-23.0,-8449.0,-8.0,-9714.0,0.0,20993.0,15.0,5248.0,,,,,,,,,,,,,,,,,,,,,,,,,,
197.2,6.0,2159.0,-69.0,12463.0,7.0,-441.0,-22.0,-8452.0,-8.0,-9723.0,0.0,20983.0,15.0,5243.0,,,,,,,,,,,,,,,,,,,,,,,,,,
197.23333333333332,6.0,2156.0,-69.0,12459.0,7.0,-441.0,-22.0,-8455.0,-8.0,-9731.0,0.0,20970.0,15.0,5233.0,,,,,,,,,,,,,,,,,,,,,,,,,,
197.26666666666668,6.0,2159.0,-69.0,12453.0,7.0,-438.0,-21.0,-8458.0,-9.0,-9736.0,0.0,20957.0,15.0,5225.0,,,,,,,,,,,,,,,,,,,,,,,,,,
197.3,5.0,2161.0,-69.0,12446.0,7.0,-435.0,-21.0,-8460.0,-9.0,-9741.0,0.0,20942.0,15.0,5217.0,,,,,,,,,,,,,,,,,,,,,,,,,,
197.33333333333334,5.0,2160.0,-70.0,12437.0,7.0,-437.0,-21.0,-8458.0,-10.0,-9748.0,0.0,20925.0,15.0,5207.0,,,,,,,,,,,,,,,,,,,,,,,,,,
197.36666666666667,5.0,2154.0,-70.0,12427.0,7.0,-441.0,-22.0,-8452.0,-9.0,-9754.0,0.0,20907.0,16.0,5197.0,,,,,,,,,,,,,,,,,,,,,,,,,,
197.4,6.0,2146.0,-71.0,12419.0,6.0,-448.0,-22.0,-8447.0,-9.0,-9759.0,0.0,20894.0,17.0,5191.0,,,,,,,,,,,,,,,,,,,,,,,,,,
197.43333333333334,6.0,2140.0,-70.0,12415.0,6.0,-451.0,-22.0,-8441.0,-9.0,-9767.0,0.0,20879.0,18.0,5185.0,,,,,,,,,,,,,,,,,,,,,,,,,,
197.46666666666667,6.0,2139.0,-70.0,12414.0,6.0,-452.0,-22.0,-8431.0,-9.0,-9773.0,1.0,20861.0,18.0,5176.0,,,,,,,,,,,,,,,,,,,,,,,,,,
197.5,6.0,2138.0,-70.0,12411.0,6.0,-450.0,-22.0,-8425.0,-9.0,-9778.0,2.0,20845.0,18.0,5169.0,,,,,,,,,,,,,,,,,,,,,,,,,,
197.53333333333333,6.0,2134.0,-70.0,12401.0,7.0,-449.0,-23.0,-8425.0,-9.0,-9783.0,3.0,20831.0,18.0,5165.0,,,,,,,,,,,,,,,,,,,,,,,,,,
197.56666666666666,6.0,2130.0,-70.0,12392.0,7.0,-447.0,-23.0,-8428.0,-9.0,-9785.0,2.0,20819.0,19.0,5163.0,,,,,,,,,,,,,,,,,,,,,,,,,,
197.6,6.0,2127.0,-70.0,12384.0,8.0,-443.0,-23.0,-8432.0,-8.0,-9788.0,2.0,20807.0,18.0,5162.0,,,,,,,,,,,,,,,,,,,,,,,,,,
197.63333333333333,6.0,2127.0,-71.0,12371.0,8.0,-444.0,-23.0,-8434.0,-8.0,-9791.0,1.0,20793.0,18.0,5162.0,,,,,,,,,,,,,,,,,,,,,,,,,,
197.66666666666666,6.0,2126.0,-71.0,12358.0,8.0,-447.0,-23.0,-8436.0,-8.0,-9796.0,1.0,20780.0,17.0,5159.0,,,,,,,,,,,,,,,,,,,,,,,,,,
197.7,5.0,2125.0,-71.0,12349.0,8.0,-448.0,-23.0,-8440.0,-8.0,-9800.0,0.0,20766.0,17.0,5150.0,,,,,,,,,,,,,,,,,,,,,,,,,,
197.73333333333332,5.0,2125.0,-70.0,12341.0,7.0,-451.0,-23.0,-8443.0,-8.0,-9806.0,0.0,20753.0,16.0,5141.0,,,,,,,,,,,,,,,,,,,,,,,,,,
197.76666666666668,5.0,2125.0,-69.0,12334.0,7.0,-455.0,-23.0,-8443.0,-8.0,-9812.0,0.0,20737.0,16.0,5133.0,,,,,,,,,,,,,,,,,,,,,,,,,,
197.8,6.0,2126.0,-69.0,12329.0,7.0,-464.0,-23.0,-8441.0,-8.0,-9813.0,0.0,20722.0,16.0,5125.0,,,,,,,,,,,,,,,,,,,,,,,,,,
197.83333333333334,6.0,2123.0,-69.0,12323.0,7.0,-470.0,-22.0,-8441.0,-8.0,-9815.0,0.0,20710.0,17.0,5122.0,,,,,,,,,,,,,,,,,,,,,,,,,,
197.86666666666667,6.0,2117.0,-70.0,12315.0,7.0,-468.0,-22.0,-8443.0,-8.0,-9820.0,0.0,20700.0,17.0,5119.0,,,,,,,,,,,,,,,,,,,,,,,,,,
197.9,5.0,2112.0,-71.0,12311.0,7.0,-463.0,-22.0,-8447.0,-8.0,-9827.0,0.0,20690.0,17.0,5112.0,,,,,,,,,,,,,,,,,,,,,,,,,,
197.93333333333334,5.0,2109.0,-71.0,12310.0,7.0,-461.0,-22.0,-8450.0,-8.0,-9832.0,0.0,20678.0,17.0,5103.0,,,,,,,,,,,,,,,,,,,,,,,,,,
197.96666666666667,5.0,2107.0,-71.0,12304.0,8.0,-461.0,-21.0,-8455.0,-8.0,-9836.0,1.0,20666.0,18.0,5095.0,,,,,,,,,,,,,,,,,,,,,,,,,,
198.0,4.0,2108.0,-71.0,12296.0,8.0,-463.0,-21.0,-8460.0,-8.0,-9840.0,1.0,20652.0,18.0,5089.0,,,,,,,,,,,,,,,,,,,,,,,,,,
198.03333333333333,4.0,2106.0,-71.0,12286.0,8.0,-466.0,-20.0,-8465.0,-9.0,-9845.0,1.0,20639.0,18.0,5084.0,,,,,,,,,,,,,,,,,,,,,,,,,,
198.06666666666666,4.0,2104.0,-72.0,12275.0,8.0,-466.0,-20.0,-8468.0,-9.0,-9846.0,1.0,20627.0,18.0,5079.0,,,,,,,,,,,,,,,,,,,,,,,,,,
198.1,5.0,2101.0,-71.0,12266.0,8.0,-467.0,-20.0,-8468.0,-9.0,-9849.0,1.0,20614.0,18.0,5072.0,,,,,,,,,,,,,,,,,,,,,,,,,,
198.13333333333333,5.0,2099.0,-71.0,12257.0,8.0,-465.0,-20.0,-8464.0,-10.0,-9856.0,1.0,20598.0,18.0,5064.0,,,,,,,,,,,,,,,,,,,,,,,,,,
198.16666666666666,5.0,2095.0,-71.0,12249.0,8.0,-462.0,-20.0,-8460.0,-10.0,-9864.0,0.0,20581.0,18.0,5057.0,,,,,,,,,,,,,,,,,,,,,,,,,,
198.2,5.0,2094.0,-71.0,12245.0,8.0,-464.0,-20.0,-8462.0,-10.0,-9871.0,0.0,20564.0,18.0,5049.0,,,,,,,,,,,,,,,,,,,,,,,,,,
198.23333333333332,5.0,2094.0,-71.0,12241.0,8.0,-471.0,-20.0,-8462.0,-10.0,-9874.0,0.0,20547.0,18.0,5043.0,,,,,,,,,,,,,,,,,,,,,,,,,,
198.26666666666668,5.0,2094.0,-71.0,12236.0,8.0,-477.0,-20.0,-8463.0,-10.0,-9874.0,0.0,20531.0,17.0,5035.0,,,,,,,,,,,,,,,,,,,,,,,,,,
198.3,5.0,2093.0,-72.0,12231.0,8.0,-481.0,-20.0,-8466.0,-11.0,-9876.0,0.0,20520.0,17.0,5029.0,,,,,,,,,,,,,,,,,,,,,,,,,,
198.33333333333334,5.0,2091.0,-72.0,12224.0,9.0,-486.0,-20.0,-8465.0,-11.0,-9881.0,0.0,20510.0,17.0,5020.0,,,,,,,,,,,,,,,,,,,,,,,,,,
198.36666666666667,5.0,2087.0,-72.0,12217.0,9.0,-490.0,-20.0,-8462.0,-11.0,-9885.0,0.0,20497.0,17.0,5013.0,,,,,,,,,,,,,,,,,,,,,,,,,,
198.4,6.0,2085.0,-71.0,12212.0,8.0,-493.0,-21.0,-8462.0,-11.0,-9888.0,0.0,20485.0,17.0,5008.0,,,,,,,,,,,,,,,,,,,,,,,,,,
198.43333333333334,6.0,2085.0,-71.0,12208.0,7.0,-495.0,-21.0,-8465.0,-11.0,-9892.0,0.0,20474.0,17.0,5002.0,,,,,,,,,,,,,,,,,,,,,,,,,,
198.46666666666667,6.0,2088.0,-70.0,12203.0,6.0,-495.0,-21.0,-8467.0,-11.0,-9896.0,0.0,20460.0,17.0,4997.0,,,,,,,,,,,,,,,,,,,,,,,,,,
198.5,6.0,2091.0,-70.0,12200.0,6.0,-495.0,-21.0,-8471.0,-11.0,-9901.0,0.0,20449.0,17.0,4991.0,,,,,,,,,,,,,,,,,,,,,,,,,,
198.53333333333333,6.0,2091.0,-70.0,12194.0,6.0,-495.0,-21.0,-8472.0,-11.0,-9905.0,0.0,20435.0,17.0,4984.0,,,,,,,,,,,,,,,,,,,,,,,,,,
198.56666666666666,6.0,2088.0,-70.0,12187.0,7.0,-497.0,-22.0,-8472.0,-10.0,-9910.0,0.0,20420.0,18.0,4979.0,,,,,,,,,,,,,,,,,,,,,,,,,,
198.6,6.0,2086.0,-70.0,12181.0,8.0,-498.0,-22.0,-8472.0,-10.0,-9916.0,0.0,20409.0,18.0,4969.0,,,,,,,,,,,,,,,,,,,,,,,,,,
198.63333333333333,6.0,2084.0,-70.0,12173.0,8.0,-498.0,-23.0,-8473.0,-10.0,-9921.0,0.0,20397.0,18.0,4956.0,,,,,,,,,,,,,,,,,,,,,,,,,,
198.66666666666666,6.0,2083.0,-70.0,12167.0,8.0,-498.0,-24.0,-8474.0,-9.0,-9925.0,0.0,20385.0,18.0,4946.0,,,,,,,,,,,,,,,,,,,,,,,,,,
198.7,7.0,2081.0,-71.0,12161.0,8.0,-500.0,-24.0,-8473.0,-8.0,-9927.0,0.0,20370.0,17.0,4941.0,,,,,,,,,,,,,,,,,,,,,,,,,,
198.73333333333332,7.0,2078.0,-71.0,12156.0,7.0,-505.0,-24.0,-8469.0,-8.0,-9929.0,0.0,20356.0,16.0,4934.0,,,,,,,,,,,,,,,,,,,,,,,,,,
198.76666666666668,7.0,2074.0,-71.0,12152.0,6.0,-509.0,-24.0,-8470.0,-9.0,-9935.0,0.0,20343.0,16.0,4927.0,,,,,,,,,,,,,,,,,,,,,,,,,,
198.8,6.0,2067.0,-71.0,12144.0,6.0,-513.0,-23.0,-8475.0,-9.0,-9942.0,0.0,20330.0,16.0,4920.0,,,,,,,,,,,,,,,,,,,,,,,,,,
198.83333333333334,5.0,2064.0,-71.0,12138.0,6.0,-517.0,-23.0,-8482.0,-9.0,-9953.0,0.0,20317.0,16.0,4916.0,,,,,,,,,,,,,,,,,,,,,,,,,,
198.86666666666667,5.0,2063.0,-70.0,12132.0,6.0,-521.0,-22.0,-8490.0,-9.0,-9962.0,0.0,20303.0,16.0,4908.0,,,,,,,,,,,,,,,,,,,,,,,,,,
198.9,5.0,2066.0,-70.0,12129.0,6.0,-525.0,-22.0,-8493.0,-9.0,-9968.0,0.0,20290.0,16.0,4899.0,,,,,,,,,,,,,,,,,,,,,,,,,,
198.93333333333334,6.0,2073.0,-69.0,12125.0,6.0,-528.0,-21.0,-8494.0,-9.0,-9974.0,0.0,20278.0,16.0,4893.0,,,,,,,,,,,,,,,,,,,,,,,,,,
198.96666666666667,6.0,2081.0,-69.0,12118.0,6.0,-529.0,-22.0,-8492.0,-9.0,-9977.0,0.0,20267.0,17.0,4888.0,,,,,,,,,,,,,,,,,,,,,,,,,,
199.0,6.0,2081.0,-68.0,12109.0,6.0,-529.0,-22.0,-8488.0,-9.0,-9976.0,0.0,20256.0,18.0,4885.0,,,,,,,,,,,,,,,,,,,,,,,,,,
199.03333333333333,6.0,2075.0,-68.0,12101.0,6.0,-526.0,-23.0,-8485.0,-9.0,-9979.0,0.0,20238.0,17.0,4882.0,,,,,,,,,,,,,,,,,,,,,,,,,,
199.06666666666666,6.0,2070.0,-68.0,12091.0,7.0,-520.0,-23.0,-8485.0,-9.0,-9987.0,0.0,20218.0,17.0,4878.0,,,,,,,,,,,,,,,,,,,,,,,,,,
199.1,6.0,2067.0,-69.0,12076.0,7.0,-517.0,-23.0,-8486.0,-9.0,-9998.0,0.0,20201.0,17.0,4874.0,,,,,,,,,,,,,,,,,,,,,,,,,,
199.13333333333333,6.0,2063.0,-69.0,12062.0,6.0,-514.0,-24.0,-8484.0,-9.0,-10007.0,0.0,20185.0,18.0,4870.0,,,,,,,,,,,,,,,,,,,,,,,,,,
199.16666666666666,6.0,2058.0,-70.0,12048.0,7.0,-513.0,-23.0,-8480.0,-10.0,-10012.0,0.0,20167.0,18.0,4861.0,,,,,,,,,,,,,,,,,,,,,,,,,,
199.2,5.0,2054.0,-70.0,12039.0,7.0,-515.0,-23.0,-8480.0,-10.0,-10015.0,0.0,20152.0,19.0,4851.0,,,,,,,,,,,,,,,,,,,,,,,,,,
199.23333333333332,5.0,2053.0,-70.0,12031.0,7.0,-519.0,-23.0,-8485.0,-10.0,-10015.0,0.0,20141.0,19.0,4843.0,,,,,,,,,,,,,,,,,,,,,,,,,,
199.26666666666668,4.0,2054.0,-70.0,12025.0,7.0,-519.0,-23.0,-8489.0,-10.0,-10012.0,0.0,20132.0,19.0,4838.0,,,,,,,,,,,,,,,,,,,,,,,,,,
199.3,4.0,2053.0,-70.0,12021.0,7.0,-518.0,-23.0,-8488.0,-9.0,-10012.0,0.0,20125.0,19.0,4835.0,,,,,,,,,,,,,,,,,,,,,,,,,,
199.33333333333334,5.0,2053.0,-70.0,12020.0,7.0,-517.0,-23.0,-8485.0,-8.0,-10015.0,0.0,20120.0,19.0,4833.0,,,,,,,,,,,,,,,,,,,,,,,,,,
199.36666666666667,5.0,2052.0,-70.0,12017.0,7.0,-517.0,-23.0,-8487.0,-8.0,-10017.0,0.0,20113.0,19.0,4831.0,,,,,,,,,,,,,,,,,,,,,,,,,,
199.4,5.0,2050.0,-71.0,12010.0,6.0,-513.0,-23.0,-8488.0,-8.0,-10023.0,0.0,20110.0,18.0,4827.0,,,,,,,,,,,,,,,,,,,,,,,,,,
199.43333333333334,6.0,2050.0,-71.0,12003.0,6.0,-510.0,-23.0,-8488.0,-9.0,-10030.0,0.0,20103.0,18.0,4822.0,,,,,,,,,,,,,,,,,,,,,,,,,,
199.46666666666667,6.0,2045.0,-71.0,11996.0,6.0,-508.0,-22.0,-8486.0,-10.0,-10038.0,0.0,20092.0,18.0,4816.0,,,,,,,,,,,,,,,,,,,,,,,,,,
199.5,6.0,2045.0,-71.0,11987.0,6.0,-509.0,-22.0,-8482.0,-10.0,-10048.0,0.0,20078.0,17.0,4808.0,,,,,,,,,,,,,,,,,,,,,,,,,,
199.53333333333333,6.0,2049.0,-71.0,11976.0,7.0,-512.0,-21.0,-8479.0,-10.0,-10057.0,0.0,20059.0,17.0,4795.0,,,,,,,,,,,,,,,,,,,,,,,,,,
199.56666666666666,7.0,2051.0,-72.0,11971.0,7.0,-515.0,-21.0,-8475.0,-10.0,-10061.0,0.0,20043.0,18.0,4781.0,,,,,,,,,,,,,,,,,,,,,,,,,,
199.6,6.0,2048.0,-72.0,11967.0,7.0,-521.0,-21.0,-8472.0,-10.0,-10066.0,0.0,20025.0,18.0,4772.0,,,,,,,,,,,,,,,,,,,,,,,,,,
199.63333333333333,7.0,2045.0,-71.0,11965.0,7.0,-528.0,-21.0,-8471.0,-9.0,-10075.0,0.0,20014.0,17.0,4767.0,,,,,,,,,,,,,,,,,,,,,,,,,,
199.66666666666666,7.0,2042.0,-71.0,11959.0,8.0,-535.0,-21.0,-8473.0,-9.0,-10087.0,0.0,20007.0,17.0,4767.0,,,,,,,,,,,,,,,,,,,,,,,,,,
199.7,7.0,2038.0,-70.0,11953.0,8.0,-542.0,-20.0,-8477.0,-9.0,-10095.0,0.0,19995.0,16.0,4767.0,,,,,,,,,,,,,,,,,,,,,,,,,,
199.73333333333332,7.0,2037.0,-70.0,11947.0,7.0,-545.0,-20.0,-8485.0,-9.0,-10096.0,0.0,19981.0,16.0,4764.0,,,,,,,,,,,,,,,,,,,,,,,,,,
199.76666666666668,6.0,2036.0,-69.0,11941.0,7.0,-545.0,-20.0,-8494.0,-9.0,-10094.0,0.0,19972.0,16.0,4763.0,,,,,,,,,,,,,,,,,,,,,,,,,,
199.8,6.0,2035.0,-68.0,11935.0,7.0,-541.0,-21.0,-8501.0,-9.0,-10094.0,0.0,19967.0,17.0,4766.0,,,,,,,,,,,,,,,,,,,,,,,,,,
199.83333333333334,6.0,2033.0,-68.0,11933.0,8.0,-535.0,-22.0,-8503.0,-10.0,-10097.0,0.0,19957.0,17.0,4764.0,,,,,,,,,,,,,,,,,,,,,,,,,,
199.86666666666667,6.0,2030.0,-69.0,11933.0,7.0,-533.0,-22.0,-8503.0,-10.0,-10101.0,0.0,19943.0,17.0,4759.0,,,,,,,,,,,,,,,,,,,,,,,,,,
199.9,6.0,2023.0,-69.0,11933.0,7.0,-534.0,-22.0,-8504.0,-9.0,-10104.0,0.0,19930.0,17.0,4757.0,,,,,,,,,,,,,,,,,,,,,,,,,,
199.93333333333334,6.0,2018.0,-69.0,11927.0,7.0,-537.0,-22.0,-8505.0,-9.0,-10109.0,0.0,19914.0,17.0,4750.0,,,,,,,,,,,,,,,,,,,,,,,,,,
199.96666666666667,6.0,2012.0,-69.0,11919.0,7.0,-540.0,-22.0,-8507.0,-8.0,-10113.0,0.0,19892.0,17.0,4741.0,,,,,,,,,,,,,,,,,,,,,,,,,,
200.0,5.0,2011.0,-69.0,11909.0,6.0,-541.0,-22.0,-8508.0,-8.0,-10113.0,0.0,19873.0,17.0,4734.0,,,,,,,,,,,,,,,,,,,,,,,,,,
